"V1","V2","V3","V4","V5","V6","V7","V8","V9","V10","V11","V12","V13","V14","V15","V16","V17","V18","V19","V20","V21","V22","V23","V24","V25","V26","V27","V28","V29","V30","V31","V32","V33","V34","V35","V36","V37","V38","V39","V40","V41","V42","V43","V44","V45","V46","V47","V48","V49","V50","V51","V52","V53","V54","V55","V56","V57","V58","V59","V60","V61","V62","V63","V64","V65","V66","V67","V68","V69","V70","V71","V72","V73","V74","V75","V76","V77","V78","V79","V80","V81","V82","V83","V84","V85","V86","V87","V88","V89","V90","V91","V92","V93","V94","V95","V96","V97","V98","V99","V100","V101","V102","V103","V104","V105","V106","V107","V108","V109","V110","V111","V112","V113","V114","V115","V116","V117","V118","V119","V120","V121","V122","V123","V124","V125","V126","V127","V128","V129","V130","V131","V132","V133","V134","V135","V136","V137","V138","V139","V140","V141","V142","V143","V144","V145","V146","V147","V148","V149","V150","V151","V152","V153","V154","V155","V156","V157","V158","V159","V160","V161","V162","V163","V164","V165","V166","V167","V168","V169","V170","V171","V172","V173","V174","V175","V176","V177","V178","V179","V180","V181","V182","V183","V184","V185","V186","V187","V188","V189","V190","V191","V192","V193","V194","V195","V196","V197","V198","V199","V200","V201","V202","V203","V204","V205","V206","V207","V208","V209","V210","V211","V212","V213","V214","V215","V216","V217","V218","V219","V220","V221","V222","V223","V224","V225","V226","V227","V228","V229","V230","V231","V232","V233","V234","V235","V236","V237","V238","V239","V240","V241","V242","V243","V244","V245","V246","V247","V248","V249","V250","V251","V252","V253","V254","V255","V256","V257","V258","V259","V260","V261","V262","V263","V264","V265","V266","V267","V268","V269","V270","V271","V272","V273","V274","V275","V276","V277","V278","V279","V280","V281","V282","V283","V284","V285","V286","V287","V288","V289","V290","V291","V292","V293","V294","V295","V296","V297","V298","V299","V300","V301","V302","V303","V304","V305","V306","V307","V308","V309","V310","V311","V312","V313","V314","V315","V316","V317","V318","V319","V320","V321","V322","V323","V324","V325","V326","V327","V328","V329","V330","V331","V332","V333","V334","V335","V336","V337","V338","V339","V340","V341","V342","V343","V344","V345","V346","V347","V348","V349","V350","V351","V352","V353","V354","V355","V356","V357","V358","V359","V360","V361","V362","V363","V364","V365","V366","V367","V368","V369","V370","V371","V372","V373","V374","V375","V376","V377","V378","V379","V380","V381","V382","V383","V384","V385","V386","V387","V388","V389","V390","V391","V392","V393","V394","V395","V396","V397","V398","V399","V400","V401","V402","V403","V404","V405","V406","V407","V408","V409","V410","V411","V412","V413","V414","V415","V416","V417","V418","V419","V420","V421","V422","V423","V424","V425","V426","V427","V428","V429","V430","V431","V432","V433","V434","V435","V436","V437","V438","V439","V440","V441","V442","V443","V444","V445","V446","V447","V448","V449","V450","V451","V452","V453","V454","V455","V456","V457","V458","V459","V460","V461","V462","V463","V464","V465","V466","V467","V468","V469","V470","V471","V472","V473","V474","V475","V476","V477","V478","V479","V480","V481","V482","V483","V484","V485","V486","V487","V488","V489","V490","V491","V492","V493","V494","V495","V496","V497","V498","V499","V500","V501","V502","V503","V504","V505","V506","V507","V508","V509","V510","V511","V512","V513","V514","V515","V516","V517","V518","V519","V520","V521","V522","V523","V524","V525","V526","V527","V528","V529","V530","V531","V532","V533","V534","V535","V536","V537","V538","V539","V540","V541","V542","V543","V544","V545","V546","V547","V548","V549","V550","V551","V552","V553","V554","V555","V556","V557","V558","V559","V560","V561","V562","V563","V564","V565","V566","V567","V568","V569","V570","V571","V572","V573","V574","V575","V576","V577","V578","V579","V580","V581","V582","V583","V584","V585","V586","V587","V588","V589","V590","V591","V592","V593","V594","V595","V596","V597","V598","V599","V600","V601","V602","V603","V604","V605","V606","V607","V608","V609","V610","V611","V612","V613","V614","V615","V616","V617","V618","V619","V620","V621","V622","V623","V624","V625","V626","V627","V628","V629","V630","V631","V632","V633","V634","V635","V636","V637","V638","V639","V640","V641","V642","V643","V644","V645","V646","V647","V648","V649","V650","V651","V652","V653","V654","V655","V656","V657","V658","V659","V660","V661","V662","V663","V664","V665","V666","V667","V668","V669","V670","V671","V672","V673","V674","V675","V676","V677","V678","V679","V680","V681","V682","V683","V684","V685","V686","V687","V688","V689","V690","V691","V692","V693","V694","V695","V696","V697","V698","V699","V700","V701","V702","V703","V704","V705","V706","V707","V708","V709","V710","V711","V712","V713","V714","V715","V716","V717","V718","V719","V720","V721","V722","V723","V724","V725","V726","V727","V728","V729","V730","V731","V732","V733","V734","V735","V736","V737","V738","V739","V740","V741","V742","V743","V744","V745","V746","V747","V748","V749","V750","V751","V752","V753","V754","V755","V756","V757","V758","V759","V760","V761","V762","V763","V764","V765","V766","V767","V768","V769","V770","V771","V772","V773","V774","V775","V776","V777","V778","V779","V780","V781","V782","V783","V784","V785","V786","V787","V788","V789","V790","V791","V792","V793","V794","V795","V796","V797","V798","V799","V800","V801","V802","V803","V804","V805","V806","V807","V808","V809","V810","V811","V812","V813","V814","V815","V816","V817","V818","V819","V820","V821","V822","V823","V824","V825","V826","V827","V828","V829","V830","V831","V832","V833","V834","V835","V836","V837","V838","V839","V840","V841","V842","V843","V844","V845","V846","V847","V848","V849","V850","V851","V852","V853","V854","V855","V856","V857","V858","V859","V860","V861","V862","V863","V864","V865","V866","V867","V868","V869","V870","V871","V872","V873","V874","V875","V876","V877","V878","V879","V880","V881","V882","V883","V884","V885","V886","V887","V888","V889","V890","V891","V892","V893","V894","V895","V896","V897","V898","V899","V900","V901","V902","V903","V904","V905","V906","V907","V908","V909","V910","V911","V912","V913","V914","V915","V916","V917","V918","V919","V920","V921","V922","V923","V924","V925","V926","V927","V928","V929","V930","V931","V932","V933","V934","V935","V936","V937","V938","V939","V940","V941","V942","V943","V944","V945","V946","V947","V948","V949","V950","V951","V952","V953","V954","V955","V956","V957","V958","V959","V960","V961","V962","V963","V964","V965","V966","V967","V968","V969","V970","V971","V972","V973","V974","V975","V976","V977","V978","V979","V980","V981","V982","V983","V984","V985","V986","V987","V988","V989","V990","V991","V992","V993","V994","V995","V996","V997","V998","V999","V1000","V1001","V1002","V1003","V1004","V1005","V1006","V1007","V1008","V1009","V1010","V1011","V1012","V1013","V1014","V1015","V1016","V1017","V1018","V1019","V1020","V1021","V1022","V1023","V1024","V1025","V1026","V1027","V1028","V1029","V1030","V1031","V1032","V1033","V1034","V1035","V1036","V1037","V1038","V1039","V1040","V1041","V1042","V1043","V1044","V1045","V1046","V1047","V1048","V1049","V1050","V1051","V1052","V1053","V1054","V1055","V1056","V1057","V1058","V1059","V1060","V1061","V1062","V1063","V1064","V1065","V1066","V1067","V1068","V1069","V1070","V1071","V1072","V1073","V1074","V1075","V1076","V1077","V1078","V1079","V1080","V1081","V1082","V1083","V1084","V1085","V1086","V1087","V1088","V1089","V1090","V1091","V1092","V1093","V1094","V1095","V1096","V1097","V1098","V1099","V1100","V1101","V1102","V1103","V1104","V1105","V1106","V1107","V1108","V1109","V1110","V1111","V1112","V1113","V1114","V1115","V1116","V1117","V1118","V1119","V1120","V1121","V1122","V1123","V1124","V1125","V1126","V1127","V1128","V1129","V1130","V1131","V1132","V1133","V1134","V1135","V1136","V1137","V1138","V1139","V1140","V1141","V1142","V1143","V1144","V1145","V1146","V1147","V1148","V1149","V1150","V1151","V1152","V1153","V1154","V1155","V1156","V1157","V1158","V1159","V1160","V1161","V1162","V1163","V1164","V1165","V1166","V1167","V1168","V1169","V1170","V1171","V1172","V1173","V1174","V1175","V1176","V1177","V1178","V1179","V1180","V1181","V1182","V1183","V1184","V1185","V1186","V1187","V1188","V1189","V1190","V1191","V1192","V1193","V1194","V1195","V1196","V1197","V1198","V1199","V1200","V1201","V1202","V1203","V1204","V1205","V1206","V1207","V1208","V1209","V1210","V1211","V1212","V1213","V1214","V1215","V1216","V1217","V1218","V1219","V1220","V1221","V1222","V1223","V1224","V1225","V1226","V1227","V1228","V1229","V1230","V1231","V1232","V1233","V1234","V1235","V1236","V1237","V1238","V1239","V1240","V1241","V1242","V1243","V1244","V1245","V1246","V1247","V1248","V1249","V1250","V1251","V1252","V1253","V1254","V1255","V1256","V1257","V1258","V1259","V1260","V1261","V1262","V1263","V1264","V1265","V1266","V1267","V1268","V1269","V1270","V1271","V1272","V1273","V1274","V1275","V1276","V1277","V1278","V1279","V1280","V1281","V1282","V1283","V1284","V1285","V1286","V1287","V1288","V1289","V1290","V1291","V1292","V1293","V1294","V1295","V1296","V1297","V1298","V1299","V1300","V1301","V1302","V1303","V1304","V1305","V1306","V1307","V1308","V1309","V1310","V1311","V1312","V1313","V1314","V1315","V1316","V1317","V1318","V1319","V1320","V1321","V1322","V1323","V1324","V1325","V1326","V1327","V1328","V1329","V1330","V1331","V1332","V1333","V1334","V1335","V1336","V1337","V1338","V1339","V1340","V1341","V1342","V1343","V1344","V1345","V1346","V1347","V1348","V1349","V1350","V1351","V1352","V1353","V1354","V1355","V1356","V1357","V1358","V1359","V1360","V1361","V1362","V1363","V1364","V1365","V1366","V1367","V1368","V1369","V1370","V1371","V1372","V1373","V1374","V1375","V1376","V1377","V1378","V1379","V1380","V1381","V1382","V1383","V1384","V1385","V1386","V1387","V1388","V1389","V1390","V1391","V1392","V1393","V1394","V1395","V1396","V1397","V1398","V1399","V1400","V1401","V1402","V1403","V1404","V1405","V1406","V1407","V1408","V1409","V1410","V1411","V1412","V1413","V1414","V1415","V1416","V1417","V1418","V1419","V1420","V1421","V1422","V1423","V1424","V1425","V1426","V1427","V1428","V1429","V1430","V1431","V1432","V1433","V1434","V1435","V1436","V1437","V1438","V1439","V1440","V1441","V1442","V1443","V1444","V1445","V1446","V1447","V1448","V1449","V1450","V1451","V1452","V1453","V1454","V1455","V1456","V1457","V1458","V1459","V1460","V1461","V1462","V1463","V1464","V1465","V1466","V1467","V1468","V1469","V1470","V1471","V1472","V1473","V1474","V1475","V1476","V1477","V1478","V1479","V1480","V1481","V1482","V1483","V1484","V1485","V1486","V1487","V1488","V1489","V1490","V1491","V1492","V1493","V1494","V1495","V1496","V1497","V1498","V1499","V1500","V1501","V1502","V1503","V1504","V1505","V1506","V1507","V1508","V1509","V1510","V1511","V1512","V1513","V1514","V1515","V1516","V1517","V1518","V1519","V1520","V1521","V1522","V1523","V1524","V1525","V1526","V1527","V1528","V1529","V1530","V1531","V1532","V1533","V1534","V1535","V1536","V1537","V1538","V1539","V1540","V1541","V1542","V1543","V1544","V1545","V1546","V1547","V1548","V1549","V1550","V1551","V1552","V1553","V1554","V1555","V1556","V1557","V1558","V1559","V1560","V1561","V1562","V1563","V1564","V1565","V1566","V1567","V1568","V1569","V1570","V1571","V1572","V1573","V1574","V1575","V1576","V1577","V1578","V1579","V1580","V1581","V1582","V1583","V1584","V1585","V1586","V1587","V1588","V1589","V1590","V1591","V1592","V1593","V1594","V1595","V1596","V1597","V1598","V1599","V1600","V1601","V1602","V1603","V1604","V1605","V1606","V1607","V1608","V1609","V1610","V1611","V1612","V1613","V1614","V1615","V1616","V1617","V1618","V1619","V1620","V1621","V1622","V1623","V1624","V1625","V1626","V1627","V1628","V1629","V1630","V1631","V1632","V1633","V1634","V1635","V1636","V1637","V1638","V1639","V1640","V1641","V1642","V1643","V1644","V1645","V1646","V1647","V1648","V1649","V1650","V1651","V1652","V1653","V1654","V1655","V1656","V1657","V1658","V1659","V1660","V1661","V1662","V1663","V1664","V1665","V1666","V1667","V1668","V1669","V1670","V1671","V1672","V1673","V1674","V1675","V1676","V1677","V1678","V1679","V1680","V1681","V1682","V1683","V1684","V1685","V1686","V1687","V1688","V1689","V1690","V1691","V1692","V1693","V1694","V1695","V1696","V1697","V1698","V1699","V1700","V1701","V1702","V1703","V1704","V1705","V1706","V1707","V1708","V1709","V1710","V1711","V1712","V1713","V1714","V1715","V1716","V1717","V1718","V1719","V1720","V1721","V1722","V1723","V1724","V1725","V1726","V1727","V1728","V1729","V1730","V1731","V1732","V1733","V1734","V1735","V1736","V1737","V1738","V1739","V1740","V1741","V1742","V1743","V1744","V1745","V1746","V1747","V1748","V1749","V1750","V1751","V1752","V1753","V1754","V1755","V1756","V1757","V1758","V1759","V1760","V1761","V1762","V1763","V1764","V1765","V1766","V1767","V1768","V1769","V1770","V1771","V1772","V1773","V1774","V1775","V1776","V1777","V1778","V1779","V1780","V1781","V1782","V1783","V1784","V1785","V1786","V1787","V1788","V1789","V1790","V1791","V1792","V1793","V1794","V1795","V1796","V1797","V1798","V1799","V1800","V1801","V1802","V1803","V1804","V1805","V1806","V1807","V1808","V1809","V1810","V1811","V1812","V1813","V1814","V1815","V1816","V1817","V1818","V1819","V1820","V1821","V1822","V1823","V1824","V1825","V1826","V1827","V1828","V1829","V1830","V1831","V1832","V1833","V1834","V1835","V1836","V1837","V1838","V1839","V1840","V1841","V1842","V1843","V1844","V1845","V1846","V1847","V1848","V1849","V1850","V1851","V1852","V1853","V1854","V1855","V1856","V1857","V1858","V1859","V1860","V1861","V1862","V1863","V1864","V1865","V1866","V1867","V1868","V1869","V1870","V1871","V1872","V1873","V1874","V1875","V1876","V1877","V1878","V1879","V1880","V1881","V1882","V1883","V1884","V1885","V1886","V1887","V1888","V1889","V1890","V1891","V1892","V1893","V1894","V1895","V1896","V1897","V1898","V1899","V1900","V1901","V1902","V1903","V1904","V1905","V1906","V1907","V1908","V1909","V1910","V1911","V1912","V1913","V1914","V1915","V1916","V1917","V1918","V1919","V1920","V1921","V1922","V1923","V1924","V1925","V1926","V1927","V1928","V1929","V1930","V1931","V1932","V1933","V1934","V1935","V1936","V1937","V1938","V1939","V1940","V1941","V1942","V1943","V1944","V1945","V1946","V1947","V1948","V1949","V1950","V1951","V1952","V1953","V1954","V1955","V1956","V1957","V1958","V1959","V1960","V1961","V1962","V1963","V1964","V1965","V1966","V1967","V1968","V1969","V1970","V1971","V1972","V1973","V1974","V1975","V1976","V1977","V1978","V1979","V1980","V1981","V1982","V1983","V1984","V1985","V1986","V1987","V1988","V1989","V1990","V1991","V1992","V1993","V1994","V1995","V1996","V1997","V1998","V1999","V2000","V2001","V2002","V2003","V2004","V2005","V2006","V2007","V2008","V2009","V2010","V2011","V2012","V2013","V2014","V2015","V2016","V2017","V2018","V2019","V2020","V2021","V2022","V2023","V2024","V2025","V2026","V2027","V2028","V2029","V2030","V2031","V2032","V2033","V2034","V2035","V2036","V2037","V2038","V2039","V2040","V2041","V2042","V2043","V2044","V2045","V2046","V2047","V2048","V2049","V2050","V2051","V2052","V2053","V2054","V2055","V2056","V2057","V2058","V2059","V2060","V2061","V2062","V2063","V2064","V2065","V2066","V2067","V2068","V2069","V2070","V2071","V2072","V2073","V2074","V2075","V2076","V2077","V2078","V2079","V2080","V2081","V2082","V2083","V2084","V2085","V2086","V2087","V2088","V2089","V2090","V2091","V2092","V2093","V2094","V2095","V2096","V2097","V2098","V2099","V2100","V2101","V2102","V2103","V2104","V2105","V2106","V2107","V2108","V2109","V2110","V2111","V2112","V2113","V2114","V2115","V2116","V2117","V2118","V2119","V2120","V2121","V2122","V2123","V2124","V2125","V2126","V2127","V2128","V2129","V2130","V2131","V2132","V2133","V2134","V2135","V2136","V2137","V2138","V2139","V2140","V2141","V2142","V2143","V2144","V2145","V2146","V2147","V2148","V2149","V2150","V2151","V2152","V2153","V2154","V2155","V2156","V2157","V2158","V2159","V2160","V2161","V2162","V2163","V2164","V2165","V2166","V2167","V2168","V2169","V2170","V2171","V2172","V2173","V2174","V2175","V2176","V2177","V2178","V2179","V2180","V2181","V2182","V2183","V2184","V2185","V2186","V2187","V2188","V2189","V2190","V2191","V2192","V2193","V2194","V2195","V2196","V2197","V2198","V2199","V2200","V2201","V2202","V2203","V2204","V2205","V2206","V2207","V2208","V2209","V2210","V2211","V2212","V2213","V2214","V2215","V2216","V2217","V2218","V2219","V2220","V2221","V2222","V2223","V2224","V2225","V2226","V2227","V2228","V2229","V2230","V2231","V2232","V2233","V2234","V2235","V2236","V2237","V2238","V2239","V2240","V2241","V2242","V2243","V2244","V2245","V2246","V2247","V2248","V2249","V2250","V2251","V2252","V2253","V2254","V2255","V2256","V2257","V2258","V2259","V2260","V2261","V2262","V2263","V2264","V2265","V2266","V2267","V2268","V2269","V2270","V2271","V2272","V2273","V2274","V2275","V2276","V2277","V2278","V2279","V2280","V2281","V2282","V2283","V2284","V2285","V2286","V2287","V2288","V2289","V2290","V2291","V2292","V2293","V2294","V2295","V2296","V2297","V2298","V2299","V2300","V2301","V2302","V2303","V2304","V2305","V2306","V2307","V2308","V2309","V2310","V2311","V2312","V2313","V2314","V2315","V2316","V2317","V2318","V2319","V2320","V2321","V2322","V2323","V2324","V2325","V2326","V2327","V2328","V2329","V2330","V2331","V2332","V2333","V2334","V2335","V2336","V2337","V2338","V2339","V2340","V2341","V2342","V2343","V2344","V2345","V2346","V2347","V2348","V2349","V2350","V2351","V2352","V2353","V2354","V2355","V2356","V2357","V2358","V2359","V2360","V2361","V2362","V2363","V2364","V2365","V2366","V2367","V2368","V2369","V2370","V2371","V2372","V2373","V2374","V2375","V2376","V2377","V2378","V2379","V2380","V2381","V2382","V2383","V2384","V2385","V2386","V2387","V2388","V2389","V2390","V2391","V2392","V2393","V2394","V2395","V2396","V2397","V2398","V2399","V2400","V2401","V2402","V2403","V2404","V2405","V2406","V2407","V2408","V2409","V2410","V2411","V2412","V2413","V2414","V2415","V2416","V2417","V2418","V2419","V2420","V2421","V2422","V2423","V2424","V2425","V2426","V2427","V2428","V2429","V2430","V2431","V2432","V2433","V2434","V2435","V2436","V2437","V2438","V2439","V2440","V2441","V2442","V2443","V2444","V2445","V2446","V2447","V2448","V2449","V2450","V2451","V2452","V2453","V2454","V2455","V2456","V2457","V2458","V2459","V2460","V2461","V2462","V2463","V2464","V2465","V2466","V2467","V2468","V2469","V2470","V2471","V2472","V2473","V2474","V2475","V2476","V2477","V2478","V2479","V2480","V2481","V2482","V2483","V2484","V2485","V2486","V2487","V2488","V2489","V2490","V2491","V2492","V2493","V2494","V2495","V2496","V2497","V2498","V2499","V2500","V2501","V2502","V2503","V2504","V2505","V2506","V2507","V2508","V2509","V2510","V2511","V2512","V2513","V2514","V2515","V2516","V2517","V2518","V2519","V2520","V2521","V2522","V2523","V2524","V2525","V2526","V2527","V2528","V2529","V2530","V2531","V2532","V2533","V2534","V2535","V2536","V2537","V2538","V2539","V2540","V2541","V2542","V2543","V2544","V2545","V2546","V2547","V2548","V2549","V2550","V2551","V2552","V2553","V2554","V2555","V2556","V2557","V2558","V2559","V2560","V2561","V2562","V2563","V2564","V2565","V2566","V2567","V2568","V2569","V2570","V2571","V2572","V2573","V2574","V2575","V2576","V2577","V2578","V2579","V2580","V2581","V2582","V2583","V2584","V2585","V2586","V2587","V2588","V2589","V2590","V2591","V2592","V2593","V2594","V2595","V2596","V2597","V2598","V2599","V2600","V2601","V2602","V2603","V2604","V2605","V2606","V2607","V2608","V2609","V2610","V2611","V2612","V2613","V2614","V2615","V2616","V2617","V2618","V2619","V2620","V2621","V2622","V2623","V2624","V2625","V2626","V2627","V2628","V2629","V2630","V2631","V2632","V2633","V2634","V2635","V2636","V2637","V2638","V2639","V2640","V2641","V2642","V2643","V2644","V2645","V2646","V2647","V2648","V2649","V2650","V2651","V2652","V2653","V2654","V2655","V2656","V2657","V2658","V2659","V2660","V2661","V2662","V2663","V2664","V2665","V2666","V2667","V2668","V2669","V2670","V2671","V2672","V2673","V2674","V2675","V2676","V2677","V2678","V2679","V2680","V2681","V2682","V2683","V2684","V2685","V2686","V2687","V2688","V2689","V2690","V2691","V2692","V2693","V2694","V2695","V2696","V2697","V2698","V2699","V2700","V2701","V2702","V2703","V2704","V2705","V2706","V2707","V2708","V2709","V2710","V2711","V2712","V2713","V2714","V2715","V2716","V2717","V2718","V2719","V2720","V2721","V2722","V2723","V2724","V2725","V2726","V2727","V2728","V2729","V2730","V2731","V2732","V2733","V2734","V2735","V2736","V2737","V2738","V2739","V2740","V2741","V2742","V2743","V2744","V2745","V2746","V2747","V2748","V2749","V2750","V2751","V2752","V2753","V2754","V2755","V2756","V2757","V2758","V2759","V2760","V2761","V2762","V2763","V2764","V2765","V2766","V2767","V2768","V2769","V2770","V2771","V2772","V2773","V2774","V2775","V2776","V2777","V2778","V2779","V2780","V2781","V2782","V2783","V2784","V2785","V2786","V2787","V2788","V2789","V2790","V2791","V2792","V2793","V2794","V2795","V2796","V2797","V2798","V2799","V2800","V2801","V2802","V2803","V2804","V2805","V2806","V2807","V2808","V2809","V2810","V2811","V2812","V2813","V2814","V2815","V2816","V2817","V2818","V2819","V2820","V2821","V2822","V2823","V2824","V2825","V2826","V2827","V2828","V2829","V2830","V2831","V2832","V2833","V2834","V2835","V2836","V2837","V2838","V2839","V2840","V2841","V2842","V2843","V2844","V2845","V2846","V2847","V2848","V2849","V2850","V2851","V2852","V2853","V2854","V2855","V2856","V2857","V2858","V2859","V2860","V2861","V2862","V2863","V2864","V2865","V2866","V2867","V2868","V2869","V2870","V2871","V2872","V2873","V2874","V2875","V2876","V2877","V2878","V2879","V2880","V2881","V2882","V2883","V2884","V2885","V2886","V2887","V2888","V2889","V2890","V2891","V2892","V2893","V2894","V2895","V2896","V2897","V2898","V2899","V2900","V2901","V2902","V2903","V2904","V2905","V2906","V2907","V2908","V2909","V2910","V2911","V2912","V2913","V2914","V2915","V2916","V2917","V2918","V2919","V2920","V2921","V2922","V2923","V2924","V2925","V2926","V2927","V2928","V2929","V2930","V2931","V2932","V2933","V2934","V2935","V2936","V2937","V2938","V2939","V2940","V2941","V2942","V2943","V2944","V2945","V2946","V2947","V2948","V2949","V2950","V2951","V2952","V2953","V2954","V2955","V2956","V2957","V2958","V2959","V2960","V2961","V2962","V2963","V2964","V2965","V2966","V2967","V2968","V2969","V2970","V2971","V2972","V2973","V2974","V2975","V2976","V2977","V2978","V2979","V2980","V2981","V2982","V2983","V2984","V2985","V2986","V2987","V2988","V2989","V2990","V2991","V2992","V2993","V2994","V2995","V2996","V2997","V2998","V2999","V3000","V3001","V3002","V3003","V3004","V3005","V3006","V3007","V3008","V3009","V3010","V3011","V3012","V3013","V3014","V3015","V3016","V3017","V3018","V3019","V3020","V3021","V3022","V3023","V3024","V3025","V3026","V3027","V3028","V3029","V3030","V3031","V3032","V3033","V3034","V3035","V3036","V3037","V3038","V3039","V3040","V3041","V3042","V3043","V3044","V3045","V3046","V3047","V3048","V3049","V3050","V3051","V3052","V3053","V3054","V3055","V3056","V3057","V3058","V3059","V3060","V3061","V3062","V3063","V3064","V3065","V3066","V3067","V3068","V3069","V3070","V3071","V3072","V3073","V3074","V3075","V3076","V3077","V3078","V3079","V3080","V3081","V3082","V3083","V3084","V3085","V3086","V3087","V3088","V3089","V3090","V3091","V3092","V3093","V3094","V3095","V3096","V3097","V3098","V3099","V3100","V3101","V3102","V3103","V3104","V3105","V3106","V3107","V3108","V3109","V3110","V3111","V3112","V3113","V3114","V3115","V3116","V3117","V3118","V3119","V3120","V3121","V3122","V3123","V3124","V3125","V3126","V3127","V3128","V3129","V3130","V3131","V3132","V3133","V3134","V3135","V3136","V3137","V3138","V3139","V3140","V3141","V3142","V3143","V3144","V3145","V3146","V3147","V3148","V3149","V3150","V3151","V3152","V3153","V3154","V3155","V3156","V3157","V3158","V3159","V3160","V3161","V3162","V3163","V3164","V3165","V3166","V3167","V3168","V3169","V3170","V3171","V3172","V3173","V3174","V3175","V3176","V3177","V3178","V3179","V3180","V3181","V3182","V3183","V3184","V3185","V3186","V3187","V3188","V3189","V3190","V3191","V3192","V3193","V3194","V3195","V3196","V3197","V3198","V3199","V3200","V3201","V3202","V3203","V3204","V3205","V3206","V3207","V3208","V3209","V3210","V3211","V3212","V3213","V3214","V3215","V3216","V3217","V3218","V3219","V3220","V3221","V3222","V3223","V3224","V3225","V3226","V3227","V3228","V3229","V3230","V3231","V3232","V3233","V3234","V3235","V3236","V3237","V3238","V3239","V3240","V3241","V3242","V3243","V3244","V3245","V3246","V3247","V3248","V3249","V3250","V3251","V3252","V3253","V3254","V3255","V3256","V3257","V3258","V3259","V3260","V3261","V3262","V3263","V3264","V3265","V3266","V3267","V3268","V3269","V3270","V3271","V3272","V3273","V3274","V3275","V3276","V3277","V3278","V3279","V3280","V3281","V3282","V3283","V3284","V3285","V3286","V3287","V3288","V3289","V3290","V3291","V3292","V3293","V3294","V3295","V3296","V3297","V3298","V3299","V3300","V3301","V3302","V3303","V3304","V3305","V3306","V3307","V3308","V3309","V3310","V3311","V3312","V3313","V3314","V3315","V3316","V3317","V3318","V3319","V3320","V3321","V3322","V3323","V3324","V3325","V3326","V3327","V3328","V3329","V3330","V3331","V3332","V3333","V3334","V3335","V3336","V3337","V3338","V3339","V3340","V3341","V3342","V3343","V3344","V3345","V3346","V3347","V3348","V3349","V3350","V3351","V3352","V3353","V3354","V3355","V3356","V3357","V3358","V3359","V3360","V3361","V3362","V3363","V3364","V3365","V3366","V3367","V3368","V3369","V3370","V3371","V3372","V3373","V3374","V3375","V3376","V3377","V3378","V3379","V3380","V3381","V3382","V3383","V3384","V3385","V3386","V3387","V3388","V3389","V3390","V3391","V3392","V3393","V3394","V3395","V3396","V3397","V3398","V3399","V3400","V3401","V3402","V3403","V3404","V3405","V3406","V3407","V3408","V3409","V3410","V3411","V3412","V3413","V3414","V3415","V3416","V3417","V3418","V3419","V3420","V3421","V3422","V3423","V3424","V3425","V3426","V3427","V3428","V3429","V3430","V3431","V3432","V3433","V3434","V3435","V3436","V3437","V3438","V3439","V3440","V3441","V3442","V3443","V3444","V3445","V3446","V3447","V3448","V3449","V3450","V3451","V3452","V3453","V3454","V3455","V3456","V3457","V3458","V3459","V3460","V3461","V3462","V3463","V3464","V3465","V3466","V3467","V3468","V3469","V3470","V3471","V3472","V3473","V3474","V3475","V3476","V3477","V3478","V3479","V3480","V3481","V3482","V3483","V3484","V3485","V3486","V3487","V3488","V3489","V3490","V3491","V3492","V3493","V3494","V3495","V3496","V3497","V3498","V3499","V3500","V3501","V3502","V3503","V3504","V3505","V3506","V3507","V3508","V3509","V3510","V3511","V3512","V3513","V3514","V3515","V3516","V3517","V3518","V3519","V3520","V3521","V3522","V3523","V3524","V3525","V3526","V3527","V3528","V3529","V3530","V3531","V3532","V3533","V3534","V3535","V3536","V3537","V3538","V3539","V3540","V3541","V3542","V3543","V3544","V3545","V3546","V3547","V3548","V3549","V3550","V3551","V3552","V3553","V3554","V3555","V3556","V3557","V3558","V3559","V3560","V3561","V3562","V3563","V3564","V3565","V3566","V3567","V3568","V3569","V3570","V3571","V3572","V3573","V3574","V3575","V3576","V3577","V3578","V3579","V3580","V3581","V3582","V3583","V3584","V3585","V3586","V3587","V3588","V3589","V3590","V3591","V3592","V3593","V3594","V3595","V3596","V3597","V3598","V3599","V3600","V3601","V3602","V3603","V3604","V3605","V3606","V3607","V3608","V3609","V3610","V3611","V3612","V3613","V3614","V3615","V3616","V3617","V3618","V3619","V3620","V3621","V3622","V3623","V3624","V3625","V3626","V3627","V3628","V3629","V3630","V3631","V3632","V3633","V3634","V3635","V3636","V3637","V3638","V3639","V3640","V3641","V3642","V3643","V3644","V3645","V3646","V3647","V3648","V3649","V3650","V3651","V3652","V3653","V3654","V3655","V3656","V3657","V3658","V3659","V3660","V3661","V3662","V3663","V3664","V3665","V3666","V3667","V3668","V3669","V3670","V3671","V3672","V3673","V3674","V3675","V3676","V3677","V3678","V3679","V3680","V3681","V3682","V3683","V3684","V3685","V3686","V3687","V3688","V3689","V3690","V3691","V3692","V3693","V3694","V3695","V3696","V3697","V3698","V3699","V3700","V3701","V3702","V3703","V3704","V3705","V3706","V3707","V3708","V3709","V3710","V3711","V3712","V3713","V3714","V3715","V3716","V3717","V3718","V3719","V3720","V3721","V3722","V3723","V3724","V3725","V3726","V3727","V3728","V3729","V3730","V3731","V3732","V3733","V3734","V3735","V3736","V3737","V3738","V3739","V3740","V3741","V3742","V3743","V3744","V3745","V3746","V3747","V3748","V3749","V3750","V3751","V3752","V3753","V3754","V3755","V3756","V3757","V3758","V3759","V3760","V3761","V3762","V3763","V3764","V3765","V3766","V3767","V3768","V3769","V3770","V3771","V3772","V3773","V3774","V3775","V3776","V3777","V3778","V3779","V3780","V3781","V3782","V3783","V3784","V3785","V3786","V3787","V3788","V3789","V3790","V3791","V3792","V3793","V3794","V3795","V3796","V3797","V3798","V3799","V3800","V3801","V3802","V3803","V3804","V3805","V3806","V3807","V3808","V3809","V3810","V3811","V3812","V3813","V3814","V3815","V3816","V3817","V3818","V3819","V3820","V3821","V3822","V3823","V3824","V3825","V3826","V3827","V3828","V3829","V3830","V3831","V3832","V3833","V3834","V3835","V3836","V3837","V3838","V3839","V3840","V3841","V3842","V3843","V3844","V3845","V3846","V3847","V3848","V3849","V3850","V3851","V3852","V3853","V3854","V3855","V3856","V3857","V3858","V3859","V3860","V3861","V3862","V3863","V3864","V3865","V3866","V3867","V3868","V3869","V3870","V3871","V3872","V3873","V3874","V3875","V3876","V3877","V3878","V3879","V3880","V3881","V3882","V3883","V3884","V3885","V3886","V3887","V3888","V3889","V3890","V3891","V3892","V3893","V3894","V3895","V3896","V3897","V3898","V3899","V3900","V3901","V3902","V3903","V3904","V3905","V3906","V3907","V3908","V3909","V3910","V3911","V3912","V3913","V3914","V3915","V3916","V3917","V3918","V3919","V3920","V3921","V3922","V3923","V3924","V3925","V3926","V3927","V3928","V3929","V3930","V3931","V3932","V3933","V3934","V3935","V3936","V3937","V3938","V3939","V3940","V3941","V3942","V3943","V3944","V3945","V3946","V3947","V3948","V3949","V3950","V3951","V3952","V3953","V3954","V3955","V3956","V3957","V3958","V3959","V3960","V3961","V3962","V3963","V3964","V3965","V3966","V3967","V3968","V3969","V3970","V3971","V3972","V3973","V3974","V3975","V3976","V3977","V3978","V3979","V3980","V3981","V3982","V3983","V3984","V3985","V3986","V3987","V3988","V3989","V3990","V3991","V3992","V3993","V3994","V3995","V3996","V3997","V3998","V3999","V4000","V4001","V4002","V4003","V4004","V4005","V4006","V4007","V4008","V4009","V4010","V4011","V4012","V4013","V4014","V4015","V4016","V4017","V4018","V4019","V4020","V4021","V4022","V4023","V4024","V4025","V4026","V4027","V4028","V4029","V4030","V4031","V4032","V4033","V4034","V4035","V4036","V4037","V4038","V4039","V4040","V4041","V4042","V4043","V4044","V4045","V4046","V4047","V4048","V4049","V4050","V4051","V4052","V4053","V4054","V4055","V4056","V4057","V4058","V4059","V4060","V4061","V4062","V4063","V4064","V4065","V4066","V4067","V4068","V4069","V4070","V4071","V4072","V4073","V4074","V4075","V4076","V4077","V4078","V4079","V4080","V4081","V4082","V4083","V4084","V4085","V4086","V4087","V4088","V4089","V4090","V4091","V4092","V4093","V4094","V4095","V4096","V4097","V4098","V4099","V4100","V4101","V4102","V4103","V4104","V4105","V4106","V4107","V4108","V4109","V4110","V4111","V4112","V4113","V4114","V4115","V4116","V4117","V4118","V4119","V4120","V4121","V4122","V4123","V4124","V4125","V4126","V4127","V4128","V4129","V4130","V4131","V4132","V4133","V4134","V4135","V4136","V4137","V4138","V4139","V4140","V4141","V4142","V4143","V4144","V4145","V4146","V4147","V4148","V4149","V4150","V4151","V4152","V4153","V4154","V4155","V4156","V4157","V4158","V4159","V4160","V4161","V4162","V4163","V4164","V4165","V4166","V4167","V4168","V4169","V4170","V4171","V4172","V4173","V4174","V4175","V4176","V4177","V4178","V4179","V4180","V4181","V4182","V4183","V4184","V4185","V4186","V4187","V4188","V4189","V4190","V4191","V4192","V4193","V4194","V4195","V4196","V4197","V4198","V4199","V4200","V4201","V4202","V4203","V4204","V4205","V4206","V4207","V4208","V4209","V4210","V4211","V4212","V4213","V4214","V4215","V4216","V4217","V4218","V4219","V4220","V4221","V4222","V4223","V4224","V4225","V4226","V4227","V4228","V4229","V4230","V4231","V4232","V4233","V4234","V4235","V4236","V4237","V4238","V4239","V4240","V4241","V4242","V4243","V4244","V4245","V4246","V4247","V4248","V4249","V4250","V4251","V4252","V4253","V4254","V4255","V4256","V4257","V4258","V4259","V4260","V4261","V4262","V4263","V4264","V4265","V4266","V4267","V4268","V4269","V4270","V4271","V4272","V4273","V4274","V4275","V4276","V4277","V4278","V4279","V4280","V4281","V4282","V4283","V4284","V4285","V4286","V4287","V4288","V4289","V4290","V4291","V4292","V4293","V4294","V4295","V4296","V4297","V4298","V4299","V4300","V4301","V4302","V4303","V4304","V4305","V4306","V4307","V4308","V4309","V4310","V4311","V4312","V4313","V4314","V4315","V4316","V4317","V4318","V4319","V4320","V4321","V4322","V4323","V4324","V4325","V4326","V4327","V4328","V4329","V4330","V4331","V4332","V4333","V4334","V4335","V4336","V4337","V4338","V4339","V4340","V4341","V4342","V4343","V4344","V4345","V4346","V4347","V4348","V4349","V4350","V4351","V4352","V4353","V4354","V4355","V4356","V4357","V4358","V4359","V4360","V4361","V4362","V4363","V4364","V4365","V4366","V4367","V4368","V4369","V4370","V4371","V4372","V4373","V4374","V4375","V4376","V4377","V4378","V4379","V4380","V4381","V4382","V4383","V4384","V4385","V4386","V4387","V4388","V4389","V4390","V4391","V4392","V4393","V4394","V4395","V4396","V4397","V4398","V4399","V4400","V4401","V4402","V4403","V4404","V4405","V4406","V4407","V4408","V4409","V4410","V4411","V4412","V4413","V4414","V4415","V4416","V4417","V4418","V4419","V4420","V4421","V4422","V4423","V4424","V4425","V4426","V4427","V4428","V4429","V4430","V4431","V4432","V4433","V4434","V4435","V4436","V4437","V4438","V4439","V4440","V4441","V4442","V4443","V4444","V4445","V4446","V4447","V4448","V4449","V4450","V4451","V4452","V4453","V4454","V4455","V4456","V4457","V4458","V4459","V4460","V4461","V4462","V4463","V4464","V4465","V4466","V4467","V4468","V4469","V4470","V4471","V4472","V4473","V4474","V4475","V4476","V4477","V4478","V4479","V4480","V4481","V4482","V4483","V4484","V4485","V4486","V4487","V4488","V4489","V4490","V4491","V4492","V4493","V4494","V4495","V4496","V4497","V4498","V4499","V4500","V4501","V4502","V4503","V4504","V4505","V4506","V4507","V4508","V4509","V4510","V4511","V4512","V4513","V4514","V4515","V4516","V4517","V4518","V4519","V4520","V4521","V4522","V4523","V4524","V4525","V4526","V4527","V4528","V4529","V4530","V4531","V4532","V4533","V4534","V4535","V4536","V4537","V4538","V4539","V4540","V4541","V4542","V4543","V4544","V4545","V4546","V4547","V4548","V4549","V4550","V4551","V4552","V4553","V4554","V4555","V4556","V4557","V4558","V4559","V4560","V4561","V4562","V4563","V4564","V4565","V4566","V4567","V4568","V4569","V4570","V4571","V4572","V4573","V4574","V4575","V4576","V4577","V4578","V4579","V4580","V4581","V4582","V4583","V4584","V4585","V4586","V4587","V4588","V4589","V4590","V4591","V4592","V4593","V4594","V4595","V4596","V4597","V4598","V4599","V4600","V4601","V4602","V4603","V4604","V4605","V4606","V4607","V4608","V4609","V4610","V4611","V4612","V4613","V4614","V4615","V4616","V4617","V4618","V4619","V4620","V4621","V4622","V4623","V4624","V4625","V4626","V4627","V4628","V4629","V4630","V4631","V4632","V4633","V4634","V4635","V4636","V4637","V4638","V4639","V4640","V4641","V4642","V4643","V4644","V4645","V4646","V4647","V4648","V4649","V4650","V4651","V4652","V4653","V4654","V4655","V4656","V4657","V4658","V4659","V4660","V4661","V4662","V4663","V4664","V4665","V4666","V4667","V4668","V4669","V4670","V4671","V4672","V4673","V4674","V4675","V4676","V4677","V4678","V4679","V4680","V4681","V4682","V4683","V4684","V4685","V4686","V4687","V4688","V4689","V4690","V4691","V4692","V4693","V4694","V4695","V4696","V4697","V4698","V4699","V4700","V4701","V4702","V4703","V4704","V4705","V4706","V4707","V4708","V4709","V4710","V4711","V4712","V4713","V4714","V4715","V4716","V4717","V4718","V4719","V4720","V4721","V4722","V4723","V4724","V4725","V4726","V4727","V4728","V4729","V4730","V4731","V4732","V4733","V4734","V4735","V4736","V4737","V4738","V4739","V4740","V4741","V4742","V4743","V4744","V4745","V4746","V4747","V4748","V4749","V4750","V4751","V4752","V4753","V4754","V4755","V4756","V4757","V4758","V4759","V4760","V4761","V4762","V4763","V4764","V4765","V4766","V4767","V4768","V4769","V4770","V4771","V4772","V4773","V4774","V4775","V4776","V4777","V4778","V4779","V4780","V4781","V4782","V4783","V4784","V4785","V4786","V4787","V4788","V4789","V4790","V4791","V4792","V4793","V4794","V4795","V4796","V4797","V4798","V4799","V4800","V4801","V4802","V4803","V4804","V4805","V4806","V4807","V4808","V4809","V4810","V4811","V4812","V4813","V4814","V4815","V4816","V4817","V4818","V4819","V4820","V4821","V4822","V4823","V4824","V4825","V4826","V4827","V4828","V4829","V4830","V4831","V4832","V4833","V4834","V4835","V4836","V4837","V4838","V4839","V4840","V4841","V4842","V4843","V4844","V4845","V4846","V4847","V4848","V4849","V4850","V4851","V4852","V4853","V4854","V4855","V4856","V4857","V4858","V4859","V4860","V4861","V4862","V4863","V4864","V4865","V4866","V4867","V4868","V4869","V4870","V4871","V4872","V4873","V4874","V4875","V4876","V4877","V4878","V4879","V4880","V4881","V4882","V4883","V4884","V4885","V4886","V4887","V4888","V4889","V4890","V4891","V4892","V4893","V4894","V4895","V4896","V4897","V4898","V4899","V4900","V4901","V4902","V4903","V4904","V4905","V4906","V4907","V4908","V4909","V4910","V4911","V4912","V4913","V4914","V4915","V4916","V4917","V4918","V4919","V4920","V4921","V4922","V4923","V4924","V4925","V4926","V4927","V4928","V4929","V4930","V4931","V4932","V4933","V4934","V4935","V4936","V4937","V4938","V4939","V4940","V4941","V4942","V4943","V4944","V4945","V4946","V4947","V4948","V4949","V4950","V4951","V4952","V4953","V4954","V4955","V4956","V4957","V4958","V4959","V4960","V4961","V4962","V4963","V4964","V4965","V4966","V4967","V4968","V4969","V4970","V4971","V4972","V4973","V4974","V4975","V4976","V4977","V4978","V4979","V4980","V4981","V4982","V4983","V4984","V4985","V4986","V4987","V4988","V4989","V4990","V4991","V4992","V4993","V4994","V4995","V4996","V4997","V4998","V4999","V5000","V5001","V5002","V5003","V5004","V5005","V5006","V5007","V5008","V5009","V5010","V5011","V5012","V5013","V5014","V5015","V5016","V5017","V5018","V5019","V5020","V5021","V5022","V5023","V5024","V5025","V5026","V5027","V5028","V5029","V5030","V5031","V5032","V5033","V5034","V5035","V5036","V5037","V5038","V5039","V5040","V5041","V5042","V5043","V5044","V5045","V5046","V5047","V5048","V5049","V5050","V5051","V5052","V5053","V5054","V5055","V5056","V5057","V5058","V5059","V5060","V5061","V5062","V5063","V5064","V5065","V5066","V5067","V5068","V5069","V5070","V5071","V5072","V5073","V5074","V5075","V5076","V5077","V5078","V5079","V5080","V5081","V5082","V5083","V5084","V5085","V5086","V5087","V5088","V5089","V5090","V5091","V5092","V5093","V5094","V5095","V5096","V5097","V5098","V5099","V5100","V5101","V5102","V5103","V5104","V5105","V5106","V5107","V5108","V5109","V5110","V5111","V5112","V5113","V5114","V5115","V5116","V5117","V5118","V5119","V5120","V5121","V5122","V5123","V5124","V5125","V5126","V5127","V5128","V5129","V5130","V5131","V5132","V5133","V5134","V5135","V5136","V5137","V5138","V5139","V5140","V5141","V5142","V5143","V5144","V5145","V5146","V5147","V5148","V5149","V5150","V5151","V5152","V5153","V5154","V5155","V5156","V5157","V5158","V5159","V5160","V5161","V5162","V5163","V5164","V5165","V5166","V5167","V5168","V5169","V5170","V5171","V5172","V5173","V5174","V5175","V5176","V5177","V5178","V5179","V5180","V5181","V5182","V5183","V5184","V5185","V5186","V5187","V5188","V5189","V5190","V5191","V5192","V5193","V5194","V5195","V5196","V5197","V5198","V5199","V5200","V5201","V5202","V5203","V5204","V5205","V5206","V5207","V5208","V5209","V5210","V5211","V5212","V5213","V5214","V5215","V5216","V5217","V5218","V5219","V5220","V5221","V5222","V5223","V5224","V5225","V5226","V5227","V5228","V5229","V5230","V5231","V5232","V5233","V5234","V5235","V5236","V5237","V5238","V5239","V5240","V5241","V5242","V5243","V5244","V5245","V5246","V5247","V5248","V5249","V5250","V5251","V5252","V5253","V5254","V5255","V5256","V5257","V5258","V5259","V5260","V5261","V5262","V5263","V5264","V5265","V5266","V5267","V5268","V5269","V5270","V5271","V5272","V5273","V5274","V5275","V5276","V5277","V5278","V5279","V5280","V5281","V5282","V5283","V5284","V5285","V5286","V5287","V5288","V5289","V5290","V5291","V5292","V5293","V5294","V5295","V5296","V5297","V5298","V5299","V5300","V5301","V5302","V5303","V5304","V5305","V5306","V5307","V5308","V5309","V5310","V5311","V5312","V5313","V5314","V5315","V5316","V5317","V5318","V5319","V5320","V5321","V5322","V5323","V5324","V5325","V5326","V5327","V5328","V5329","V5330","V5331","V5332","V5333","V5334","V5335","V5336","V5337","V5338","V5339","V5340","V5341","V5342","V5343","V5344","V5345","V5346","V5347","V5348","V5349","V5350","V5351","V5352","V5353","V5354","V5355","V5356","V5357","V5358","V5359","V5360","V5361","V5362","V5363","V5364","V5365","V5366","V5367","V5368","V5369","V5370","V5371","V5372","V5373","V5374","V5375","V5376","V5377","V5378","V5379","V5380","V5381","V5382","V5383","V5384","V5385","V5386","V5387","V5388","V5389","V5390","V5391","V5392","V5393","V5394","V5395","V5396","V5397","V5398","V5399","V5400","V5401","V5402","V5403","V5404","V5405","V5406","V5407","V5408","V5409","V5410","V5411","V5412","V5413","V5414","V5415","V5416","V5417","V5418","V5419","V5420","V5421","V5422","V5423","V5424","V5425","V5426","V5427","V5428","V5429","V5430","V5431","V5432","V5433","V5434","V5435","V5436","V5437","V5438","V5439","V5440","V5441","V5442","V5443","V5444","V5445","V5446","V5447","V5448","V5449","V5450","V5451","V5452","V5453","V5454","V5455","V5456","V5457","V5458","V5459","V5460","V5461","V5462","V5463","V5464","V5465","V5466","V5467","V5468","V5469","V5470","V5471","V5472","V5473","V5474","V5475","V5476","V5477","V5478","V5479","V5480","V5481","V5482","V5483","V5484","V5485","V5486","V5487","V5488","V5489","V5490","V5491","V5492","V5493","V5494","V5495","V5496","V5497","V5498","V5499","V5500","V5501","V5502","V5503","V5504","V5505","V5506","V5507","V5508","V5509","V5510","V5511","V5512","V5513","V5514","V5515","V5516","V5517","V5518","V5519","V5520","V5521","V5522","V5523","V5524","V5525","V5526","V5527","V5528","V5529","V5530","V5531","V5532","V5533","V5534","V5535","V5536","V5537","V5538","V5539","V5540","V5541","V5542","V5543","V5544","V5545","V5546","V5547","V5548","V5549","V5550","V5551","V5552","V5553","V5554","V5555","V5556","V5557","V5558","V5559","V5560","V5561","V5562","V5563","V5564","V5565","V5566","V5567","V5568","V5569","V5570","V5571","V5572","V5573","V5574","V5575","V5576","V5577","V5578","V5579","V5580","V5581","V5582","V5583","V5584","V5585","V5586","V5587","V5588","V5589","V5590","V5591","V5592","V5593","V5594","V5595","V5596","V5597","V5598","V5599","V5600","V5601","V5602","V5603","V5604","V5605","V5606","V5607","V5608","V5609","V5610","V5611","V5612","V5613","V5614","V5615","V5616","V5617","V5618","V5619","V5620","V5621","V5622","V5623","V5624","V5625","V5626","V5627","V5628","V5629","V5630","V5631","V5632","V5633","V5634","V5635","V5636","V5637","V5638","V5639","V5640","V5641","V5642","V5643","V5644","V5645","V5646","V5647","V5648","V5649","V5650","V5651","V5652","V5653","V5654","V5655","V5656","V5657","V5658","V5659","V5660","V5661","V5662","V5663","V5664","V5665","V5666","V5667","V5668","V5669","V5670","V5671","V5672","V5673","V5674","V5675","V5676","V5677","V5678","V5679","V5680","V5681","V5682","V5683","V5684","V5685","V5686","V5687","V5688","V5689","V5690","V5691","V5692","V5693","V5694","V5695","V5696","V5697","V5698","V5699","V5700","V5701","V5702","V5703","V5704","V5705","V5706","V5707","V5708","V5709","V5710","V5711","V5712","V5713","V5714","V5715","V5716","V5717","V5718","V5719","V5720","V5721","V5722","V5723","V5724","V5725","V5726","V5727","V5728","V5729","V5730","V5731","V5732","V5733","V5734","V5735","V5736","V5737","V5738","V5739","V5740","V5741","V5742","V5743","V5744","V5745","V5746","V5747","V5748","V5749","V5750","V5751","V5752","V5753","V5754","V5755","V5756","V5757","V5758","V5759","V5760","V5761","V5762","V5763","V5764","V5765","V5766","V5767","V5768","V5769","V5770","V5771","V5772","V5773","V5774","V5775","V5776","V5777","V5778","V5779","V5780","V5781","V5782","V5783","V5784","V5785","V5786","V5787","V5788","V5789","V5790","V5791","V5792","V5793","V5794","V5795","V5796","V5797","V5798","V5799","V5800","V5801","V5802","V5803","V5804","V5805","V5806","V5807","V5808","V5809","V5810","V5811","V5812","V5813","V5814","V5815","V5816","V5817","V5818","V5819","V5820","V5821","V5822","V5823","V5824","V5825","V5826","V5827","V5828","V5829","V5830","V5831","V5832","V5833","V5834","V5835","V5836","V5837","V5838","V5839","V5840","V5841","V5842","V5843","V5844","V5845","V5846","V5847","V5848","V5849","V5850","V5851","V5852","V5853","V5854","V5855","V5856","V5857","V5858","V5859","V5860","V5861","V5862","V5863","V5864","V5865","V5866","V5867","V5868","V5869","V5870","V5871","V5872","V5873","V5874","V5875","V5876","V5877","V5878","V5879","V5880","V5881","V5882","V5883","V5884","V5885","V5886","V5887","V5888","V5889","V5890","V5891","V5892","V5893","V5894","V5895","V5896","V5897","V5898","V5899","V5900","V5901","V5902","V5903","V5904","V5905","V5906","V5907","V5908","V5909","V5910","V5911","V5912","V5913","V5914","V5915","V5916","V5917","V5918","V5919","V5920","V5921","V5922","V5923","V5924","V5925","V5926","V5927","V5928","V5929","V5930","V5931","V5932","V5933","V5934","V5935","V5936","V5937","V5938","V5939","V5940","V5941","V5942","V5943","V5944","V5945","V5946","V5947","V5948","V5949","V5950","V5951","V5952","V5953","V5954","V5955","V5956","V5957","V5958","V5959","V5960","V5961","V5962","V5963","V5964","V5965","V5966","V5967","V5968","V5969","V5970","V5971","V5972","V5973","V5974","V5975","V5976","V5977","V5978","V5979","V5980","V5981","V5982","V5983","V5984","V5985","V5986","V5987","V5988","V5989","V5990","V5991","V5992","V5993","V5994","V5995","V5996","V5997","V5998","V5999","V6000","V6001","V6002","V6003","V6004","V6005","V6006","V6007","V6008","V6009","V6010","V6011","V6012","V6013","V6014","V6015","V6016","V6017","V6018","V6019","V6020","V6021","V6022","V6023","V6024","V6025","V6026","V6027","V6028","V6029","V6030","V6031","V6032","V6033","V6034","V6035","V6036","V6037","V6038","V6039","V6040","V6041","V6042","V6043","V6044","V6045","V6046","V6047","V6048","V6049","V6050","V6051","V6052","V6053","V6054","V6055","V6056","V6057","V6058","V6059","V6060","V6061","V6062","V6063","V6064","V6065","V6066","V6067","V6068","V6069","V6070","V6071","V6072","V6073","V6074","V6075","V6076","V6077","V6078","V6079","V6080","V6081","V6082","V6083","V6084","V6085","V6086","V6087","V6088","V6089","V6090","V6091","V6092","V6093","V6094","V6095","V6096","V6097","V6098","V6099","V6100","V6101","V6102","V6103","V6104","V6105","V6106","V6107","V6108","V6109","V6110","V6111","V6112","V6113","V6114","V6115","V6116","V6117","V6118","V6119","V6120","V6121","V6122","V6123","V6124","V6125","V6126","V6127","V6128","V6129","V6130","V6131","V6132","V6133","V6134","V6135","V6136","V6137","V6138","V6139","V6140","V6141","V6142","V6143","V6144","V6145","V6146","V6147","V6148","V6149","V6150","V6151","V6152","V6153","V6154","V6155","V6156","V6157","V6158","V6159","V6160","V6161","V6162","V6163","V6164","V6165","V6166","V6167","V6168","V6169","V6170","V6171","V6172","V6173","V6174","V6175","V6176","V6177","V6178","V6179","V6180","V6181","V6182","V6183","V6184","V6185","V6186","V6187","V6188","V6189","V6190","V6191","V6192","V6193","V6194","V6195","V6196","V6197","V6198","V6199","V6200","V6201","V6202","V6203","V6204","V6205","V6206","V6207","V6208","V6209","V6210","V6211","V6212","V6213","V6214","V6215","V6216","V6217","V6218","V6219","V6220","V6221","V6222","V6223","V6224","V6225","V6226","V6227","V6228","V6229","V6230","V6231","V6232","V6233","V6234","V6235","V6236","V6237","V6238","V6239","V6240","V6241","V6242","V6243","V6244","V6245","V6246","V6247","V6248","V6249","V6250","V6251","V6252","V6253","V6254","V6255","V6256","V6257","V6258","V6259","V6260","V6261","V6262","V6263","V6264","V6265","V6266","V6267","V6268","V6269","V6270","V6271","V6272","V6273","V6274","V6275","V6276","V6277","V6278","V6279","V6280","V6281","V6282","V6283","V6284","V6285","V6286","V6287","V6288","V6289","V6290","V6291","V6292","V6293","V6294","V6295","V6296","V6297","V6298","V6299","V6300","V6301","V6302","V6303","V6304","V6305","V6306","V6307","V6308","V6309","V6310","V6311","V6312","V6313","V6314","V6315","V6316","V6317","V6318","V6319","V6320","V6321","V6322","V6323","V6324","V6325","V6326","V6327","V6328","V6329","V6330","V6331","V6332","V6333","V6334","V6335","V6336","V6337","V6338","V6339","V6340","V6341","V6342","V6343","V6344","V6345","V6346","V6347","V6348","V6349","V6350","V6351","V6352","V6353","V6354","V6355","V6356","V6357","V6358","V6359","V6360","V6361","V6362","V6363","V6364","V6365","V6366","V6367","V6368","V6369","V6370","V6371","V6372","V6373","V6374","V6375","V6376","V6377","V6378","V6379","V6380","V6381","V6382","V6383","V6384","V6385","V6386","V6387","V6388","V6389","V6390","V6391","V6392","V6393","V6394","V6395","V6396","V6397","V6398","V6399","V6400","V6401","V6402","V6403","V6404","V6405","V6406","V6407","V6408","V6409","V6410","V6411","V6412","V6413","V6414","V6415","V6416","V6417","V6418","V6419","V6420","V6421","V6422","V6423","V6424","V6425","V6426","V6427","V6428","V6429","V6430","V6431","V6432","V6433","V6434","V6435","V6436","V6437","V6438","V6439","V6440","V6441","V6442","V6443","V6444","V6445","V6446","V6447","V6448","V6449","V6450","V6451","V6452","V6453","V6454","V6455","V6456","V6457","V6458","V6459","V6460","V6461","V6462","V6463","V6464","V6465","V6466","V6467","V6468","V6469","V6470","V6471","V6472","V6473","V6474","V6475","V6476","V6477","V6478","V6479","V6480","V6481","V6482","V6483","V6484","V6485","V6486","V6487","V6488","V6489","V6490","V6491","V6492","V6493","V6494","V6495","V6496","V6497","V6498","V6499","V6500","V6501","V6502","V6503","V6504","V6505","V6506","V6507","V6508","V6509","V6510","V6511","V6512","V6513","V6514","V6515","V6516","V6517","V6518","V6519","V6520","V6521","V6522","V6523","V6524","V6525","V6526","V6527","V6528","V6529","V6530","V6531","V6532","V6533","V6534","V6535","V6536","V6537","V6538","V6539","V6540","V6541","V6542","V6543","V6544","V6545","V6546","V6547","V6548","V6549","V6550","V6551","V6552","V6553","V6554","V6555","V6556","V6557","V6558","V6559","V6560","V6561","V6562","V6563","V6564","V6565","V6566","V6567","V6568","V6569","V6570","V6571","V6572","V6573","V6574","V6575","V6576","V6577","V6578","V6579","V6580","V6581","V6582","V6583","V6584","V6585","V6586","V6587","V6588","V6589","V6590","V6591","V6592","V6593","V6594","V6595","V6596","V6597","V6598","V6599","V6600","V6601","V6602","V6603","V6604","V6605","V6606","V6607","V6608","V6609","V6610","V6611","V6612","V6613","V6614","V6615","V6616","V6617","V6618","V6619","V6620","V6621","V6622","V6623","V6624","V6625","V6626","V6627","V6628","V6629","V6630","V6631","V6632","V6633","V6634","V6635","V6636","V6637","V6638","V6639","V6640","V6641","V6642","V6643","V6644","V6645","V6646","V6647","V6648","V6649","V6650","V6651","V6652","V6653","V6654","V6655","V6656","V6657","V6658","V6659","V6660","V6661","V6662","V6663","V6664","V6665","V6666","V6667","V6668","V6669","V6670","V6671","V6672","V6673","V6674","V6675","V6676","V6677","V6678","V6679","V6680","V6681","V6682","V6683","V6684","V6685","V6686","V6687","V6688","V6689","V6690","V6691","V6692","V6693","V6694","V6695","V6696","V6697","V6698","V6699","V6700","V6701","V6702","V6703","V6704","V6705","V6706","V6707","V6708","V6709","V6710","V6711","V6712","V6713","V6714","V6715","V6716","V6717","V6718","V6719","V6720","V6721","V6722","V6723","V6724","V6725","V6726","V6727","V6728","V6729","V6730","V6731","V6732","V6733","V6734","V6735","V6736","V6737","V6738","V6739","V6740","V6741","V6742","V6743","V6744","V6745","V6746","V6747","V6748","V6749","V6750","V6751","V6752","V6753","V6754","V6755","V6756","V6757","V6758","V6759","V6760","V6761","V6762","V6763","V6764","V6765","V6766","V6767","V6768","V6769","V6770","V6771","V6772","V6773","V6774","V6775","V6776","V6777","V6778","V6779","V6780","V6781","V6782","V6783","V6784","V6785","V6786","V6787","V6788","V6789","V6790","V6791","V6792","V6793","V6794","V6795","V6796","V6797","V6798","V6799","V6800","V6801","V6802","V6803","V6804","V6805","V6806","V6807","V6808","V6809","V6810","V6811","V6812","V6813","V6814","V6815","V6816","V6817","V6818","V6819","V6820","V6821","V6822","V6823","V6824","V6825","V6826","V6827","V6828","V6829","V6830","V6831","V6832","V6833","V6834","V6835","V6836","V6837","V6838","V6839","V6840","V6841","V6842","V6843","V6844","V6845","V6846","V6847","V6848","V6849","V6850","V6851","V6852","V6853","V6854","V6855","V6856","V6857","V6858","V6859","V6860","V6861","V6862","V6863","V6864","V6865","V6866","V6867","V6868","V6869","V6870","V6871","V6872","V6873","V6874","V6875","V6876","V6877","V6878","V6879","V6880","V6881","V6882","V6883","V6884","V6885","V6886","V6887","V6888","V6889","V6890","V6891","V6892","V6893","V6894","V6895","V6896","V6897","V6898","V6899","V6900","V6901","V6902","V6903","V6904","V6905","V6906","V6907","V6908","V6909","V6910","V6911","V6912","V6913","V6914","V6915","V6916","V6917","V6918","V6919","V6920","V6921","V6922","V6923","V6924","V6925","V6926","V6927","V6928","V6929","V6930","V6931","V6932","V6933","V6934","V6935","V6936","V6937","V6938","V6939","V6940","V6941","V6942","V6943","V6944","V6945","V6946","V6947","V6948","V6949","V6950","V6951","V6952","V6953","V6954","V6955","V6956","V6957","V6958","V6959","V6960","V6961","V6962","V6963","V6964","V6965","V6966","V6967","V6968","V6969","V6970","V6971","V6972","V6973","V6974","V6975","V6976","V6977","V6978","V6979","V6980","V6981","V6982","V6983","V6984","V6985","V6986","V6987","V6988","V6989","V6990","V6991","V6992","V6993","V6994","V6995","V6996","V6997","V6998","V6999","V7000","V7001","V7002","V7003","V7004","V7005","V7006","V7007","V7008","V7009","V7010","V7011","V7012","V7013","V7014","V7015","V7016","V7017","V7018","V7019","V7020","V7021","V7022","V7023","V7024","V7025","V7026","V7027","V7028","V7029","V7030","V7031","V7032","V7033","V7034","V7035","V7036","V7037","V7038","V7039","V7040","V7041","V7042","V7043","V7044","V7045","V7046","V7047","V7048","V7049","V7050","V7051","V7052","V7053","V7054","V7055","V7056","V7057","V7058","V7059","V7060","V7061","V7062","V7063","V7064","V7065","V7066","V7067","V7068","V7069","V7070","V7071","V7072","V7073","V7074","V7075","V7076","V7077","V7078","V7079","V7080","V7081","V7082","V7083","V7084","V7085","V7086","V7087","V7088","V7089","V7090","V7091","V7092","V7093","V7094","V7095","V7096","V7097","V7098","V7099","V7100","V7101","V7102","V7103","V7104","V7105","V7106","V7107","V7108","V7109","V7110","V7111","V7112","V7113","V7114","V7115","V7116","V7117","V7118","V7119","V7120","V7121","V7122","V7123","V7124","V7125","V7126","V7127","V7128","V7129","V7130","V7131","V7132","V7133","V7134","V7135","V7136","V7137","V7138","V7139","V7140","V7141","V7142","V7143","V7144","V7145","V7146","V7147","V7148","V7149","V7150","V7151","V7152","V7153","V7154","V7155","V7156","V7157","V7158","V7159","V7160","V7161","V7162","V7163","V7164","V7165","V7166","V7167","V7168","V7169","V7170","V7171","V7172","V7173","V7174","V7175","V7176","V7177","V7178","V7179","V7180","V7181","V7182","V7183","V7184","V7185","V7186","V7187","V7188","V7189","V7190","V7191","V7192","V7193","V7194","V7195","V7196","V7197","V7198","V7199","V7200","V7201","V7202","V7203","V7204","V7205","V7206","V7207","V7208","V7209","V7210","V7211","V7212","V7213","V7214","V7215","V7216","V7217","V7218","V7219","V7220","V7221","V7222","V7223","V7224","V7225","V7226","V7227","V7228","V7229","V7230","V7231","V7232","V7233","V7234","V7235","V7236","V7237","V7238","V7239","V7240","V7241","V7242","V7243","V7244","V7245","V7246","V7247","V7248","V7249","V7250","V7251","V7252","V7253","V7254","V7255","V7256","V7257","V7258","V7259","V7260","V7261","V7262","V7263","V7264","V7265","V7266","V7267","V7268","V7269","V7270","V7271","V7272","V7273","V7274","V7275","V7276","V7277","V7278","V7279","V7280","V7281","V7282","V7283","V7284","V7285","V7286","V7287","V7288","V7289","V7290","V7291","V7292","V7293","V7294","V7295","V7296","V7297","V7298","V7299","V7300","V7301","V7302","V7303","V7304","V7305","V7306","V7307","V7308","V7309","V7310","V7311","V7312","V7313","V7314","V7315","V7316","V7317","V7318","V7319","V7320","V7321","V7322","V7323","V7324","V7325","V7326","V7327","V7328","V7329","V7330","V7331","V7332","V7333","V7334","V7335","V7336","V7337","V7338","V7339","V7340","V7341","V7342","V7343","V7344","V7345","V7346","V7347","V7348","V7349","V7350","V7351","V7352","V7353","V7354","V7355","V7356","V7357","V7358","V7359","V7360","V7361","V7362","V7363","V7364","V7365","V7366","V7367","V7368","V7369","V7370","V7371","V7372","V7373","V7374","V7375","V7376","V7377","V7378","V7379","V7380","V7381","V7382","V7383","V7384","V7385","V7386","V7387","V7388","V7389","V7390","V7391","V7392","V7393","V7394","V7395","V7396","V7397","V7398","V7399","V7400","V7401","V7402","V7403","V7404","V7405","V7406","V7407","V7408","V7409","V7410","V7411","V7412","V7413","V7414","V7415","V7416","V7417","V7418","V7419","V7420","V7421","V7422","V7423","V7424","V7425","V7426","V7427","V7428","V7429","V7430","V7431","V7432","V7433","V7434","V7435","V7436","V7437","V7438","V7439","V7440","V7441","V7442","V7443","V7444","V7445","V7446","V7447","V7448","V7449","V7450","V7451","V7452","V7453","V7454","V7455","V7456","V7457","V7458","V7459","V7460","V7461","V7462","V7463","V7464","V7465","V7466","V7467","V7468","V7469","V7470","V7471","V7472","V7473","V7474","V7475","V7476","V7477","V7478","V7479","V7480","V7481","V7482","V7483","V7484","V7485","V7486","V7487","V7488","V7489","V7490","V7491","V7492","V7493","V7494","V7495","V7496","V7497","V7498","V7499","V7500","V7501","V7502","V7503","V7504","V7505","V7506","V7507","V7508","V7509","V7510","V7511","V7512","V7513","V7514","V7515","V7516","V7517","V7518","V7519","V7520","V7521","V7522","V7523","V7524","V7525","V7526","V7527","V7528","V7529","V7530","V7531","V7532","V7533","V7534","V7535","V7536","V7537","V7538","V7539","V7540","V7541","V7542","V7543","V7544","V7545","V7546","V7547","V7548","V7549","V7550","V7551","V7552","V7553","V7554","V7555","V7556","V7557","V7558","V7559","V7560","V7561","V7562","V7563","V7564","V7565","V7566","V7567","V7568","V7569","V7570","V7571","V7572","V7573","V7574","V7575","V7576","V7577","V7578","V7579","V7580","V7581","V7582","V7583","V7584","V7585","V7586","V7587","V7588","V7589","V7590","V7591","V7592","V7593","V7594","V7595","V7596","V7597","V7598","V7599","V7600","V7601","V7602","V7603","V7604","V7605","V7606","V7607","V7608","V7609","V7610","V7611","V7612","V7613","V7614","V7615","V7616","V7617","V7618","V7619","V7620","V7621","V7622","V7623","V7624","V7625","V7626","V7627","V7628","V7629","V7630","V7631","V7632","V7633","V7634","V7635","V7636","V7637","V7638","V7639","V7640","V7641","V7642","V7643","V7644","V7645","V7646","V7647","V7648","V7649","V7650","V7651","V7652","V7653","V7654","V7655","V7656","V7657","V7658","V7659","V7660","V7661","V7662","V7663","V7664","V7665","V7666","V7667","V7668","V7669","V7670","V7671","V7672","V7673","V7674","V7675","V7676","V7677","V7678","V7679","V7680","V7681","V7682","V7683","V7684","V7685","V7686","V7687","V7688","V7689","V7690","V7691","V7692","V7693","V7694","V7695","V7696","V7697","V7698","V7699","V7700","V7701","V7702","V7703","V7704","V7705","V7706","V7707","V7708","V7709","V7710","V7711","V7712","V7713","V7714","V7715","V7716","V7717","V7718","V7719","V7720","V7721","V7722","V7723","V7724","V7725","V7726","V7727","V7728","V7729","V7730","V7731","V7732","V7733","V7734","V7735","V7736","V7737","V7738","V7739","V7740","V7741","V7742","V7743","V7744","V7745","V7746","V7747","V7748","V7749","V7750","V7751","V7752","V7753","V7754","V7755","V7756","V7757","V7758","V7759","V7760","V7761","V7762","V7763","V7764","V7765","V7766","V7767","V7768","V7769","V7770","V7771","V7772","V7773","V7774","V7775","V7776","V7777","V7778","V7779","V7780","V7781","V7782","V7783","V7784","V7785","V7786","V7787","V7788","V7789","V7790","V7791","V7792","V7793","V7794","V7795","V7796","V7797","V7798","V7799","V7800","V7801","V7802","V7803","V7804","V7805","V7806","V7807","V7808","V7809","V7810","V7811","V7812","V7813","V7814","V7815","V7816","V7817","V7818","V7819","V7820","V7821","V7822","V7823","V7824","V7825","V7826","V7827","V7828","V7829","V7830","V7831","V7832","V7833","V7834","V7835","V7836","V7837","V7838","V7839","V7840","V7841","V7842","V7843","V7844","V7845","V7846","V7847","V7848","V7849","V7850","V7851","V7852","V7853","V7854","V7855","V7856","V7857","V7858","V7859","V7860","V7861","V7862","V7863","V7864","V7865","V7866","V7867","V7868","V7869","V7870","V7871","V7872","V7873","V7874","V7875","V7876","V7877","V7878","V7879","V7880","V7881","V7882","V7883","V7884","V7885","V7886","V7887","V7888","V7889","V7890","V7891","V7892","V7893","V7894","V7895","V7896","V7897","V7898","V7899","V7900","V7901","V7902","V7903","V7904","V7905","V7906","V7907","V7908","V7909","V7910","V7911","V7912","V7913","V7914","V7915","V7916","V7917","V7918","V7919","V7920","V7921","V7922","V7923","V7924","V7925","V7926","V7927","V7928","V7929","V7930","V7931","V7932","V7933","V7934","V7935","V7936","V7937","V7938","V7939","V7940","V7941","V7942","V7943","V7944","V7945","V7946","V7947","V7948","V7949","V7950","V7951","V7952","V7953","V7954","V7955","V7956","V7957","V7958","V7959","V7960","V7961","V7962","V7963","V7964","V7965","V7966","V7967","V7968","V7969","V7970","V7971","V7972","V7973","V7974","V7975","V7976","V7977","V7978","V7979","V7980","V7981","V7982","V7983","V7984","V7985","V7986","V7987","V7988","V7989","V7990","V7991","V7992","V7993","V7994","V7995","V7996","V7997","V7998","V7999","V8000","V8001","V8002","V8003","V8004","V8005","V8006","V8007","V8008","V8009","V8010","V8011","V8012","V8013","V8014","V8015","V8016","V8017","V8018","V8019","V8020","V8021","V8022","V8023","V8024","V8025","V8026","V8027","V8028","V8029","V8030","V8031","V8032","V8033","V8034","V8035","V8036","V8037","V8038","V8039","V8040","V8041","V8042","V8043","V8044","V8045","V8046","V8047","V8048","V8049","V8050","V8051","V8052","V8053","V8054","V8055","V8056","V8057","V8058","V8059","V8060","V8061","V8062","V8063","V8064","V8065","V8066","V8067","V8068","V8069","V8070","V8071","V8072","V8073","V8074","V8075","V8076","V8077","V8078","V8079","V8080","V8081","V8082","V8083","V8084","V8085","V8086","V8087","V8088","V8089","V8090","V8091","V8092","V8093","V8094","V8095","V8096","V8097","V8098","V8099","V8100","V8101","V8102","V8103","V8104","V8105","V8106","V8107","V8108","V8109","V8110","V8111","V8112","V8113","V8114","V8115","V8116","V8117","V8118","V8119","V8120","V8121","V8122","V8123","V8124","V8125","V8126","V8127","V8128","V8129","V8130","V8131","V8132","V8133","V8134","V8135","V8136","V8137","V8138","V8139","V8140","V8141","V8142","V8143","V8144","V8145","V8146","V8147","V8148","V8149","V8150","V8151","V8152","V8153","V8154","V8155","V8156","V8157","V8158","V8159","V8160","V8161","V8162","V8163","V8164","V8165","V8166","V8167","V8168","V8169","V8170","V8171","V8172","V8173","V8174","V8175","V8176","V8177","V8178","V8179","V8180","V8181","V8182","V8183","V8184","V8185","V8186","V8187","V8188","V8189","V8190","V8191","V8192","V8193","V8194","V8195","V8196","V8197","V8198","V8199","V8200","V8201","V8202","V8203","V8204","V8205","V8206","V8207","V8208","V8209","V8210","V8211","V8212","V8213","V8214","V8215","V8216","V8217","V8218","V8219","V8220","V8221","V8222","V8223","V8224","V8225","V8226","V8227","V8228","V8229","V8230","V8231","V8232","V8233","V8234","V8235","V8236","V8237","V8238","V8239","V8240","V8241","V8242","V8243","V8244","V8245","V8246","V8247","V8248","V8249","V8250","V8251","V8252","V8253","V8254","V8255","V8256","V8257","V8258","V8259","V8260","V8261","V8262","V8263","V8264","V8265","V8266","V8267","V8268","V8269","V8270","V8271","V8272","V8273","V8274","V8275","V8276","V8277","V8278","V8279","V8280","V8281","V8282","V8283","V8284","V8285","V8286","V8287","V8288","V8289","V8290","V8291","V8292","V8293","V8294","V8295","V8296","V8297","V8298","V8299","V8300","V8301","V8302","V8303","V8304","V8305","V8306","V8307","V8308","V8309","V8310","V8311","V8312","V8313","V8314","V8315","V8316","V8317","V8318","V8319","V8320","V8321","V8322","V8323","V8324","V8325","V8326","V8327","V8328","V8329","V8330","V8331","V8332","V8333","V8334","V8335","V8336","V8337","V8338","V8339","V8340","V8341","V8342","V8343","V8344","V8345","V8346","V8347","V8348","V8349","V8350","V8351","V8352","V8353","V8354","V8355","V8356","V8357","V8358","V8359","V8360","V8361","V8362","V8363","V8364","V8365","V8366","V8367","V8368","V8369","V8370","V8371","V8372","V8373","V8374","V8375","V8376","V8377","V8378","V8379","V8380","V8381","V8382","V8383","V8384","V8385","V8386","V8387","V8388","V8389","V8390","V8391","V8392","V8393","V8394","V8395","V8396","V8397","V8398","V8399","V8400","V8401","V8402","V8403","V8404","V8405","V8406","V8407","V8408","V8409","V8410","V8411","V8412","V8413","V8414","V8415","V8416","V8417","V8418","V8419","V8420","V8421","V8422","V8423","V8424","V8425","V8426","V8427","V8428","V8429","V8430","V8431","V8432","V8433","V8434","V8435","V8436","V8437","V8438","V8439","V8440","V8441","V8442","V8443","V8444","V8445","V8446","V8447","V8448","V8449","V8450","V8451","V8452","V8453","V8454","V8455","V8456","V8457","V8458","V8459","V8460","V8461","V8462","V8463","V8464","V8465","V8466","V8467","V8468","V8469","V8470","V8471","V8472","V8473","V8474","V8475","V8476","V8477","V8478","V8479","V8480","V8481","V8482","V8483","V8484","V8485","V8486","V8487","V8488","V8489","V8490","V8491","V8492","V8493","V8494","V8495","V8496","V8497","V8498","V8499","V8500","V8501","V8502","V8503","V8504","V8505","V8506","V8507","V8508","V8509","V8510","V8511","V8512","V8513","V8514","V8515","V8516","V8517","V8518","V8519","V8520","V8521","V8522","V8523","V8524","V8525","V8526","V8527","V8528","V8529","V8530","V8531","V8532","V8533","V8534","V8535","V8536","V8537","V8538","V8539","V8540","V8541","V8542","V8543","V8544","V8545","V8546","V8547","V8548","V8549","V8550","V8551","V8552","V8553","V8554","V8555","V8556","V8557","V8558","V8559","V8560","V8561","V8562","V8563","V8564","V8565","V8566","V8567","V8568","V8569","V8570","V8571","V8572","V8573","V8574","V8575","V8576","V8577","V8578","V8579","V8580","V8581","V8582","V8583","V8584","V8585","V8586","V8587","V8588","V8589","V8590","V8591","V8592","V8593","V8594","V8595","V8596","V8597","V8598","V8599","V8600","V8601","V8602","V8603","V8604","V8605","V8606","V8607","V8608","V8609","V8610","V8611","V8612","V8613","V8614","V8615","V8616","V8617","V8618","V8619","V8620","V8621","V8622","V8623","V8624","V8625","V8626","V8627","V8628","V8629","V8630","V8631","V8632","V8633","V8634","V8635","V8636","V8637","V8638","V8639","V8640","V8641","V8642","V8643","V8644","V8645","V8646","V8647","V8648","V8649","V8650","V8651","V8652","V8653","V8654","V8655","V8656","V8657","V8658","V8659","V8660","V8661","V8662","V8663","V8664","V8665","V8666","V8667","V8668","V8669","V8670","V8671","V8672","V8673","V8674","V8675","V8676","V8677","V8678","V8679","V8680","V8681","V8682","V8683","V8684","V8685","V8686","V8687","V8688","V8689","V8690","V8691","V8692","V8693","V8694","V8695","V8696","V8697","V8698","V8699","V8700","V8701","V8702","V8703","V8704","V8705","V8706","V8707","V8708","V8709","V8710","V8711","V8712","V8713","V8714","V8715","V8716","V8717","V8718","V8719","V8720","V8721","V8722","V8723","V8724","V8725","V8726","V8727","V8728","V8729","V8730","V8731","V8732","V8733","V8734","V8735","V8736","V8737","V8738","V8739","V8740","V8741","V8742","V8743","V8744","V8745","V8746","V8747","V8748","V8749","V8750","V8751","V8752","V8753","V8754","V8755","V8756","V8757","V8758","V8759","V8760","V8761","V8762","V8763","V8764","V8765","V8766","V8767","V8768","V8769","V8770","V8771","V8772","V8773","V8774","V8775","V8776","V8777","V8778","V8779","V8780","V8781","V8782","V8783","V8784","V8785","V8786","V8787","V8788","V8789","V8790","V8791","V8792","V8793","V8794","V8795","V8796","V8797","V8798","V8799","V8800","V8801","V8802","V8803","V8804","V8805","V8806","V8807","V8808","V8809","V8810","V8811","V8812","V8813","V8814","V8815","V8816","V8817","V8818","V8819","V8820","V8821","V8822","V8823","V8824","V8825","V8826","V8827","V8828","V8829","V8830","V8831","V8832","V8833","V8834","V8835","V8836","V8837","V8838","V8839","V8840","V8841","V8842","V8843","V8844","V8845","V8846","V8847","V8848","V8849","V8850","V8851","V8852","V8853","V8854","V8855","V8856","V8857","V8858","V8859","V8860","V8861","V8862","V8863","V8864","V8865","V8866","V8867","V8868","V8869","V8870","V8871","V8872","V8873","V8874","V8875","V8876","V8877","V8878","V8879","V8880","V8881","V8882","V8883","V8884","V8885","V8886","V8887","V8888","V8889","V8890","V8891","V8892","V8893","V8894","V8895","V8896","V8897","V8898","V8899","V8900","V8901","V8902","V8903","V8904","V8905","V8906","V8907","V8908","V8909","V8910","V8911","V8912","V8913","V8914","V8915","V8916","V8917","V8918","V8919","V8920","V8921","V8922","V8923","V8924","V8925","V8926","V8927","V8928","V8929","V8930","V8931","V8932","V8933","V8934","V8935","V8936","V8937","V8938","V8939","V8940","V8941","V8942","V8943","V8944","V8945","V8946","V8947","V8948","V8949","V8950","V8951","V8952","V8953","V8954","V8955","V8956","V8957","V8958","V8959","V8960","V8961","V8962","V8963","V8964","V8965","V8966","V8967","V8968","V8969","V8970","V8971","V8972","V8973","V8974","V8975","V8976","V8977","V8978","V8979","V8980","V8981","V8982","V8983","V8984","V8985","V8986","V8987","V8988","V8989","V8990","V8991","V8992","V8993","V8994","V8995","V8996","V8997","V8998","V8999","V9000","V9001","V9002","V9003","V9004","V9005","V9006","V9007","V9008","V9009","V9010","V9011","V9012","V9013","V9014","V9015","V9016","V9017","V9018","V9019","V9020","V9021","V9022","V9023","V9024","V9025","V9026","V9027","V9028","V9029","V9030","V9031","V9032","V9033","V9034","V9035","V9036","V9037","V9038","V9039","V9040","V9041","V9042","V9043","V9044","V9045","V9046","V9047","V9048","V9049","V9050","V9051","V9052","V9053","V9054","V9055","V9056","V9057","V9058","V9059","V9060","V9061","V9062","V9063","V9064","V9065","V9066","V9067","V9068","V9069","V9070","V9071","V9072","V9073","V9074","V9075","V9076","V9077","V9078","V9079","V9080","V9081","V9082","V9083","V9084","V9085","V9086","V9087","V9088","V9089","V9090","V9091","V9092","V9093","V9094","V9095","V9096","V9097","V9098","V9099","V9100","V9101","V9102","V9103","V9104","V9105","V9106","V9107","V9108","V9109","V9110","V9111","V9112","V9113","V9114","V9115","V9116","V9117","V9118","V9119","V9120","V9121","V9122","V9123","V9124","V9125","V9126","V9127","V9128","V9129","V9130","V9131","V9132","V9133","V9134","V9135","V9136","V9137","V9138","V9139","V9140","V9141","V9142","V9143","V9144","V9145","V9146","V9147","V9148","V9149","V9150","V9151","V9152","V9153","V9154","V9155","V9156","V9157","V9158","V9159","V9160","V9161","V9162","V9163","V9164","V9165","V9166","V9167","V9168","V9169","V9170","V9171","V9172","V9173","V9174","V9175","V9176","V9177","V9178","V9179","V9180","V9181","V9182","V9183","V9184","V9185","V9186","V9187","V9188","V9189","V9190","V9191","V9192","V9193","V9194","V9195","V9196","V9197","V9198","V9199","V9200","V9201","V9202","V9203","V9204","V9205","V9206","V9207","V9208","V9209","V9210","V9211","V9212","V9213","V9214","V9215","V9216","V9217","V9218","V9219","V9220","V9221","V9222","V9223","V9224","V9225","V9226","V9227","V9228","V9229","V9230","V9231","V9232","V9233","V9234","V9235","V9236","V9237","V9238","V9239","V9240","V9241","V9242","V9243","V9244","V9245","V9246","V9247","V9248","V9249","V9250","V9251","V9252","V9253","V9254","V9255","V9256","V9257","V9258","V9259","V9260","V9261","V9262","V9263","V9264","V9265","V9266","V9267","V9268","V9269","V9270","V9271","V9272","V9273","V9274","V9275","V9276","V9277","V9278","V9279","V9280","V9281","V9282","V9283","V9284","V9285","V9286","V9287","V9288","V9289","V9290","V9291","V9292","V9293","V9294","V9295","V9296","V9297","V9298","V9299","V9300","V9301","V9302","V9303","V9304","V9305","V9306","V9307","V9308","V9309","V9310","V9311","V9312","V9313","V9314","V9315","V9316","V9317","V9318","V9319","V9320","V9321","V9322","V9323","V9324","V9325","V9326","V9327","V9328","V9329","V9330","V9331","V9332","V9333","V9334","V9335","V9336","V9337","V9338","V9339","V9340","V9341","V9342","V9343","V9344","V9345","V9346","V9347","V9348","V9349","V9350","V9351","V9352","V9353","V9354","V9355","V9356","V9357","V9358","V9359","V9360","V9361","V9362","V9363","V9364","V9365","V9366","V9367","V9368","V9369","V9370","V9371","V9372","V9373","V9374","V9375","V9376","V9377","V9378","V9379","V9380","V9381","V9382","V9383","V9384","V9385","V9386","V9387","V9388","V9389","V9390","V9391","V9392","V9393","V9394","V9395","V9396","V9397","V9398","V9399","V9400","V9401","V9402","V9403","V9404","V9405","V9406","V9407","V9408","V9409","V9410","V9411","V9412","V9413","V9414","V9415","V9416","V9417","V9418","V9419","V9420","V9421","V9422","V9423","V9424","V9425","V9426","V9427","V9428","V9429","V9430","V9431","V9432","V9433","V9434","V9435","V9436","V9437","V9438","V9439","V9440","V9441","V9442","V9443","V9444","V9445","V9446","V9447","V9448","V9449","V9450","V9451","V9452","V9453","V9454","V9455","V9456","V9457","V9458","V9459","V9460","V9461","V9462","V9463","V9464","V9465","V9466","V9467","V9468","V9469","V9470","V9471","V9472","V9473","V9474","V9475","V9476","V9477","V9478","V9479","V9480","V9481","V9482","V9483","V9484","V9485","V9486","V9487","V9488","V9489","V9490","V9491","V9492","V9493","V9494","V9495","V9496","V9497","V9498","V9499","V9500","V9501","V9502","V9503","V9504","V9505","V9506","V9507","V9508","V9509","V9510","V9511","V9512","V9513","V9514","V9515","V9516","V9517","V9518","V9519","V9520","V9521","V9522","V9523","V9524","V9525","V9526","V9527","V9528","V9529","V9530","V9531","V9532","V9533","V9534","V9535","V9536","V9537","V9538","V9539","V9540","V9541","V9542","V9543","V9544","V9545","V9546","V9547","V9548","V9549","V9550","V9551","V9552","V9553","V9554","V9555","V9556","V9557","V9558","V9559","V9560","V9561","V9562","V9563","V9564","V9565","V9566","V9567","V9568","V9569","V9570","V9571","V9572","V9573","V9574","V9575","V9576","V9577","V9578","V9579","V9580","V9581","V9582","V9583","V9584","V9585","V9586","V9587","V9588","V9589","V9590","V9591","V9592","V9593","V9594","V9595","V9596","V9597","V9598","V9599","V9600","V9601","V9602","V9603","V9604","V9605","V9606","V9607","V9608","V9609","V9610","V9611","V9612","V9613","V9614","V9615","V9616","V9617","V9618","V9619","V9620","V9621","V9622","V9623","V9624","V9625","V9626","V9627","V9628","V9629","V9630","V9631","V9632","V9633","V9634","V9635","V9636","V9637","V9638","V9639","V9640","V9641","V9642","V9643","V9644","V9645","V9646","V9647","V9648","V9649","V9650","V9651","V9652","V9653","V9654","V9655","V9656","V9657","V9658","V9659","V9660","V9661","V9662","V9663","V9664","V9665","V9666","V9667","V9668","V9669","V9670","V9671","V9672","V9673","V9674","V9675","V9676","V9677","V9678","V9679","V9680","V9681","V9682","V9683","V9684","V9685","V9686","V9687","V9688","V9689","V9690","V9691","V9692","V9693","V9694","V9695","V9696","V9697","V9698","V9699","V9700","V9701","V9702","V9703","V9704","V9705","V9706","V9707","V9708","V9709","V9710","V9711","V9712","V9713","V9714","V9715","V9716","V9717","V9718","V9719","V9720","V9721","V9722","V9723","V9724","V9725","V9726","V9727","V9728","V9729","V9730","V9731","V9732","V9733","V9734","V9735","V9736","V9737","V9738","V9739","V9740","V9741","V9742","V9743","V9744","V9745","V9746","V9747","V9748","V9749","V9750","V9751","V9752","V9753","V9754","V9755","V9756","V9757","V9758","V9759","V9760","V9761","V9762","V9763","V9764","V9765","V9766","V9767","V9768","V9769","V9770","V9771","V9772","V9773","V9774","V9775","V9776","V9777","V9778","V9779","V9780","V9781","V9782","V9783","V9784","V9785","V9786","V9787","V9788","V9789","V9790","V9791","V9792","V9793","V9794","V9795","V9796","V9797","V9798","V9799","V9800","V9801","V9802","V9803","V9804","V9805","V9806","V9807","V9808","V9809","V9810","V9811","V9812","V9813","V9814","V9815","V9816","V9817","V9818","V9819","V9820","V9821","V9822","V9823","V9824","V9825","V9826","V9827","V9828","V9829","V9830","V9831","V9832","V9833","V9834","V9835","V9836","V9837","V9838","V9839","V9840","V9841","V9842","V9843","V9844","V9845","V9846","V9847","V9848","V9849","V9850","V9851","V9852","V9853","V9854","V9855","V9856","V9857","V9858","V9859","V9860","V9861","V9862","V9863","V9864","V9865","V9866","V9867","V9868","V9869","V9870","V9871","V9872","V9873","V9874","V9875","V9876","V9877","V9878","V9879","V9880","V9881","V9882","V9883","V9884","V9885","V9886","V9887","V9888","V9889","V9890","V9891","V9892","V9893","V9894","V9895","V9896","V9897","V9898","V9899","V9900","V9901","V9902","V9903","V9904","V9905","V9906","V9907","V9908","V9909","V9910","V9911","V9912","V9913","V9914","V9915","V9916","V9917","V9918","V9919","V9920","V9921","V9922","V9923","V9924","V9925","V9926","V9927","V9928","V9929","V9930","V9931","V9932","V9933","V9934","V9935","V9936","V9937","V9938","V9939","V9940","V9941","V9942","V9943","V9944","V9945","V9946","V9947","V9948","V9949","V9950","V9951","V9952","V9953","V9954","V9955","V9956","V9957","V9958","V9959","V9960","V9961","V9962","V9963","V9964","V9965","V9966","V9967","V9968","V9969","V9970","V9971","V9972","V9973","V9974","V9975","V9976","V9977","V9978","V9979","V9980","V9981","V9982","V9983","V9984","V9985","V9986","V9987","V9988","V9989","V9990","V9991","V9992","V9993","V9994","V9995","V9996","V9997","V9998","V9999","V10000","V10001","V10002","V10003","V10004","V10005","V10006","V10007","V10008","V10009","V10010","V10011","V10012","V10013","V10014","V10015","V10016","V10017","V10018","V10019","V10020","V10021","V10022","V10023","V10024","V10025","V10026","V10027","V10028","V10029","V10030","V10031","V10032","V10033","V10034","V10035","V10036","V10037","V10038","V10039","V10040","V10041","V10042","V10043","V10044","V10045","V10046","V10047","V10048","V10049","V10050","V10051","V10052","V10053","V10054","V10055","V10056","V10057","V10058","V10059","V10060","V10061","V10062","V10063","V10064","V10065","V10066","V10067","V10068","V10069","V10070","V10071","V10072","V10073","V10074","V10075","V10076","V10077","V10078","V10079","V10080","V10081","V10082","V10083","V10084","V10085","V10086","V10087","V10088","V10089","V10090","V10091","V10092","V10093","V10094","V10095","V10096","V10097","V10098","V10099","V10100","V10101","V10102","V10103","V10104","V10105","V10106","V10107","V10108","V10109","V10110","V10111","V10112","V10113","V10114","V10115","V10116","V10117","V10118","V10119","V10120","V10121","V10122","V10123","V10124","V10125","V10126","V10127","V10128","V10129","V10130","V10131","V10132","V10133","V10134","V10135","V10136","V10137","V10138","V10139","V10140","V10141","V10142","V10143","V10144","V10145","V10146","V10147","V10148","V10149","V10150","V10151","V10152","V10153","V10154","V10155","V10156","V10157","V10158","V10159","V10160","V10161","V10162","V10163","V10164","V10165","V10166","V10167","V10168","V10169","V10170","V10171","V10172","V10173","V10174","V10175","V10176","V10177","V10178","V10179","V10180","V10181","V10182","V10183","V10184","V10185","V10186","V10187","V10188","V10189","V10190","V10191","V10192","V10193","V10194","V10195","V10196","V10197","V10198","V10199","V10200","V10201","V10202","V10203","V10204","V10205","V10206","V10207","V10208","V10209","V10210","V10211","V10212","V10213","V10214","V10215","V10216","V10217","V10218","V10219","V10220","V10221","V10222","V10223","V10224","V10225","V10226","V10227","V10228","V10229","V10230","V10231","V10232","V10233","V10234","V10235","V10236","V10237","V10238","V10239","V10240","V10241","V10242","V10243","V10244","V10245","V10246","V10247","V10248","V10249","V10250","V10251","V10252","V10253","V10254","V10255","V10256","V10257","V10258","V10259","V10260","V10261","V10262","V10263","V10264","V10265","V10266","V10267","V10268","V10269","V10270","V10271","V10272","V10273","V10274","V10275","V10276","V10277","V10278","V10279","V10280","V10281","V10282","V10283","V10284","V10285","V10286","V10287","V10288","V10289","V10290","V10291","V10292","V10293","V10294","V10295","V10296","V10297","V10298","V10299","V10300","V10301","V10302","V10303","V10304","V10305","V10306","V10307","V10308","V10309","V10310","V10311","V10312","V10313","V10314","V10315","V10316","V10317","V10318","V10319","V10320","V10321","V10322","V10323","V10324","V10325","V10326","V10327","V10328","V10329","V10330","V10331","V10332","V10333","V10334","V10335","V10336","V10337","V10338","V10339","V10340","V10341","V10342","V10343","V10344","V10345","V10346","V10347","V10348","V10349","V10350","V10351","V10352","V10353","V10354","V10355","V10356","V10357","V10358","V10359","V10360","V10361","V10362","V10363","V10364","V10365","V10366","V10367","V10368","V10369","V10370","V10371","V10372","V10373","V10374","V10375","V10376","V10377","V10378","V10379","V10380","V10381","V10382","V10383","V10384","V10385","V10386","V10387","V10388","V10389","V10390","V10391","V10392","V10393","V10394","V10395","V10396","V10397","V10398","V10399","V10400","V10401","V10402","V10403","V10404","V10405","V10406","V10407","V10408","V10409","V10410","V10411","V10412","V10413","V10414","V10415","V10416","V10417","V10418","V10419","V10420","V10421","V10422","V10423","V10424","V10425","V10426","V10427","V10428","V10429","V10430","V10431","V10432","V10433","V10434","V10435","V10436","V10437","V10438","V10439","V10440","V10441","V10442","V10443","V10444","V10445","V10446","V10447","V10448","V10449","V10450","V10451","V10452","V10453","V10454","V10455","V10456","V10457","V10458","V10459","V10460","V10461","V10462","V10463","V10464","V10465","V10466","V10467","V10468","V10469","V10470","V10471","V10472","V10473","V10474","V10475","V10476","V10477","V10478","V10479","V10480","V10481","V10482","V10483","V10484","V10485","V10486","V10487","V10488","V10489","V10490","V10491","V10492","V10493","V10494","V10495","V10496","V10497","V10498","V10499","V10500","V10501","V10502","V10503","V10504","V10505","V10506","V10507","V10508","V10509","V10510","V10511","V10512","V10513","V10514","V10515","V10516","V10517","V10518","V10519","V10520","V10521","V10522","V10523","V10524","V10525","V10526","V10527","V10528","V10529","V10530","V10531","V10532","V10533","V10534","V10535","V10536","V10537","V10538","V10539","V10540","V10541","V10542","V10543","V10544","V10545","V10546","V10547","V10548","V10549","V10550","V10551","V10552","V10553","V10554","V10555","V10556","V10557","V10558","V10559","V10560","V10561","V10562","V10563","V10564","V10565","V10566","V10567","V10568","V10569","V10570","V10571","V10572","V10573","V10574","V10575","V10576","V10577","V10578","V10579","V10580","V10581","V10582","V10583","V10584","V10585","V10586","V10587","V10588","V10589","V10590","V10591","V10592","V10593","V10594","V10595","V10596","V10597","V10598","V10599","V10600","V10601","V10602","V10603","V10604","V10605","V10606","V10607","V10608","V10609","V10610","V10611","V10612","V10613","V10614","V10615","V10616","V10617","V10618","V10619","V10620","V10621","V10622","V10623","V10624","V10625","V10626","V10627","V10628","V10629","V10630","V10631","V10632","V10633","V10634","V10635","V10636","V10637","V10638","V10639","V10640","V10641","V10642","V10643","V10644","V10645","V10646","V10647","V10648","V10649","V10650","V10651","V10652","V10653","V10654","V10655","V10656","V10657","V10658","V10659","V10660","V10661","V10662","V10663","V10664","V10665","V10666","V10667","V10668","V10669","V10670","V10671","V10672","V10673","V10674","V10675","V10676","V10677","V10678","V10679","V10680","V10681","V10682","V10683","V10684","V10685","V10686","V10687","V10688","V10689","V10690","V10691","V10692","V10693","V10694","V10695","V10696","V10697","V10698","V10699","V10700","V10701","V10702","V10703","V10704","V10705","V10706","V10707","V10708","V10709","V10710","V10711","V10712","V10713","V10714","V10715","V10716","V10717","V10718","V10719","V10720","V10721","V10722","V10723","V10724","V10725","V10726","V10727","V10728","V10729","V10730","V10731","V10732","V10733","V10734","V10735","V10736","V10737","V10738","V10739","V10740","V10741","V10742","V10743","V10744","V10745","V10746","V10747","V10748","V10749","V10750","V10751","V10752","V10753","V10754","V10755","V10756","V10757","V10758","V10759","V10760","V10761","V10762","V10763","V10764","V10765","V10766","V10767","V10768","V10769","V10770","V10771","V10772","V10773","V10774","V10775","V10776","V10777","V10778","V10779","V10780","V10781","V10782","V10783","V10784","V10785","V10786","V10787","V10788","V10789","V10790","V10791","V10792","V10793","V10794","V10795","V10796","V10797","V10798","V10799","V10800","V10801","V10802","V10803","V10804","V10805","V10806","V10807","V10808","V10809","V10810","V10811","V10812","V10813","V10814","V10815","V10816","V10817","V10818","V10819","V10820","V10821","V10822","V10823","V10824","V10825","V10826","V10827","V10828","V10829","V10830","V10831","V10832","V10833","V10834","V10835","V10836","V10837","V10838","V10839","V10840","V10841","V10842","V10843","V10844","V10845","V10846","V10847","V10848","V10849","V10850","V10851","V10852","V10853","V10854","V10855","V10856","V10857","V10858","V10859","V10860","V10861","V10862","V10863","V10864","V10865","V10866","V10867","V10868","V10869","V10870","V10871","V10872","V10873","V10874","V10875","V10876","V10877","V10878","V10879","V10880","V10881","V10882","V10883","V10884","V10885","V10886","V10887","V10888","V10889","V10890","V10891","V10892","V10893","V10894","V10895","V10896","V10897","V10898","V10899","V10900","V10901","V10902","V10903","V10904","V10905","V10906","V10907","V10908","V10909","V10910","V10911","V10912","V10913","V10914","V10915","V10916","V10917","V10918","V10919","V10920","V10921","V10922","V10923","V10924","V10925","V10926","V10927","V10928","V10929","V10930","V10931","V10932","V10933","V10934","V10935","V10936","V10937","V10938","V10939","V10940","V10941","V10942","V10943","V10944","V10945","V10946","V10947","V10948","V10949","V10950","V10951","V10952","V10953","V10954","V10955","V10956","V10957","V10958","V10959","V10960","V10961","V10962","V10963","V10964","V10965","V10966","V10967","V10968","V10969","V10970","V10971","V10972","V10973","V10974","V10975","V10976","V10977","V10978","V10979","V10980","V10981","V10982","V10983","V10984","V10985","V10986","V10987","V10988","V10989","V10990","V10991","V10992","V10993","V10994","V10995","V10996","V10997","V10998","V10999","V11000","V11001","V11002","V11003","V11004","V11005","V11006","V11007","V11008","V11009","V11010","V11011","V11012","V11013","V11014","V11015","V11016","V11017","V11018","V11019","V11020","V11021","V11022","V11023","V11024","V11025","V11026","V11027","V11028","V11029","V11030","V11031","V11032","V11033","V11034","V11035","V11036","V11037","V11038","V11039","V11040","V11041","V11042","V11043","V11044","V11045","V11046","V11047","V11048","V11049","V11050","V11051","V11052","V11053","V11054","V11055","V11056","V11057","V11058","V11059","V11060","V11061","V11062","V11063","V11064","V11065","V11066","V11067","V11068","V11069","V11070","V11071","V11072","V11073","V11074","V11075","V11076","V11077","V11078","V11079","V11080","V11081","V11082","V11083","V11084","V11085","V11086","V11087","V11088","V11089","V11090","V11091","V11092","V11093","V11094","V11095","V11096","V11097","V11098","V11099","V11100","V11101","V11102","V11103","V11104","V11105","V11106","V11107","V11108","V11109","V11110","V11111","V11112","V11113","V11114","V11115","V11116","V11117","V11118","V11119","V11120","V11121","V11122","V11123","V11124","V11125","V11126","V11127","V11128","V11129","V11130","V11131","V11132","V11133","V11134","V11135","V11136","V11137","V11138","V11139","V11140","V11141","V11142","V11143","V11144","V11145","V11146","V11147","V11148","V11149","V11150","V11151","V11152","V11153","V11154","V11155","V11156","V11157","V11158","V11159","V11160","V11161","V11162","V11163","V11164","V11165","V11166","V11167","V11168","V11169","V11170","V11171","V11172","V11173","V11174","V11175","V11176","V11177","V11178","V11179","V11180","V11181","V11182","V11183","V11184","V11185","V11186","V11187","V11188","V11189","V11190","V11191","V11192","V11193","V11194","V11195","V11196","V11197","V11198","V11199","V11200","V11201","V11202","V11203","V11204","V11205","V11206","V11207","V11208","V11209","V11210","V11211","V11212","V11213","V11214","V11215","V11216","V11217","V11218","V11219","V11220","V11221","V11222","V11223","V11224","V11225","V11226","V11227","V11228","V11229","V11230","V11231","V11232","V11233","V11234","V11235","V11236","V11237","V11238","V11239","V11240","V11241","V11242","V11243","V11244","V11245","V11246","V11247","V11248","V11249","V11250","V11251","V11252","V11253","V11254","V11255","V11256","V11257","V11258","V11259","V11260","V11261","V11262","V11263","V11264","V11265","V11266","V11267","V11268","V11269","V11270","V11271","V11272","V11273","V11274","V11275","V11276","V11277","V11278","V11279","V11280","V11281","V11282","V11283","V11284","V11285","V11286","V11287","V11288","V11289","V11290","V11291","V11292","V11293","V11294","V11295","V11296","V11297","V11298","V11299","V11300","V11301","V11302","V11303","V11304","V11305","V11306","V11307","V11308","V11309","V11310","V11311","V11312","V11313","V11314","V11315","V11316","V11317","V11318","V11319","V11320","V11321","V11322","V11323","V11324","V11325","V11326","V11327","V11328","V11329","V11330","V11331","V11332","V11333","V11334","V11335","V11336","V11337","V11338","V11339","V11340","V11341","V11342","V11343","V11344","V11345","V11346","V11347","V11348","V11349","V11350","V11351","V11352","V11353","V11354","V11355","V11356","V11357","V11358","V11359","V11360","V11361","V11362","V11363","V11364","V11365","V11366","V11367","V11368","V11369","V11370","V11371","V11372","V11373","V11374","V11375","V11376","V11377","V11378","V11379","V11380","V11381","V11382","V11383","V11384","V11385","V11386","V11387","V11388","V11389","V11390","V11391","V11392","V11393","V11394","V11395","V11396","V11397","V11398","V11399","V11400","V11401","V11402","V11403","V11404","V11405","V11406","V11407","V11408","V11409","V11410","V11411","V11412","V11413","V11414","V11415","V11416","V11417","V11418","V11419","V11420","V11421","V11422","V11423","V11424","V11425","V11426","V11427","V11428","V11429","V11430","V11431","V11432","V11433","V11434","V11435","V11436","V11437","V11438","V11439","V11440","V11441","V11442","V11443","V11444","V11445","V11446","V11447","V11448","V11449","V11450","V11451","V11452","V11453","V11454","V11455","V11456","V11457","V11458","V11459","V11460","V11461","V11462","V11463","V11464","V11465","V11466","V11467","V11468","V11469","V11470","V11471","V11472","V11473","V11474","V11475","V11476","V11477","V11478","V11479","V11480","V11481","V11482","V11483","V11484","V11485","V11486","V11487","V11488","V11489","V11490","V11491","V11492","V11493","V11494","V11495","V11496","V11497","V11498","V11499","V11500","V11501","V11502","V11503","V11504","V11505","V11506","V11507","V11508","V11509","V11510","V11511","V11512","V11513","V11514","V11515","V11516","V11517","V11518","V11519","V11520","V11521","V11522","V11523","V11524","V11525","V11526","V11527","V11528","V11529","V11530","V11531","V11532","V11533","V11534","V11535","V11536","V11537","V11538","V11539","V11540","V11541","V11542","V11543","V11544","V11545","V11546","V11547","V11548","V11549","V11550","V11551","V11552","V11553","V11554","V11555","V11556","V11557","V11558","V11559","V11560","V11561","V11562","V11563","V11564","V11565","V11566","V11567","V11568","V11569","V11570","V11571","V11572","V11573","V11574","V11575","V11576","V11577","V11578","V11579","V11580","V11581","V11582","V11583","V11584","V11585","V11586","V11587","V11588","V11589","V11590","V11591","V11592","V11593","V11594","V11595","V11596","V11597","V11598","V11599","V11600","V11601","V11602","V11603","V11604","V11605","V11606","V11607","V11608","V11609","V11610","V11611","V11612","V11613","V11614","V11615","V11616","V11617","V11618","V11619","V11620","V11621","V11622","V11623","V11624","V11625","V11626","V11627","V11628","V11629","V11630","V11631","V11632","V11633","V11634","V11635","V11636","V11637","V11638","V11639","V11640","V11641","V11642","V11643","V11644","V11645","V11646","V11647","V11648","V11649","V11650","V11651","V11652","V11653","V11654","V11655","V11656","V11657","V11658","V11659","V11660","V11661","V11662","V11663","V11664","V11665","V11666","V11667","V11668","V11669","V11670","V11671","V11672","V11673","V11674","V11675","V11676","V11677","V11678","V11679","V11680","V11681","V11682","V11683","V11684","V11685","V11686","V11687","V11688","V11689","V11690","V11691","V11692","V11693","V11694","V11695","V11696","V11697","V11698","V11699","V11700","V11701","V11702","V11703","V11704","V11705","V11706","V11707","V11708","V11709","V11710","V11711","V11712","V11713","V11714","V11715","V11716","V11717","V11718","V11719","V11720","V11721","V11722","V11723","V11724","V11725","V11726","V11727","V11728","V11729","V11730","V11731","V11732","V11733","V11734","V11735","V11736","V11737","V11738","V11739","V11740","V11741","V11742","V11743","V11744","V11745","V11746","V11747","V11748","V11749","V11750","V11751","V11752","V11753","V11754","V11755","V11756","V11757","V11758","V11759","V11760","V11761","V11762","V11763","V11764","V11765","V11766","V11767","V11768","V11769","V11770","V11771","V11772","V11773","V11774","V11775","V11776","V11777","V11778","V11779","V11780","V11781","V11782","V11783","V11784","V11785","V11786","V11787","V11788","V11789","V11790","V11791","V11792","V11793","V11794","V11795","V11796","V11797","V11798","V11799","V11800","V11801","V11802","V11803","V11804","V11805","V11806","V11807","V11808","V11809","V11810","V11811","V11812","V11813","V11814","V11815","V11816","V11817","V11818","V11819","V11820","V11821","V11822","V11823","V11824","V11825","V11826","V11827","V11828","V11829","V11830","V11831","V11832","V11833","V11834","V11835","V11836","V11837","V11838","V11839","V11840","V11841","V11842","V11843","V11844","V11845","V11846","V11847","V11848","V11849","V11850","V11851","V11852","V11853","V11854","V11855","V11856","V11857","V11858","V11859","V11860","V11861","V11862","V11863","V11864","V11865","V11866","V11867","V11868","V11869","V11870","V11871","V11872","V11873","V11874","V11875","V11876","V11877","V11878","V11879","V11880","V11881","V11882","V11883","V11884","V11885","V11886","V11887","V11888","V11889","V11890","V11891","V11892","V11893","V11894","V11895","V11896","V11897","V11898","V11899","V11900","V11901","V11902","V11903","V11904","V11905","V11906","V11907","V11908","V11909","V11910","V11911","V11912","V11913","V11914","V11915","V11916","V11917","V11918","V11919","V11920","V11921","V11922","V11923","V11924","V11925","V11926","V11927","V11928","V11929","V11930","V11931","V11932","V11933","V11934","V11935","V11936","V11937","V11938","V11939","V11940","V11941","V11942","V11943","V11944","V11945","V11946","V11947","V11948","V11949","V11950","V11951","V11952","V11953","V11954","V11955","V11956","V11957","V11958","V11959","V11960","V11961","V11962","V11963","V11964","V11965","V11966","V11967","V11968","V11969","V11970","V11971","V11972","V11973","V11974","V11975","V11976","V11977","V11978","V11979","V11980","V11981","V11982","V11983","V11984","V11985","V11986","V11987","V11988","V11989","V11990","V11991","V11992","V11993","V11994","V11995","V11996","V11997","V11998","V11999","V12000","V12001","V12002","V12003","V12004","V12005","V12006","V12007","V12008","V12009","V12010","V12011","V12012","V12013","V12014","V12015","V12016","V12017","V12018","V12019","V12020","V12021","V12022","V12023","V12024","V12025","V12026","V12027","V12028","V12029","V12030","V12031","V12032","V12033","V12034","V12035","V12036","V12037","V12038","V12039","V12040","V12041","V12042","V12043","V12044","V12045","V12046","V12047","V12048","V12049","V12050","V12051","V12052","V12053","V12054","V12055","V12056","V12057","V12058","V12059","V12060","V12061","V12062","V12063","V12064","V12065","V12066","V12067","V12068","V12069","V12070","V12071","V12072","V12073","V12074","V12075","V12076","V12077","V12078","V12079","V12080","V12081","V12082","V12083","V12084","V12085","V12086","V12087","V12088","V12089","V12090","V12091","V12092","V12093","V12094","V12095","V12096","V12097","V12098","V12099","V12100","V12101","V12102","V12103","V12104","V12105","V12106","V12107","V12108","V12109","V12110","V12111","V12112","V12113","V12114","V12115","V12116","V12117","V12118","V12119","V12120","V12121","V12122","V12123","V12124","V12125","V12126","V12127","V12128","V12129","V12130","V12131","V12132","V12133","V12134","V12135","V12136","V12137","V12138","V12139","V12140","V12141","V12142","V12143","V12144","V12145","V12146","V12147","V12148","V12149","V12150","V12151","V12152","V12153","V12154","V12155","V12156","V12157","V12158","V12159","V12160","V12161","V12162","V12163","V12164","V12165","V12166","V12167","V12168","V12169","V12170","V12171","V12172","V12173","V12174","V12175","V12176","V12177","V12178","V12179","V12180","V12181","V12182","V12183","V12184","V12185","V12186","V12187","V12188","V12189","V12190","V12191","V12192","V12193","V12194","V12195","V12196","V12197","V12198","V12199","V12200","V12201","V12202","V12203","V12204","V12205","V12206","V12207","V12208","V12209","V12210","V12211","V12212","V12213","V12214","V12215","V12216","V12217","V12218","V12219","V12220","V12221","V12222","V12223","V12224","V12225","V12226","V12227","V12228","V12229","V12230","V12231","V12232","V12233","V12234","V12235","V12236","V12237","V12238","V12239","V12240","V12241","V12242","V12243","V12244","V12245","V12246","V12247","V12248","V12249","V12250","V12251","V12252","V12253","V12254","V12255","V12256","V12257","V12258","V12259","V12260","V12261","V12262","V12263","V12264","V12265","V12266","V12267","V12268","V12269","V12270","V12271","V12272","V12273","V12274","V12275","V12276","V12277","V12278","V12279","V12280","V12281","V12282","V12283","V12284","V12285","V12286","V12287","V12288","V12289","V12290","V12291","V12292","V12293","V12294","V12295","V12296","V12297","V12298","V12299","V12300","V12301","V12302","V12303","V12304","V12305","V12306","V12307","V12308","V12309","V12310","V12311","V12312","V12313","V12314","V12315","V12316","V12317","V12318","V12319","V12320","V12321","V12322","V12323","V12324","V12325","V12326","V12327","V12328","V12329","V12330","V12331","V12332","V12333","V12334","V12335","V12336","V12337","V12338","V12339","V12340","V12341","V12342","V12343","V12344","V12345","V12346","V12347","V12348","V12349","V12350","V12351","V12352","V12353","V12354","V12355","V12356","V12357","V12358","V12359","V12360","V12361","V12362","V12363","V12364","V12365","V12366","V12367","V12368","V12369","V12370","V12371","V12372","V12373","V12374","V12375","V12376","V12377","V12378","V12379","V12380","V12381","V12382","V12383","V12384","V12385","V12386","V12387","V12388","V12389","V12390","V12391","V12392","V12393","V12394","V12395","V12396","V12397","V12398","V12399","V12400","V12401","V12402","V12403","V12404","V12405","V12406","V12407","V12408","V12409","V12410","V12411","V12412","V12413","V12414","V12415","V12416","V12417","V12418","V12419","V12420","V12421","V12422","V12423","V12424","V12425","V12426","V12427","V12428","V12429","V12430","V12431","V12432","V12433","V12434","V12435","V12436","V12437","V12438","V12439","V12440","V12441","V12442","V12443","V12444","V12445","V12446","V12447","V12448","V12449","V12450","V12451","V12452","V12453","V12454","V12455","V12456","V12457","V12458","V12459","V12460","V12461","V12462","V12463","V12464","V12465","V12466","V12467","V12468","V12469","V12470","V12471","V12472","V12473","V12474","V12475","V12476","V12477","V12478","V12479","V12480","V12481","V12482","V12483","V12484","V12485","V12486","V12487","V12488","V12489","V12490","V12491","V12492","V12493","V12494","V12495","V12496","V12497","V12498","V12499","V12500","V12501","V12502","V12503","V12504","V12505","V12506","V12507","V12508","V12509","V12510","V12511","V12512","V12513","V12514","V12515","V12516","V12517","V12518","V12519","V12520","V12521","V12522","V12523","V12524","V12525","V12526","V12527","V12528","V12529","V12530","V12531","V12532","V12533","V12534","V12535","V12536","V12537","V12538","V12539","V12540","V12541","V12542","V12543","V12544","V12545","V12546","V12547","V12548","V12549","V12550","V12551","V12552","V12553","V12554","V12555","V12556","V12557","V12558","V12559","V12560","V12561","V12562","V12563","V12564","V12565","V12566","V12567","V12568","V12569","V12570","V12571","V12572","V12573","V12574","V12575","V12576","V12577","V12578","V12579","V12580","V12581","V12582","V12583","V12584","V12585","V12586","V12587","V12588","V12589","V12590","V12591","V12592","V12593","V12594","V12595","V12596","V12597","V12598","V12599","V12600","V12601","V12602","V12603","V12604","V12605","V12606","V12607","V12608","V12609","V12610","V12611","V12612","V12613","V12614","V12615","V12616","V12617","V12618","V12619","V12620","V12621","V12622","V12623","V12624","V12625","V12626","V12627","V12628","V12629","V12630","V12631","V12632","V12633","V12634","V12635","V12636","V12637","V12638","V12639","V12640","V12641","V12642","V12643","V12644","V12645","V12646","V12647","V12648","V12649","V12650","V12651","V12652","V12653","V12654","V12655","V12656","V12657","V12658","V12659","V12660","V12661","V12662","V12663","V12664","V12665","V12666","V12667","V12668","V12669","V12670","V12671","V12672","V12673","V12674","V12675","V12676","V12677","V12678","V12679","V12680","V12681","V12682","V12683","V12684","V12685","V12686","V12687","V12688","V12689","V12690","V12691","V12692","V12693","V12694","V12695","V12696","V12697","V12698","V12699","V12700","V12701","V12702","V12703","V12704","V12705","V12706","V12707","V12708","V12709","V12710","V12711","V12712","V12713","V12714","V12715","V12716","V12717","V12718","V12719","V12720","V12721","V12722","V12723","V12724","V12725","V12726","V12727","V12728","V12729","V12730","V12731","V12732","V12733","V12734","V12735","V12736","V12737","V12738","V12739","V12740","V12741","V12742","V12743","V12744","V12745","V12746","V12747","V12748","V12749","V12750","V12751","V12752","V12753","V12754","V12755","V12756","V12757","V12758","V12759","V12760","V12761","V12762","V12763","V12764","V12765","V12766","V12767","V12768","V12769","V12770","V12771","V12772","V12773","V12774","V12775","V12776","V12777","V12778","V12779","V12780","V12781","V12782","V12783","V12784","V12785","V12786","V12787","V12788","V12789","V12790","V12791","V12792","V12793","V12794","V12795","V12796","V12797","V12798","V12799","V12800","V12801","V12802","V12803","V12804","V12805","V12806","V12807","V12808","V12809","V12810","V12811","V12812","V12813","V12814","V12815","V12816","V12817","V12818","V12819","V12820","V12821","V12822","V12823","V12824","V12825","V12826","V12827","V12828","V12829","V12830","V12831","V12832","V12833","V12834","V12835","V12836","V12837","V12838","V12839","V12840","V12841","V12842","V12843","V12844","V12845","V12846","V12847","V12848","V12849","V12850","V12851","V12852","V12853","V12854","V12855","V12856","V12857","V12858","V12859","V12860","V12861","V12862","V12863","V12864","V12865","V12866","V12867","V12868","V12869","V12870","V12871","V12872","V12873","V12874","V12875","V12876","V12877","V12878","V12879","V12880","V12881","V12882","V12883","V12884","V12885","V12886","V12887","V12888","V12889","V12890","V12891","V12892","V12893","V12894","V12895","V12896","V12897","V12898","V12899","V12900","V12901","V12902","V12903","V12904","V12905","V12906","V12907","V12908","V12909","V12910","V12911","V12912","V12913","V12914","V12915","V12916","V12917","V12918","V12919","V12920","V12921","V12922","V12923","V12924","V12925","V12926","V12927","V12928","V12929","V12930","V12931","V12932","V12933","V12934","V12935","V12936","V12937","V12938","V12939","V12940","V12941","V12942","V12943","V12944","V12945","V12946","V12947","V12948","V12949","V12950","V12951","V12952","V12953","V12954","V12955","V12956","V12957","V12958","V12959","V12960","V12961","V12962","V12963","V12964","V12965","V12966","V12967","V12968","V12969","V12970","V12971","V12972","V12973","V12974","V12975","V12976","V12977","V12978","V12979","V12980","V12981","V12982","V12983","V12984","V12985","V12986","V12987","V12988","V12989","V12990","V12991","V12992","V12993","V12994","V12995","V12996","V12997","V12998","V12999","V13000","V13001","V13002","V13003","V13004","V13005","V13006","V13007","V13008","V13009","V13010","V13011","V13012","V13013","V13014","V13015","V13016","V13017","V13018","V13019","V13020","V13021","V13022","V13023","V13024","V13025","V13026","V13027","V13028","V13029","V13030","V13031","V13032","V13033","V13034","V13035","V13036","V13037","V13038","V13039","V13040","V13041","V13042","V13043","V13044","V13045","V13046","V13047","V13048","V13049","V13050","V13051","V13052","V13053","V13054","V13055","V13056","V13057","V13058","V13059","V13060","V13061","V13062","V13063","V13064","V13065","V13066","V13067","V13068","V13069","V13070","V13071","V13072","V13073","V13074","V13075","V13076","V13077","V13078","V13079","V13080","V13081","V13082","V13083","V13084","V13085","V13086","V13087","V13088","V13089","V13090","V13091","V13092","V13093","V13094","V13095","V13096","V13097","V13098","V13099","V13100","V13101","V13102","V13103","V13104","V13105","V13106","V13107","V13108","V13109","V13110","V13111","V13112","V13113","V13114","V13115","V13116","V13117","V13118","V13119","V13120","V13121","V13122","V13123","V13124","V13125","V13126","V13127","V13128","V13129","V13130","V13131","V13132","V13133","V13134","V13135","V13136","V13137","V13138","V13139","V13140","V13141","V13142","V13143","V13144","V13145","V13146","V13147","V13148","V13149","V13150","V13151","V13152","V13153","V13154","V13155","V13156","V13157","V13158","V13159","V13160","V13161","V13162","V13163","V13164","V13165","V13166","V13167","V13168","V13169","V13170","V13171","V13172","V13173","V13174","V13175","V13176","V13177","V13178","V13179","V13180","V13181","V13182","V13183","V13184","V13185","V13186","V13187","V13188","V13189","V13190","V13191","V13192","V13193","V13194","V13195","V13196","V13197","V13198","V13199","V13200","V13201","V13202","V13203","V13204","V13205","V13206","V13207","V13208","V13209","V13210","V13211","V13212","V13213","V13214","V13215","V13216","V13217","V13218","V13219","V13220","V13221","V13222","V13223","V13224","V13225","V13226","V13227","V13228","V13229","V13230","V13231","V13232","V13233","V13234","V13235","V13236","V13237","V13238","V13239","V13240","V13241","V13242","V13243","V13244","V13245","V13246","V13247","V13248","V13249","V13250","V13251","V13252","V13253","V13254","V13255","V13256","V13257","V13258","V13259","V13260","V13261","V13262","V13263","V13264","V13265","V13266","V13267","V13268","V13269","V13270","V13271","V13272","V13273","V13274","V13275","V13276","V13277","V13278","V13279","V13280","V13281","V13282","V13283","V13284","V13285","V13286","V13287","V13288","V13289","V13290","V13291","V13292","V13293","V13294","V13295","V13296","V13297","V13298","V13299","V13300","V13301","V13302","V13303","V13304","V13305","V13306","V13307","V13308","V13309","V13310","V13311","V13312","V13313","V13314","V13315","V13316","V13317","V13318","V13319","V13320","V13321","V13322","V13323","V13324","V13325","V13326","V13327","V13328","V13329","V13330","V13331","V13332","V13333","V13334","V13335","V13336","V13337","V13338","V13339","V13340","V13341","V13342","V13343","V13344","V13345","V13346","V13347","V13348","V13349","V13350","V13351","V13352","V13353","V13354","V13355","V13356","V13357","V13358","V13359","V13360","V13361","V13362","V13363","V13364","V13365","V13366","V13367","V13368","V13369","V13370","V13371","V13372","V13373","V13374","V13375","V13376","V13377","V13378","V13379","V13380","V13381","V13382","V13383","V13384","V13385","V13386","V13387","V13388","V13389","V13390","V13391","V13392","V13393","V13394","V13395","V13396","V13397","V13398","V13399","V13400","V13401","V13402","V13403","V13404","V13405","V13406","V13407","V13408","V13409","V13410","V13411","V13412","V13413","V13414","V13415","V13416","V13417","V13418","V13419","V13420","V13421","V13422","V13423","V13424","V13425","V13426","V13427","V13428","V13429","V13430","V13431","V13432","V13433","V13434","V13435","V13436","V13437","V13438","V13439","V13440","V13441","V13442","V13443","V13444","V13445","V13446","V13447","V13448","V13449","V13450","V13451","V13452","V13453","V13454","V13455","V13456","V13457","V13458","V13459","V13460","V13461","V13462","V13463","V13464","V13465","V13466","V13467","V13468","V13469","V13470","V13471","V13472","V13473","V13474","V13475","V13476","V13477","V13478","V13479","V13480","V13481","V13482","V13483","V13484","V13485","V13486","V13487","V13488","V13489","V13490","V13491","V13492","V13493","V13494","V13495","V13496","V13497","V13498","V13499","V13500","V13501","V13502","V13503","V13504","V13505","V13506","V13507","V13508","V13509","V13510","V13511","V13512","V13513","V13514","V13515","V13516","V13517","V13518","V13519","V13520","V13521","V13522","V13523","V13524","V13525","V13526","V13527","V13528","V13529","V13530","V13531","V13532","V13533","V13534","V13535","V13536","V13537","V13538","V13539","V13540","V13541","V13542","V13543","V13544","V13545","V13546","V13547","V13548","V13549","V13550","V13551","V13552","V13553","V13554","V13555","V13556","V13557","V13558","V13559","V13560","V13561","V13562","V13563","V13564","V13565","V13566","V13567","V13568","V13569","V13570","V13571","V13572","V13573","V13574","V13575","V13576","V13577","V13578","V13579","V13580","V13581","V13582","V13583","V13584","V13585","V13586","V13587","V13588","V13589","V13590","V13591","V13592","V13593","V13594","V13595","V13596","V13597","V13598","V13599","V13600","V13601","V13602","V13603","V13604","V13605","V13606","V13607","V13608","V13609","V13610","V13611","V13612","V13613","V13614","V13615","V13616","V13617","V13618","V13619","V13620","V13621","V13622","V13623","V13624","V13625","V13626","V13627","V13628","V13629","V13630","V13631","V13632","V13633","V13634","V13635","V13636","V13637","V13638","V13639","V13640","V13641","V13642","V13643","V13644","V13645","V13646","V13647","V13648","V13649","V13650","V13651","V13652","V13653","V13654","V13655","V13656","V13657","V13658","V13659","V13660","V13661","V13662","V13663","V13664","V13665","V13666","V13667","V13668","V13669","V13670","V13671","V13672","V13673","V13674","V13675","V13676","V13677","V13678","V13679","V13680","V13681","V13682","V13683","V13684","V13685","V13686","V13687","V13688","V13689","V13690","V13691","V13692","V13693","V13694","V13695","V13696","V13697","V13698","V13699","V13700","V13701","V13702","V13703","V13704","V13705","V13706","V13707","V13708","V13709","V13710","V13711","V13712","V13713","V13714","V13715","V13716","V13717","V13718","V13719","V13720","V13721","V13722","V13723","V13724","V13725","V13726","V13727","V13728","V13729","V13730","V13731","V13732","V13733","V13734","V13735","V13736","V13737","V13738","V13739","V13740","V13741","V13742","V13743","V13744","V13745","V13746","V13747","V13748","V13749","V13750","V13751","V13752","V13753","V13754","V13755","V13756","V13757","V13758","V13759","V13760","V13761","V13762","V13763","V13764","V13765","V13766","V13767","V13768","V13769","V13770","V13771","V13772","V13773","V13774","V13775","V13776","V13777","V13778","V13779","V13780","V13781","V13782","V13783","V13784","V13785","V13786","V13787","V13788","V13789","V13790","V13791","V13792","V13793","V13794","V13795","V13796","V13797","V13798","V13799","V13800","V13801","V13802","V13803","V13804","V13805","V13806","V13807","V13808","V13809","V13810","V13811","V13812","V13813","V13814","V13815","V13816","V13817","V13818","V13819","V13820","V13821","V13822","V13823","V13824","V13825","V13826","V13827","V13828","V13829","V13830","V13831","V13832","V13833","V13834","V13835","V13836","V13837","V13838","V13839","V13840","V13841","V13842","V13843","V13844","V13845","V13846","V13847","V13848","V13849","V13850","V13851","V13852","V13853","V13854","V13855","V13856","V13857","V13858","V13859","V13860","V13861","V13862","V13863","V13864","V13865","V13866","V13867","V13868","V13869","V13870","V13871","V13872","V13873","V13874","V13875","V13876","V13877","V13878","V13879","V13880","V13881","V13882","V13883","V13884","V13885","V13886","V13887","V13888","V13889","V13890","V13891","V13892","V13893","V13894","V13895","V13896","V13897","V13898","V13899","V13900","V13901","V13902","V13903","V13904","V13905","V13906","V13907","V13908","V13909","V13910","V13911","V13912","V13913","V13914","V13915","V13916","V13917","V13918","V13919","V13920","V13921","V13922","V13923","V13924","V13925","V13926","V13927","V13928","V13929","V13930","V13931","V13932","V13933","V13934","V13935","V13936","V13937","V13938","V13939","V13940","V13941","V13942","V13943","V13944","V13945","V13946","V13947","V13948","V13949","V13950","V13951","V13952","V13953","V13954","V13955","V13956","V13957","V13958","V13959","V13960","V13961","V13962","V13963","V13964","V13965","V13966","V13967","V13968","V13969","V13970","V13971","V13972","V13973","V13974","V13975","V13976","V13977","V13978","V13979","V13980","V13981","V13982","V13983","V13984","V13985","V13986","V13987","V13988","V13989","V13990","V13991","V13992","V13993","V13994","V13995","V13996","V13997","V13998","V13999","V14000","V14001","V14002","V14003","V14004","V14005","V14006","V14007","V14008","V14009","V14010","V14011","V14012","V14013","V14014","V14015","V14016","V14017","V14018","V14019","V14020","V14021","V14022","V14023","V14024","V14025","V14026","V14027","V14028","V14029","V14030","V14031","V14032","V14033","V14034","V14035","V14036","V14037","V14038","V14039","V14040","V14041","V14042","V14043","V14044","V14045","V14046","V14047","V14048","V14049","V14050","V14051","V14052","V14053","V14054","V14055","V14056","V14057","V14058","V14059","V14060","V14061","V14062","V14063","V14064","V14065","V14066","V14067","V14068","V14069","V14070","V14071","V14072","V14073","V14074","V14075","V14076","V14077","V14078","V14079","V14080","V14081","V14082","V14083","V14084","V14085","V14086","V14087","V14088","V14089","V14090","V14091","V14092","V14093","V14094","V14095","V14096","V14097","V14098","V14099","V14100","V14101","V14102","V14103","V14104","V14105","V14106","V14107","V14108","V14109","V14110","V14111","V14112","V14113","V14114","V14115","V14116","V14117","V14118","V14119","V14120","V14121","V14122","V14123","V14124","V14125","V14126","V14127","V14128","V14129","V14130","V14131","V14132","V14133","V14134","V14135","V14136","V14137","V14138","V14139","V14140","V14141","V14142","V14143","V14144","V14145","V14146","V14147","V14148","V14149","V14150","V14151","V14152","V14153","V14154","V14155","V14156","V14157","V14158","V14159","V14160","V14161","V14162","V14163","V14164","V14165","V14166","V14167","V14168","V14169","V14170","V14171","V14172","V14173","V14174","V14175","V14176","V14177","V14178","V14179","V14180","V14181","V14182","V14183","V14184","V14185","V14186","V14187","V14188","V14189","V14190","V14191","V14192","V14193","V14194","V14195","V14196","V14197","V14198","V14199","V14200","V14201","V14202","V14203","V14204","V14205","V14206","V14207","V14208","V14209","V14210","V14211","V14212","V14213","V14214","V14215","V14216","V14217","V14218","V14219","V14220","V14221","V14222","V14223","V14224","V14225","V14226","V14227","V14228","V14229","V14230","V14231","V14232","V14233","V14234","V14235","V14236","V14237","V14238","V14239","V14240","V14241","V14242","V14243","V14244","V14245","V14246","V14247","V14248","V14249","V14250","V14251","V14252","V14253","V14254","V14255","V14256","V14257","V14258","V14259","V14260","V14261","V14262","V14263","V14264","V14265","V14266","V14267","V14268","V14269","V14270","V14271","V14272","V14273","V14274","V14275","V14276","V14277","V14278","V14279","V14280","V14281","V14282","V14283","V14284","V14285","V14286","V14287","V14288","V14289","V14290","V14291","V14292","V14293","V14294","V14295","V14296","V14297","V14298","V14299","V14300","V14301","V14302","V14303","V14304","V14305","V14306","V14307","V14308","V14309","V14310","V14311","V14312","V14313","V14314","V14315","V14316","V14317","V14318","V14319","V14320","V14321","V14322","V14323","V14324","V14325","V14326","V14327","V14328","V14329","V14330","V14331","V14332","V14333","V14334","V14335","V14336","V14337","V14338","V14339","V14340","V14341","V14342","V14343","V14344","V14345","V14346","V14347","V14348","V14349","V14350","V14351","V14352","V14353","V14354","V14355","V14356","V14357","V14358","V14359","V14360","V14361","V14362","V14363","V14364","V14365","V14366","V14367","V14368","V14369","V14370","V14371","V14372","V14373","V14374","V14375","V14376","V14377","V14378","V14379","V14380","V14381","V14382","V14383","V14384","V14385","V14386","V14387","V14388","V14389","V14390","V14391","V14392","V14393","V14394","V14395","V14396","V14397","V14398","V14399","V14400","V14401","V14402","V14403","V14404","V14405","V14406","V14407","V14408","V14409","V14410","V14411","V14412","V14413","V14414","V14415","V14416","V14417","V14418","V14419","V14420","V14421","V14422","V14423","V14424","V14425","V14426","V14427","V14428","V14429","V14430","V14431","V14432","V14433","V14434","V14435","V14436","V14437","V14438","V14439","V14440","V14441","V14442","V14443","V14444","V14445","V14446","V14447","V14448","V14449","V14450","V14451","V14452","V14453","V14454","V14455","V14456","V14457","V14458","V14459","V14460","V14461","V14462","V14463","V14464","V14465","V14466","V14467","V14468","V14469","V14470","V14471","V14472","V14473","V14474","V14475","V14476","V14477","V14478","V14479","V14480","V14481","V14482","V14483","V14484","V14485","V14486","V14487","V14488","V14489","V14490","V14491","V14492","V14493","V14494","V14495","V14496","V14497","V14498","V14499","V14500","V14501","V14502","V14503","V14504","V14505","V14506","V14507","V14508","V14509","V14510","V14511","V14512","V14513","V14514","V14515","V14516","V14517","V14518","V14519","V14520","V14521","V14522","V14523","V14524","V14525","V14526","V14527","V14528","V14529","V14530","V14531","V14532","V14533","V14534","V14535","V14536","V14537","V14538","V14539","V14540","V14541","V14542","V14543","V14544","V14545","V14546","V14547","V14548","V14549","V14550","V14551","V14552","V14553","V14554","V14555","V14556","V14557","V14558","V14559","V14560","V14561","V14562","V14563","V14564","V14565","V14566","V14567","V14568","V14569","V14570","V14571","V14572","V14573","V14574","V14575","V14576","V14577","V14578","V14579","V14580","V14581","V14582","V14583","V14584","V14585","V14586","V14587","V14588","V14589","V14590","V14591","V14592","V14593","V14594","V14595","V14596","V14597","V14598","V14599","V14600","V14601","V14602","V14603","V14604","V14605","V14606","V14607","V14608","V14609","V14610","V14611","V14612","V14613","V14614","V14615","V14616","V14617","V14618","V14619","V14620","V14621","V14622","V14623","V14624","V14625","V14626","V14627","V14628","V14629","V14630","V14631","V14632","V14633","V14634","V14635","V14636","V14637","V14638","V14639","V14640","V14641","V14642","V14643","V14644","V14645","V14646","V14647","V14648","V14649","V14650","V14651","V14652","V14653","V14654","V14655","V14656","V14657","V14658","V14659","V14660","V14661","V14662","V14663","V14664","V14665","V14666","V14667","V14668","V14669","V14670","V14671","V14672","V14673","V14674","V14675","V14676","V14677","V14678","V14679","V14680","V14681","V14682","V14683","V14684","V14685","V14686","V14687","V14688","V14689","V14690","V14691","V14692","V14693","V14694","V14695","V14696","V14697","V14698","V14699","V14700","V14701","V14702","V14703","V14704","V14705","V14706","V14707","V14708","V14709","V14710","V14711","V14712","V14713","V14714","V14715","V14716","V14717","V14718","V14719","V14720","V14721","V14722","V14723","V14724","V14725","V14726","V14727","V14728","V14729","V14730","V14731","V14732","V14733","V14734","V14735","V14736","V14737","V14738","V14739","V14740","V14741","V14742","V14743","V14744","V14745","V14746","V14747","V14748","V14749","V14750","V14751","V14752","V14753","V14754","V14755","V14756","V14757","V14758","V14759","V14760","V14761","V14762","V14763","V14764","V14765","V14766","V14767","V14768","V14769","V14770","V14771","V14772","V14773","V14774","V14775","V14776","V14777","V14778","V14779","V14780","V14781","V14782","V14783","V14784","V14785","V14786","V14787","V14788","V14789","V14790","V14791","V14792","V14793","V14794","V14795","V14796","V14797","V14798","V14799","V14800","V14801","V14802","V14803","V14804","V14805","V14806","V14807","V14808","V14809","V14810","V14811","V14812","V14813","V14814","V14815","V14816","V14817","V14818","V14819","V14820","V14821","V14822","V14823","V14824","V14825","V14826","V14827","V14828","V14829","V14830","V14831","V14832","V14833","V14834","V14835","V14836","V14837","V14838","V14839","V14840","V14841","V14842","V14843","V14844","V14845","V14846","V14847","V14848","V14849","V14850","V14851","V14852","V14853","V14854","V14855","V14856","V14857","V14858","V14859","V14860","V14861","V14862","V14863","V14864","V14865","V14866","V14867","V14868","V14869","V14870","V14871","V14872","V14873","V14874","V14875","V14876","V14877","V14878","V14879","V14880","V14881","V14882","V14883","V14884","V14885","V14886","V14887","V14888","V14889","V14890","V14891","V14892","V14893","V14894","V14895","V14896","V14897","V14898","V14899","V14900","V14901","V14902","V14903","V14904","V14905","V14906","V14907","V14908","V14909","V14910","V14911","V14912","V14913","V14914","V14915","V14916","V14917","V14918","V14919","V14920","V14921","V14922","V14923","V14924","V14925","V14926","V14927","V14928","V14929","V14930","V14931","V14932","V14933","V14934","V14935","V14936","V14937","V14938","V14939","V14940","V14941","V14942","V14943","V14944","V14945","V14946","V14947","V14948","V14949","V14950","V14951","V14952","V14953","V14954","V14955","V14956","V14957","V14958","V14959","V14960","V14961","V14962","V14963","V14964","V14965","V14966","V14967","V14968","V14969","V14970","V14971","V14972","V14973","V14974","V14975","V14976","V14977","V14978","V14979","V14980","V14981","V14982","V14983","V14984","V14985","V14986","V14987","V14988","V14989","V14990","V14991","V14992","V14993","V14994","V14995","V14996","V14997","V14998","V14999","V15000","V15001","V15002","V15003","V15004","V15005","V15006","V15007","V15008","V15009","V15010","V15011","V15012","V15013","V15014","V15015","V15016","V15017","V15018","V15019","V15020","V15021","V15022","V15023","V15024","V15025","V15026","V15027","V15028","V15029","V15030","V15031","V15032","V15033","V15034","V15035","V15036","V15037","V15038","V15039","V15040","V15041","V15042","V15043","V15044","V15045","V15046","V15047","V15048","V15049","V15050","V15051","V15052","V15053","V15054","V15055","V15056","V15057","V15058","V15059","V15060","V15061","V15062","V15063","V15064","V15065","V15066","V15067","V15068","V15069","V15070","V15071","V15072","V15073","V15074","V15075","V15076","V15077","V15078","V15079","V15080","V15081","V15082","V15083","V15084","V15085","V15086","V15087","V15088","V15089","V15090","V15091","V15092","V15093","V15094","V15095","V15096","V15097","V15098","V15099","V15100","V15101","V15102","V15103","V15104","V15105","V15106","V15107","V15108","V15109","V15110","V15111","V15112","V15113","V15114","V15115","V15116","V15117","V15118","V15119","V15120","V15121","V15122","V15123","V15124","V15125","V15126","V15127","V15128","V15129","V15130","V15131","V15132","V15133","V15134","V15135","V15136","V15137","V15138","V15139","V15140","V15141","V15142","V15143","V15144","V15145","V15146","V15147","V15148","V15149","V15150","V15151","V15152","V15153","V15154","V15155","V15156","V15157","V15158","V15159","V15160","V15161","V15162","V15163","V15164","V15165","V15166","V15167","V15168","V15169","V15170","V15171","V15172","V15173","V15174","V15175","V15176","V15177","V15178","V15179","V15180","V15181","V15182","V15183","V15184","V15185","V15186","V15187","V15188","V15189","V15190","V15191","V15192","V15193","V15194","V15195","V15196","V15197","V15198","V15199","V15200","V15201","V15202","V15203","V15204","V15205","V15206","V15207","V15208","V15209","V15210","V15211","V15212","V15213","V15214","V15215","V15216","V15217","V15218","V15219","V15220","V15221","V15222","V15223","V15224","V15225","V15226","V15227","V15228","V15229","V15230","V15231","V15232","V15233","V15234","V15235","V15236","V15237","V15238","V15239","V15240","V15241","V15242","V15243","V15244","V15245","V15246","V15247","V15248","V15249","V15250","V15251","V15252","V15253","V15254","V15255","V15256","V15257","V15258","V15259","V15260","V15261","V15262","V15263","V15264","V15265","V15266","V15267","V15268","V15269","V15270","V15271","V15272","V15273","V15274","V15275","V15276","V15277","V15278","V15279","V15280","V15281","V15282","V15283","V15284","V15285","V15286","V15287","V15288","V15289","V15290","V15291","V15292","V15293","V15294","V15295","V15296","V15297","V15298","V15299","V15300","V15301","V15302","V15303","V15304","V15305","V15306","V15307","V15308","V15309","V15310","V15311","V15312","V15313","V15314","V15315","V15316","V15317","V15318","V15319","V15320","V15321","V15322","V15323","V15324","V15325","V15326","V15327","V15328","V15329","V15330","V15331","V15332","V15333","V15334","V15335","V15336","V15337","V15338","V15339","V15340","V15341","V15342","V15343","V15344","V15345","V15346","V15347","V15348","V15349","V15350","V15351","V15352","V15353","V15354","V15355","V15356","V15357","V15358","V15359","V15360","V15361","V15362","V15363","V15364","V15365","V15366","V15367","V15368","V15369","V15370","V15371","V15372","V15373","V15374","V15375","V15376","V15377","V15378","V15379","V15380","V15381","V15382","V15383","V15384","V15385","V15386","V15387","V15388","V15389","V15390","V15391","V15392","V15393","V15394","V15395","V15396","V15397","V15398","V15399","V15400","V15401","V15402","V15403","V15404","V15405","V15406","V15407","V15408","V15409","V15410","V15411","V15412","V15413","V15414","V15415","V15416","V15417","V15418","V15419","V15420","V15421","V15422","V15423","V15424","V15425","V15426","V15427","V15428","V15429","V15430","V15431","V15432","V15433","V15434","V15435","V15436","V15437","V15438","V15439","V15440","V15441","V15442","V15443","V15444","V15445","V15446","V15447","V15448","V15449","V15450","V15451","V15452","V15453","V15454","V15455","V15456","V15457","V15458","V15459","V15460","V15461","V15462","V15463","V15464","V15465","V15466","V15467","V15468","V15469","V15470","V15471","V15472","V15473","V15474","V15475","V15476","V15477","V15478","V15479","V15480","V15481","V15482","V15483","V15484","V15485","V15486","V15487","V15488","V15489","V15490","V15491","V15492","V15493","V15494","V15495","V15496","V15497","V15498","V15499","V15500","V15501","V15502","V15503","V15504","V15505","V15506","V15507","V15508","V15509","V15510","V15511","V15512","V15513","V15514","V15515","V15516","V15517","V15518","V15519","V15520","V15521","V15522","V15523","V15524","V15525","V15526","V15527","V15528","V15529","V15530","V15531","V15532","V15533","V15534","V15535","V15536","V15537","V15538","V15539","V15540","V15541","V15542","V15543","V15544","V15545","V15546","V15547","V15548","V15549","V15550","V15551","V15552","V15553","V15554","V15555","V15556","V15557","V15558","V15559","V15560","V15561","V15562","V15563","V15564","V15565","V15566","V15567","V15568","V15569","V15570","V15571","V15572","V15573","V15574","V15575","V15576","V15577","V15578","V15579","V15580","V15581","V15582","V15583","V15584","V15585","V15586","V15587","V15588","V15589","V15590","V15591","V15592","V15593","V15594","V15595","V15596","V15597","V15598","V15599","V15600","V15601","V15602","V15603","V15604","V15605","V15606","V15607","V15608","V15609","V15610","V15611","V15612","V15613","V15614","V15615","V15616","V15617","V15618","V15619","V15620","V15621","V15622","V15623","V15624","V15625","V15626","V15627","V15628","V15629","V15630","V15631","V15632","V15633","V15634","V15635","V15636","V15637","V15638","V15639","V15640","V15641","V15642","V15643","V15644","V15645","V15646","V15647","V15648","V15649","V15650","V15651","V15652","V15653","V15654","V15655","V15656","V15657","V15658","V15659","V15660","V15661","V15662","V15663","V15664","V15665","V15666","V15667","V15668","V15669","V15670","V15671","V15672","V15673","V15674","V15675","V15676","V15677","V15678","V15679","V15680","V15681","V15682","V15683","V15684","V15685","V15686","V15687","V15688","V15689","V15690","V15691","V15692","V15693","V15694","V15695","V15696","V15697","V15698","V15699","V15700","V15701","V15702","V15703","V15704","V15705","V15706","V15707","V15708","V15709","V15710","V15711","V15712","V15713","V15714","V15715","V15716","V15717","V15718","V15719","V15720","V15721","V15722","V15723","V15724","V15725","V15726","V15727","V15728","V15729","V15730","V15731","V15732","V15733","V15734","V15735","V15736","V15737","V15738","V15739","V15740","V15741","V15742","V15743","V15744","V15745","V15746","V15747","V15748","V15749","V15750","V15751","V15752","V15753","V15754","V15755","V15756","V15757","V15758","V15759","V15760","V15761","V15762","V15763","V15764","V15765","V15766","V15767","V15768","V15769","V15770","V15771","V15772","V15773","V15774","V15775","V15776","V15777","V15778","V15779","V15780","V15781","V15782","V15783","V15784","V15785","V15786","V15787","V15788","V15789","V15790","V15791","V15792","V15793","V15794","V15795","V15796","V15797","V15798","V15799","V15800","V15801","V15802","V15803","V15804","V15805","V15806","V15807","V15808","V15809","V15810","V15811","V15812","V15813","V15814","V15815","V15816","V15817","V15818","V15819","V15820","V15821","V15822","V15823","V15824","V15825","V15826","V15827","V15828","V15829","V15830","V15831","V15832","V15833","V15834","V15835","V15836","V15837","V15838","V15839","V15840","V15841","V15842","V15843","V15844","V15845","V15846","V15847","V15848","V15849","V15850","V15851","V15852","V15853","V15854","V15855","V15856","V15857","V15858","V15859","V15860","V15861","V15862","V15863","V15864","V15865","V15866","V15867","V15868","V15869","V15870","V15871","V15872","V15873","V15874","V15875","V15876","V15877","V15878","V15879","V15880","V15881","V15882","V15883","V15884","V15885","V15886","V15887","V15888","V15889","V15890","V15891","V15892","V15893","V15894","V15895","V15896","V15897","V15898","V15899","V15900","V15901","V15902","V15903","V15904","V15905","V15906","V15907","V15908","V15909","V15910","V15911","V15912","V15913","V15914","V15915","V15916","V15917","V15918","V15919","V15920","V15921","V15922","V15923","V15924","V15925","V15926","V15927","V15928","V15929","V15930","V15931","V15932","V15933","V15934","V15935","V15936","V15937","V15938","V15939","V15940","V15941","V15942","V15943","V15944","V15945","V15946","V15947","V15948","V15949","V15950","V15951","V15952","V15953","V15954","V15955","V15956","V15957","V15958","V15959","V15960","V15961","V15962","V15963","V15964","V15965","V15966","V15967","V15968","V15969","V15970","V15971","V15972","V15973","V15974","V15975","V15976","V15977","V15978","V15979","V15980","V15981","V15982","V15983","V15984","V15985","V15986","V15987","V15988","V15989","V15990","V15991","V15992","V15993","V15994","V15995","V15996","V15997","V15998","V15999","V16000","V16001","V16002","V16003","V16004","V16005","V16006","V16007","V16008","V16009","V16010","V16011","V16012","V16013","V16014","V16015","V16016","V16017","V16018","V16019","V16020","V16021","V16022","V16023","V16024","V16025","V16026","V16027","V16028","V16029","V16030","V16031","V16032","V16033","V16034","V16035","V16036","V16037","V16038","V16039","V16040","V16041","V16042","V16043","V16044","V16045","V16046","V16047","V16048","V16049","V16050","V16051","V16052","V16053","V16054","V16055","V16056","V16057","V16058","V16059","V16060","V16061","V16062","V16063","V16064","V16065","V16066","V16067","V16068","V16069","V16070","V16071","V16072","V16073","V16074","V16075","V16076","V16077","V16078","V16079","V16080","V16081","V16082","V16083","V16084","V16085","V16086","V16087","V16088","V16089","V16090","V16091","V16092","V16093","V16094","V16095","V16096","V16097","V16098","V16099","V16100","V16101","V16102","V16103","V16104","V16105","V16106","V16107","V16108","V16109","V16110","V16111","V16112","V16113","V16114","V16115","V16116","V16117","V16118","V16119","V16120","V16121","V16122","V16123","V16124","V16125","V16126","V16127","V16128","V16129","V16130","V16131","V16132","V16133","V16134","V16135","V16136","V16137","V16138","V16139","V16140","V16141","V16142","V16143","V16144","V16145","V16146","V16147","V16148","V16149","V16150","V16151","V16152","V16153","V16154","V16155","V16156","V16157","V16158","V16159","V16160","V16161","V16162","V16163","V16164","V16165","V16166","V16167","V16168","V16169","V16170","V16171","V16172","V16173","V16174","V16175","V16176","V16177","V16178","V16179","V16180","V16181","V16182","V16183","V16184","V16185","V16186","V16187","V16188","V16189","V16190","V16191","V16192","V16193","V16194","V16195","V16196","V16197","V16198","V16199","V16200","V16201","V16202","V16203","V16204","V16205","V16206","V16207","V16208","V16209","V16210","V16211","V16212","V16213","V16214","V16215","V16216","V16217","V16218","V16219","V16220","V16221","V16222","V16223","V16224","V16225","V16226","V16227","V16228","V16229","V16230","V16231","V16232","V16233","V16234","V16235","V16236","V16237","V16238","V16239","V16240","V16241","V16242","V16243","V16244","V16245","V16246","V16247","V16248","V16249","V16250","V16251","V16252","V16253","V16254","V16255","V16256","V16257","V16258","V16259","V16260","V16261","V16262","V16263","V16264","V16265","V16266","V16267","V16268","V16269","V16270","V16271","V16272","V16273","V16274","V16275","V16276","V16277","V16278","V16279","V16280","V16281","V16282","V16283","V16284","V16285","V16286","V16287","V16288","V16289","V16290","V16291","V16292","V16293","V16294","V16295","V16296","V16297","V16298","V16299","V16300","V16301","V16302","V16303","V16304","V16305","V16306","V16307","V16308","V16309","V16310","V16311","V16312","V16313","V16314","V16315","V16316","V16317","V16318","V16319","V16320","V16321","V16322","V16323","V16324","V16325","V16326","V16327","V16328","V16329","V16330","V16331","V16332","V16333","V16334","V16335","V16336","V16337","V16338","V16339","V16340","V16341","V16342","V16343","V16344","V16345","V16346","V16347","V16348","V16349","V16350","V16351","V16352","V16353","V16354","V16355","V16356","V16357","V16358","V16359","V16360","V16361","V16362","V16363","V16364","V16365","V16366","V16367","V16368","V16369","V16370","V16371","V16372","V16373","V16374","V16375","V16376","V16377","V16378","V16379","V16380","V16381","V16382","V16383","V16384","V16385","V16386","V16387","V16388","V16389","V16390","V16391","V16392","V16393","V16394","V16395","V16396","V16397","V16398","V16399","V16400","V16401","V16402","V16403","V16404","V16405","V16406","V16407","V16408","V16409","V16410","V16411","V16412","V16413","V16414","V16415","V16416","V16417","V16418","V16419","V16420","V16421","V16422","V16423","V16424","V16425","V16426","V16427","V16428","V16429","V16430","V16431","V16432","V16433","V16434","V16435","V16436","V16437","V16438","V16439","V16440","V16441","V16442","V16443","V16444","V16445","V16446","V16447","V16448","V16449","V16450","V16451","V16452","V16453","V16454","V16455","V16456","V16457","V16458","V16459","V16460","V16461","V16462","V16463","V16464","V16465","V16466","V16467","V16468","V16469","V16470","V16471","V16472","V16473","V16474","V16475","V16476","V16477","V16478","V16479","V16480","V16481","V16482","V16483","V16484","V16485","V16486","V16487","V16488","V16489","V16490","V16491","V16492","V16493","V16494","V16495","V16496","V16497","V16498","V16499","V16500","V16501","V16502","V16503","V16504","V16505","V16506","V16507","V16508","V16509","V16510","V16511","V16512","V16513","V16514","V16515","V16516","V16517","V16518","V16519","V16520","V16521","V16522","V16523","V16524","V16525","V16526","V16527","V16528","V16529","V16530","V16531","V16532","V16533","V16534","V16535","V16536","V16537","V16538","V16539","V16540","V16541","V16542","V16543","V16544","V16545","V16546","V16547","V16548","V16549","V16550","V16551","V16552","V16553","V16554","V16555","V16556","V16557","V16558","V16559","V16560","V16561","V16562","V16563","V16564","V16565","V16566","V16567","V16568","V16569","V16570","V16571","V16572","V16573","V16574","V16575","V16576","V16577","V16578","V16579","V16580","V16581","V16582","V16583","V16584","V16585","V16586","V16587","V16588","V16589","V16590","V16591","V16592","V16593","V16594","V16595","V16596","V16597","V16598","V16599","V16600","V16601","V16602","V16603","V16604","V16605","V16606","V16607","V16608","V16609","V16610","V16611","V16612","V16613","V16614","V16615","V16616","V16617","V16618","V16619","V16620","V16621","V16622","V16623","V16624","V16625","V16626","V16627","V16628","V16629","V16630","V16631","V16632","V16633","V16634","V16635","V16636","V16637","V16638","V16639","V16640","V16641","V16642","V16643","V16644","V16645","V16646","V16647","V16648","V16649","V16650","V16651","V16652","V16653","V16654","V16655","V16656","V16657","V16658","V16659","V16660","V16661","V16662","V16663","V16664","V16665","V16666","V16667","V16668","V16669","V16670","V16671","V16672","V16673","V16674","V16675","V16676","V16677","V16678","V16679","V16680","V16681","V16682","V16683","V16684","V16685","V16686","V16687","V16688","V16689","V16690","V16691","V16692","V16693","V16694","V16695","V16696","V16697","V16698","V16699","V16700","V16701","V16702","V16703","V16704","V16705","V16706","V16707","V16708","V16709","V16710","V16711","V16712","V16713","V16714","V16715","V16716","V16717","V16718","V16719","V16720","V16721","V16722","V16723","V16724","V16725","V16726","V16727","V16728","V16729","V16730","V16731","V16732","V16733","V16734","V16735","V16736","V16737","V16738","V16739","V16740","V16741","V16742","V16743","V16744","V16745","V16746","V16747","V16748","V16749","V16750","V16751","V16752","V16753","V16754","V16755","V16756","V16757","V16758","V16759","V16760","V16761","V16762","V16763","V16764","V16765","V16766","V16767","V16768","V16769","V16770","V16771","V16772","V16773","V16774","V16775","V16776","V16777","V16778","V16779","V16780","V16781","V16782","V16783","V16784","V16785","V16786","V16787","V16788","V16789","V16790","V16791","V16792","V16793","V16794","V16795","V16796","V16797","V16798","V16799","V16800","V16801","V16802","V16803","V16804","V16805","V16806","V16807","V16808","V16809","V16810","V16811","V16812","V16813","V16814","V16815","V16816","V16817","V16818","V16819","V16820","V16821","V16822","V16823","V16824","V16825","V16826","V16827","V16828","V16829","V16830","V16831","V16832","V16833","V16834","V16835","V16836","V16837","V16838","V16839","V16840","V16841","V16842","V16843","V16844","V16845","V16846","V16847","V16848","V16849","V16850","V16851","V16852","V16853","V16854","V16855","V16856","V16857","V16858","V16859","V16860","V16861","V16862","V16863","V16864","V16865","V16866","V16867","V16868","V16869","V16870","V16871","V16872","V16873","V16874","V16875","V16876","V16877","V16878","V16879","V16880","V16881","V16882","V16883","V16884","V16885","V16886","V16887","V16888","V16889","V16890","V16891","V16892","V16893","V16894","V16895","V16896","V16897","V16898","V16899","V16900","V16901","V16902","V16903","V16904","V16905","V16906","V16907","V16908","V16909","V16910","V16911","V16912","V16913","V16914","V16915","V16916","V16917","V16918","V16919","V16920","V16921","V16922","V16923","V16924","V16925","V16926","V16927","V16928","V16929","V16930","V16931","V16932","V16933","V16934","V16935","V16936","V16937","V16938","V16939","V16940","V16941","V16942","V16943","V16944","V16945","V16946","V16947","V16948","V16949","V16950","V16951","V16952","V16953","V16954","V16955","V16956","V16957","V16958","V16959","V16960","V16961","V16962","V16963","V16964","V16965","V16966","V16967","V16968","V16969","V16970","V16971","V16972","V16973","V16974","V16975","V16976","V16977","V16978","V16979","V16980","V16981","V16982","V16983","V16984","V16985","V16986","V16987","V16988","V16989","V16990","V16991","V16992","V16993","V16994","V16995","V16996","V16997","V16998","V16999","V17000","V17001","V17002","V17003","V17004","V17005","V17006","V17007","V17008","V17009","V17010","V17011","V17012","V17013","V17014","V17015","V17016","V17017","V17018","V17019","V17020","V17021","V17022","V17023","V17024","V17025","V17026","V17027","V17028","V17029","V17030","V17031","V17032","V17033","V17034","V17035","V17036","V17037","V17038","V17039","V17040","V17041","V17042","V17043","V17044","V17045","V17046","V17047","V17048","V17049","V17050","V17051","V17052","V17053","V17054","V17055","V17056","V17057","V17058","V17059","V17060","V17061","V17062","V17063","V17064","V17065","V17066","V17067","V17068","V17069","V17070","V17071","V17072","V17073","V17074","V17075","V17076","V17077","V17078","V17079","V17080","V17081","V17082","V17083","V17084","V17085","V17086","V17087","V17088","V17089","V17090","V17091","V17092","V17093","V17094","V17095","V17096","V17097","V17098","V17099","V17100","V17101","V17102","V17103","V17104","V17105","V17106","V17107","V17108","V17109","V17110","V17111","V17112","V17113","V17114","V17115","V17116","V17117","V17118","V17119","V17120","V17121","V17122","V17123","V17124","V17125","V17126","V17127","V17128","V17129","V17130","V17131","V17132","V17133","V17134","V17135","V17136","V17137","V17138","V17139","V17140","V17141","V17142","V17143","V17144","V17145","V17146","V17147","V17148","V17149","V17150","V17151","V17152","V17153","V17154","V17155","V17156","V17157","V17158","V17159","V17160","V17161","V17162","V17163","V17164","V17165","V17166","V17167","V17168","V17169","V17170","V17171","V17172","V17173","V17174","V17175","V17176","V17177","V17178","V17179","V17180","V17181","V17182","V17183","V17184","V17185","V17186","V17187","V17188","V17189","V17190","V17191","V17192","V17193","V17194","V17195","V17196","V17197","V17198","V17199","V17200","V17201","V17202","V17203","V17204","V17205","V17206","V17207","V17208","V17209","V17210","V17211","V17212","V17213","V17214","V17215","V17216","V17217","V17218","V17219","V17220","V17221","V17222","V17223","V17224","V17225","V17226","V17227","V17228","V17229","V17230","V17231","V17232","V17233","V17234","V17235","V17236","V17237","V17238","V17239","V17240","V17241","V17242","V17243","V17244","V17245","V17246","V17247","V17248","V17249","V17250","V17251","V17252","V17253","V17254","V17255","V17256","V17257","V17258","V17259","V17260","V17261","V17262","V17263","V17264","V17265","V17266","V17267","V17268","V17269","V17270","V17271","V17272","V17273","V17274","V17275","V17276","V17277","V17278","V17279","V17280","V17281","V17282","V17283","V17284","V17285","V17286","V17287","V17288","V17289","V17290","V17291","V17292","V17293","V17294","V17295","V17296","V17297","V17298","V17299","V17300","V17301","V17302","V17303","V17304","V17305","V17306","V17307","V17308","V17309","V17310","V17311","V17312","V17313","V17314","V17315","V17316","V17317","V17318","V17319","V17320","V17321","V17322","V17323","V17324","V17325","V17326","V17327","V17328","V17329","V17330","V17331","V17332","V17333","V17334","V17335","V17336","V17337","V17338","V17339","V17340","V17341","V17342","V17343","V17344","V17345","V17346","V17347","V17348","V17349","V17350","V17351","V17352","V17353","V17354","V17355","V17356","V17357","V17358","V17359","V17360","V17361","V17362","V17363","V17364","V17365","V17366","V17367","V17368","V17369","V17370","V17371","V17372","V17373","V17374","V17375","V17376","V17377","V17378","V17379","V17380","V17381","V17382","V17383","V17384","V17385","V17386","V17387","V17388","V17389","V17390","V17391","V17392","V17393","V17394","V17395","V17396","V17397","V17398","V17399","V17400","V17401","V17402","V17403","V17404","V17405","V17406","V17407","V17408","V17409","V17410","V17411","V17412","V17413","V17414","V17415","V17416","V17417","V17418","V17419","V17420","V17421","V17422","V17423","V17424","V17425","V17426","V17427","V17428","V17429","V17430","V17431","V17432","V17433","V17434","V17435","V17436","V17437","V17438","V17439","V17440","V17441","V17442","V17443","V17444","V17445","V17446","V17447","V17448","V17449","V17450","V17451","V17452","V17453","V17454","V17455","V17456","V17457","V17458","V17459","V17460","V17461","V17462","V17463","V17464","V17465","V17466","V17467","V17468","V17469","V17470","V17471","V17472","V17473","V17474","V17475","V17476","V17477","V17478","V17479","V17480","V17481","V17482","V17483","V17484","V17485","V17486","V17487","V17488","V17489","V17490","V17491","V17492","V17493","V17494","V17495","V17496","V17497","V17498","V17499","V17500","V17501","V17502","V17503","V17504","V17505","V17506","V17507","V17508","V17509","V17510","V17511","V17512","V17513","V17514","V17515","V17516","V17517","V17518","V17519","V17520","V17521","V17522","V17523","V17524","V17525","V17526","V17527","V17528","V17529","V17530","V17531","V17532","V17533","V17534","V17535","V17536","V17537","V17538","V17539","V17540","V17541","V17542","V17543","V17544","V17545","V17546","V17547","V17548","V17549","V17550","V17551","V17552","V17553","V17554","V17555","V17556","V17557","V17558","V17559","V17560","V17561","V17562","V17563","V17564","V17565","V17566","V17567","V17568","V17569","V17570","V17571","V17572","V17573","V17574","V17575","V17576","V17577","V17578","V17579","V17580","V17581","V17582","V17583","V17584","V17585","V17586","V17587","V17588","V17589","V17590","V17591","V17592","V17593","V17594","V17595","V17596","V17597","V17598","V17599","V17600","V17601","V17602","V17603","V17604","V17605","V17606","V17607","V17608","V17609","V17610","V17611","V17612","V17613","V17614","V17615","V17616","V17617","V17618","V17619","V17620","V17621","V17622","V17623","V17624","V17625","V17626","V17627","V17628","V17629","V17630","V17631","V17632","V17633","V17634","V17635","V17636","V17637","V17638","V17639","V17640","V17641","V17642","V17643","V17644","V17645","V17646","V17647","V17648","V17649","V17650","V17651","V17652","V17653","V17654","V17655","V17656","V17657","V17658","V17659","V17660","V17661","V17662","V17663","V17664","V17665","V17666","V17667","V17668","V17669","V17670","V17671","V17672","V17673","V17674","V17675","V17676","V17677","V17678","V17679","V17680","V17681","V17682","V17683","V17684","V17685","V17686","V17687","V17688","V17689","V17690","V17691","V17692","V17693","V17694","V17695","V17696","V17697","V17698","V17699","V17700","V17701","V17702","V17703","V17704","V17705","V17706","V17707","V17708","V17709","V17710","V17711","V17712","V17713","V17714","V17715","V17716","V17717","V17718","V17719","V17720","V17721","V17722","V17723","V17724","V17725","V17726","V17727","V17728","V17729","V17730","V17731","V17732","V17733","V17734","V17735","V17736","V17737","V17738","V17739","V17740","V17741","V17742","V17743","V17744","V17745","V17746","V17747","V17748","V17749","V17750","V17751","V17752","V17753","V17754","V17755","V17756","V17757","V17758","V17759","V17760","V17761","V17762","V17763","V17764","V17765","V17766","V17767","V17768","V17769","V17770","V17771","V17772","V17773","V17774","V17775","V17776","V17777","V17778","V17779","V17780","V17781","V17782","V17783","V17784","V17785","V17786","V17787","V17788","V17789","V17790","V17791","V17792","V17793","V17794","V17795","V17796","V17797","V17798","V17799","V17800","V17801","V17802","V17803","V17804","V17805","V17806","V17807","V17808","V17809","V17810","V17811","V17812","V17813","V17814","V17815","V17816","V17817","V17818","V17819","V17820","V17821","V17822","V17823","V17824","V17825","V17826","V17827","V17828","V17829","V17830","V17831","V17832","V17833","V17834","V17835","V17836","V17837","V17838","V17839","V17840","V17841","V17842","V17843","V17844","V17845","V17846","V17847","V17848","V17849","V17850","V17851","V17852","V17853","V17854","V17855","V17856","V17857","V17858","V17859","V17860","V17861","V17862","V17863","V17864","V17865","V17866","V17867","V17868","V17869","V17870","V17871","V17872","V17873","V17874","V17875","V17876","V17877","V17878","V17879","V17880","V17881","V17882","V17883","V17884","V17885","V17886","V17887","V17888","V17889","V17890","V17891","V17892","V17893","V17894","V17895","V17896","V17897","V17898","V17899","V17900","V17901","V17902","V17903","V17904","V17905","V17906","V17907","V17908","V17909","V17910","V17911","V17912","V17913","V17914","V17915","V17916","V17917","V17918","V17919","V17920","V17921","V17922","V17923","V17924","V17925","V17926","V17927","V17928","V17929","V17930","V17931","V17932","V17933","V17934","V17935","V17936","V17937","V17938","V17939","V17940","V17941","V17942","V17943","V17944","V17945","V17946","V17947","V17948","V17949","V17950","V17951","V17952","V17953","V17954","V17955","V17956","V17957","V17958","V17959","V17960","V17961","V17962","V17963","V17964","V17965","V17966","V17967","V17968","V17969","V17970","V17971","V17972","V17973","V17974","V17975","V17976","V17977","V17978","V17979","V17980","V17981","V17982","V17983","V17984","V17985","V17986","V17987","V17988","V17989","V17990","V17991","V17992","V17993","V17994","V17995","V17996","V17997","V17998","V17999","V18000","V18001","V18002","V18003","V18004","V18005","V18006","V18007","V18008","V18009","V18010","V18011","V18012","V18013","V18014","V18015","V18016","V18017","V18018","V18019","V18020","V18021","V18022","V18023","V18024","V18025","V18026","V18027","V18028","V18029","V18030","V18031","V18032","V18033","V18034","V18035","V18036","V18037","V18038","V18039","V18040","V18041","V18042","V18043","V18044","V18045","V18046","V18047","V18048","V18049","V18050","V18051","V18052","V18053","V18054","V18055","V18056","V18057","V18058","V18059","V18060","V18061","V18062","V18063","V18064","V18065","V18066","V18067","V18068","V18069","V18070","V18071","V18072","V18073","V18074","V18075","V18076","V18077","V18078","V18079","V18080","V18081","V18082","V18083","V18084","V18085","V18086","V18087","V18088","V18089","V18090","V18091","V18092","V18093","V18094","V18095","V18096","V18097","V18098","V18099","V18100","V18101","V18102","V18103","V18104","V18105","V18106","V18107","V18108","V18109","V18110","V18111","V18112","V18113","V18114","V18115","V18116","V18117","V18118","V18119","V18120","V18121","V18122","V18123","V18124","V18125","V18126","V18127","V18128","V18129","V18130","V18131","V18132","V18133","V18134","V18135","V18136","V18137","V18138","V18139","V18140","V18141","V18142","V18143","V18144","V18145","V18146","V18147","V18148","V18149","V18150","V18151","V18152","V18153","V18154","V18155","V18156","V18157","V18158","V18159","V18160","V18161","V18162","V18163","V18164","V18165","V18166","V18167","V18168","V18169","V18170","V18171","V18172","V18173","V18174","V18175","V18176","V18177","V18178","V18179","V18180","V18181","V18182","V18183","V18184","V18185","V18186","V18187","V18188","V18189","V18190","V18191","V18192","V18193","V18194","V18195","V18196","V18197","V18198","V18199","V18200","V18201","V18202","V18203","V18204","V18205","V18206","V18207","V18208","V18209","V18210","V18211","V18212","V18213","V18214","V18215","V18216","V18217","V18218","V18219","V18220","V18221","V18222","V18223","V18224","V18225","V18226","V18227","V18228","V18229","V18230","V18231","V18232","V18233","V18234","V18235","V18236","V18237","V18238","V18239","V18240","V18241","V18242","V18243","V18244","V18245","V18246","V18247","V18248","V18249","V18250","V18251","V18252","V18253","V18254","V18255","V18256","V18257","V18258","V18259","V18260","V18261","V18262","V18263","V18264","V18265","V18266","V18267","V18268","V18269","V18270","V18271","V18272","V18273","V18274","V18275","V18276","V18277","V18278","V18279","V18280","V18281","V18282","V18283","V18284","V18285","V18286","V18287","V18288","V18289","V18290","V18291","V18292","V18293","V18294","V18295","V18296","V18297","V18298","V18299","V18300","V18301","V18302","V18303","V18304","V18305","V18306","V18307","V18308","V18309","V18310","V18311","V18312","V18313","V18314","V18315","V18316","V18317","V18318","V18319","V18320","V18321","V18322","V18323","V18324","V18325","V18326","V18327","V18328","V18329","V18330","V18331","V18332","V18333","V18334","V18335","V18336","V18337","V18338","V18339","V18340","V18341","V18342","V18343","V18344","V18345","V18346","V18347","V18348","V18349","V18350","V18351","V18352","V18353","V18354","V18355","V18356","V18357","V18358","V18359","V18360","V18361","V18362","V18363","V18364","V18365","V18366","V18367","V18368","V18369","V18370","V18371","V18372","V18373","V18374","V18375","V18376","V18377","V18378","V18379","V18380","V18381","V18382","V18383","V18384","V18385","V18386","V18387","V18388","V18389","V18390","V18391","V18392","V18393","V18394","V18395","V18396","V18397","V18398","V18399","V18400","V18401","V18402","V18403","V18404","V18405","V18406","V18407","V18408","V18409","V18410","V18411","V18412","V18413","V18414","V18415","V18416","V18417","V18418","V18419","V18420","V18421","V18422","V18423","V18424","V18425","V18426","V18427","V18428","V18429","V18430","V18431","V18432","V18433","V18434","V18435","V18436","V18437","V18438","V18439","V18440","V18441","V18442","V18443","V18444","V18445","V18446","V18447","V18448","V18449","V18450","V18451","V18452","V18453","V18454","V18455","V18456","V18457","V18458","V18459","V18460","V18461","V18462","V18463","V18464","V18465","V18466","V18467","V18468","V18469","V18470","V18471","V18472","V18473","V18474","V18475","V18476","V18477","V18478","V18479","V18480","V18481","V18482","V18483","V18484","V18485","V18486","V18487","V18488","V18489","V18490","V18491","V18492","V18493","V18494","V18495","V18496","V18497","V18498","V18499","V18500","V18501","V18502","V18503","V18504","V18505","V18506","V18507","V18508","V18509","V18510","V18511","V18512","V18513","V18514","V18515","V18516","V18517","V18518","V18519","V18520","V18521","V18522","V18523","V18524","V18525","V18526","V18527","V18528","V18529","V18530","V18531","V18532","V18533","V18534","V18535","V18536","V18537","V18538","V18539","V18540","V18541","V18542","V18543","V18544","V18545","V18546","V18547","V18548","V18549","V18550","V18551","V18552","V18553","V18554","V18555","V18556","V18557","V18558","V18559","V18560","V18561","V18562","V18563","V18564","V18565","V18566","V18567","V18568","V18569","V18570","V18571","V18572","V18573","V18574","V18575","V18576","V18577","V18578","V18579","V18580","V18581","V18582","V18583","V18584","V18585","V18586","V18587","V18588","V18589","V18590","V18591","V18592","V18593","V18594","V18595","V18596","V18597","V18598","V18599","V18600","V18601","V18602","V18603","V18604","V18605","V18606","V18607","V18608","V18609","V18610","V18611","V18612","V18613","V18614","V18615","V18616","V18617","V18618","V18619","V18620","V18621","V18622","V18623","V18624","V18625","V18626","V18627","V18628","V18629","V18630","V18631","V18632","V18633","V18634","V18635","V18636","V18637","V18638","V18639","V18640","V18641","V18642","V18643","V18644","V18645","V18646","V18647","V18648","V18649","V18650","V18651","V18652","V18653","V18654","V18655","V18656","V18657","V18658","V18659","V18660","V18661","V18662","V18663","V18664","V18665","V18666","V18667","V18668","V18669","V18670","V18671","V18672","V18673","V18674","V18675","V18676","V18677","V18678","V18679","V18680","V18681","V18682","V18683","V18684","V18685","V18686","V18687","V18688","V18689","V18690","V18691","V18692","V18693","V18694","V18695","V18696","V18697","V18698","V18699","V18700","V18701","V18702","V18703","V18704","V18705","V18706","V18707","V18708","V18709","V18710","V18711","V18712","V18713","V18714","V18715","V18716","V18717","V18718","V18719","V18720","V18721","V18722","V18723","V18724","V18725","V18726","V18727","V18728","V18729","V18730","V18731","V18732","V18733","V18734","V18735","V18736","V18737","V18738","V18739","V18740","V18741","V18742","V18743","V18744","V18745","V18746","V18747","V18748","V18749","V18750","V18751","V18752","V18753","V18754","V18755","V18756","V18757","V18758","V18759","V18760","V18761","V18762","V18763","V18764","V18765","V18766","V18767","V18768","V18769","V18770","V18771","V18772","V18773","V18774","V18775","V18776","V18777","V18778","V18779","V18780","V18781","V18782","V18783","V18784","V18785","V18786","V18787","V18788","V18789","V18790","V18791","V18792","V18793","V18794","V18795","V18796","V18797","V18798","V18799","V18800","V18801","V18802","V18803","V18804","V18805","V18806","V18807","V18808","V18809","V18810","V18811","V18812","V18813","V18814","V18815","V18816","V18817","V18818","V18819","V18820","V18821","V18822","V18823","V18824","V18825","V18826","V18827","V18828","V18829","V18830","V18831","V18832","V18833","V18834","V18835","V18836","V18837","V18838","V18839","V18840","V18841","V18842","V18843","V18844","V18845","V18846","V18847","V18848","V18849","V18850","V18851","V18852","V18853","V18854","V18855","V18856","V18857","V18858","V18859","V18860","V18861","V18862","V18863","V18864","V18865","V18866","V18867","V18868","V18869","V18870","V18871","V18872","V18873","V18874","V18875","V18876","V18877","V18878","V18879","V18880","V18881","V18882","V18883","V18884","V18885","V18886","V18887","V18888","V18889","V18890","V18891","V18892","V18893","V18894","V18895","V18896","V18897","V18898","V18899","V18900","V18901","V18902","V18903","V18904","V18905","V18906","V18907","V18908","V18909","V18910","V18911","V18912","V18913","V18914","V18915","V18916","V18917","V18918","V18919","V18920","V18921","V18922","V18923","V18924","V18925","V18926","V18927","V18928","V18929","V18930","V18931","V18932","V18933","V18934","V18935","V18936","V18937","V18938","V18939","V18940","V18941","V18942","V18943","V18944","V18945","V18946","V18947","V18948","V18949","V18950","V18951","V18952","V18953","V18954","V18955","V18956","V18957","V18958","V18959","V18960","V18961","V18962","V18963","V18964","V18965","V18966","V18967","V18968","V18969","V18970","V18971","V18972","V18973","V18974","V18975","V18976","V18977","V18978","V18979","V18980","V18981","V18982","V18983","V18984","V18985","V18986","V18987","V18988","V18989","V18990","V18991","V18992","V18993","V18994","V18995","V18996","V18997","V18998","V18999","V19000","V19001","V19002","V19003","V19004","V19005","V19006","V19007","V19008","V19009","V19010","V19011","V19012","V19013","V19014","V19015","V19016","V19017","V19018","V19019","V19020","V19021","V19022","V19023","V19024","V19025","V19026","V19027","V19028","V19029","V19030","V19031","V19032","V19033","V19034","V19035","V19036","V19037","V19038","V19039","V19040","V19041","V19042","V19043","V19044","V19045","V19046","V19047","V19048","V19049","V19050","V19051","V19052","V19053","V19054","V19055","V19056","V19057","V19058","V19059","V19060","V19061","V19062","V19063","V19064","V19065","V19066","V19067","V19068","V19069","V19070","V19071","V19072","V19073","V19074","V19075","V19076","V19077","V19078","V19079","V19080","V19081","V19082","V19083","V19084","V19085","V19086","V19087","V19088","V19089","V19090","V19091","V19092","V19093","V19094","V19095","V19096","V19097","V19098","V19099","V19100","V19101","V19102","V19103","V19104","V19105","V19106","V19107","V19108","V19109","V19110","V19111","V19112","V19113","V19114","V19115","V19116","V19117","V19118","V19119","V19120","V19121","V19122","V19123","V19124","V19125","V19126","V19127","V19128","V19129","V19130","V19131","V19132","V19133","V19134","V19135","V19136","V19137","V19138","V19139","V19140","V19141","V19142","V19143","V19144","V19145","V19146","V19147","V19148","V19149","V19150","V19151","V19152","V19153","V19154","V19155","V19156","V19157","V19158","V19159","V19160","V19161","V19162","V19163","V19164","V19165","V19166","V19167","V19168","V19169","V19170","V19171","V19172","V19173","V19174","V19175","V19176","V19177","V19178","V19179","V19180","V19181","V19182","V19183","V19184","V19185","V19186","V19187","V19188","V19189","V19190","V19191","V19192","V19193","V19194","V19195","V19196","V19197","V19198","V19199","V19200","V19201","V19202","V19203","V19204","V19205","V19206","V19207","V19208","V19209","V19210","V19211","V19212","V19213","V19214","V19215","V19216","V19217","V19218","V19219","V19220","V19221","V19222","V19223","V19224","V19225","V19226","V19227","V19228","V19229","V19230","V19231","V19232","V19233","V19234","V19235","V19236","V19237","V19238","V19239","V19240","V19241","V19242","V19243","V19244","V19245","V19246","V19247","V19248","V19249","V19250","V19251","V19252","V19253","V19254","V19255","V19256","V19257","V19258","V19259","V19260","V19261","V19262","V19263","V19264","V19265","V19266","V19267","V19268","V19269","V19270","V19271","V19272","V19273","V19274","V19275","V19276","V19277","V19278","V19279","V19280","V19281","V19282","V19283","V19284","V19285","V19286","V19287","V19288","V19289","V19290","V19291","V19292","V19293","V19294","V19295","V19296","V19297","V19298","V19299","V19300","V19301","V19302","V19303","V19304","V19305","V19306","V19307","V19308","V19309","V19310","V19311","V19312","V19313","V19314","V19315","V19316","V19317","V19318","V19319","V19320","V19321","V19322","V19323","V19324","V19325","V19326","V19327","V19328","V19329","V19330","V19331","V19332","V19333","V19334","V19335","V19336","V19337","V19338","V19339","V19340","V19341","V19342","V19343","V19344","V19345","V19346","V19347","V19348","V19349","V19350","V19351","V19352","V19353","V19354","V19355","V19356","V19357","V19358","V19359","V19360","V19361","V19362","V19363","V19364","V19365","V19366","V19367","V19368","V19369","V19370","V19371","V19372","V19373","V19374","V19375","V19376","V19377","V19378","V19379","V19380","V19381","V19382","V19383","V19384","V19385","V19386","V19387","V19388","V19389","V19390","V19391","V19392","V19393","V19394","V19395","V19396","V19397","V19398","V19399","V19400","V19401","V19402","V19403","V19404","V19405","V19406","V19407","V19408","V19409","V19410","V19411","V19412","V19413","V19414","V19415","V19416","V19417","V19418","V19419","V19420","V19421","V19422","V19423","V19424","V19425","V19426","V19427","V19428","V19429","V19430","V19431","V19432","V19433","V19434","V19435","V19436","V19437","V19438","V19439","V19440","V19441","V19442","V19443","V19444","V19445","V19446","V19447","V19448","V19449","V19450","V19451","V19452","V19453","V19454","V19455","V19456","V19457","V19458","V19459","V19460","V19461","V19462","V19463","V19464","V19465","V19466","V19467","V19468","V19469","V19470","V19471","V19472","V19473","V19474","V19475","V19476","V19477","V19478","V19479","V19480","V19481","V19482","V19483","V19484","V19485","V19486","V19487","V19488","V19489","V19490","V19491","V19492","V19493","V19494","V19495","V19496","V19497","V19498","V19499","V19500","V19501","V19502","V19503","V19504","V19505","V19506","V19507","V19508","V19509","V19510","V19511","V19512","V19513","V19514","V19515","V19516","V19517","V19518","V19519","V19520","V19521","V19522","V19523","V19524","V19525","V19526","V19527","V19528","V19529","V19530","V19531","V19532","V19533","V19534","V19535","V19536","V19537","V19538","V19539","V19540","V19541","V19542","V19543","V19544","V19545","V19546","V19547","V19548","V19549","V19550","V19551","V19552","V19553","V19554","V19555","V19556","V19557","V19558","V19559","V19560","V19561","V19562","V19563","V19564","V19565","V19566","V19567","V19568","V19569","V19570","V19571","V19572","V19573","V19574","V19575","V19576","V19577","V19578","V19579","V19580","V19581","V19582","V19583","V19584","V19585","V19586","V19587","V19588","V19589","V19590","V19591","V19592","V19593","V19594","V19595","V19596","V19597","V19598","V19599","V19600","V19601","V19602","V19603","V19604","V19605","V19606","V19607","V19608","V19609","V19610","V19611","V19612","V19613","V19614","V19615","V19616","V19617","V19618","V19619","V19620","V19621","V19622","V19623","V19624","V19625","V19626","V19627","V19628","V19629","V19630","V19631","V19632","V19633","V19634","V19635","V19636","V19637","V19638","V19639","V19640","V19641","V19642","V19643","V19644","V19645","V19646","V19647","V19648","V19649","V19650","V19651","V19652","V19653","V19654","V19655","V19656","V19657","V19658","V19659","V19660","V19661","V19662","V19663","V19664","V19665","V19666","V19667","V19668","V19669","V19670","V19671","V19672","V19673","V19674","V19675","V19676","V19677","V19678","V19679","V19680","V19681","V19682","V19683","V19684","V19685","V19686","V19687","V19688","V19689","V19690","V19691","V19692","V19693","V19694","V19695","V19696","V19697","V19698","V19699","V19700","V19701","V19702","V19703","V19704","V19705","V19706","V19707","V19708","V19709","V19710","V19711","V19712","V19713","V19714","V19715","V19716","V19717","V19718","V19719","V19720","V19721","V19722","V19723","V19724","V19725","V19726","V19727","V19728","V19729","V19730","V19731","V19732","V19733","V19734","V19735","V19736","V19737","V19738","V19739","V19740","V19741","V19742","V19743","V19744","V19745","V19746","V19747","V19748","V19749","V19750","V19751","V19752","V19753","V19754","V19755","V19756","V19757","V19758","V19759","V19760","V19761","V19762","V19763","V19764","V19765","V19766","V19767","V19768","V19769","V19770","V19771","V19772","V19773","V19774","V19775","V19776","V19777","V19778","V19779","V19780","V19781","V19782","V19783","V19784","V19785","V19786","V19787","V19788","V19789","V19790","V19791","V19792","V19793","V19794","V19795","V19796","V19797","V19798","V19799","V19800","V19801","V19802","V19803","V19804","V19805","V19806","V19807","V19808","V19809","V19810","V19811","V19812","V19813","V19814","V19815","V19816","V19817","V19818","V19819","V19820","V19821","V19822","V19823","V19824","V19825","V19826","V19827","V19828","V19829","V19830","V19831","V19832","V19833","V19834","V19835","V19836","V19837","V19838","V19839","V19840","V19841","V19842","V19843","V19844","V19845","V19846","V19847","V19848","V19849","V19850","V19851","V19852","V19853","V19854","V19855","V19856","V19857","V19858","V19859","V19860","V19861","V19862","V19863","V19864","V19865","V19866","V19867","V19868","V19869","V19870","V19871","V19872","V19873","V19874","V19875","V19876","V19877","V19878","V19879","V19880","V19881","V19882","V19883","V19884","V19885","V19886","V19887","V19888","V19889","V19890","V19891","V19892","V19893","V19894","V19895","V19896","V19897","V19898","V19899","V19900","V19901","V19902","V19903","V19904","V19905","V19906","V19907","V19908","V19909","V19910","V19911","V19912","V19913","V19914","V19915","V19916","V19917","V19918","V19919","V19920","V19921","V19922","V19923","V19924","V19925","V19926","V19927","V19928","V19929","V19930","V19931","V19932","V19933","V19934","V19935","V19936","V19937","V19938","V19939","V19940","V19941","V19942","V19943","V19944","V19945","V19946","V19947","V19948","V19949","V19950","V19951","V19952","V19953","V19954","V19955","V19956","V19957","V19958","V19959","V19960","V19961","V19962","V19963","V19964","V19965","V19966","V19967","V19968","V19969","V19970","V19971","V19972","V19973","V19974","V19975","V19976","V19977","V19978","V19979","V19980","V19981","V19982","V19983","V19984","V19985","V19986","V19987","V19988","V19989","V19990","V19991","V19992","V19993","V19994","V19995","V19996","V19997","V19998","V19999","V20000"
0,80,0,0,0,0,0,2375,10546,1,0,2599,0,1,207,2,9,7,0,21,40,977,245,0,0,29,0,275,0,23,32,3,18,0,694,0,0,1,4,1,5,0,1,40,274,0,2,0,1,0,5,1335,173,802,289,0,1,271,0,3,309,206,17,15741,0,0,0,0,186,83,95,1821,329,394,266,2,0,9,29,0,0,0,434,40,264,0,1,1,1,0,4477,0,683,5,0,0,0,0,0,889,1,0,1,0,261,1271,0,13,4,0,2,0,2001,6229,0,1504,1058,35,0,131,3,31,20162,116,2620,0,2352,1,26,208,0,9,0,1,0,6,2,45,0,0,19714,0,0,18822,5455,5,7,0,1,20,19,228,0,0,10063,20,0,0,468,0,15,0,0,1,21,0,5,93,0,21035,2,0,692,194,47,2024,21,170,5549,3910,0,0,0,0,0,134,1213,434,0,1,0,295,0,0,13,1,0,879,217,107,253,347,961,1476,729,0,35,0,2,79374,17,0,0,0,96,0,3,190,0,2,16,11,18,0,589,703,22,105,0,0,1244,0,0,4322,18,1,24,0,2280,13,0,48,138,1,8,0,2777,9,23,0,0,0,0,25,9,856,37591,2,9535,270,1,2,287,4,4481,86,259,0,0,1,0,120,2130,1,417,0,31,0,0,3,0,27,0,22,136,1,0,0,0,260,622,1,740,118,4,157,98,0,15,0,7,31,1521,0,170,1964,145,8,29,12,3724,10,0,0,1,0,0,178,122,0,0,677,2053,463,0,365,93,0,381,9644,0,0,20,350,55,0,16,1096,9,6,29,0,8,611,126,531,0,2,3,0,194,37,3722,0,0,492,915,178,66,0,4134,3,0,12,5678,1573,0,20,85,185,14981,1266,5,4079,18218,0,1,5,449,548,3,1,6,0,2,38,9,0,24,8,304,0,0,15,674,0,0,4,14,53,24,0,0,0,14,1,818,6456,6,354,251,0,12,0,0,2,0,0,15,0,1,6,3,37,23791,778,41,113,1245,0,1,1,21036,896,2,3,0,7,0,626,289,0,0,4,118,0,0,5,72,37,562,0,0,0,12084,0,0,53,0,51,309,1123,0,0,1,32,94,24265,113,5901,29,6643,123,0,0,25660,0,1061,0,5,0,38,0,0,126,36,3817,0,0,0,14,0,0,24,0,0,679,0,111,0,222,0,16,37,0,47,0,27,0,0,0,9,0,888,2,230,1,531,0,0,11,11,496,2686,0,0,0,1,129,316,0,24,3515,679,0,0,0,7719,0,0,1745,15,0,5428,0,25,0,1,31,505,0,127,90,1601,155,1600,670,0,0,2,0,305,1,4,1814,68,1,303,261,11,427,1,4,0,0,4,54,0,22,49,0,98,577,5,5,750,1,28,1677,1315,0,0,917,0,0,0,0,0,0,460,173,7884,0,0,0,1477,0,715,4,28,0,2,1,0,129,1177,33,0,94,531,0,0,11,77,1378,9572,1,0,41,0,52,911,0,1,0,6516,0,375,43,0,0,139,1222,0,1,265,44464,3,3550,2705,2,0,264,0,24,4,0,9,6916,885,0,0,9065,48,97,1475,0,285,5,0,1022,1523,0,0,1,115,1,0,5809,0,0,22,0,0,0,0,26,0,22,575,0,4,17,269,0,2,18,10,0,0,101,18,0,0,0,0,6913,796,13,28,0,66,343,0,0,0,68,79,0,70,0,0,0,8,10,0,1,1,38,25,0,152,0,4483,1927,0,0,75,76,0,0,1118,0,2,6,4,26215,0,534,1,1042,0,24,455,4,744,1970,12,24466,8,0,52,62,1,104,0,1500,1,391,0,1,0,61,0,4,16,38,1,0,1817,14,199,0,2,0,0,668,39,0,0,212,33,0,22,8,312,11,1495,1143,0,74,2306,1,1,746,712,0,36,340,1,3,0,10,0,1,529,8,0,11,10,1125,183,875,0,0,4488,20,0,2,410,5,149,4,308,6,29,31518,11,39,0,0,1625,66,0,2,468,177,29,69,122,15,3,6490,0,8524,887,172,3251,0,0,0,0,3,10,0,62,0,938,7,0,0,9,12,1,0,0,167,1,14,90,0,6,20,3,0,5887,5,2696,0,372,170,533,412,0,7,195,29,1256,109,0,0,174,12,0,63,0,22,2,753,0,6,2,8,44,80,15,8368,31,2,2,0,0,0,1,0,79,8,0,0,42,0,0,40,148,74,0,35,14691,1,1,0,434,0,1,2052,1,66,2,3740,1,248,0,0,157,0,20,3,0,20,298,1,0,3,0,135,19,0,10,0,3,110,135,1194,2,2,881,0,0,0,592,18,0,0,114,44,0,0,751,0,121,813,6324,4979,1,1,1735,2273,372,5,0,2813,2,2742,0,0,731,6,0,4,0,47,0,17,0,59596,0,119,29,80,0,0,2,3348,0,0,2463,3065,1,65,0,8,42,4652,0,5646,0,0,23,1147,113,9,0,0,3,2,113,1479,5539,0,3354,1,0,24031,0,0,0,7867,736,1,5362,160,0,1,6295,97,0,89,662,758,1,334,227,87,0,0,1394,25,0,0,1,753,2942,0,5,2,3,304,0,2916,8,0,0,155,0,1054,500,103,5,224,0,41778,38,64,2235,1466,0,2,0,6711,0,279,0,0,0,1645,5,2,76,5298,1,4,241,2118,0,22,28800,5,181,0,0,0,0,17,2,3,0,3080,11225,22111,540,0,1,119,0,4,3,40,0,45,8303,326,0,38,2,788,0,0,2406,0,0,0,103,2835,75,0,24,0,3649,0,0,39,0,952,2,417,19,8461,4,175,460,131,204,522,11,0,0,0,0,1743,2044,0,0,377,0,0,0,0,14418,3814,124,62,651,2,15,86,146,34,0,8,0,1455,186,4,36,2,0,109,0,0,1,0,9,636,0,1847,0,198,1,0,712,63,0,290,888,0,0,0,0,6,39,12995,0,22510,3283,8795,0,532,3,18,0,0,2,0,0,4,16,0,21,418,1,1060,2,9,0,1,5,4,0,4438,1438,0,82,358,1,0,0,0,2536,1564,103,344,30,13469,0,1702,553,2870,0,34,206,0,75,6,39192,3760,34,14,230,2,0,0,0,0,662,28,0,4,0,1382,0,0,543,19,0,144,1,0,69,0,39,479,855,36,104,55,0,83,0,64,0,151,22,1,0,165,391,3,50,0,7,3,2,0,0,0,7143,6,4,37,323,0,9,0,0,0,0,0,13,22,3674,43,0,0,4,21,0,0,0,14,0,202,0,0,0,5,46,0,0,0,0,1191,1692,0,2,132,254,3,15,64,0,2,324,4345,1,2,4259,0,0,0,27404,220,0,0,30,0,0,0,0,1,0,0,0,326,18,0,209,31,493,0,12340,2,53,3042,3,460,112,16580,0,0,192,1249,2,20,45,78,390,58,51,0,8,111,11,0,0,90,5,0,30848,9604,0,100,3,0,0,355,0,9,0,6451,14,39,359,0,1,58,903,1069,4294,2,274,428,1647,34,125,10973,10,1,0,0,0,0,0,1475,0,0,1,0,0,623,6,0,0,0,0,96,547,12624,64,133,455,0,1,1859,3716,0,82,0,0,0,0,0,0,40,442,42,0,0,340,0,0,1,0,256,263,3775,3801,0,0,295,59,139,1,27,7,3,346,31,3781,12,0,0,0,2,22,0,0,13,0,2031,0,0,0,1629,0,38,0,10,46,262,272,7,1,0,0,1127,1,7,0,382,0,12,59,0,6690,0,1080,0,0,4,3208,441,0,0,0,0,19290,0,114,92,13,0,40,0,0,285,0,28,0,39,2,2,91,12028,704,78,615,1,0,132,1,13470,5138,0,0,0,0,0,20,0,6,0,115,48,7,0,1,0,144,1,2034,371,460,0,37,0,4263,0,394,1399,2,74,124,4,21,0,5001,0,0,6,42,0,10,0,713,9312,8094,51,7354,0,1684,0,361,1,1,0,0,1,0,6,40,1,0,0,216,0,2573,0,229,135,0,0,0,272,17,0,5,916,0,1025,0,35,6519,0,3,1771,1,23564,0,1,1,243,75,0,14,0,0,4,517,8,4,0,0,1,0,0,0,498,4,2,1288,2,0,227,95,277,0,31,0,2320,0,0,3,0,66,95,33,1,0,82,1512,9,1817,92,0,0,0,19,70,33,0,0,222,36,73,131,0,683,15,165,0,0,0,0,0,0,2891,2,0,0,0,5,0,0,168,0,0,73,16,0,0,43,3,997,6155,0,4438,0,0,444,24,438,37,0,9,0,0,1,0,0,5687,1,24,17,9578,52,0,0,2,2412,4747,0,1,1100,0,675,0,2346,791,1324,15,1148,976,3346,6697,68,833,26008,0,194,0,0,0,0,33,9,0,0,0,2,10195,889,0,0,0,0,0,1,6711,10,0,166,126,2,0,0,15,0,3,0,48,1,458,122,0,0,0,1,0,3,5108,0,2,605,1284,232,9729,1811,6583,611,1,12,0,0,2,1,0,82,2,0,15,272,33,75,1592,0,155,3,2,0,52055,79,0,0,16,0,1,4,0,0,204,0,8,17,91,119,6799,0,1,53,12,1,0,0,0,469,0,98,0,2969,13,0,0,249,1325,0,0,1,1,367,1011,2,0,85,0,573,0,29,0,0,4689,113,88,0,0,0,7120,1,0,0,115,20,0,4,0,1420,130,15,3,0,31,0,87,0,2,0,20,600,7,2179,10,0,1577,0,0,0,3,0,4,49,11,0,10,12,1,54,799,335,0,3675,1285,494,687,0,0,7,1,0,29,0,0,0,457,528,21,508,124,573,99,122,2383,1,0,0,0,485,118,125,109,0,1,1292,319,1260,14,922,196,2166,108,151,16755,1,1,2,0,827,34,983,0,2211,2428,2,2583,807,0,1,40,253,191,9,0,4959,28793,0,26,36,20,48,0,19,0,0,146,6,640,2,0,0,37,6,120,0,22,3,0,0,90,215,27,668,0,0,981,1322,0,85,557,1912,2,651,0,532,1,0,68,0,91,2,0,20377,11860,0,1839,54,59,0,6,574,0,0,351,925,0,298,973,0,0,1,0,3473,268,0,392,2,97,103,1,3165,349,136,55,20,0,17,0,0,0,0,0,137,1302,48,7,5571,0,98,625,1,4,20,18,1836,0,1,0,0,0,2,1856,30,0,2141,0,0,0,957,3359,0,2,128,136,0,9,29,143,0,0,2,1,6,238,5,51,1967,0,0,225,0,274,2755,0,0,4844,8639,1849,0,256,1,1770,126,0,0,11,0,3,1205,1,672,5,0,0,403,38,2427,14,0,152,1,54,1,538,1609,183,325,9360,0,341,0,25,0,0,8,46,0,36553,151,0,0,159,248,6031,279,261,127,17698,0,164,0,0,5,336,0,11,355,68,0,46,129,13,0,995,0,0,107,46,1,0,1,277,0,489,0,540,7,0,0,2,0,0,0,0,0,0,0,3371,1771,1208,65,426,194,0,1092,0,33,325,3,112,0,42,0,105,0,0,0,0,739,0,6995,7,7,2617,0,58,226,352,278,162,0,0,0,3,0,19,231,10,2364,0,485,0,38,0,317,5,100,3619,0,19,0,80,6,2270,4482,0,3523,0,0,0,18,0,0,0,785,2386,223,4,0,160,0,951,0,1013,3960,1,20,0,46,0,16,2,277,0,15,1588,126,536,20,48,1,0,0,0,1,0,0,0,0,383,0,3216,0,0,374,29,0,982,1015,1,0,1,53,0,481,0,0,0,0,4,4,105,1,0,6003,0,0,269,0,0,0,0,0,28,0,34679,0,5,0,182,7,50,0,0,1647,22,840,0,0,410,53,18,0,0,283,0,0,0,89,1043,0,1,3087,130,21,0,0,55,11108,76,3656,26,1244,31,212,490,0,10680,2,0,3,0,0,2,3071,0,1,7,7883,0,4859,0,48,21779,0,18,138,0,6,1,58,2811,392,0,1,2,5,0,1136,0,110,105,305,4,4909,0,51,0,1,0,334,34,0,32,11,3241,2,3788,11,77,1580,0,1982,33,114,0,253,232,88,0,49,36,1375,1,1909,49230,0,133,13721,4,0,132,83,0,0,6,0,2375,14,39,0,1441,0,727,0,0,169,0,1,0,150,4,556,1,177,0,796,19,47,0,0,0,0,0,81,0,0,1,792,0,65,28,36,3,0,1,0,0,0,0,27,16,3,4,560,2,1196,17,0,46,11220,6,0,246,527,3,2424,5411,0,5,0,51,0,0,0,401,1,0,0,212,8,1,1063,547,13,5208,0,0,13,847,137,751,45,0,0,0,0,24,585,0,478,3333,0,1414,1,4427,0,135,38,2259,3,38,1,1570,2312,0,3,0,174,1,0,978,1263,0,0,0,0,19,0,0,54,0,2153,0,0,332,0,0,138,1,16,0,0,27,10,3958,0,308,3821,0,10,136,0,246,29,698,113,0,0,0,28,10923,0,3189,2562,25845,0,212,0,1024,0,1563,1,4,0,23,407,515,0,127,30,0,10,2682,10,0,0,99,1027,0,0,936,33,165,0,0,6,0,0,1329,1,56,0,0,629,815,0,0,108,0,13,163,1,3686,0,0,5373,0,846,0,0,7474,27,0,2,33,87,8,9,0,2,96,3,454,0,1,0,2,0,3,11,21,712,103,238,81,938,0,70,0,26,1,564,2596,1067,0,2,0,2,0,0,21,0,0,348,0,133,0,1348,64,5,38,55,3,0,74,0,29,438,1,2422,65,35,88,460,0,15,0,0,0,1,0,197,0,436,6,0,16,4668,0,27,219,120,5997,18158,11,1709,0,9910,1,4,44,13,11,0,5,26,319,0,532,4,22961,0,131,1408,19,0,0,4,0,6,0,0,9,1509,134,55,57,0,12882,0,7,24821,62,1789,0,0,3,4,1118,0,1,20686,4772,8,6,4,7,1457,0,0,25,54,42,0,0,0,0,0,5,82,2,9265,17,0,75,0,10,0,0,0,20874,0,675,0,1,0,9032,1,0,5435,1,1,3984,4072,40,671,0,50,1,0,0,8,0,0,7,0,1677,36,832,0,0,582,0,161,13,23,1,0,122,19,15,8634,22,43,196,676,0,47,1129,6,0,4,0,1,2,7,5,0,1,0,6771,1,1,499,0,0,337,56,0,0,0,0,547,0,0,0,2,7,113,0,7957,141,0,3375,0,0,447,2,210,0,0,0,41,376,35,6,0,1,0,882,0,0,0,1,432,30,0,5,15,0,38,0,0,40,0,59,0,10,135,0,1,408,0,1867,855,771,2,0,3,0,0,0,22,0,32,0,737,0,0,0,2,1958,0,444,18,169,50,2011,464,0,868,0,0,197,10,27081,7,0,0,0,10,2130,26,31,177,616,0,1,0,0,0,1,0,0,412,78,0,11,0,22472,1,1,12,0,0,19385,0,5,0,3,99,22,328,190,0,19,18,0,180,217,2330,0,0,41,13,186,127,959,3197,301,3,29,0,34,0,0,30,69,1,589,1,0,0,0,2791,0,29,2240,0,5,20,248,36,0,0,249,118,522,1,26,0,1,0,0,579,1,5,323,0,5,0,10944,0,8,0,0,2,0,2,13,4149,1171,0,0,0,0,37,0,8,13,4152,1000,187,38,1153,882,80,761,2424,39,403,2833,1781,0,118,21,0,8,19,0,0,0,7,15321,221,1243,135,0,771,122,1976,0,0,207,16,2,1896,0,3,0,453,37,0,2,75,4217,1914,392,550,23,2,79,119,0,10,2895,0,91,2,0,0,0,0,0,0,57,11,2,117,1343,141,0,0,0,0,0,1262,710,24,0,8,2094,243,1,5,0,1,700,0,0,1,391,125,0,0,81,38,3722,0,1496,4,1788,11650,0,0,1,0,0,0,20,0,0,0,16799,259,4,0,716,0,1,30,1791,33,3,107,1,0,1,0,2068,127,168,0,0,32,26,386,0,0,0,138,18,0,65,1,87,10,1,135,15,0,4,0,0,3,1692,0,0,2,2,3,0,7,0,0,0,31286,0,4307,0,5110,15,5,0,200,161,0,4,0,0,195,2699,0,1,191,0,106,9,34,0,282,0,4088,1855,39,182,0,0,919,0,0,87,0,775,2,3885,8,0,0,0,249,1317,31,41,1,0,0,22709,0,94,1956,499,1,0,789,158,0,0,0,0,2,142,192,22,69,9911,0,0,195,0,25,0,0,0,1089,2047,56,0,2,10015,817,0,890,1135,0,103,770,2,1,107,3,0,179,0,2,0,18,540,24,2,129,1,0,5915,396,0,91,26941,328,8474,20,3415,1315,3067,14341,1453,0,0,449,2,113,4,0,0,103,11709,150,158,345,0,0,120,1,1,598,0,0,158,53,52,0,0,3328,1387,15,0,2762,0,0,2,0,0,1226,0,45,0,4,0,277,126,193,1,506,21,0,2,9,277,227,3,54,2427,2,0,0,13,31,3,0,23,2416,1443,2982,0,35,3,1,606,1769,0,10855,0,1,2132,0,2,488,0,0,0,7,4522,3937,0,0,3117,0,2086,0,0,1183,1854,0,138,0,0,0,0,0,0,4829,687,0,26,51,771,1,8,2,1,382,0,1,1,5255,107,0,0,1,286,4,3,1,0,41,69,52,258,1582,0,76,0,22,170,5,3,0,37,21,119,0,0,133,54,195,1,0,2148,2,125,1,7,4816,0,28,1301,0,0,1,2,17371,512,0,1070,438,5,24,1,187,1372,148,13,0,0,0,94,0,153,555,303,611,0,47,0,2,91,8,0,698,0,1596,0,0,1266,4,0,24,0,0,0,240,0,34,0,1215,166,74,307,185,0,0,1,6,0,943,0,0,3,0,817,16,76,1103,304,0,0,0,41,0,7967,0,14,34,11,0,2,1,387,3,0,17,64,335,0,0,0,134,35,0,1,354,0,1478,3578,450,0,7,0,4,0,996,713,28,0,1,31,0,97,20,0,2,4782,11,0,9,0,1,0,0,0,4152,4,1,44,145,77,226,7,34,0,14,3,1045,1137,34,0,0,4,1752,1246,2589,2746,26,44,0,1,1,0,10,0,0,0,0,0,1,15,0,0,914,553,0,0,2,33,0,0,0,0,2,0,0,135,2,0,35,61,3,63,0,191,1691,245,0,434,13,127,7,3109,106,0,1362,0,1,0,4,0,1,10,0,0,53,1845,7330,0,2714,3953,102,0,1734,1,1579,161,0,0,118,6028,2188,0,0,809,0,0,8805,0,70,338,19,33,6675,31944,127,1,0,0,0,0,0,6,0,0,0,0,0,1,81289,83,296,15828,0,12,2820,1,0,0,0,2,0,0,52109,5529,411,0,0,0,12,3,1,10,3504,11,5,0,0,20,25,89,358,0,964,1,0,97,0,0,1,0,26052,1,0,0,0,28,0,4389,0,0,807,0,0,61,0,85,22,4,0,15,28,1,76,2,0,28,2300,1,0,6,0,546,0,1,11948,30,64,291,0,326,12984,0,0,14,0,1205,0,0,23,9,4,27,71,0,82,1119,24448,1,1,275,0,23,0,51,1686,2549,133,14,0,7,96,1941,2,15,1046,674,3127,241,0,0,5,35876,3784,1,2427,0,0,19,110,1,9,27,0,0,1,0,936,2,1,26,0,142,0,61,3,1,31,2,2,21,95,330,0,437,17,45,743,4,0,414,0,1344,0,0,23,549,0,8,76,0,0,1082,0,71,0,0,0,71,15,270,322,16,0,725,0,8521,279,1,514,2569,3624,0,5416,0,0,3,2,0,0,724,4,0,823,8184,12,6,4770,0,0,129,365,1,87,0,0,16,0,0,2273,6,2,34,0,0,1373,295,1,35,750,20,0,1426,1,23,0,0,5406,1,414,0,8,0,0,0,0,0,13,0,1994,1,0,962,25,45,4,1,0,3,0,0,0,0,8954,60013,26344,1,824,8,0,13851,732,1,55,951,110,0,504,3533,0,509,5059,0,2130,0,1,1,0,19,0,0,0,0,0,700,0,191,0,2753,5,3886,5095,1443,12116,0,0,1,0,0,0,0,0,52,77,0,233,0,0,0,2052,0,11962,1337,0,0,20,14,1,27118,337,0,0,0,592,0,0,47,1,0,0,32,0,0,0,3,53,0,0,1,1,7898,124,2197,2,0,167,59,1305,0,508,0,2162,0,0,1,23508,1058,0,5,0,11,1308,67,1,2,0,1,0,91,2610,997,742,93,0,888,507,0,4,9,0,2607,0,0,0,8,0,168,0,0,6874,94,0,17974,93,0,0,3,48,2,0,17680,0,3,45,116,39,19717,3938,0,0,0,0,2186,0,15,46,273,13,7218,5166,0,3,8,45,711,0,0,5,0,0,1,0,4,0,0,0,0,9,0,0,0,62,0,0,7,26,33,9,6553,4815,2,11,0,2524,9,5286,0,0,0,301,3,80,2,0,0,19,0,0,0,8,0,0,0,54,87,0,187,967,0,1,779,10,34327,3325,1326,1,549,17,160,0,136,39,0,28,1,0,0,7,28,0,39,1886,0,0,0,0,0,3475,0,0,254,0,1,0,0,2983,0,8,6,1,0,0,0,1,1,258,1,0,1,2716,2445,169,540,6819,38,0,4060,0,161,0,56,167,0,3,23959,14,0,0,67,14,1728,20,647,0,0,0,219,3652,444,0,1,187,199,0,0,65,118,1,244,0,0,18714,1,0,9822,881,0,33,26,0,91,4679,104,24,0,1,0,11556,0,3,2,0,0,0,205,0,0,0,134,0,17,0,167,0,0,0,587,0,4645,0,1,0,791,0,140,133,243,0,0,2,0,0,0,419,1,3,2581,1221,9,36,0,1198,0,37,110,0,0,243,377,0,2437,0,3,3,0,14,0,0,19,330,0,0,1333,1988,0,91,0,0,5214,236,4640,0,517,121,188,1,432,0,22,1059,41,0,271,42,0,0,0,587,6830,123,0,5,0,2304,895,7,0,7,1255,253,0,195,1,10599,0,0,13,571,397,2058,5,68,756,0,0,0,0,0,919,2453,0,1,19,4135,4325,48,1,13,0,381,0,0,3,0,0,6,4,2,1,1268,0,9,11,358,0,58,0,3138,220,1967,17,0,373,6904,11,0,473,271,0,1,265,0,20537,20,0,0,9,0,6,454,0,1194,1,430,0,93,0,4,0,0,0,4302,2,0,615,0,0,5799,4,1043,0,475,0,0,2901,10,461,3,1063,0,10000,608,554,80,40,277,132,46,0,0,0,11710,1471,10,120,0,38,0,23,0,0,0,0,0,10,55,11,1383,207,86,450,644,1,1,19,1,5907,983,932,0,22,36979,655,201,1,23,0,26010,0,1760,12,11576,0,0,0,698,0,6,26,0,0,12,0,0,0,898,0,7,1,0,755,1,0,3776,0,545,1,0,3,0,0,10708,0,0,0,7717,4,0,0,10,0,996,13,0,571,246,0,20,25,8564,125,385,184,0,9,867,0,9310,186,0,0,0,51,0,61,265,587,14,0,2011,144,55,14357,388,78,0,116,0,88,98,0,1717,0,2,1,2,2004,0,3441,76,295,12,0,262,0,1,3,2883,334,369,21482,1,22,0,2533,0,1,36,0,0,229,0,0,0,18,0,0,221,0,0,0,55,0,4,0,3878,2,4,340,3,329,4204,44,0,4,0,1009,0,0,329,3483,36561,164,194,849,0,303,0,30,188,0,16,1444,31,4,13,0,0,41,1,5533,89,66,0,1,39754,0,0,24,1347,3228,0,1781,1071,0,72,0,0,4,0,4,45,408,0,112,69,355,5482,1,51,3,0,0,32,0,158,977,268,0,910,0,33,43,436,0,0,0,2926,0,191,2,3,0,5569,862,417,0,26148,0,1658,0,6,0,3912,4,1038,0,29,0,1547,10,581,47,0,306,0,102,0,0,2,1855,8113,1284,2,4,0,2,0,2203,66,1269,393,534,89,17,168,5,2652,0,0,0,2,162,11,5334,22,1,8,4,2535,61,4052,0,0,39,0,0,5805,5,18394,2,0,3,5,0,216,0,3,2098,95,98,1,1287,5865,0,0,1,0,0,75,373,18,5355,1,0,0,0,1819,2,0,0,4,0,8,13,2736,571,0,332,869,1,1506,8,0,4,0,535,686,0,0,0,490,4,19,650,0,45,5,0,0,0,0,0,0,1487,71,13,479,11,0,0,1,46,40,0,1666,0,390,0,6,149,245,0,0,7217,67,2,818,2370,0,0,1,325,0,142,6,0,6801,22,431,5056,129,1457,28,3530,221,1,7,0,1267,0,0,1,69,28515,1,0,38,0,15,0,12394,0,673,94,1647,16,129,18,2,0,2,1,0,793,0,4,9,15851,2695,0,0,9,0,3,12,0,5,13,0,0,66,0,0,0,47,0,0,0,6,0,19,263,0,6,0,0,135,4317,5815,13,35240,7,2,139,18,24,0,5,0,0,0,0,10,0,85,0,10,253,0,16,0,26,7868,1481,0,5357,11,0,1,3,1072,0,1,0,1,2,1177,160,6718,128,0,0,0,2255,0,0,30,42,217,12,0,632,282,0,4019,0,0,414,0,1,0,125,0,98,26,0,1,28,0,2,1981,3772,22,0,1,8,4,0,1773,79,0,104,0,1,0,0,1763,0,38,2,0,0,0,0,2,0,313,0,15,0,1042,0,1150,2061,0,645,0,2871,0,250,75,3,0,1,143,0,0,0,2,0,92,423,0,350,312,342,0,0,0,1,0,37,37,33,5,0,0,39,2,92,262,2,0,0,23,0,0,0,57,22,481,104,1029,3,0,1026,12,397,1,0,555,0,0,7,0,3,1185,13,0,1940,19028,55,65,0,1648,3369,1384,11336,403,0,0,1052,41,115,1001,993,0,0,0,8185,0,62,37,0,0,265,0,0,40,624,451,2871,222,3120,89,25,0,5,2,66600,24,0,0,0,39,2,20,0,0,305,929,0,0,0,333,8,746,1,117,2,0,1080,2465,991,1,0,25986,43,0,1,0,942,217,133,0,0,498,43,125,12,20968,3816,286,1,2585,618,8,138,0,25,325,0,198,15278,0,59,195,0,1002,0,0,13,0,0,1,52,0,1,839,1,0,0,10580,134,0,0,0,7,3,3,0,183,1,12,1703,349,2,1,0,136,0,0,2,0,0,0,3,877,1376,6786,8,0,1,293,49,0,0,1,13,0,5876,0,3,159,1091,1,13,47,0,15097,22680,49,0,0,0,142,0,0,0,0,0,15,0,14,1,3,6948,396,2,0,0,2,0,0,1,8769,45,0,24,6,14,15670,14,138,2960,446,1,951,6,0,0,212,0,1,0,0,302,381,135,123,0,3,2439,0,8,8120,85,0,12,0,29,5,0,4,34,0,104,0,0,10297,866,0,0,47,0,69,1,0,1,0,347,0,0,0,3457,407,49,0,128,287,0,8,2378,4256,275,0,2841,0,0,14,2,0,0,7485,158,0,0,0,2,15,3900,0,0,10,0,0,0,0,3,141,1,0,11,105,122,0,19,2101,1,124,0,0,0,0,23,879,959,6,0,699,12,6,88,607,2137,1257,0,1,50,6455,1,1,0,91,0,3,41,0,0,6976,2,2,0,0,0,2,0,3,127,0,26,0,2,1007,1,577,0,0,360,1,774,1,748,1,0,92,3649,5627,0,0,0,0,4498,0,28240,404,0,0,105,0,0,1327,228,27,1,4,9,2,306,453,36,11,0,0,0,0,0,0,2530,0,0,0,658,494,1149,205,10,287,666,7,0,0,0,0,0,0,0,131,87,186,0,1,12,7,96,1879,0,0,0,2,2375,23,89,355,1,208,1,0,0,10,70,0,221,0,0,0,1,2228,1,0,272,0,293,0,0,0,0,0,52,1,0,5,0,0,8183,0,0,352,12,6140,0,68,678,27,0,0,0,0,3132,1,99,1,10177,0,0,3,2,180,1,3292,18,0,13,68,2,1,762,159,0,911,0,1399,1593,0,0,0,3985,8,7,277,0,0,130,376,28,3338,0,1,2533,0,11815,9,4,0,0,183,0,842,0,1517,31,0,9,578,142,0,0,0,0,323,1167,0,1323,12052,0,39,0,3,4830,1,11,0,1,2008,1117,0,3258,1,1083,0,0,2312,0,1,3,1,6,0,1,0,39531,120,329,1726,0,0,4,2,0,69,24,1,34,76,0,0,3,0,2911,0,2955,1468,62,1,291,33,151,0,146,0,9,8910,9312,21,11,107,1,0,0,0,11412,576,0,84,0,1,0,30343,1037,7,38,105,0,0,188,138,1,3578,0,25,0,2,0,0,422,168,49,0,225,3232,2936,40,1,2,281,0,0,457,4,341,684,0,0,0,0,20,6180,61,0,0,0,3125,0,41,2,68,41,0,87,0,757,0,0,388,1312,1,0,39,105,302,169,6143,132,5407,56,0,1448,20718,0,3,1114,0,0,2,1,0,619,0,0,343,0,0,0,0,9167,0,0,530,3329,8,5,0,12,34,443,1,1995,108,104,0,1,5250,38,496,1,209,49,1039,0,33,25922,2,435,0,35,149,598,2794,10,15,20,114,0,17,0,0,0,0,97,59,42,1,25,4,0,406,0,0,1980,45,36,3630,2172,0,12,1172,105,6230,0,7462,0,784,130,0,23,51,2,500,0,3757,199,247,0,2,0,0,2,0,16,3,0,1778,20,0,1785,0,1,1,0,0,0,0,924,38,0,1,0,0,1719,0,0,13,29,12,0,0,0,189,14,0,88074,2872,55,0,5791,20792,13,33,106,1253,8,630,3,0,1053,0,131,0,0,0,4,1,0,0,2,1,2,38,164,978,3,180,9,0,0,0,0,3,0,48,19958,702,13,8,13,17,30,14,1,121,0,289,6,0,72,1,0,34,3003,150,1,2218,1557,0,0,0,4,2483,6,11,1929,0,1078,84,0,5,1,1425,256,21131,189,0,15200,14,2,1,0,23,0,900,0,0,0,3,1513,0,325,2151,0,1,378,420,6,3,14,0,0,2,0,2,827,0,0,168,2810,70,560,1168,8,300,1410,264,257,3033,1849,1,0,70,2,0,10,0,31,172,891,3,1973,0,23,0,1564,31,0,2,1,38,8,0,807,448,92,0,0,512,0,0,201,2484,8613,376,3,0,1,57,0,0,5,2480,235,0,0,1,0,9,1726,3,1487,4,2,0,0,16188,158,5,6,2484,0,69,960,388,2,0,27,312,0,2,0,1131,1,225,39,0,0,21,0,25,0,1,0,8804,2,102,0,10,0,0,98,0,30,27,9443,593,0,0,19611,19136,825,800,1469,5,6237,430,890,1,349,0,0,8,0,22,2,10,0,6854,1,64,0,116,246,0,560,0,977,1074,2106,30,348,0,16,1718,1,2,1624,1141,20,440,626,0,9,0,30,19,24,48,568,1,51,1,21534,1460,3,0,0,34,0,0,1744,1,1,1,0,0,2,0,17,939,0,5,3,0,0,1903,10,0,67,68,550,0,0,988,3230,5345,0,1,108,0,2,0,11,0,2445,0,281,5,149,203,1,2482,10,0,0,0,1,4,2,3,0,4,0,0,0,190,9214,2,294,2717,69,0,0,6,0,2,0,2804,73,0,11,0,1758,304,0,15,0,1,29,149,0,196,41,0,2,0,1346,13,1040,11,277,1039,1241,53114,0,0,55,0,2,0,0,0,5601,2011,2985,7,0,446,7201,572,5867,1520,0,0,170,0,1,0,32,945,7,5,650,1,1161,2390,17,36622,0,204,2821,0,781,0,1,15,0,77,0,0,4075,0,1059,0,15,1534,0,682,646,22623,1435,261,0,276,6,0,2,12,11,255,11,1416,0,0,11,0,0,1839,7,0,0,5762,0,0,1,5,256,0,7,8989,6,0,0,0,0,34,40,100,0,0,0,1,1155,1,245,73,1644,19,120,0,2,0,0,0,0,22,0,0,2515,5,1943,4,233,1572,120,42,1,52,0,14,1954,0,0,1236,0,869,14,894,1078,0,13,0,0,155,10,0,198,0,292,4,18,14,192,140,0,14,0,0,0,1082,0,0,0,99,0,137,0,38,114,0,0,0,294,11,2,14,2,217,0,0,0,0,432,0,0,11,0,818,0,52,2,127,9,1578,0,0,0,102,4522,0,88,0,64,63,29,49,62,0,1,0,1721,0,54,41,6,334,20,0,53539,0,1,0,0,2015,581,0,0,19,0,48,933,120,0,5,0,217,905,0,0,0,0,0,21,21,3,1410,4,3013,89,1020,2,9,0,21,0,734,0,333,0,592,0,2,0,0,274,0,0,230,14,2,4,0,0,0,41,21817,1,0,603,392,2,4056,133,343,0,0,0,0,729,0,0,277,292,0,0,7842,870,191,0,1,65,1,188,212,1,393,128,0,0,9,109,8,795,1,0,143,17,191,2,1,660,0,19,0,390,0,3536,233,0,103,453,22,101,6,0,5,0,192,230,0,15,5867,0,7,0,0,1,633,149,236,0,7,3,7406,1,2,0,5,47,2,0,43,0,0,1541,140,2,5,1463,1,0,1,0,0,19,5,1,0,0,2,46,3290,0,74,0,2,21,2,121,2,0,0,1,96,66,0,0,15,2,0,151,1929,7,611,0,16,501,0,1,2481,2,55,0,280,0,593,5,0,0,0,0,0,0,0,1946,13,0,0,0,0,68,28,0,1,4301,11,102,0,10,3805,7,358,0,884,1089,1865,0,60,553,15,595,10,5224,0,1,52,0,8,1099,0,0,0,1,1,18,0,1,0,0,2392,23134,9214,0,377,0,3811,0,0,21,32135,42,2,0,0,1,0,0,84,59,0,1214,0,269,200,2,0,3,1552,248,4,108,0,47,18,120,568,76,2,0,87,0,0,197,0,0,0,0,327,143,0,1,3,0,0,0,12,0,1340,47,0,0,30,470,582,14,0,0,107,0,18,0,341,0,80,0,0,1454,0,2511,0,0,222,1,1767,3,0,5,0,0,3,0,0,24,0,1,12,142,0,0,1,108,0,10,1,0,102,655,0,147,1,284,15,0,1746,1188,337,35,42,9473,191,6,2051,0,5,0,399,60,3488,555,3,0,1,36,1,0,1678,2,11,5,0,48,128,4214,938,1456,0,55,12389,7,13,0,0,0,1,1,0,349,152,1,2,0,36,1,0,1621,0,85,0,0,21,4,14009,0,0,9,2,0,6978,0,14,0,11,2063,248,0,95,16,106,0,0,14,692,0,344,0,7,0,0,0,25,15,794,2,0,0,4616,3141,4628,0,0,4,100,0,0,0,10,1,7,8,141,30,0,0,1310,3479,0,65,2,0,1,1,0,4,509,2,69431,7596,0,0,3,0,2,0,0,27,0,0,1301,373,0,0,0,0,0,18460,0,484,0,0,2,0,69083,9,1,1,768,16,12172,25,2503,1,43,18,19,150,642,0,41,6,66,0,11,0,643,0,0,0,2,0,38762,0,2,0,0,114,1,0,29,9186,0,2311,0,2382,0,35,0,1,0,3,0,4,1,1,264,0,1382,1606,0,0,3,4,473,7236,557,13041,8,0,0,1732,1,145,2,0,11181,50,0,0,6,18,2,8,6,635,0,0,111,832,55874,3,0,0,2,2,0,0,4310,20,0,0,0,923,0,20,0,0,3074,18,12,25,1,5,111,0,10993,284,15,0,0,0,103,0,0,0,30,17,442,2,0,10726,6,1,1,171,2929,20,95,150,26,872,533,0,0,5964,26,92,0,8916,203,217,101,1,1573,0,761,0,16,1,0,0,232,0,0,8317,112,0,423,2,0,0,28,5070,3,0,0,1,3,3,62,0,0,5209,0,3,0,0,0,2,5,737,297,0,3,0,5,673,75,11,117,484,2,1,114,202,27,83,2,28,5,52,0,0,9425,3,484,3719,0,157,0,128,4,1034,9,890,1,38,34,0,2139,18,1,2,3956,321,0,0,0,0,162,0,0,25,69,0,0,101,9053,3,998,3,0,255,13,0,1439,413,8,0,28,0,268,1024,0,0,0,0,6,1,332,0,587,1937,2991,0,0,0,1290,791,0,6,17,13,785,118,9436,7,3928,164,414,77,2019,0,0,563,42,15,18,38,2492,708,0,11,0,0,19,0,441,1,790,0,4,15,3812,11219,6,21,478,0,0,22630,0,830,9528,805,2216,165,62,27,340,147,47,3,12,0,0,1,5,0,0,0,3108,0,539,59,3002,17506,283,832,1737,1338,2,2,0,316,1526,0,1,133,124,4225,0,463,93,42,0,7631,0,1307,0,0,0,1124,96,0,71,0,327,13868,0,0,376,324,88,2,1,57,760,1,0,2,0,0,0,12,91,0,21,0,0,944,3,0,2,0,13,0,22,0,3987,0,58,736,0,11,1059,0,37,1,1,2933,1503,0,0,55,51,0,29,258,0,44,0,0,0,23688,103,5189,451,117,0,285,980,273,55,970,0,1,0,1010,4142,0,12,0,1185,58,38,0,64,0,927,0,0,8,4,514,0,16,345,0,1367,972,0,193,730,1,158,374,1,351,423,0,22,37,7783,0,3453,2438,104,505,0,5,0,0,0,124,0,0,84,0,0,0,12923,0,0,0,107,0,14664,1,28,152,0,1,2,2,645,1636,238,0,0,0,6,31,110,56,1,0,1205,2,2175,0,11,3,2,0,5922,16041,2450,0,0,0,0,16,114,0,1081,27,0,15,6336,5,6,1121,0,7,22,730,0,0,785,0,1,0,8846,0,0,0,4,24,640,0,0,6,2,3,0,0,1620,5,8974,0,655,14,0,0,77,141,49,0,1,1,0,3433,1,0,0,1195,5,0,0,28,4,0,3,22,0,0,0,178,0,35,1864,81,0,0,41,0,137,0,0,1144,702,0,0,24,0,0,591,5,19,227,3304,9,1,0,142,0,0,0,4,0,0,1,114,0,0,57,225,0,146,1,4,0,0,361,614,1,52,0,36,543,0,0,0,1,0,0,0,0,14,31,0,116,2,0,20147,444,8,0,309,14,0,0,0,1100,635,4,2588,7,351,2386,1,3,12257,0,536,2471,0,0,0,5,0,84,0,0,32,0,8,62,26,606,21175,17,6,5636,5637,3,4410,274,19,3,5,170,2214,17,0,0,75,7,647,1,227,21,28,15151,0,0,487,225,180,1847,0,1512,1922,105,0,1219,8,0,180,1110,216,10223,4894,0,16,2813,59,1514,0,94,0,0,22,156,0,0,0,5669,0,1,1,0,2,3844,2590,720,0,0,721,0,0,8,0,121,0,0,0,1,0,154,13,0,0,95,609,0,14,8,1,1,0,6,135,4,2723,0,1,0,194,1,15,130,0,33,34,1189,182,62,37,0,50,0,16,1,2,563,21,0,25988,270,215,2885,58,119,108,1488,454,779,0,0,16,1,8,16810,1,156,0,24,0,12970,0,0,85,3,0,1,0,0,60,17,0,0,0,2553,0,1215,7671,78,280,257,0,992,0,1,0,102,21535,0,12,1291,18,0,7,904,59,2991,2,0,0,2,0,0,25,712,4170,0,5388,25,0,4170,1,0,2,1,27,0,0,0,0,7,0,259,2408,0,354,0,268,0,2,2,0,567,0,0,0,5,0,27,4078,3363,0,2,0,0,0,0,10,80,0,379,170,1,7,269,0,0,0,2,1,0,11901,3452,0,2,1,1,1330,1315,0,0,0,53,0,0,0,0,1,0,0,5,3,0,260,36,1110,0,6,0,27,3,19,148,4,0,0,5371,232,1176,918,0,2,0,0,131,0,0,1,1,57,1,12,40,145,0,0,0,0,3,0,124,0,1,615,211,0,39190,596,2332,18,33,21668,309,0,0,0,0,0,50,0,1,0,11,0,0,12,53,0,0,0,1,4854,10,0,0,575,5577,18408,416,8,32181,2,4,0,0,489,0,0,7,0,0,13,0,0,29,526,17,1,15253,13,70,0,0,0,0,0,109,278,17777,0,12,4,561,11,439,39,0,1794,0,0,0,37,25,0,0,57,125,0,70,0,0,489,55,68584,1711,140,21,21,0,0,1,0,1321,1,0,0,0,1045,19,2,0,0,0,14862,0,0,742,0,0,0,1911,61,0,0,1,2,19,8,17,0,0,1,4,7,52,0,3043,3,0,3079,0,0,9,22,8,0,0,17,0,0,22,0,0,0,0,4,0,12,0,24,1159,1122,0,1,0,52,0,0,0,1,0,5,626,211,704,0,101,177,0,0,2,0,0,3,642,3,2,0,25,15,105,95,38,0,19465,0,0,8380,0,0,0,2,147,21559,3,343,1,0,0,0,15,903,10,758,40,3697,0,28,126,0,1,0,1,24,0,0,0,2575,3,2,36,1042,0,4,1,802,3,413,0,0,164,0,4,165,0,5253,7,0,270,0,48,12,0,0,8,326,0,2614,4,42,1448,12,0,3600,42,193,13,39,7,21,13,0,191,0,0,6,0,7,1,3828,9,0,44,1,12,2251,54,0,0,9,0,6280,2512,0,0,0,0,407,1,37,0,1375,0,48,0,5759,0,0,0,0,324,2002,0,488,715,139,0,0,3153,0,99,63,14,0,0,59,707,1,0,1,0,878,0,5,2,0,1,1,0,1,3026,49,151,12,1,0,93,6774,0,0,0,0,0,1,27,544,1,0,562,241,22,1735,1,512,0,143,40,667,7281,0,0,67,293,81,0,537,3,0,0,0,58,0,812,1607,0,0,3,372,0,24,5321,1368,34613,0,1560,0,842,0,1,57,0,19,1281,212,7,2,0,0,7,33,2,0,36,6,2909,4472,2941,948,0,0,36,22,20,64,0,0,1,21,0,1,4,9,10,7,1002,316,0,3712,0,97,9374,179,353,0,1772,5,4364,0,1612,1,28,0,47,0,2,6,1047,26,0,189,145,0,2574,230,0,590,27,8000,0,81,0,3476,1156,0,0,9,8514,185,116,299,0,1,2,21,1,387,0,346,32,796,3,0,30,44765,0,33,124,2,0,0,0,112,2355,0,39,0,167,148,2,265,0,0,28718,0,0,20421,7,0,111,0,39,0,4,25900,8,2,288,0,0,0,0,168,217,5724,3010,0,0,8,0,15,929,0,18,559,8773,128,30,0,71,2,2,0,0,132,13,845,0,0,0,986,27,0,7,0,3,1630,47,1,3,0,0,37,0,57,6,28,5,0,5,55,0,0,0,66,0,156,21,3718,75,432,8,7,106,245,0,65,0,0,470,7,3662,5,1357,5212,0,3568,0,0,6,1592,0,0,0,1,0,0,0,1431,0,5,88,1054,2,0,1,130,9,17,0,81,0,538,0,82,0,20,91,491,0,842,2122,278,1,1,0,31,0,6,47,222,90,62,0,40,0,0,0,0,56,0,0,0,0,150,16651,10746,0,0,625,18,2040,1346,3,11095,2846,1,0,0,0,1586,0,6,3,0,6,9,5,1,22230,0,10,173,948,0,0,0,424,0,0,0,0,10,0,0,9580,189,279,2,0,116,0,223,0,912,0,41,8,0,31933,0,0,415,5656,0,2,49,562,164,0,0,0,0,248,4433,16133,21,2048,608,49,10,4028,1,0,9591,141,0,0,852,191,0,0,0,0,0,0,0,12,103,817,2291,112,5,29189,694,0,0,223,0,0,2,0,218,13122,10881,20077,46,0,1,154,0,1,14,0,1665,0,0,0,0,30,606,164,408,0,21,3050,1974,0,0,0,1,0,241,904,4069,268,132,3244,37,1,29,0,17302,53,12,0,946,7,16,0,3080,308,1,1,0,0,1372,308,2,196,3,0,0,0,0,1,2,5,4698,107,0,0,539,41,15,861,26,1,2,2,5,1,3006,0,0,0,1,1,13,0,37,370,0,0,221,246,11,0,6,12,1336,0,16,15863,3916,0,0,1,1472,3398,1,1521,0,0,175,3,158,0,0,0,0,0,0,11,1,139,949,0,214,0,20334,0,0,535,0,18,923,11859,0,0,0,6,36,25,0,0,0,0,0,191,72,0,0,167,23033,0,0,41,2,0,2263,0,23353,1236,63104,6,70,1,18,1,0,3973,0,0,1761,3060,0,8,64,1,5,1,370,103,2,19,7,0,38,4,45019,0,328,0,0,74,21709,0,5085,2616,0,99,0,923,29,21451,380,17,3,0,14,2,1,0,1,0,2197,40,4,346,13,548,1,0,714,1186,17,2429,3,0,329,0,56,2,0,0,4754,44,0,25,76,22,1,6916,37,1,0,1606,0,76,34848,3785,18,174,48,16,1,0,1,0,4634,17,0,1242,39,1214,223,0,2,518,366,255,0,1,0,113,0,29,0,0,6,7,0,0,0,0,19,0,2779,2905,2036,344,98,1216,154,0,112,4716,18,1,1,1391,1,0,185,2,8,2895,19760,13,1,129,33,0,436,50,8,1,0,1286,4,1,0,22,1138,403,0,1,5648,783,27,0,1,0,7,0,0,0,435,1224,5,0,590,0,30,0,41,7,0,0,2,881,0,59,1,936,0,1608,18,0,386,5,21,0,0,0,4,1566,0,0,0,107,929,0,0,0,189,2532,1819,15,5,770,0,100,1,50,1523,0,1203,642,0,0,0,8199,8,0,1985,2790,0,54,7,268,27,643,0,20,121,3,52,0,0,0,0,3694,98,46,0,80,0,1256,0,4084,0,12,31,17,0,57,0,40,10672,0,286,297,8,1848,1,385,2,0,6823,0,2006,22,69,7,4364,0,0,1,0,1709,168,4,1,1393,80,0,2,0,7875,0,3,6357,58,7,42,469,247,0,718,4,0,38,909,15,318,0,1,0,6,9215,0,0,0,0,0,1783,0,0,0,0,112,4,0,0,6,30,0,0,0,505,0,659,0,2,1,21,9296,64,0,0,26525,4593,3291,711,257,2,41,1,3553,1413,0,29,0,0,0,2,23425,0,0,0,0,0,46,1,1220,1,40068,0,4528,1,1,889,0,3,1413,424,1,0,2,296,0,0,2245,0,417,1059,37,0,1806,244,0,2,5760,0,4745,88,0,37,16,35,1217,15,1,94561,1751,0,0,0,6435,0,257,221,0,0,4,80,577,0,1394,1334,0,0,0,0,5,1827,1,11103,0,12,0,0,891,0,2215,2857,0,972,0,0,1392,0,76,157,12,629,0,1586,0,0,16787,0,927,35,9203,102,0,1,8582,549,892,63,316,0,1289,7,344,0,274,3,63,0,0,0,36,358,51,201,0,2695,0,0,208,0,89,6,752,31,13,3305,0,0,0,2,0,8,63,66,1,311,0,320,89,0,0,10,0,11,3615,900,0,42,0,3,6,0,17,677,137,8170,0,0,0,0,2236,5247,0,0,3018,8,1,680,22734,3610,0,0,2697,1,0,52,2007,0,0,0,1423,63,1087,61,646,135,814,0,1,904,0,36,3,33,0,502,2,864,0,0,4,36,0,146,0,0,2,0,0,2,0,0,5,8,0,431,88895,16,0,3,1264,2,16,0,7,1,0,2954,0,25,1,16,0,5,347,4,1,0,386,0,33,1,0,0,0,0,1,0,1,0,0,0,0,0,170,0,7,885,0,0,1808,820,0,8323,553,0,34,121,0,0,0,0,0,27,0,0,194,1,15,9,0,0,0,0,22,0,0,0,18,0,36,0,77,0,120,0,503,2854,0,172,0,0,0,186,0,2847,3927,0,0,0,8,0,328,8,795,0,1,0,680,1,0,3318,0,0,15931,15726,113,1,7,1,708,0,0,36,1,0,1405,0,0,21,8,0,61,1,61,385,1,0,29,1262,1549,2,632,0,440,549,4,81,585,49,932,0,1,19,8,32269,103,4484,10,0,7,0,10,4,0,0,3,236,0,8123,2885,4,5,399,0,8,0,131,0,0,54,0,0,0,0,14,684,27444,1345,1453,433,726,301,0,1,0,212,0,184,1,134,12,42,1634,413,12,0,58,21,7715,2,9027,104,1,2780,0,5,1,2815,5871,0,154,0,1,0,6,1122,2587,27,1,2,2,0,909,9,8,27,0,43,7,3162,91,7,10,0,3,97,0,1,0,1,196,1,0,24,9522,2869,0,0,451,16,147,0,6,0,8,7,2,0,0,14,0,1821,2,0,26018,0,5,1894,5,0,378,433,1,546,71,4847,0,5,0,0,0,102,2353,3284,5907,0,34,2579,34,5,0,0,0,900,2842,0,16852,0,62,0,4,0,0,0,78,739,337,11970,0,31,286,6026,1,0,12,478,904,2,0,0,0,6865,14,42,0,0,36,7,0,2701,0,0,794,850,8675,0,0,0,7,34,0,7,0,1629,3006,0,8,2,6,2005,1255,189,1,0,2,10,1,0,3,0,1,0,1,0,0,204,14,0,592,7,247,0,1544,0,9782,6573,84,1,1,1,332,1,2,0,1027,774,81,0,639,527,2195,7519,0,0,0,0,13,1,1,0,0,2,1,0,1051,282,2486,0,204,0,2,360,17163,0,1050,7,48,58,13,39577,1532,5813,19,2,0,0,0,0,7,7125,0,8,0,39,1,0,0,596,69,0,414,5032,1,0,28,0,0,256,780,455,2,0,0,2769,19,0,0,1091,42,0,2515,2838,46,27,38,15,3,707,2,2,7,394,139,16,0,6,0,0,0,2081,1,38,0,111,7,2070,0,87,0,1953,0,846,0,162,0,2395,0,0,0,0,4,2,12,0,9,0,0,5162,0,0,1,0,3,0,144,154,0,0,0,778,5,116,0,12,0,0,1060,14,0,0,350,0,11961,0,1,21,1192,0,122,191,1,46,12,0,1,0,1166,181,520,55,0,77,1996,100,0,477,36,4,95,0,182,2,946,1,1,1774,0,11005,1,0,1383,16552,458,69,42699,9010,9128,0,8,135,1147,9,8,0,3782,1,373,0,0,2024,0,0,0,21,7,33,0,110,66,0,1,0,0,1,0,5329,3,188,4019,557,5246,0,947,4,65,0,4,17677,0,22485,14266,0,0,0,0,121,0,134,0,10051,0,0,10,0,0,863,91,0,0,0,0,2,21568,1,261,34,0,0,32575,58,451,339,1033,0,0,0,115,0,0,242,0,1,2,0,1396,0,5,7,0,22,0,0,8,14700,37,12273,0,9,0,0,1,0,0,6,0,276,3120,339,316,86,0,4,61,0,0,2872,13130,4,841,0,129,400,100,72,0,76,177,2,180,113,31,11,6,0,0,814,28208,0,7,3,13,11,50,538,10,4,39,0,36,10,0,286,8,26,0,34,5840,17435,2991,0,0,1120,405,0,4582,183,1,0,1593,16560,5065,7914,0,2355,133,8610,1,0,2,0,254,0,9,28,0,0,966,2,89,15,247,33,8846,18,0,0,0,0,1,0,62,590,0,268,12,17,598,2,0,0,1,54,53,2,39,319,429,20,0,488,0,90,4,0,7,0,1335,439,51,82,44,1,0,0,0,208,26,6,0,3012,5955,3,0,0,279,0,41,0,2,7777,0,0,0,17,0,741,55,1,0,0,0,134,41,0,0,11,43,0,0,0,0,92,714,0,2075,0,0,67,4,30,172,0,302,1,0,0,320,1,843,131,0,0,2305,0,0,0,2854,0,90,0,246,0,0,30,45,2,913,1,0,0,15,391,25,412,26,12,0,1885,23,224,657,0,789,64,341,0,1004,444,81,0,600,0,3553,142,76,59,290,0,0,973,0,0,0,32,115,0,0,0,1,0,0,85,22,0,3,2,0,0,0,0,9025,0,5602,31,0,1657,0,4092,358,0,4,1,6,22,0,1141,0,1978,0,26,3,10,0,34,7,0,0,0,0,2012,0,80,406,6,4,878,0,0,0,84,0,1,1732,1,11,1072,4,0,158,0,79,0,1592,0,129,11,139,1747,14,4,0,1,0,27,0,0,970,0,27,0,0,114,8145,2,0,0,1,2824,0,8,0,103,0,168,4059,2523,556,196,2,287,0,0,5157,9,9,0,0,5,11,3,1621,315,0,3,0,0,1202,0,0,61,43,5627,0,0,1,0,0,0,0,22,673,3,0,84,15,6,261,14,0,0,1,1,48,449,6712,47,9,0,8,307,17,1,1,0,240,408,302,0,0,0,0,2,0,0,293,0,3,597,1,97,0,0,18,1,270,10,3,1289,0,0,2778,0,26,0,5234,0,0,0,150,874,0,483,1216,1366,1758,0,14,8730,0,6,825,0,13,0,0,2,7892,0,2,194,0,132,0,25,997,0,3,0,25,4556,32,148,307,1,0,48,0,73,90,70,0,698,31238,91,0,0,0,488,0,0,0,0,47,0,1,0,0,3510,18,135,0,511,80,833,42,24,413,0,2543,0,0,22,1,268,32,0,0,1194,0,224,2,19,0,1283,3,7684,0,0,0,9,16313,534,0,1346,1,0,642,7,57,5668,0,0,2742,144,32,6,0,31,0,0,451,0,340,1009,206,2,15,7,2529,1,5112,57,1,252,0,3,0,0,0,1,34,373,60,8,0,6,0,2547,416,0,0,0,0,0,0,2561,0,3,572,4,10981,81,866,21,23,1,258,0,2730,4806,76,1,10,0,1251,17,5,230,0,0,1490,17,18,0,0,3265,0,55,27,0,0,24,139,149,6,1657,569,66,0,0,1,159,0,22,0,0,513,0,0,72,1,668,0,1,0,0,0,381,0,285,0,1,250,490,0,2,5587,10,6,0,47,3030,0,835,1,0,14003,4,176,0,52,97,323,6508,0,0,18,26,3162,0,3,0,1,0,5895,93,13,0,227,37,0,2,0,33,39,31,0,0,2,0,0,0,0,0,427,463,2167,164,0,27,0,1,0,29,0,0,0,0,28,0,1267,625,687,0,7,8,0,1880,29,56,2,0,0,20884,12,0,405,0,0,0,0,1205,5059,0,1,0,0,0,22,0,0,3252,2,1428,6,401,0,0,0,0,1385,1,131,1191,84581,0,2420,1,705,141,2,0,0,0,29,0,0,31,719,2133,2209,166,20,118,56,616,675,53,0,9063,229,0,26,73,2,1,6,36,1,0,155,0,0,96,0,0,2,0,5733,0,6,0,212,270,4,66,271,0,370,1,0,0,353,5,1,525,0,2,0,2,0,1255,41,18,91,66,18,3,8,18,0,0,0,133,0,1015,2317,0,106,0,2,469,5,197,0,2,1,393,6182,1,66,0,510,6855,387,0,0,0,127,0,3,0,0,1607,71,34,0,0,2254,0,0,238,0,12,58,0,416,4,0,2821,0,12,0,585,3,5,84,3,0,2390,0,0,0,0,16449,0,0,3161,0,181,1,325,1,47,3517,23,0,0,0,0,2,0,318,49,0,11311,0,0,0,0,309,44,0,0,0,0,0,39,3,0,2019,2,17550,0,0,0,0,1,0,17,3458,33,714,0,1144,2,0,121,1,0,1291,295,71,5,1,78,0,8,0,4111,1,2,0,0,0,16,192,1,3,74,0,3,0,1697,0,1,413,217,0,241,196,17,35,382,691,153,0,0,12,0,115,971,9,14,206,59,2,47,25,1620,0,9,1,3207,0,1275,0,74,716,18,4548,0,22,18,484,0,1413,25,3528,1,0,0,501,0,0,0,0,371,7,1,114,0,0,6,0,21814,0,1,0,3308,0,183,0,2265,133,0,0,774,22501,147,11,3,0,59,4,0,1,16,51,278,2,0,0,0,0,0,156,0,6,684,5,0,1,0,15981,15,2,309,1,661,88,0,0,25,0,369,75,4809,5,2,0,8,2,0,0,1254,0,2,2828,29235,0,0,1285,386,2,1,1,36,0,0,455,0,1,1730,13,0,0,140,213,7,9949,3682,0,47,0,547,0,0,1,0,9,1,4,0,0,151,0,974,0,3,0,0,0,293,1741,12,28446,11,0,4,17,7,0,4237,5,0,0,18597,732,9,267,0,0,0,3752,13,0,0,0,4,0,4259,1903,0,0,0,0,0,5,93,3,544,13,4,126,1229,16,0,0,0,0,52,169,9,656,62,399,64,0,0,0,0,0,0,0,104,1,0,44,0,519,0,198,0,105,2,698,0,0,54,199,0,0,2771,2104,32,14,0,85,0,116,2102,2484,96,1453,1,2,1303,72,1,0,188,1238,0,3,0,508,135,1,0,0,0,6,0,119,22917,0,2,8674,0,0,18667,17050,0,0,40,2,0,0,116,28,57,0,867,1768,12,0,0,0,0,0,5,0,102,0,5,7,0,101,14,638,1,378,0,0,0,12,0,132,0,2364,1523,37,0,9,0,300,2,87,794,802,121,0,0,12,0,53,0,4,4,0,11,0,816,2347,0,9,161,0,0,104,2978,0,253,0,2,0,1,7084,0,0,116,13,0,429,103,6,0,0,54,0,0,1930,12,6092,2,4998,1121,2,0,0,983,241,1364,0,1,0,128,53,69,1388,934,1,33,400,8662,0,131,93,0,2125,2079,0,49,4,841,27,1075,0,1938,1,115,10,0,0,2,0,0,1,1165,0,37,7,0,0,3,0,25,0,645,2366,0,244,412,1,0,5825,0,1,37,1225,1,0,226,670,2,0,9752,134,759,3,6,1719,1,55064,26,4,0,949,1,0,3,0,21111,0,636,0,0,215,6038,144,0,3,278,150,11,0,13,23439,0,17381,0,4,257,0,688,3,22,46,0,0,4,0,0,3,770,27,141,0,0,0,0,0,25,0,0,99,13,0,1445,2,0,339,4390,1519,0,0,0,0,0,0,0,0,0,3,2,103,0,0,0,16,0,0,1640,40485,0,2176,29,0,118,168,979,26,1,1882,0,0,149,32,0,11,44,0,11,5,589,4,1175,434,0,102,2,0,100,152,0,101,0,1156,825,0,0,0,1,37,2,2018,0,0,10,4,34,280,0,6,4,0,4802,5,52,0,0,0,0,1,27,6,571,0,0,0,23466,4,667,0,180,0,0,133,6005,16463,596,17,0,1,337,0,117,288,3,0,0,0,53,0,293,0,42,11,0,0,2379,12,535,12,455,0,217,0,136,0,0,13,2,13,1326,16607,7,16,130,3066,75,388,489,1,864,16655,455,63,1846,311,235,1,130,0,0,10846,1,0,3,0,0,0,9,66,0,0,118,0,2,9,0,6,0,1006,248,0,58,0,767,0,0,176,2,13651,113,1954,2301,0,0,1,247,4666,4122,0,1,1,6,0,2023,0,0,0,0,137,0,0,0,526,0,0,6,2226,85,686,16,162,282,11,42,7,4,163,0,1116,8754,341,0,3106,2869,2674,34,1,0,0,5703,0,0,0,7,95,0,88,11,0,12,0,0,0,0,0,0,10,2,75,0,21,0,0,2990,35,824,11,8909,90,773,0,7,17,28,64,6,0,0,0,1414,14,0,0,6,0,4,169,1248,0,879,39,17,86,0,2,1,12,6,21324,0,1,263,619,5569,0,0,2411,3700,90,0,0,32,0,0,2253,3,3,0,1780,2,11,16,3,0,11,57,0,0,0,0,7,5,5473,0,5,33,0,0,94,541,26,0,314,187,0,0,0,7152,2269,0,114,0,0,51,0,5666,0,0,0,0,0,1,717,14882,255,16,24,0,340,0,45,16328,5580,93,28,0,1276,159,0,4277,3620,0,969,0,0,0,358,256,0,0,107,0,2579,736,1328,0,0,13,947,0,3,2,0,82,1,1393,1663,1,2994,614,143,0,0,572,22896,1,1,2,0,6,4500,7,4,9,313,0,343,447,0,107,37769,17866,15,1,9,3,2,0,1,1,8533,24853,59,355,774,0,441,1,1713,282,771,22,12529,1,0,45,25,0,0,16,49,0,21,0,2,1,295,326,0,11,0,0,49,1,219,3615,0,866,68,4260,0,4741,0,8,0,658,176,15,1722,845,276,0,560,1,0,0,5329,5504,0,65,0,0,31,2,0,2057,17,3,139,44,90,1402,1679,0,435,8,708,116,3,19,0,0,3,42,3,0,24,0,0,680,120,1121,0,38,51,80,20,0,318,0,2,2,2,388,120,0,0,0,59,695,0,0,0,3805,29,0,107,3460,10,2229,18,1,0,0,0,6,0,401,0,0,0,3,2,1,0,74,41,1,29,0,54,0,62,4,593,100,351,50,8,478,0,1405,927,0,2171,497,1475,163,0,0,0,1,0,0,0,2868,1,36,39,434,2,19,0,3791,125,0,1300,8,0,4,4,0,4,483,3171,52,0,15,15,0,0,0,373,0,288,0,0,0,23976,451,7792,3,10,774,2997,1577,22700,0,35,10,3,0,76,0,0,5,34,8,0,0,0,0,0,4825,18,0,0,0,0,46,0,2595,27183,3,5,1964,67,0,0,0,45,0,0,4,0,4004,0,0,6061,16,192,0,3300,6,2,0,0,51,9,0,1,0,0,0,866,1871,466,86,0,0,0,1400,0,0,123,0,1,8575,59,35,11,2306,0,64,1,541,89,0,260,0,0,0,23,112,0,13,19,32280,0,0,7,0,0,364,269,0,0,81,0,134,1,28788,1,0,114,0,15,196,51,3,0,0,8,6874,3,0,0,184,0,7,5092,1694,0,153,3,1,0,0,612,0,0,2,1,164,3,0,0,389,61,0,46,281,3,13,2194,0,1041,0,847,3,16,0,4,14,3217,19,9,0,0,2913,0,6,1,0,0,0,0,0,332,0,693,0,3,0,110,0,3686,696,10,1,3,0,0,3,0,85,8424,0,981,12,5,560,2,0,1290,956,32,701,0,25554,0,21,0,1859,83,0,1,428,0,1029,0,1,0,16040,22,1,4131,1088,173,0,48,6,0,210,87,10265,0,40,0,0,181,3561,0,792,2347,0,5,0,103,0,0,0,1,9584,1,640,210,1,2,0,302,0,133,4,2,0,1,2497,27,21482,1765,22944,0,0,81,35,0,0,1437,2,8,157,703,0,109,52,0,3569,0,119,0,0,8,1,0,18,175,731,0,124,3,7012,10,0,0,206,80,9,0,0,107,225,1,17,3274,150,6,310,26,4,1,0,70,24,0,118,0,0,0,0,51,11,2,0,0,8671,0,0,36,1055,149,10,942,95,73,5686,0,0,0,0,0,1,27,166,46,29028,369,37,0,4,3397,15,1,0,339,5314,0,729,30,7393,15,193,142,1041,951,62,0,0,554,842,5,0,136,33,1270,2,5416,0,39,0,14,847,0,3,0,111,2544,140,1,19,10,1,2814,27,0,5829,0,8,1,35,0,4548,176,80,5678,0,0,7,1231,3868,44,0,842,0,0,0,0,8,270,5,28,830,0,6,51,0,0,151,7,713,0,2286,362,0,17,0,617,37,0,797,0,1,1354,3,6,0,10251,322,1017,0,2,21,44,0,25,536,0,312,647,2,8,0,41,1,3721,0,4367,27,0,784,0,0,13,35,0,8,4,0,0,4,1836,0,10,0,59,1,0,0,2,1326,4,992,0,0,3,2,0,637,18,0,0,4583,58,2308,5,45337,0,3812,0,336,0,329,14,1546,45,2392,22,0,30,0,6991,0,598,0,0,0,0,0,128,1,6390,0,2,565,0,2,0,93,0,7829,0,18,0,1,20,0,0,0,0,4,0,0,2,24,0,1,0,326,4,0,0,6371,3,4,15,0,0,1172,2,34902,0,29,44,4,665,0,107,63,70,0,0,435,0,0,0,0,248,0,71,3924,0,3,2186,53,0,2,0,19,9,2153,0,2,0,0,1,4187,0,4,5195,0,0,9,200,0,0,19465,2114,206,0,0,7475,98,296,25,0,56,42,0,1591,2424,2856,13,133,334,0,17,5,17,367,0,33,1,29520,0,2637,89,4,2,0,0,5,0,0,55,0,4,735,0,0,631,46,3,2705,0,1060,9,0,0,105,432,2183,0,711,3276,0,6518,0,0,445,43,415,127,2,3903,35,732,18,141,2,0,1,1,1,78,5,23,3587,16,713,0,0,9917,17,0,2,14919,4597,1,444,647,34,367,321,8,110,0,2997,0,0,0,0,2,328,0,0,155,5898,2864,0,1755,0,0,0,7067,4,21,0,3,58,17,122,2,213,0,237,13,0,456,3,0,189,12,434,2814,905,0,0,0,0,4,199,845,46,0,12,5,168,1,84714,5,9,0,76,8,25,6,0,125,0,3,600,0,241,0,2243,12,101,3419,136,0,979,172,183,0,1,123,1,0,93,9,0,602,70,1082,591,0,0,0,782,311,3169,14,69,78,0,0,11315,0,0,0,487,2116,0,0,0,17,1237,0,0,2,2,112,13,28647,0,5269,0,66,2088,126,8,3,0,57,7154,235,48,23696,127,0,771,1972,0,3,0,2744,0,0,81,0,28,3,39,0,0,3,70,0,22,20930,7044,4134,0,0,0,15,21,1,0,0,1,0,6213,8590,0,18,0,0,0,2173,79,676,0,483,0,2,6456,0,0,0,11725,2564,0,1,1,0,0,2601,506,0,8,2,13,3,0,4205,0,0,529,1,0,2,4743,1,67,1919,0,359,3604,607,4,34,0,29453,5,0,12725,100,4,7,780,1,11,25,705,2966,3,854,19,0,25,39,19,76,0,829,0,1,178,1763,4,86,84,1,12,0,241,0,585,1,0,0,0,0,392,2,493,0,27,1179,10,119,0,458,630,6,0,1075,17,3068,55,0,0,0,0,0,858,0,66,383,0,7429,2,551,0,0,0,0,0,23,966,8,0,0,92,30,86,193,0,6602,0,0,236,0,0,8,0,64,1,0,1159,24,3,1017,218,19,0,0,0,3111,253,0,0,588,1,49,0,72,556,0,0,1984,0,0,6,395,82,82,2264,0,0,151,0,0,11466,8838,145,300,54,14961,0,37,0,2,0,0,0,41,1,0,20,0,0,0,24,4637,35,17,308,0,59,4,360,0,7058,0,329,0,0,334,11,448,0,0,0,0,151,0,1,2,2,0,0,648,0,34,1,0,1,245,1,1,5,0,2177,0,0,0,41,148,0,323,9754,310,0,4508,601,0,0,131,138,0,0,0,365,0,64,0,80,9,81,5510,1,26,0,4,0,1161,4548,272,0,0,0,4,1,164,0,995,7,0,107,0,1,76,0,0,3,1538,0,0,18,0,238,663,295,2,81,1095,645,9,0,95,5,10569,0,0,0,0,1566,1721,16,58,0,25,1,5,748,0,0,274,0,2254,0,82917,0,22,0,5,0,175,4,0,1239,14064,431,746,0,429,718,0,0,21413,0,0,578,16,0,0,123,506,885,0,0,0,46,0,264,18,1855,463,0,0,3,708,2880,0,7,0,27,31,111,67,0,8,3,2,4375,544,0,1244,1,0,0,1,2,6,905,1,0,20,2,0,0,9,0,0,7,0,1,0,0,1,1,29,18,336,71,1,6222,6131,0,125,339,1,0,0,0,475,217,460,4621,1,7,1,18,19,117,22,0,207,83,49,7,5691,0,0,0,0,0,0,0,0,74,4027,50,0,0,2,9643,0,1723,96,0,7194,257,68,0,0,12552,4,0,0,0,1519,0,0,59,0,1,2,1,21,0,0,10,1,919,25,1,0,7,14355,0,149,9,6552,0,421,6,43,1,0,0,0,0,29,2,17915,2235,288,0,0,1,0,0,161,0,13,129,0,0,106,11,0,0,0,0,0,1,4319,5,0,0,2502,0,0,12,0,482,0,0,1,8,44,138,113,17,0,185,0,1331,214,0,0,1397,0,122,0,8245,0,0,4599,0,6,7,0,4536,6,0,130,2,1,18,4,0,0,0,0,0,402,2,94,19,8064,0,93,4936,3,0,1,0,0,45141,0,3,60,122,27686,760,2,705,0,0,0,0,939,0,723,0,8695,125,1463,8848,0,45,0,0,2,0,0,5818,0,0,4,25,6,0,0,3,3,0,1,1071,954,0,0,0,42,1507,64,3,2,0,176,370,243,3,0,0,0,8,92,114,0,0,21,0,11092,0,0,14,0,6,1351,1,0,246,43,0,0,74,1,0,0,0,0,17,1,2,0,4,0,3,0,2585,1,1772,4,1,47,1,99,15,8,880,730,0,0,0,729,0,181,0,2,221,0,1,0,129,0,167,522,0,0,421,6667,1,0,49,0,0,1780,1457,0,166,6,5,305,2,0,4072,8,1,61,3,40,1,37,0,3,1,0,0,0,526,3089,3,131,761,7,1619,0,22,0,59,60,626,80,203,58,322,0,8,2,0,1,0,14,0,37115,73,0,0,0,569,0,75,1856,0,819,11210,29,6542,1,2,0,41,6,126,509,27142,0,12,492,6403,4,1,0,0,38,2,0,0,0,0,3279,11602,0,195,0,0,58,73,4,0,0,3,28,0,3272,1,1,0,3,0,1,0,1,0,2,6,0,1,3,3,712,156,1027,0,2924,23,0,380,613,10374,466,0,3151,0,63,0,137,0,1809,1,264,0,0,44,0,1650,1103,0,0,251,104,794,815,0,1321,1171,212,0,159,225,0,3,2852,2,1897,6321,62,1,11,583,5428,0,2,31,0,2,0,0,27,24,0,1532,1140,4475,0,146,5,1,41361,0,0,666,0,27,7,32,66,0,5,159,0,4,213,2319,4024,0,1,14,0,0,365,1,0,491,14,41,3,27,264,328,272,0,0,0,1,78,0,22,1520,0,22,0,5,6945,10,6,0,32,1,0,3,0,5368,246,1,542,0,14336,12,12,0,0,2,0,0,0,0,394,2,12,0,22480,102,967,0,2,73,8,9,0,1,0,17,81,0,268,3400,0,17,6818,0,0,1,13,217,0,566,0,520,9,0,0,0,6484,0,6,1,62,0,561,0,0,0,0,67,10,0,0,0,0,0,624,206,1131,2949,38,0,48,0,619,3699,0,1,11,760,0,0,33,11322,0,0,0,4,9,0,4513,0,921,2956,25,0,0,6399,58,0,0,458,0,0,0,0,7,2,58,1,577,0,19,2,5329,105,0,5,4,0,376,0,34,0,163,4,6,161,0,206,0,4,6188,0,1,5,4097,2974,9,0,0,4042,0,0,2124,4,0,0,9,80,41,1,635,1318,517,0,0,680,0,0,3258,0,1,0,1479,0,0,10,22957,0,86,21,1,5550,56,0,73,10,1,21,360,0,215,18,48,1074,1718,1,1,0,1,694,0,0,1,0,0,6,411,3,0,0,0,0,1,1915,0,0,19,458,0,0,16144,3629,68,7,3,0,3148,2,0,7173,6,0,86,22641,1,995,119,0,291,79,277,119,7,0,0,1851,121,8,12607,141,30,212,31,335,1,0,20,0,103,305,0,665,0,15,1,291,0,0,200,2,0,0,70,5,11931,18377,2433,0,0,0,864,129,0,18,0,0,3,4064,589,1887,11,219,2030,1,2,39,1,0,112,4971,93,46,37,29,4,1151,1395,1005,90,0,0,0,1299,6,0,70,0,0,0,106,7,67,97,26,20,0,9,9,0,9282,10919,0,133,102,1499,0,0,3,3103,0,19,20,23,533,3,505,50,30,87,1602,11,0,1590,0,0,8,14,1224,0,0,0,0,36320,0,68,22,0,1,0,1,1,0,18,5,96,1,0,0,0,0,3743,29,5833,72,878,22,0,6462,24,564,5186,2,1406,2592,0,0,527,78,0,0,56,613,0,374,0,5561,367,142,0,49,0,40,1,228,0,3439,0,350,10446,6,1,0,951,0,0,122,1,0,50,3,25,99,67,8,0,392,3,122,20,1172,0,0,3,13,227,0,4,0,175,48,0,8,1,1015,0,0,229,0,635,1232,0,2,2,1,17,2,1,1,0,1904,5248,96,11,0,17,5038,449,682,19971,0,5087,160,52,51,193,6421,120,0,0,16361,2389,9533,0,0,0,782,0,571,0,10,3225,2,3630,3,0,9,0,94,224,2178,14,1126,23,0,8,0,318,34,1,1,4378,3,0,0,0,101,20,0,3193,264,0,0,16,86,239,0,1465,0,0,0,0,0,16168,4,7863,24,0,8,34,0,266,213,0,12,0,9689,0,0,13,7,0,0,3,0,8213,0,15,174,5941,0,2353,0,114,0,18,304,0,2,3611,0,3,0,4,0,12,1411,0,52,465,17,115,108,40,0,4,2,0,1626,13,61,9,7,0,4,499,1,229,9608,0,1,0,1,0,0,428,107893,10,938,33,0,0,2813,1,35,0,0,26,386,0,0,0,0,1,0,520,0,0,1609,0,20,3287,2186,0,32,24,22,5,20,1,6784,0,41,0,0,4,0,37,1119,0,33,37310,0,0,0,6551,0,0,34184,240,0,1413,1071,13,12091,57,2487,131,679,0,0,7,0,1,1497,5,0,31906,7,207,20899,1223,11,0,0,0,6,0,37,32,3,54,0,0,0,0,0,2032,0,18,0,0,8251,506,3,10,5,3457,0,2568,0,2,290,0,1,1464,9,12,0,0,8,0,1,0,45,0,20,0,3374,0,52,0,1,0,0,0,196,0,0,20,3,0,35,3,1395,134,6,0,2,13319,752,1,49,0,0,603,1,6,2,0,0,0,2,0,0,263,102,0,2,0,734,2005,0,0,2,6,19,1,0,1,365,22617,1841,190,4,3,1305,1,3,414,862,1,402,0,0,2,0,8,0,0,1517,23,440,5,6410,0,0,6387,0,372,0,1440,62,1091,99,0,0,0,2,1301,76,353,1,3901,0,0,0,6916,0,77,685,0,0,0,279,10637,39896,1,2428,0,455,835,0,17,42,0,0,0,0,13325,1,0,0,5668,1148,0,128,0,663,0,1,4,0,13,0,0,0,0,3,155,0,557,0,2004,159,10262,0,0,43,0,0,9,202,0,3,101,485,0,12,2,1655,0,2312,16,4,212,59,0,0,0,5,0,153,6,2,49,647,0,20,3,3042,10,0,0,0,0,0,15,0,1782,0,818,5,0,0,0,0,170,0,6716,3384,842,1,0,0,78,0,0,20,2209,233,0,2729,351,3620,3,0,0,2479,2509,0,0,77,615,5,1,0,179,0,0,0,0,0,0,0,5101,29,0,0,0,81,471,0,37,10,1,0,0,345,2764,4,2,10,0,1,37,0,1,0,2,426,721,0,26,0,0,3,6,81,0,0,0,0,1205,0,0,0,21,0,2,66,0,0,58,0,0,4,561,28,10,0,77,4352,0,0,53,0,6,0,11,0,1213,1559,146,0,0,0,2163,7412,957,382,236,0,0,12,1989,0,0,1354,0,0,98,4,0,1568,6,2008,2480,149,0,1613,1,0,0,1,2,0,0,435,15,0,1,0,187,0,2,0,3848,2,0,23,50,0,0,1,0,0,40,11,0,0,0,0,0,20,277,0,5587,1156,0,377,28,3322,397,0,16618,106,1512,0,0,17238,0,4,0,0,2242,35,873,4,107,0,0,0,0,0,2576,0,6,0,86,136,128,3122,0,53,0,1,777,100,288,0,0,194,0,0,2,0,0,264,54,0,2,3622,12,1169,0,136,0,0,140,1195,18,57,6,983,0,0,0,0,5,65,311,1590,0,8113,11,0,0,8,0,187,1,0,11,3,27,2,6,0,489,64,4,70,0,6154,0,1,955,0,45,0,0,99,0,0,770,0,19,5,1239,0,0,36,0,0,2,290,1434,351,1,9,20883,1796,0,2021,856,1,208,0,0,4,57,34,11,283,0,0,37534,33,0,0,59,0,1097,81,2,0,0,1,5,40,1320,824,1635,525,3,0,0,0,1231,0,0,0,0,1018,54,0,0,0,0,2,1,68,189,189,0,0,0,29,1,0,0,4,3,0,10,9187,0,12,0,486,0,3,190,0,1798,1,0,0,2,0,35,13657,0,2483,0,0,504,0,0,481,325,2,0,11045,0,25,0,950,0,0,815,1,1,2,0,1009,9,4080,4,29,0,4,0,4457,0,0,20,2603,0,0,427,6225,232,0,0,1,0,5170,10,1,15,152,541,0,0,3303,5,931,0,14,6,0,0,0,0,3,7,0,5,109,0,4,3,88,4,0,258,0,22,1898,9,2895,217,385,68,36,0,0,0,8226,120,0,0,74,0,0,1,0,279,0,32837,652,0,321,107,396,0,10750,28,0,111,1,0,22,54,107,0,0,1,1,5,17112,1410,471,0,594,17,3029,0,1,0,0,0,27,12223,442,0,41,170,0,0,204,10,0,0,0,53,3,0,0,50,1142,0,213,9,82,0,0,0,24797,2357,1,0,1,512,0,564,0,0,0,0,1,30,0,9,0,38,170,13,0,13,7,0,118,2,145,43,2633,18,535,0,454,0,3,0,26,0,0,0,0,0,2,0,111,47,0,45,0,2338,133,18,758,2740,14,1,3,0,1386,0,0,0,0,20544,17,0,1,1426,3,63,77,0,1,557,0,1,14,0,1,0,0,385,0,831,57,0,0,551,0,0,0,0,0,0,3850,0,0,1697,11,163,11,19930,100,126,4098,0,0,38,4,104,15,0,4,74,647,0,419,3,1,0,33,2787,176,0,2,11,0,0,1,1,2,6,0,0,1,1,0,0,5,8,0,32,4,0,10,1,0,39,23082,3152,0,93,1722,26,0,0,0,197,0,2966,7578,28540,0,78,0,16,284,39,0,1,0,9471,0,396,440,1,10,0,30,0,1843,620,2096,38,21,134,0,304,1008,218,86,0,0,41,0,223,0,0,0,0,129,0,0,11,0,240,0,5,389,4,0,0,2667,0,8,1,130,0,3641,1127,206,651,0,425,0,5895,0,2,186,0,80,4,1781,5262,2513,5048,2434,27,1,0,0,723,1687,7762,4,964,1,9,0,94,210,3,0,0,3,33,0,7,0,0,573,132,2,34,0,6,35,0,6,0,694,1,38,0,63,117,2048,93,16,24176,1,26,0,553,0,130,2692,86,5,1752,1590,15,0,1,0,1,35,599,49,15,0,10,0,0,47,405,707,163,149,8996,727,16837,28,1459,0,277,51,293,839,3,1,1,7,30,4816,16,53,55,548,35,94,41,0,1184,28,0,0,16946,40,0,0,0,100,0,1,0,0,0,2,0,42,0,0,52,0,16,170,1,0,6,0,910,0,392,8,2320,111,1,0,0,0,94,0,21,130,0,42,794,4,41,40,1,3054,329,13780,0,36,0,0,0,0,1,1,0,1884,0,1346,740,765,6735,1648,218,0,0,402,0,1,67,0,2283,0,0,0,1652,0,0,38,0,0,31,0,0,0,3462,1406,18,0,36,0,939,27,0,172,11,878,180,0,254,3,0,0,985,3,0,4,0,0,114,5679,28,0,0,490,8,250,0,11,2,17,0,0,0,209,5,197,14,15,1,0,21,0,382,650,0,1,149,19,7,1,0,0,12,399,174,2,109,41,2487,56,6591,406,2,0,563,103,0,0,114,1,155,447,0,3,0,147,1840,927,4,222,0,196,0,2434,0,50,476,14224,1,6792,4559,2,0,1,5095,47,6347,1,25,0,7735,321,166,46,4,6101,3558,15,1,974,99,1,1,5,48,0,28,503,0,4,46,2,145,1,0,42,11,378,680,0,14,47,314,3,4241,0,2,9,0,0,0,1210,20,0,0,720,115,0,79,2664,0,203,1,3,1,2,1,8576,4,0,918,164,27,54,144,4963,4,3,0,8,838,0,0,42,2,216,0,390,82,4485,461,5830,0,283,0,0,240,51,0,6207,3030,26,4,6,43,0,171,5892,55,0,0,0,56,23,30,76,4,7,4,334,3526,0,0,102,155,3559,0,3,3703,112,0,1,420,3,12,3,722,162,18,17,2,60,22,0,13,5,178,0,6,110,44,0,4,53,0,0,9,240,1,0,1846,0,113,0,0,7,0,6,29,364,0,4172,0,132,13,5,948,125,0,5397,4,0,16,773,32838,70,1465,0,0,0,0,95,0,11,0,116,0,7685,0,298,572,0,27,0,0,1,0,0,12370,26,2,3,723,0,1222,841,0,0,7789,2,204,0,90,5,0,421,37,1,1,3,60,0,30,1933,0,0,525,338,43,0,3,62,2,0,0,0,0,4,0,0,945,0,0,251,19,0,67,0,1666,9907,0,883,1,0,60,0,0,0,527,0,0,2116,171,4,0,0,3,162,234,0,4502,504,3,0,0,0,1,55,11376,68,0,8232,1,211,831,0,173,3,0,21,691,23,15,0,54,111,900,10,4,14,671,8,1,0,3323,1878,8493,3267,1349,0,123,8,0,0,4,11339,336,45,24,45,0,458,1843,438,141,0,0,0,109,0,0,506,0,0,173,72,0,1517,48,41,1,56,0,0,0,37,25,0,0,6,43,0,0,218,285,0,3,0,0,75,107,1115,0,4161,5,4,1,20845,2,3829,0,0,1296,265,357,3,998,32,0,0,1,1730,0,0,2,0,167,0,0,40,2,57,21,4,2427,205,0,182,45,4,74,6,1406,313,465,2,372,4,9196,745,0,0,5106,0,0,1,0,897,2,0,0,22077,51,0,0,22591,0,1,0,6,14,2,0,1,5,0,6,6,304,0,0,3914,0,18,454,1476,474,12,5,0,0,85,0,0,741,0,3075,0,954,15,0,0,1,31,0,3490,0,0,3944,117,6309,0,0,635,4383,0,73,441,1,0,10,0,36,20114,0,0,145,0,0,2,28,0,57,62,0,0,3,3,516,2,1,804,2371,0,1,0,11,28,0,8066,0,2490,0,874,56,307,2155,1,5,316,0,148,0,1,274,137,8,1,0,490,105,32,0,0,0,506,0,235,604,0,7,26,2,0,3739,27,1,815,653,0,0,0,0,23,0,100,0,8801,0,2,59,222,54,0,0,3582,75,39,446,22,1,11165,0,630,0,0,1,1,1,221,0,20,7540,27,0,275,0,525,90092,0,4812,112,5,2,1653,676,8,264,0,1,1,1,0,470,0,17648,3162,40,154,6,2341,0,1,132,4645,0,337,5,4785,0,0,1180,0,0,0,3,0,7,35,0,0,1,0,1484,0,0,0,0,303,225,0,0,7,2,0,0,1,0,1788,0,56,2,23086,1295,264,1973,5,0,2722,0,3,0,65,0,195,0,6,46,0,0,5970,61,550,0,15281,0,9005,0,0,1189,16,0,19,19,0,2,0,0,686,2197,0,262,0,5,0,21,110,27,5469,1,0,220,0,0,18843,283,0,14,1,17567,0,2,92,0,4,1045,6,0,716,484,0,6814,53,4,28,6,9,0,31,14,3,0,4,0,87,83,41,239,0,0,197,115,0,0,1187,24,3,0,1,0,2186,25509,0,3,0,4580,0,99,384,0,1,0,0,88,0,619,2,0,1,161,1790,18653,68,0,3258,11,2771,411,179,0,0,3,0,632,40,860,60,0,1,0,0,8016,0,0,15,0,1441,0,0,451,1380,1,81,110904,23,2,0,361,22,44,0,0,77,1,25,217,158,423,0,0,1333,0,0,6,1,101,1,0,489,2,2,64,0,28,0,72,22,87,108,282,3449,1,0,115,0,231,2072,4,0,1581,141,1,5,40,979,21,11,162,46,186,6,0,0,0,0,0,0,633,172,0,11,0,0,132,0,0,127,1,2,0,1,2,0,180,0,0,0,0,604,611,0,1,49,26,206,0,0,113,0,1405,27,0,223,0,0,0,226,177,0,2,0,1567,2,18,1,0,0,158,11047,77,799,0,30,103,1,0,566,0,1332,1963,1,0,1194,10,0,1,0,54,2,0,2,0,1,302,96,1050,10,1,0,0,3,13483,623,1,1290,0,0,34,4606,0,6,0,0,0,4,0,0,0,0,28,25,708,0,8,26,0,0,2,0,1336,2614,0,1045,0,5440,0,0,0,50,3052,12986,62635,17415,33,0,0,1969,0,75,6806,88,1,0,0,0,0,19,27,184,379,0,0,43,685,0,1,82,277,1,5,57,3,1,0,1032,0,1424,1636,24,0,0,2356,121,34,1012,0,0,160,11,10,0,586,0,11,2932,3278,22,0,13,0,2,656,7,179,22,0,182,20383,0,236,0,0,1,269,0,0,5771,2,0,0,581,23,4,2,1882,0,0,583,1538,6,0,0,0,0,0,81,6,0,399,1289,18,564,469,88,0,0,0,0,9,0,0,0,0,112,5581,3821,241,8,0,2,0,24154,0,806,26,1720,39,12,1,0,0,0,0,29,0,0,0,1,0,2,78,0,0,585,0,0,360,649,0,345,0,61,1637,22,2,0,219,0,67,1,59,2715,4,5,0,5775,4,0,1171,0,0,49,0,15,894,4873,9,0,0,385,0,1,0,0,21,14,0,135,2,0,1106,0,6360,39,1502,207,0,0,2196,551,2450,26,1,169,11915,1,2761,502,1,26,2128,24,0,826,169,998,0,274,5406,0,12965,17791,1146,22855,1,132,2528,452,0,11266,81,336,1959,178,0,2,48,0,3986,0,0,115,1,2,0,0,11,0,335,0,60,22222,34,1,27,355,1438,40,279,0,10,1624,493,118,0,13,0,8,22,1,0,180,30,1,0,1,20123,758,1,0,0,0,0,293,7479,0,195,450,0,122,0,183,698,0,3,1143,141,99,365,0,502,0,3,0,1,29,25,0,1,0,74,0,1,0,118,340,57,0,0,0,1,93,77,800,0,833,4,0,97,0,276,0,203,1265,373,636,219,2114,0,0,0,1878,22,128,26,0,33,630,7,0,0,5701,375,0,0,3967,0,0,0,2694,3215,13,0,0,4058,0,3,106,493,642,1,4360,21,391,251,0,0,1452,0,3110,0,0,15,0,551,4119,1043,28,55,68,0,0,7,8,2,1629,1,3924,0,0,0,17,1,11,0,2,0,56,1260,3,0,7098,95,339,1,32,2,0,0,1,0,0,14,80,0,156,0,628,3945,0,0,1,5,34,0,11,5894,3,8,8,20,0,0,1,492,373,0,19905,1,4,6,6,28,1,1,851,34,0,30,659,2104,0,2107,2997,2097,0,0,362,0,101,10007,0,0,0,1903,0,607,0,52716,2,147,3,0,2,0,129,0,68,1,12769,20817,75,0,120,78,0,3,64,0,1,0,0,189,0,49,1,1,0,0,2,1,425,0,283,3,0,254,3,0,1,0,0,0,0,0,2,0,551,0,119,37195,470,38,44,1,8635,182,98,0,96,584,1,0,0,6,0,170,0,4129,6496,236,5,359,0,134,0,29,0,0,2,125,0,0,0,8814,13,5,0,68214,0,5350,0,0,235,0,0,37,32,493,1880,12,739,1,43113,0,112,0,61,75,493,1,2208,825,6,129,0,0,0,3463,78501,9,15875,124004,26824,2587,50088,8787,26,6,890,0,6849,0,698,0,20335,17,8,0,0,95,3,1400,11831,0,0,2912,3181,945,0,1766,0,0,1314,0,4,797,2013,0,0,0,1263,0,978,0,32,1981,4,426,2068,0,73,0,2,8286,0,18,2,0,346,0,9067,13876,53,0,2,0,18837,0,0,14,30310,9,0,14420,0,20,0,3,269,25053,66,1,8,27811,0,36,6,0,0,4,0,63307,4,11,340,0,1,0,1217,0,1458,0,1813,0,0,0,0,0,348,40,8,22949,376,8303,9,0,3,48035,6,0,0,0,2,1325,2,0,1,5,944,15,0,50,0,370,0,0,647,54,25,0,0,206,4304,20593,86,1682,4,4,0,0,0,7,0,0,0,0,5508,0,0,0,105602,2,21328,823,0,0,0,272,2,17314,322,347,50,9,0,0,1,1781,4033,4935,29,3,3981,1140,2,42,6,390,0,10967,10,0,0,572,352,10,424,22,31228,119,512,303,5426,1,0,43,2,6,103,35201,0,23967,2801,411,0,0,0,847,0,2991,8358,41071,30,1933,167,0,1598,1136,0,4993,4,0,0,515,0,95,0,8,856,4,0,0,4453,178,0,1,315,1709,87,0,0,0,0,0,0,695,1463,10902,767,341,1,7142,0,187,0,0,0,1,1200,10,0,1803,23378,13619,0,260,0,1255,2,42,10,0,322,0,0,13220,0,0,0,9,0,79,0,0,10,4570,1,0,7007,664,45080,458,1996,24243,96,134,46,95,82021,2,0,0,0,0,225,16,42,9,877,11056,65763,1532,487,217,27,10,0,0,0,12,0,0,7301,12261,11,0,8535,184,0,94,17488,0,2,0,0,27,21019,0,40620,0,0,0,60,30469,0,2,0,0,1,5,40,0,1,0,750,1470,0,1,2067,130,0,2,0,21200,0,0,1543,3,335,0,84,19,27,4,3,1522,30,0,14,29228,120,216,1363,8,0,146932,0,34374,0,0,327,0,0,2,2,2,335,0,0,372,151,0,0,5294,0,8,0,42541,0,26,96,0,52,130104,0,0,70,887,2,1214,1,4386,0,0,15078,571,0,0,0,0,722,0,590,190,75919,1,28,10978,320,321,4196,22,0,0,2490,0,0,0,34822,128,149,0,0,14,699,0,0,0,0,9,19602,1950,1,92,195,6,0,0,249,7145,2,1,40058,7886,105020,0,0,2266,0,0,659,223,0,0,13941,0,3048,1,337,7,4681,0,11525,0,4206,4,1,0,0,11,183048,5201,4,0,27970,61671,528,3010,125,1,0,3014,57155,0,0,0,0,2,3,0,1,0,53866,2,2,1,866,0,0,0,7,0,0,6131,1,199,61,0,50,0,339,604,3897,0,0,42,0,0,19943,0,6,0,5,2556,0,12,0,0,11,0,10151,60321,1388,7483,409,99,0,0,80,0,0,0,5,0,6,16574,0,4,43,4,0,18787,5,1,1737,0,0,0,24733,0,0,0,387,114,12961,70099,0,144,0,194,3,0,151,0,106899,0,96,27,13919,2,0,6,0,0,23,0,2,0,0,0,0,34,8,7,0,37,44,2,1795,0,2287,0,1,0,499,0,0,2,19780,0,3265,1,28081,2,1,1401,11,6668,0,0,0,192,7,600,0,1963,69,0,0,39,9,2383,5,103540,261,0,6,0,1433,0,0,8,1,101,197,18,0,11951,5,19751,0,11,2135,390,2031,127,17,21,28,0,0,954,1425,1,0,1,0,0,18723,0,0,0,0,19331,12,75,66,0,1,391,0,0,10,145,0,15651,0,0,211,81207,0,260,5,375,0,262,0,1279,35,211,5631,19,3,210,0,2,0,200,46,4,1236,1,14,604,0,827,0,27,0,0,1,476,324,14073,0,0,297,869,13,725,0,0,67547,0,0,15,910,1,0,0,179,192,69,0,49,0,0,9284,493,52098,0,451,3188,0,3664,16587,1,95504,42691,1,0,0,0,0,1,0,6678,64,30,1,0,25815,0,265,0,25013,1,0,3382,87,0,814,0,301,56,39,0,49,2421,4762,10,2234,21,11356,88,13,0,0,0,94917,0,0,0,1403,0,293,6921,0,3529,121,0,571,0,0,0,12,0,0,39,0,206,0,7,0,4,0,1,7,759,10,0,1954,2225,3375,0,16,0,9919,0,334,0,0,4813,564,7,7,9,581,0,596,116,70,0,2,190,0,0,241,0,164,7971,0,0,29077,0,2,0,39,0,174,0,0,4,1,89,0,664,160,6,0,30,53,1,11418,1,186,527,0,0,0,0,12,77,3,823,7,92,2401,0,6730,2,4,2554,0,29,1204,6,71,8385,1519,54,8563,120,0,4610,0,434,49,566,5270,62,526,0,259,120,18303,0,1154,4,364,0,0,3,0,0,1943,0,1129,0,0,0,0,1987,329,388,0,0,267,0,89,0,9,0,25,0,2604,1275,1,1,7,0,0,34,634,124,0,50585,47,36,5444,63,2,0,0,0,6592,0,0,872,209,0,5146,0,2,2527,0,4441,0,0,0,4873,8940,0,550,13,0,826,99,3432,0,853,0,11182,0,51,2946,0,0,0,10390,325,7,1,12,37472,22,0,1138,0,0,0,1,1524,13638,3,0,1464,1067,0,0,8,228,0,1,0,2901,17712,0,0,0,18959,1,0,0,85353,0,0,0,70129,15,27,3512,29447,0,0,110129,7,5387,7,0,62,56766,1,56,0,474,0,123656,0,215,0,2,18,3,0,2,0,0,0,1272,18672,0,10,47,3281,105,0,34362,0,10833,1,6,0,23,0,0,0,1173,17,941,2866,45,0,155,134,0,0,1344,0,49,15920,39,77765,0,0,1101,40690,0,1327,1,0,40,6309,0,0,0,537,0,1,0,25,1828,0,155,76,1527,7,0,258,0,0,73,4,43,0,44411,0,8703,1,0,28,143456,17,1,0,0,47,3633,6,5,1186,968,1,53,0,0,1,2129,0,2,44762,30,0,69,6,1,884,0,36,0,3,3024,0,130,0,318,8,0,0,594,1516,14703,12604,163,0,29261,143,0,0,0,0,113,0,50627,466,1,111893,1395,284,117,0,1251,3,24,2,0,31929,574,1004,19399,0,362,50183,70,0,3713,1,3,12,0,12,0,60,0,0,14,1,5546,0,0,2239,2647,2721,1,2,4794,114,5,3540,0,0,0,12,5452,0,0,0,22,1189,0,0,2,0,146,23,0,242,177,16,42,0,1298,1059,8,40,3286,5088,1945,8,8,0,0,3797,0,0,0,1,3,2,25846,6,0,0,4,0,521,1,1,0,83,0,3,0,2,132,738,27764,312,123,0,0,4,1016,3,0,409,9,751,57619,0,26,0,19,3,511,167,17,10,0,1093,0,1,17,37,0,1987,1,2973,0,0,690,1009,0,376,27,621,0,575,88943,0,29843,22,2,2766,0,2,641,171,3,0,33,70,100,1,1302,34,10,581,0,89,1,291,18316,296,142075,13,0,763,0,3,26,0,314,0,126,12102,11,1484,6,16,0,186,11,16593,0,6256,18880,19028,334,0,63,0,0,1058,1,419,0,0,0,0,49411,6539,626,0,0,72541,0,37593,9,30,0,3,0,33,1752,18,0,137,261,13,2,22,15,0,42962,1,0,0,586,2771,352,42,6258,0,1,0,3,11726,0,6,58,0,0,1025,2,1,0,29,8,1923,26,13282,0,4,0,2437,15222,40,479,20,0,908,455,0,101,0,0,6,29,646,0,144,10614,0,63,1,0,1063,11059,4,0,1834,3129,425,841,4,11244,160,0,16,21954,20,0,371,0,26,0,4063,0,1,13,1,3,2363,1201,1791,52815,0,0,5,85105,170,81,0,0,0,19,112,0,3,1,58310,0,0,0,34,14,12,0,0,0,715,410,107,246,886,0,0,0,0,59575,0,0,86,504,772,0,411,0,0,20,20,260,0,0,2658,10345,0,3,2063,8,51920,2,0,0,3144,264,2,0,0,0,1,33,1094,0,13,0,0,0,322,1,0,2436,317,0,165,1115,14060,0,415,46,31601,0,30617,16,395,1193,1328,12,0,53319,0,1,0,207,126,16642,0,204,317,21052,0,84,0,973,11,25966,18571,1,3232,0,94416,0,3079,252,0,2,0,165,0,267,0,1203,50,0,503,78,9893,31172,0,0,0,49,0,516,0,2942,100,51,7,12,59,0,0,2105,5,3593,754,1,46,1540,1749,1,196,7925,6928,112,37,0,0,2657,0,0,0,1,818,5,666,7401,2,1042,4,12821,86,2247,20,0,17008,0,1,0,0,428,126597,0,1579,1038,10,149,2431,7639,0,0,420,1467,0,0,0,11220,151,39,587,12367,0,31,1,104,0,376,0,25,849,23,2,0,0,17950,3,0,23,0,63489,1,398,97,4,10,0,0,1726,26,4974,755,18,0,324,0,0,1,1,0,0,241,0,31,2305,307,15,1,4,25142,39399,0,67,2,294,0,395,34,6544,27142,0,0,0,8934,10,0,1,11,56026,7643,47951,11,0,0,1796,0,0,0,44,29847,0,195,816,0,1,5,3,1,695,9026,1,5023,0,0,0,9,1564,1,1,1,0,55799,3,4057,0,919,37,559,6392,0,131,23,0,96,696,583,0,0,407,3,0,0,121,3711,0,33,521,0,810,0,1,631,0,44098,0,0,51,0,3,4222,137,177,0,4296,0,5,0,0,4125,544,597,0,33,0,0,1910,12581,0,0,214,0,264,3282,538,0,195,39,0,40771,503,3996,139,1,115,40223,963,0,0,3,0,46,2,0,0,0,4,1498,1,17
1,55,11,3,18,0,2,136,887,3,0,130,9,0,158,58,31,48,0,71,184,613,318,0,1,46,0,1995,4,16,105,2,349,18,7578,4,2,5,13,11,3880,4,4,199,156,64,10,0,12,0,14,190,474,197,506,1,4,210,26,4,65,263,2,949,0,1,54,5,524,86,18,8471,195,381,293,24,3,33,165,0,111,21,1440,154,1584,0,21,109,36,1,277,0,122,2,0,2,0,0,0,854,16,438,5,5,40,3250,0,114,40,0,11,401,915,396,1,37083,1315,14,0,133,464,94,16529,59,630,13,230,48,58,586,2,58,1,0,1,40,2,8,0,4,1303,0,0,4674,3865,1685,4,0,15,90,225,100,5,2,12022,3,0,0,11301,2,91,0,7,32,332,4,13,2700,0,33926,15,3,7675,977,43,1106,17,163,422,1208,0,63,7,7,0,580,2798,192,4,32,8,870,4,0,20,0,2,693,10,104,1,179,512,339,913,0,118,0,21,97115,316,4,1,0,191,0,1666,88,28,9,399,71,6,1,4,31,18,277,1,0,67,0,0,8615,60,2,21,0,1137,91,0,6612,327,7,504,0,579,64,128,6,2,2,0,114,67,200,32586,3,834,1641,73,22,665,2,8256,42,360,1,0,21,0,28,410,272,350,179,919,1,0,9,0,9,7,43,278,2,0,5,5,849,2434,13,333,145,60,1531,248,21,397,30,32,41,366,0,129,224,182,41,55,61,1655,163,0,0,23,1,0,143,113,0,0,6517,2375,262,15,296,3632,0,22391,4114,0,0,40,165,438,0,52,2837,222,468,2,1,2,1416,20,265,0,0,6,0,1229,163,2087,1,162,85,122,215,460,0,2095,8,1,108,3147,856,1,42,566,572,1341,126,15,3601,2720,0,13,31,1080,1038,0,5,18,1,33,3332,7,3,56,257,1024,0,0,12,358,1,0,45,259,190,30,0,1,3,567,31,284,4959,170,67,188,1,24,0,0,237,0,26,23,0,51,38,104,252,6750,303,94,1058,687,0,68,4,6000,2047,1,134,0,31,0,2459,143,0,1,62,1301,0,1,2,103,112,120,0,0,0,1250,14,57,913,0,152,440,8522,1,8,2,47,187,6519,36,5811,2052,1006,74,6,7,4657,2,636,20,4,16,206,1,36,156,72,392,0,12,5,242,24,0,31,377,99,2867,0,90,0,38,0,25,1228,235,45,6,55,1,0,32,28,5,1354,1,756,23,93,1,1,2,2,496,4861,0,8,1,40,6709,148,32,122,11039,579,4,3,0,48771,0,2,1461,20,4,4615,3,162,2,11,587,483,2,999,127,679,277,6099,161,0,0,87,0,189,30,18,1001,732,6,84,524,1,107,24,228,2,0,18,3293,256,42,11,0,229,377,135,35,434,114,167,239,10726,7,0,186,7,0,346,0,4,0,1636,427,3174,0,0,0,314,7,40,44,388,0,1,158,0,318,1485,76,0,891,369,0,4,11,121,6243,961,4,1,127,0,5,315,1,1,9,339,7,2098,6,0,2,123,1964,6,676,122,4764,34,1326,460,2,1,43,0,232,35,3,642,2153,465,1,0,8725,46,147,1439,5,137,43,117,3346,8204,1,4,3,509,3,3,7243,13,1,140,5,0,0,0,82,3,465,436,9,8,64,387,6,2,26,50,3,0,87,78,0,0,3,0,1300,1264,21,201,0,55,209,0,0,0,162,257,3,117,0,2,0,12,20,22,491,35,677,116,6,661,0,1147,6826,0,0,29,238,0,0,3668,173,37,81,31,80320,6,178,0,5041,1,5,225,2,3152,4669,2248,30180,41,3,60,519,103,21,2,1382,33,147,1,0,0,11,31,60,106,603,9,2,1440,376,224,0,373,3,0,143,7,0,0,883,12,2,224,1679,8,1,567,2714,0,56,1833,17,2,638,1811,2,25,235,0,29,0,33,0,8,387,99,1,59,720,1080,2229,989,7,16,8374,52,0,39,28,191,252,11,8985,16,213,18412,19,7,12,0,381,382,0,734,1917,541,558,310,48,57,51,6123,3,9935,342,1716,3990,0,0,16,3,0,15,2,112,21,78,60,0,2,970,8,17,2,11,466,0,82,170,0,3,70,2,0,1071,6,619,2,245,305,1099,267,0,65,727,12,1284,92,0,4,50,430,1,202,4,25,14,1009,0,21,0,16,143,344,1,519,183,8,11,0,3,0,4,1,416,0,0,6,148,67,8,124,51,205,2,348,2654,6,26,1,306,2,43,5551,2,93,88,1016,95,1250,107,3,279,35,78,11,2,18,79,94,0,14,7,102,53,0,71,9,7,1161,13,231,13,14,1074,1,3,0,248,1322,0,2,180,51,0,0,80,28,50,808,2159,3779,0,3,1472,92,731,8,0,959,1615,1600,5,0,135,1,22,378,19,9977,0,0,0,8728,1,144,270,84,7,3,547,4270,0,0,6086,1587,1,301,0,27,1,8984,0,303,20,24,19,170,56,3,1,8,51,10,319,14199,886,6,229,2,0,18517,0,3,0,1678,150,96,2175,285,2,2,1959,201,0,92,286,616,4,1029,683,363,1,0,6753,14,1,0,8,334,9030,19,3891,3,0,582,0,1002,6,17,2,964,74,886,366,370,8,61,1,81140,671,1239,196,936,0,2,5,997,1,179,0,0,6,912,20,21,670,2171,11,1250,478,29,0,98,1049,42,24,0,0,6,1,8,50,48,0,695,792,3625,307,0,47,25,0,21,12,44,0,131,1026,128,0,16,19,370,0,0,795,5,0,8,74,1073,133,1,39,2,1711,1,10,371,0,887,35,2327,51,944,45,1605,732,208,215,93,25,3,0,6,2,721,3326,4,2,488,12,4,3,14,1833,2298,169,73,1164,2,9,53,36,18,0,7,1,217,32,22,1874,18,0,568,18,2,539,0,2,620,0,3332,0,422,5,0,3828,24,2,302,713,6,0,0,21,8,114,3345,0,3949,4130,7154,1,711,11,50,0,0,0,34,7,5,19,1,81,123,1,2908,0,18,19,21,76,16,0,8001,1405,1,13,2209,10,16,34,12,893,3298,1303,751,179,11827,15,150,229,1906,0,29,2473,0,79,17,26520,5489,57,75,1241,15,1,4,4,0,128,236,53,40,259,813,20,0,619,76,0,30,16,0,141,0,50,917,1045,59,381,58,0,1277,2,114,0,62,2,14,0,574,471,124,51,1,82,54,10,0,0,5,1493,120,6,150,1063,1,17,1,1,1,0,2,22,30,414,28,3,1,1,131,4,3,0,426,0,53,0,0,16,28,27,9,1,2,0,12,1472,1,0,78,57,12,648,204,11,0,1037,1223,0,13,7173,1,2,350,14946,129,0,1,131,11,0,299,0,2,0,2,8,324,39,6,935,102,335,2,7283,5,766,1639,318,241,23,713,7,0,197,483,3,32,86,14,16424,1027,199,11,12,1600,573,0,0,19,19,0,8455,5044,2,1681,14,0,0,178,0,161,0,1027,509,86,1178,0,1,12,8994,7760,11174,73,433,1718,3641,170,464,820,6,9,26,0,1,1,4,197,2,2,17,0,3,128,1388,2,1,1,7,121,407,2722,337,12,1795,2,224,1193,807,0,159,0,1,0,10,0,0,3365,604,118,0,0,226,1,1,23,0,397,106,3256,667,35,0,553,64,120,14,216,40,30,347,74,962,252,1,0,1,7,25,1,0,2,0,76,0,20,4,900,0,907,0,6,434,10803,290,1,21,0,2,1238,1,82,0,46,4,15,6,0,1347,15,398,3,3,23,1672,31,0,0,1,8,13781,0,349,383,1,0,242,0,0,611,0,3425,5,6,373,62,504,1958,709,48,593,1,0,3908,8,1491,7870,1,1,0,0,0,154,12,25,1,489,89,17,0,37,0,106,7,260,603,18540,0,66,0,288,16,439,786,2,260,276,10,142,1,1683,16,122,74,573,0,332,0,2093,1865,5425,28,10710,1,2937,0,247,0,0,1,0,3,0,100,267,4,28,0,117,0,826,1,711,167,0,1,0,2022,56,0,36,1106,1,185,1,95,5692,0,0,616,13,18408,11,22,2,105,99,3,2253,1,9,10,364,21,285,3,0,49,6,4,0,2408,38,4,1642,29,0,261,141,1392,0,79,0,6923,0,0,5,16,90,387,15,7,4,533,51,23,63,164,1,0,2,14,393,554,22,0,216,650,5696,1257,4,898,298,122,0,0,1,2,0,0,880,2,0,2,0,8,0,0,295,0,25,372,39,0,0,732,28,197,9325,0,1128,2,1,542,2,69,160,0,114,0,0,72,0,0,492,34,149,8,5131,80,4,0,45,311,6728,5,44,1023,13,3005,0,153,558,649,127,1321,2272,1004,10240,1063,127,28241,5,468,2,3,1,4,324,5,0,27,0,22,13854,499,0,25,1,1,0,14,1291,7,0,300,6,9,14,24,333,2,14,0,419,7,104,500,3,0,0,1,2,60,2989,0,19,109,1129,150,3475,90,221,839,14,86,0,0,2,13,0,681,2,5,16,132,43,991,179,0,75,151,1,13,24495,209,1,0,38,2,6,7,2,4,527,2,8,23,219,404,9684,0,1,166,9,75,7,0,4,59,3,669,0,204,16,0,5,1332,95,5,0,88,28,198,2077,0,3,20,0,447,0,160,0,0,3281,83,27,0,240,1,1200,19,0,16,46,72,488,60,0,6812,40,67,6,0,132,1,137,0,8,0,6236,3279,69,2088,30,13,102,0,6,1,4,0,42,144,1528,1,46,115,6,22,1083,63,0,818,747,524,6586,550,0,22,53,0,92,25,3,2,151,7280,18,730,74,1590,151,266,919,37,0,0,0,2717,1191,211,209,25,4,1613,57,309,253,8175,837,9012,378,11,4768,28,14,7,1,165,36,2484,2,268,262,2,323,961,1,85,241,40,327,63,0,164,6217,7,105,378,90,670,0,26,0,3,61,33,1199,23,73,0,74,16,3353,1,78,9,2,0,2188,21,6403,94,0,0,487,1006,0,176,155,1385,72,476,1,305,10,0,694,3,665,57,0,9834,1442,0,455,42,4,2,11,592,1,17,760,1242,35,171,2195,5,0,4,2,12250,165,0,1183,53,168,84,1,161,6592,114,917,28,0,44,1,0,0,1,1,1041,1432,18,67,946,0,22,441,0,4,80,28,233,0,2,2,0,7,10,473,22,0,277,1,0,0,1223,916,16,11,94,1283,0,292,262,953,2,0,1,4,14,1162,66,141,4494,2,0,1252,48,26,3625,1,0,2264,9934,304,1,129,1,2042,0,0,0,4,0,23,625,5,311,35,281,0,863,107,384,66,6,427,0,63,1,1830,523,292,24,588,0,160,43,93,1,3,1396,134,1,8967,293,32,0,142,24,2286,402,60,119,3724,5,942,1,3,38,228,5,816,1916,89,6,86,86,78,0,524,3,2,441,11,24,5,15,3735,57,1411,0,2171,21,6,0,117,0,67,1,5,7,43,0,1044,732,176,61,551,550,0,2887,0,30,599,12,556,1,509,0,77,1,302,1,16,2002,3,4390,25,32,22,0,88,260,651,175,146,0,0,0,21,1,21,327,55,1438,4,2399,660,129,0,1473,9,293,249,1,712,9,429,66,1297,1045,4,688,0,87,0,6,3,2,0,438,2207,111,15,0,1448,53,848,0,4039,1518,75,272,0,403,0,80,14,1566,4,81,9340,373,253,426,303,3,1,1,5,6,2,3,2,0,132,6,1168,0,4,138,9,4,4001,885,12,3,3,3367,7,509,0,1,56,0,388,47,71,5,0,2091,10,0,245,30,0,0,4,6,22,0,8552,0,5,9,54,9,164,0,0,2523,30,625,2,0,615,4,147,149,0,34,13,0,169,449,3322,5,165,4603,52,160,1,0,71,1327,99,3177,37,3064,147,324,576,2,1936,76,0,2,0,26,0,4094,0,31,20,48336,141,5176,0,363,4681,0,35,27,0,16,0,22,1688,217,2,37,23,79,1,263,0,48,150,29,193,3899,1,336,0,6,0,2154,9,0,108,1,958,2,128,16,164,4491,2,353,630,184,0,140,979,104,0,65,176,170,3,668,9049,8,193,2467,11,3,59,31,0,19,12,14,435,10,43,0,340,8,573,9,3,475,0,2,0,597,14,52,37,65,2,290,67,355,0,0,7,0,0,248,0,49,39,1301,0,527,1670,111,21,13,20,4,3,0,0,30,66,20,8,419,134,206,33,0,47,13341,377,0,82,329,9,487,234,0,27,5,43,0,2,1,758,15,0,0,0,421,71,3533,103,6,7510,6,1,250,202,29,114,28,0,12,458,4,44,114,14,177,13118,4,1590,1,10349,0,229,191,1853,1,21,56,991,1831,15,44,0,461,1,4,97,3211,0,0,2,4,274,3,0,551,11,286,0,0,139,2,3,161,32,6,0,1,221,2,2968,16,112,2170,13,24,117,1,526,5,246,500,0,3,1,261,2432,1,436,870,25157,276,995,0,62,0,884,0,40,0,164,7231,1889,1,76,36,0,40,2227,2661,0,14,72,302,1,1,1787,84,34,3,0,123,1,35,8579,0,203,1,35,8,512,2,0,77,0,659,405,2,2161,0,0,3813,0,674,124,6,240,18,0,29,6,469,3,2,9,123,95,10,537,6,1,0,6,22,30,8,29,696,138,19,228,476,20,500,0,293,21,901,997,414,0,16,0,1,7,6,784,7,16,255,0,550,25,224,48,63,421,90,12,1,17,0,197,2788,35,1589,14,1157,149,141,0,164,0,1,0,1,3,215,0,1115,10,6,64,356,2,39,189,437,3318,11324,97,205,0,1442,10,54,81,76,88,3,1,74,1588,6,128,7,34057,1,235,1418,268,1,1,3,13,25,0,0,444,1573,12319,41,154,1,5843,0,35,9854,746,349,0,0,7,149,558,14,85,9084,1184,47,18,98,17,403,1,0,89,118,225,0,0,0,34,0,55,40,20,7570,871,0,196,0,43,19,101,1,2158,0,69,0,8,1,870,6,1,4964,4,12,1687,3148,598,566,0,854,12,0,0,47,0,0,99,3,958,58,428,3,0,215,0,166,9,29,100,7,102,54,4,2057,162,356,109,1470,0,52,655,69,9,1,4,12,14,771,49,1,5,0,1362,9,23,2648,3,0,529,64,0,0,0,0,649,0,3,0,5,132,319,0,1351,63,33,2004,0,23,2089,13,132,0,0,0,500,97,59,458,0,23,1,619,29,2,2,50,25,143,13,30,25,2,500,0,0,159,0,143,36,22,7253,2,1,1052,0,8492,1974,1536,12,2,1,1,0,5,9,0,197,0,1244,0,2,0,30,85,0,1472,3,38,501,368,711,6,8994,44,0,178,6,79565,34,0,0,795,1,792,10,104,327,379,0,14,0,1,0,2,0,5,132,1811,0,8,0,5015,3,1,1,22,0,18978,0,26,14,32,329,102,311,166,0,528,12,1,87,91,1500,2,3,210,6,72,16,1753,4897,2219,258,42,0,15,0,22,94,598,0,432,10,28,0,0,1634,0,172,428,4,81,138,503,144,1,12,7869,25,1566,40,401,0,3,11,0,836,5,1691,462,0,5,2,4150,3,23,5,0,40,0,9,78,9633,5396,0,3,0,32,547,0,4,37,1709,42,39,15,4339,82,323,572,290,36,2043,185,13747,31,109,51,1,13,6,1,0,5,15,45969,72,370,292,7,139,196,346,0,0,245,881,0,1219,29,73,6,712,226,0,2,72,5254,2386,4750,1758,12,0,49,1163,0,171,3844,3,438,1520,1,0,0,0,0,10,38,487,129,109,3949,457,1,4,2,0,28,1071,123,31,0,2817,2001,176,184,39,15,2,733,0,0,0,1164,313,0,0,6179,33,1265,1,963,75,1295,2083,0,0,2,0,0,0,58,0,0,0,4709,142,205,0,359,6,24,139,2182,122,2,209,7,0,85,0,67,58,643,1,23,65,109,44,0,0,2,1086,63,0,267,31,1072,231,76,184,1,20,60,3,0,24,6689,0,6,1619,7,1,1,5,1,1,5,25272,619,7136,0,1542,22,14,2,189,893,0,47,1,24,70,925,0,7,377,0,100,207,12,0,138,0,393,60,1,421,3,0,571,0,0,291,4,399,3,914,42,148,0,0,3,618,4,111,1,0,14,64559,0,95,270,0,1,0,945,1306,371,0,0,0,4,297,93,79,156,8703,0,14,541,625,148,45,0,0,479,82,62,1,2,2501,189,2,1730,876,0,60,301,10,5,64,26,9,418,76,4,0,156,529,61,46,208,68,0,6293,209,50,20,4626,512,2132,344,65,3429,7164,2596,680,0,0,835,30,266,30,0,9,272,30846,323,163,505,2,0,3,8,45,2812,0,0,692,1556,74,18,21262,735,1609,26,8,1609,0,0,72,1,6,10943,29,164,5,26,0,279,67,687,3,329,102,1,23,209,129,604,0,55,1742,164,2,22,24,22,45,63,501,4523,2957,256,117,216,19,0,7458,958,0,5358,0,0,774,0,8,30,73,0,9,21,3051,173,2,0,1696,27,12392,4,0,247,70,5,195,10,0,1,0,2,0,345,264,1,874,224,848,1,3,9,61,2014,0,0,13,5457,30,0,0,0,10,24,0,8,0,3,351,10,83,3298,0,1209,0,79,45,6,90,0,32,24,48,31,1,461,245,2051,11,0,372,44,261,71,39,9373,9,38,147,0,15,5,52,16875,1074,15,359,532,9,156,13,58,35,103,207,9,0,5,627,0,17,303,242,245,16,26,20,53,205,9,4,504,0,362,0,0,12811,76,6,187,10,0,3,2059,0,192,0,5701,26,90,133,783,0,1,4,0,0,445,82,2,37,0,168,78,814,185,1891,6,0,3,100,0,735,0,13,680,52,0,3,23,93,0,2,496,70,906,5,1,0,41,19,2,298,151,0,223,991,112,11,90,41,9,11,731,125,110,0,0,162,1,88,2,0,20,704,49,0,43,3,5,53,0,0,1433,7,681,531,151,775,862,116,45,6,1,122,1275,197,61,1,2,13,992,151,1914,125,189,29,0,6,4,0,30,0,3,0,0,1,2,4,2,1,1093,356,23,0,0,132,0,1,0,0,70,0,0,182,39,0,145,147,0,300,0,90,852,160,0,198,266,67,59,440,6,2,510,36,31,0,535,32,1,26,2,0,650,249,6601,3,1557,1509,25,0,1651,1,1402,229,0,0,241,9913,956,2,0,1254,2,2,2129,0,255,1446,127,18,4468,35153,24,0,1,11,0,445,3,123,2,6,0,11,9,1,44519,752,47,3433,15,547,1133,210,0,0,1,238,0,121,7947,4023,173,20,42,0,44,7,3,3,1180,47,653,105,4,387,34,96,265,0,122,6,2,9835,11,3,8,10,80879,3,31,1,0,136,1,2407,15,0,617,1,0,558,0,904,150,15,0,88,98,26,479,78,2,256,3553,35,0,12,0,5108,13,6,4883,162,229,300,44,178,22290,1,1,75,0,538,0,0,9,11,54,1,139,3,476,371,7300,20,1,2045,0,135,0,355,200,485,1455,714,8,331,514,243,16,358,665,1066,943,33,0,7,44,11664,3026,1,4170,2,0,20,16,0,27,18,9,1,9,2,677,3,7,10,4,53,0,23,12,1,100,28,5,71,27,32,12,1849,32,64,159,113,0,768,1,600,10,21,178,136,0,135,367,0,40,326,1,213,2,1,0,67,14,1389,6048,1,121,1598,0,2111,145,8,419,514,1395,0,1620,4,16,40,9,1,0,3808,48,0,490,4826,42,18,892,0,0,272,144,2,94,0,1,81,20,1,5023,39,303,28,2,1,1406,45,0,47,241,22,2,1622,5,21,0,0,542,3,1103,0,11,3,10,4,0,0,28,3,3104,20,1,3505,601,96,1618,62,1,17,31,0,0,4,8359,9174,4375,50,379,11,0,2170,789,3,21,465,2174,5,304,209,1,271,4778,0,1052,8,13,1,1,250,2,0,1,0,0,432,2,855,1,1916,5,3235,5065,465,3884,0,9,1,4,0,1,0,0,608,116,0,213,0,2,2,886,8,962,1013,0,0,182,306,3,4034,99,1,0,9,990,3,0,0,0,0,0,110,5,9,3,1,505,8,39,1,1,5453,24,3543,1,1,4484,436,546,1,636,0,1925,0,1,5,9737,691,1,114,0,37,322,355,7,1,0,123,44,95,3855,163,69,210,1,1169,2673,0,58,1,0,4684,2,1,0,21,1,12,1,0,2295,132,0,22938,66,23,1,8,110,12,9,9884,0,25,407,1639,176,15157,4128,1,0,0,14,672,0,147,38,544,195,6886,845,5,3,27,2217,145,11,2,54,0,1,2,155,112,2,0,2,0,25,117,0,0,15,0,0,442,300,179,108,7951,1691,25,4,1,2769,181,293,1,4,3,65,4,130,12,2,0,29,25,0,11,4,1,0,19,806,63,18,275,225,0,0,2917,15,2904,4693,768,3,1636,47,71,9,85,566,1,72,85,2,10,52,794,1,3514,127,0,3,9,0,0,4046,6,2,909,0,2,1,0,3608,4,20,17,0,0,6,0,25,8,1346,2,0,26,3524,14919,4,322,3350,187,0,706,3,70,0,66,308,0,65,18614,16,6,0,350,51,13984,61,2526,0,1,2,242,986,9,0,35,110,2296,0,38,19,80,16,129,8,0,9367,26,0,1863,8283,25,181,308,0,33,1596,58,24,0,16,100,6999,6,7,4,0,2,6,89,0,0,0,450,75,75,0,1869,2,8,114,191,11,1870,2,20,0,1727,3,709,82,258,31,28,738,0,7,0,953,20,0,1592,2707,19,356,0,228,1,508,16,0,1,287,486,0,123,3,36,3,1,70,2,16,11,264,10,1,391,268,0,15,18,1,2502,575,260,2,2579,373,211,4,133,0,10,1569,67,0,10789,8,0,17,2,2434,322,2373,0,164,0,2525,961,8,5,17,134,108,1,27,14,1976,0,0,128,80,697,3276,55,72,8223,0,13,4,10,0,2635,292,28,4,181,2060,520,98,489,6,6,6281,2,0,103,0,0,2,42,74,13,3165,4,53,146,2845,69,526,1,3553,1332,557,4,3,912,1275,295,0,1826,150,0,3,48,0,957,13,11,1,585,2,20,0,0,220,1,817,12,70,8,16,0,31,1,10098,52,5,56,24,0,680,3,69,0,408,0,0,1695,388,189,19,8682,0,1805,2612,60,888,174,752,537,125,0,3,1,3950,1517,81,183,10,11,0,230,0,1,0,0,48,36,25,33,187,226,234,210,2678,11,43,109,0,1241,462,232,18,196,34466,68,19,0,13,0,654,0,996,91,15332,1,2,1,239,1,114,71,0,3,21,1,1197,18,213,0,61,1,1,973,1,0,1062,0,623,5,3,10,0,4,5074,1,0,0,1759,12,50,5,20,0,330,44,1,55,288,4,98,243,14490,676,19,324,108,187,1358,5,428,364,3,75,0,181,4,25,214,20686,121,0,8969,10,4673,14530,68,164,1,207,0,44,14,0,1424,0,4,1,26,854,0,1338,2370,2229,6,51,664,0,5,7,5844,1640,452,5208,19,7,0,1588,3,0,0,1,0,1337,0,0,59,477,8,5,2096,1,0,0,212,3,23,4,932,22,20,89,0,343,1550,143,0,0,1,560,10,0,182,429,47960,387,21,103,38,141,0,601,126,0,11,456,58,244,36,2,0,1187,0,298,263,16,0,1,8637,42,1,67,2936,1942,2,31,39,17,74,0,0,8,1,10,21,2225,0,4,5,31,3123,14,36,5,1,0,923,0,112,3493,174,1,2912,3,690,60,766,17,12,0,307,5,171,6,11,1,277,121,1034,0,1362,2,766,0,95,9,399,5,1134,0,267,0,833,67,14,122,0,486,2,326,0,0,22,204,747,1637,5,37,0,4,30,470,15,306,21,0,1898,63,178,8,4779,0,1,0,33,755,6,868,152,2,20,29,2618,444,5269,4,1,59,5,5,3428,71,23142,16,0,10,17,252,50,2,23,1701,210,1424,59,1016,6229,13,0,189,0,0,78,1466,23,3809,7,6,2,0,720,20,1,0,934,0,164,144,1938,310,0,2392,6631,83,782,39,0,1,6,626,2441,0,1,2,960,23,17,1147,0,20,855,0,2,14,0,16,10,1716,10,34,725,101,5,5,185,50,97,4,352,0,646,2,58,196,709,2,2,1162,100,0,544,1305,1,5,11,6145,0,25,893,1,1440,842,759,2443,160,29893,55,312,67,18,6,0,2238,0,7,6,35,3136,6,0,99,1,69,0,1233,31,1560,136,125,11,781,141,28,0,3,10,0,569,6,8,26,3591,3519,0,4,103,2,20,46,0,6,11,0,0,372,0,1,0,19,0,23,0,2,123,241,187,1,10,2,9,150,1322,275,83,4037,68,2,1400,19,292,0,10,1,3,3,0,104,5,2217,0,140,57,0,1,0,55,2714,2161,25,4522,199,0,933,0,1201,8,3,0,13,11,4277,493,948,68,1,0,0,605,68,0,16,1118,995,217,0,26,46,2,4310,0,0,112,0,21,0,161,0,87,151,0,0,27,0,16,5555,6806,157,0,0,22,6,0,567,456,479,5569,3,20,12,1,1274,10,53,5,2,1,0,2,4,0,98,1,25,1,197,4,803,471,0,98,0,583,1,353,9,22,6,1,78,1,3,14,0,0,592,4925,0,298,322,113,1,6,0,111,0,20,104,125,27,27,0,67,9,2377,176,4,2,581,273,0,7,0,253,20,386,244,386,21,0,1793,250,153,2,0,913,1,0,31,0,6,6945,49,10,980,13460,77,40,0,443,550,160,275,802,0,0,2767,155,424,152,401,1,0,6,6131,0,104,218,6,0,10825,0,0,77,2266,2999,139,207,5804,114,97,0,56,168,59727,120,2,2,4,49,10,30,0,0,186,1913,0,0,5,1014,28,511,53,101,13,0,3668,1535,450,0,0,4638,20,0,353,0,2346,668,1905,11,0,843,321,600,37,1826,904,622,0,366,1077,8,286,1,0,333,0,532,46489,0,18,39,0,244,31,0,7,0,12,30,121,1,37,1733,24,15,0,6492,94,2,0,0,21,12,2,0,54,5,182,821,381,31,2,16,408,0,2,6,2,4,4,10,232,3721,3647,24,17,2,37,1,4,0,1,56,10,1798,1,830,148,1392,7,58,997,0,15642,1294,40,2,2,0,552,10,3,3,8,10,90,0,58,0,49,1348,1137,32,0,0,13,1,0,12,770,66,0,395,13,22,32516,5,33,3716,2548,60,2115,30,0,7,399,0,4,0,1,299,202,317,539,0,272,345,1,14,3217,156,0,8,8,236,5,0,4,144,0,185,0,8,13565,3866,1,0,118,3,1956,193,1,76,0,692,5,6,2,320,216,199,0,270,10951,2,7,3642,571,756,2,538,1,0,21,14,0,0,1320,574,0,0,2,68,104,1808,4,0,94,3,19,4,2,16,1012,7,0,905,593,60,2,14,2447,14,203,0,0,22,0,187,32,26,18,3,2024,149,94,2401,1211,844,266,0,670,61,23843,46,2,120,206,0,2,229,14,0,1120,2,24,0,3,1,85,0,0,504,0,37,2,838,166,11,30,0,0,43,21,269,0,101,78,0,6,951,5100,1,0,1,7,8321,1,7569,329,3,0,221,0,0,2976,76,34,13,13,154,47,923,1921,33,48,7,0,1,0,1,0,1952,0,0,0,1749,124,465,573,73,337,8238,47,0,0,8,0,0,0,8,1016,212,38,2,11,23,5,197,544,1,6,0,39,1022,151,195,226,0,162,9,3,1,184,820,2,576,1,0,0,14,49,52,36,444,3,95,0,11,0,0,0,30,46,4,4,2,8,5349,2,0,2113,12,908,6,126,241,25,2,0,4,1,8193,0,16,1,1525,0,0,30,14,1239,1,23152,156,3,142,6818,2,70,8078,159,0,249,0,1367,219,0,11,0,1598,41,451,82,4,0,527,38,16,302,3,10,5532,0,6052,29,2,0,4,169,73,354,0,711,223,2,26,1002,608,2,0,0,1,256,50,1,716,1533,0,251,0,39,1552,2,33,108,5,10713,6094,10,1445,5,354,19,44,754,0,1,5,5,58,1,2,3,40431,383,1397,977,64,0,6,0,2,27,248,5,122,204,0,0,13,1,3850,20,28541,205,379,13,1006,40,148,0,44,2,56,1278,1341,113,282,87,5,3,4,12,22335,596,1,360,20,1,0,13114,61,54,79,336,1,0,1788,162,1,90,0,118,1,127,0,0,2295,876,171,0,498,1489,1940,52,5,7,806,16,23,1306,3,80,363,0,3,2,3,40,3481,375,542,39,26,2317,0,6015,805,91,92,0,1238,0,310,8,0,427,3366,8,4,266,41,3803,410,6380,276,834,22,1,710,33864,1,1,917,1,2,0,10,0,51484,1,590,2361,0,45,0,0,469,70,5,185,372,4,17,4,47,27,722,184,255,29,414,1,0,6960,192,363,0,1043,121,1238,0,137,81308,3,57,0,18,36,8120,3165,6,35,98,9,1,131,9,0,0,1,785,34,531,3,1038,437,0,1079,0,1,4497,154,169,1078,2101,4,1470,58,102,4645,2,2343,18,2087,230,1,58,1172,495,216,0,640,602,610,0,46,10,3,3,4,138,13,3,476,10,5,1480,0,1,58,0,0,1,0,2100,2,26,32,0,26,239,0,0,76,10286,1,6,11,0,248,43,19,49093,1220,13,4,10118,10096,303,20,209,259,2,86,37,0,159,0,96,0,3,0,103,14,0,3,10,3,49,168,428,814,38,1027,2,15,0,22,12,0,0,270,13807,775,448,305,308,1609,32,95,6,113,0,34,31,32,32,1215,0,246,3194,489,5,243,539,1,9,0,66,820,7,38,657,17,788,61,1,140,33,248,27,1046,80,0,1068,297,17,33,0,249,0,8242,17,0,2,93,766,0,157,657,0,15,102,1505,7,63,563,1,0,18,1,8,358,2,5,46,886,61,761,5180,75,453,159,759,61,1103,560,11,0,13,13,1,23,0,36,1136,1367,38,13360,0,117,0,6665,56,1,8,38,216,1005,0,628,2107,66,0,0,1053,3,68,182,589,8824,170,792,1,3,230,0,1,21,951,373,19,10,113,0,1,867,42,1514,45,9,2,0,1797,72,12,5,235,0,122,312,2742,2,2,13,116,0,15,19,2121,5,289,135,0,0,48,0,97,11,8,2,15300,6,2,12,81,0,9,301,0,114,437,8920,7864,0,82,21937,11103,328,78,312,51,1813,527,8408,5,47,0,0,36,0,279,4,45,1,3789,81,300,6,96,2545,1,239,1,3818,684,5813,380,67,3,60,909,0,1,719,1042,535,955,2569,5,51,0,16,0,65,532,123,0,164,18,1342,1909,227,49,1,47,1,0,1800,86,0,24,0,1,19,14,91,239,0,165,8,62,2,2409,8,4,438,562,403,5,0,128,1567,5348,0,4,249,0,9,0,36,28,338,1,596,386,496,54,5,4608,37,14,2,0,10,24,204,37,0,15,1,1,0,462,1719,136,253,283,491,5,0,5,13,26,1,561,367,0,306,1,3249,254,0,14,0,3,415,12,3,8,32,0,3,3,140,118,1081,839,90,30,286,45248,0,20,170,6,2,0,0,541,819,220,345,23,0,854,1142,891,10403,3916,0,1,337,0,12,0,1828,991,8,313,374,9,10,1893,165,25327,0,481,1303,2,431,1,142,63,0,120,13,1,3241,0,1572,0,178,885,2,15039,148,1146,4620,316,907,196,10,5,2,3,28,79,146,222,1,3,98,0,0,4503,144,0,1,2020,2,0,1129,50,968,539,1,2171,12,621,0,0,0,58,438,165,0,13,0,6,295,2,313,75,201,159,49,2,17,0,0,6,1,29,2,0,3482,14,1771,11,261,314,265,74,30,37,2,19,281,3,4,691,0,1329,0,102,76,0,26,47,0,69,24,31,135,3,95,429,42,986,107,291,4,10,0,703,7,953,7,43,12,35,0,115,1,115,236,0,5,1,846,138,10,366,36,237,0,8,0,0,1657,4,33,22,20,7241,17,629,28,467,44,810,2,1,0,1183,830,0,42,25,5,85,571,2,30,0,10,3,9174,1,89,20,21,961,61,0,88194,20,11,67,2,1527,194,1,1,122,3,318,221,22,0,36,0,31,246,20,0,4,0,0,174,470,2,363,6,1380,134,277,15,28,0,37,0,583,4,465,0,207,0,2,54,12,136,0,4,1445,57,3,18,57,6,3,48,10620,128,0,258,791,13,3343,181,9,1,0,0,0,365,0,13,567,461,0,1,21414,607,1323,6,43,71,2,812,120,0,72,1379,0,2,45,230,0,67,139,0,122,40,249,36,2,643,1,53,73,2165,1,1041,120,5,939,242,81,56,59,0,5,0,59,365,0,150,394,4,12,0,0,8,1161,61,223,3,155,16,1629,84,6,0,3830,178,2,0,13,0,1,1998,5309,39,17,1001,1,0,12,0,0,15,51,1,2,1,14,286,2356,1,281,0,10,737,3,42,5,1,1,4,209,62,0,3,42,10,1,97,1072,28,146,0,13,5081,0,2,3198,5,1544,0,116,0,753,104,2,0,0,0,0,2,0,2975,23,1,3,0,1,312,1731,0,7,1531,23,2198,0,44,403,1,51,0,630,3683,443,0,137,19561,63,1882,76,7649,0,17,92,0,7,368,0,0,0,23,9,268,3,5,1,0,1250,9727,14711,1,1097,0,3058,0,1,20,35711,71,21,0,0,12,3,0,187,201,0,3242,0,2,251,7,2,34,56,3257,81,157,0,7800,7,591,109,35,31,0,64,3,0,297,3,4,14,0,99,297,5,0,69,1,0,0,85,0,6724,33,3,0,18,418,377,24,0,0,75,6,5,0,369,8,63,2,0,6107,0,2472,0,19,100,0,2855,55,0,33,3,4,8,0,0,11,81,3,83,432,2,8,5,230,4,18,28,1,181,518,11,52,2,247,52,1,416,665,1559,37,53,4263,552,127,295,0,231,0,651,539,430,411,13,0,1,9,21,2,1705,5,18,72,0,426,176,2269,905,11361,0,155,3934,252,17,1,0,0,0,9,1,1504,123,2,3,0,0,9,0,535,7,132,0,68,77,108,19801,1,0,141,9,1,14443,0,59,0,10,617,589,0,98,906,302,0,0,91,235,10,340,0,29,19,3,323,22,340,1082,106,5,0,2871,168,3945,4,2,11,759,0,0,572,46,8,8,33,201,71,0,0,1125,588,0,8,12,0,0,1,0,47,499,0,40084,766,1,14,8,6,62,1,2,5,0,0,383,62,3,0,3,0,0,2124,17,5357,0,26,97,0,91453,55,1,1,498,19,7224,134,2034,3,710,11,8,104,2372,0,60,6,209,19,106,0,221,0,0,1,20,4,8519,0,0,5,3,134,10,0,45,466,0,1209,0,3727,1,1,0,26,5,30,2,6,78,14,873,2,148,512,0,0,184,9,1822,3613,140,5182,133,0,8,261,344,1103,58,0,900,5812,2,26,64,71,15,35,0,469,1,0,5281,411,86319,267,0,0,7,10,0,0,1014,92,0,12,6,1746,0,31,0,0,1148,792,870,28,9,5,1528,4,25269,105,64,0,18,3,1310,0,3,26,267,21,1033,39,1,18815,6,32,11,471,3093,27,116,12,49,3119,1873,0,4,1216,171,34,0,633,146,1156,306,12,112,1,7915,0,12,51,0,0,59,1,0,5886,449,0,799,7,3,0,82,1697,32,3,0,1,25,4,12,1,3,573,18,7,0,1,0,21,38,283,1436,0,56,6,17,2110,269,66,470,168,2,3,349,1046,18,64,1,281,9,44,0,52,4391,5,338,615,0,95,0,56,62,239,24,1657,56,33,99,6,28,102,47,42,5310,166,11,25,2,0,25,154,1,171,632,0,0,235,580,158,905,0,13,158,13,31,2713,4829,25,5,26,0,215,537,56,0,7,1,25,55,3569,16,466,153,480,0,34,18,980,178,22,8,230,68,292,657,1531,26,5560,189,378,385,1525,0,125,745,70,275,104,107,3444,147,1,64,0,8,84,0,554,21,899,0,38,308,1414,1963,45,41,18,3,2,7684,0,255,1946,1275,1699,29,282,274,376,389,448,16,46,12,0,0,8,0,20,1,1268,4,1876,79,2017,14326,648,206,1039,1657,1,4,0,1553,1572,0,39,566,181,6116,0,2541,267,3494,0,6117,4,594,4,52,0,25,7,0,104,29,517,5612,0,0,160,1456,354,1,2,87,1929,0,0,20,0,0,3,73,735,7,510,3,0,795,5,0,14,0,1,0,405,1,1593,0,159,109,0,390,867,0,528,1,14,5090,13659,3,0,91,64,0,59,82,0,215,1,0,0,1245,17,1978,272,1045,1,270,513,647,9,90,19,4,0,70,389,708,17,0,3096,76,198,0,129,2,275,88,1,0,12,410,25,6,816,3,144,1628,0,134,264,14,881,450,26,154,6800,0,276,154,1481,0,453,740,24,2332,0,14,1,0,25,13,191,2,1195,0,2,0,2509,0,0,0,146,1,2111,27,279,144,7,7,215,27,74,252,171,0,0,29,1,11,422,50,3,44,8315,15,1901,8,6,16,15,109,5778,2011,198,0,0,0,0,75,84,0,750,450,12,37,3645,151,79,606,0,21,283,418,3,3,2813,5,68,2,4340,6,1,7,4,72,2623,3,1,20,1,56,1,0,2698,1114,1759,5,475,7830,1,0,24,169,159,0,13,28,2,66,39,0,0,1502,4,2,1,148,18,11,0,75,3,0,1,956,0,262,657,79,0,0,17,8,49,1,0,567,145,1,10,49,13,0,723,296,154,416,1349,98,9,5,239,4,0,0,17,0,2,4,20,0,146,5,2434,0,206,12,13,4,179,827,96,1,7624,0,45,1268,19,1,0,3,0,0,72,21,9,172,0,474,6,2,14159,525,48,0,21,252,0,0,7,201,3332,205,101,16,647,15174,0,11,2011,3,103,1262,1,0,3,6,6,4,23,1,166,0,25,86,147,33,1304,43,13,13013,1540,5,125,801,175,3,1,600,644,24,1,3,13,56,2755,4,122,212,43,2082,0,0,614,540,2363,917,2,233,4319,3,21,155,2374,6,767,9180,1572,13315,2315,0,1,192,124,940,0,11,0,1123,24,40,0,0,0,627,0,29,6,16,298,1734,335,1087,0,3,1491,0,8,91,0,1371,2,1,0,9,13,326,15,0,0,28,45,0,158,3,76,2,1,1,2084,91,511,2,1,1,11,12,39,1014,12,445,489,114,96,217,131,0,29,4,377,35,54,114,59,0,22203,198,396,225,8,2627,69,362,522,5362,6,0,4,1,14,2302,3,733,1,3,0,17546,0,118,469,1,2,16,0,3,424,87,0,74,11,1053,0,1001,2447,29,273,123,0,67,0,169,0,164,35053,0,35,250,67,7,0,249,65,1278,348,0,0,1,11,4,51,312,3689,0,1170,168,0,3996,3,68,10,3,1,0,1,1,0,3,1,343,1981,0,770,0,433,3,8,38,2,90,1,0,17,62,1,41,897,774,0,17,2,0,0,0,24,317,10,48,136,1,87,574,0,76,25,4,14,0,1756,3303,1,11,3,12,549,1017,1,0,13,8,0,17,1,1,0,0,1,966,56,0,125,116,1018,2,4,23,83,23,142,653,16,0,0,2237,453,1054,1576,0,211,1,0,321,4,0,53,46,108,17,8,74,3499,45,1,0,1,50,0,1211,1,7,248,323,8,26713,964,44,43,731,4766,201,42,1,0,2,24,152,0,0,0,124,7,1,138,62,10,0,0,15,573,78,0,2,988,3355,2623,125,70,12756,13,75,0,19,248,0,1,2,0,3,8,3,4,29,106,15,4,5900,95,115,0,0,0,4,1,107,180,13930,0,55,2,219,42,92,247,5,874,0,14,3,382,19,0,0,851,1,0,1504,4,0,2128,4540,90437,1884,83,72,65,13,1,2,0,504,0,1,0,4,267,21,41,0,0,0,16114,0,3,436,0,0,0,5145,183,4,0,0,10,17,4,22,0,6,31,27,5,61,1,564,3,0,699,28,19,30,67,15,0,17,94,4,3,99,6,225,0,0,13,73,213,0,173,614,1549,1,16,1,176,0,10,20,1,0,21,107,146,3833,0,58,46,0,0,55,262,1,16,776,9,10,0,21,816,0,247,99,0,24019,0,1,877,19,0,4,7,223,4120,18,789,9,0,2,4,46,291,340,276,213,3646,2,110,51,0,44,0,1,36,0,2,0,4698,2,0,104,394,10,66,0,2030,24,166,438,2,141,1,2,522,0,832,15,3,1586,1,4,30,1,17,34,177,0,1690,25,101,246,71,338,65,625,2,46,45,27,62,375,1,1079,38,5,1,2,26,19,3266,117,0,3,19,216,1639,402,65,0,26,18,303,826,47,0,11,0,756,9,343,23,1022,2,171,7,4440,1,0,0,0,3361,95,0,3236,579,700,5,1,145,6,214,99,28,2,0,1,849,536,1,0,3,353,1,12,1,1,21,3,24,8,3660,88,240,35,12,0,57,1195,0,17,13,1,4,10,5,148,8,70,1498,616,57,382,22,2180,0,300,65,177,8900,3,0,67,244,120,0,989,0,3,5,1,153,2,280,5442,1,0,36,229,4,13,9479,1412,4483,29,508,58,181,173,56,61,8,176,5602,296,10,16,0,0,1,24,7,0,441,31,3892,1011,775,179,0,1,41,150,21,89,4,0,19,40,0,2,18,104,67,4,9128,525,1,1535,7,112,1906,364,125,7,1429,62,4335,0,237,46,146,6,59,0,2,509,1274,376,31,383,192,0,2730,757,0,237,145,11954,0,2126,3,1146,5510,2,0,96,9528,44,363,332,0,0,94,57,29,769,0,289,210,146,12,60,40,4902,12,169,205,0,0,0,0,12,46,2,149,7,176,130,5,575,2,4,2442,0,0,33295,46,2,52,5,25,0,20,6622,82,17,267,1,0,1,3,623,1017,2348,167,4,0,24,0,2,462,3,48,1611,3653,315,89,1,103,29,25,1,0,176,5,815,0,53,1,511,266,5,16,0,97,353,56,16,2,73,9,87,2,46,6,48,23,1,13,9,1,1,0,207,6,256,358,1521,111,647,12,14,120,131,0,6255,5,0,224,12,877,16,1385,3872,12,1335,0,0,27,430,2,9,3,100,2,0,0,639,0,3,6,211,6,5,63,180,160,29,0,58,3,2238,0,8,1,27,153,152,1,4089,2734,142,8,1,135,115,0,17,306,27,2641,80,436,112,0,1,0,7,109,23,28,0,0,510,2794,13206,0,0,50,17,527,5479,5,10658,4535,14,0,2,6,834,0,98,11,0,23,6,2,21,14008,10,522,394,4144,0,0,0,542,1,0,0,0,39,6,1,541,1517,2738,7,0,639,1,295,2,2606,5,1902,6,0,12684,3,0,777,5170,10,6,18,1128,300,0,0,3,0,257,1660,17429,1184,263,73,108,12,718,1,0,4995,23,3,0,722,41,0,2,5,2,14,12,333,31,93,1480,1817,274,344,13773,1026,182,0,597,10,8,8,8,621,554,859,12239,55,0,19,50,0,8,6,2,2528,5,1,1,0,309,2687,962,869,0,370,1914,286,10,4,0,2,4,17,9554,9650,352,1584,2659,30,24,405,0,11222,173,19,1,660,20,0,1,260,254,1,0,0,0,804,595,6,0,4,0,15,1,0,1,20,1,9140,391,0,0,599,11,80,1685,147,2,3,20,15,54,645,0,0,29,0,16,3,0,150,90,13,2,393,654,22,5,51,32,449,0,56,1714,5438,0,1,9,41,462,0,13470,8,26,319,27,183,14,0,5,33,0,1,92,0,1040,558,5,230,7,21108,0,0,2518,3,479,538,4075,0,4,2,13,23,4,2,1,0,106,0,1904,32,0,0,100,1247,0,0,439,15,0,2149,0,18880,244,43305,0,624,2,95,8,5,2025,1,1,580,262,0,135,339,13,10,8,3221,262,1,12,71,0,79,25,6776,0,34,6,4,85,7578,6,1147,26792,1,2434,0,1234,85,13801,145,5,8,0,93,312,24,4,0,0,2623,64,40,397,16,302,0,2,1689,1552,155,198,17,0,317,0,15,68,2,0,6551,24,1,128,142,99,1,1410,205,4,12,292,2,120,17700,639,44,314,20,189,6,13,10,0,2443,9,0,351,10,2720,13,3,57,509,93,307,0,47,291,2372,0,34,2,0,62,14,1,1,0,0,148,19,832,3754,3803,104,103,197,1717,1,14,59,73,2,12,1316,11,4,298,6,230,1750,1237,6,4,252,1869,0,27,146,50,1,0,139,1,13,6,58,154,1007,0,11,3030,1648,18,2,12,0,38,0,46,350,7091,742,0,3,380,0,1795,0,300,1,3,0,0,525,0,25,521,255,0,884,115,0,71,7,160,0,0,0,2,445,0,1,4,184,787,26,7,0,1342,451,206,1168,9,2339,0,361,28,345,71,6,376,266,1,0,0,2485,21,0,1189,771,0,104,0,306,54,2476,1,27,33,73,155,3,0,0,6,1520,96,95,1,176,17,171,2,366,1,62,68,799,0,290,0,740,2747,1,1749,222,36,876,2,882,4,0,28111,1,1393,59,47,178,3328,0,0,2,0,375,463,89,3,475,205,0,39,0,479,0,13,24218,31,2,72,927,2099,0,2394,4,2,5,1004,18,18,0,1,0,153,2006,0,9,15,0,3,709,1,2,0,13,333,29,2,0,98,11,0,9,0,20318,1,1652,0,28,76,54,15569,120,0,0,7235,2038,369,849,977,7,210,0,397,1068,2,65,3,0,385,23,1389,0,0,0,0,0,86,1,6132,19,6431,1,2401,1,1,2114,0,10,1633,592,28,223,11,818,25,1,726,3,697,219,27,3,820,1746,0,13,2419,12,522,628,3,2,90,13,407,41,36,48302,748,0,9,4,219,3,83,483,0,2,62,141,98,0,4080,6536,0,22,0,1,12,1805,851,941,28,137,31,1,1750,0,25,371,5,1525,39,3,2261,0,17,14,268,7083,3,22,0,0,8580,0,297,299,15089,85,0,1,3574,501,519,72,1365,0,1430,341,2166,0,651,7,294,0,0,13,26,681,352,1682,4,396,2,4,260,326,552,17,474,921,14,3178,16,0,0,18,0,18,106,147,0,232,0,47,40,20,16,1332,13,45,548,87,9,32,0,5,120,6,14,739,73,9639,0,0,8,1,5275,2866,0,0,19918,20,16,3396,8431,271,0,7,8005,2,0,148,336,1,68,6,70,271,1300,351,83,145,230,0,1,1086,0,147,17,910,31,2357,1,32,1,0,12,7,1,317,0,0,4,0,36,1,0,3,92,3,0,88,273817,170,0,57,954,0,521,9,67,24,3,501,2,121,36,33,0,0,785,78,9,1,806,0,151,3,20,9,5,1,49,2,0,4,1,0,0,20,622,0,21,5973,0,0,2954,234,0,1338,1045,0,114,67,0,2,11,3,4,22,0,3,65,1,57,149,7,26,0,8,241,1,1,155,100,0,9,0,155,0,173,0,36,6966,0,688,0,0,1,390,1,627,347,2,1,14,202,20,407,8,407,0,1,2,220,16,0,1131,0,0,19623,11419,2097,5,11,52,693,36,0,38,19,16,954,0,0,94,1,0,178,13,341,172,13,3,1637,295,447,14,1149,0,76,1226,14,89,268,76,2544,0,3,21,82,35141,56,2890,10,1,54,5,60,82,1,11,79,387,0,957,299,7,112,108,0,75,0,606,0,18,59,6,3,0,3,35,4820,11989,3865,1475,224,4198,156,3,10,0,99,0,13,7,535,2,10,1568,193,57,0,136,345,1324,1,4067,807,5,860,0,1,560,2548,5687,4,134,0,12,0,1,913,4658,37,11,26,6,0,300,11,80,2932,1,31,25,454,69,6,56,1,4,14,0,6,0,2,42,8,18,30,2007,1408,11,63,3963,49,236,7,162,0,39,62,94,115,3,97,1594,1538,12,0,790,0,9,826,11,5,184,1072,15,1143,22,4066,113,21,1,0,1,423,2297,215,691,21,70,5395,221,95,0,0,4,254,1116,0,888,17,43,0,20,0,1,5,15,1357,117,12311,0,34,822,6797,0,2,66,374,134,2,2,0,0,10251,712,4840,49,0,135,92,0,13458,4,0,436,556,236,4,1,79,99,29,3,19,8,7074,5883,3,11,1,11,641,381,1825,4,0,61,37,2,1,1400,0,2,8,9,1,1,458,79,0,528,56,6,9,1890,117,4131,3677,114,0,82,24,18254,0,294,0,230,790,17,1,1612,833,1603,241,0,3,1,3,121,9,17,1,1,3,34,5,3163,45,13423,2,243,0,46,1459,11807,10,1386,37,129,784,138,27186,776,8104,628,45,6,0,1,0,1,747,436,6,0,17,4,0,9,1716,48,1,211,1622,6,0,271,0,0,140,55,2532,6,1,21,242,1220,2,0,1745,104,1,9275,2949,384,200,136,10,4,566,26,34,32,304,382,76,2,209,988,1,0,1933,51,1359,0,25,35,2107,0,144,0,302,190,175,30,794,3,43,2,34,0,2,3,27,47,5,30,3,0,1566,0,0,12,1,27,0,290,449,1,0,1,1483,26,60,30,27,0,0,645,13,6,1,38,2,7633,10,3,187,152,0,1095,94,2,425,44,0,5,0,3542,626,364,96,0,226,2178,38,18,212,64,51,476,1,1683,19,217,0,7,2087,0,2567,0,0,150,2845,240,35,29601,470,248,5,23,583,160,21,37,362,335,3,197,0,0,3630,0,2,1,4405,78,77,0,223,33,2,6,3,1,1,10,36688,11,483,258,1984,3406,2,1801,11,2,422,25,10665,0,4130,9933,0,1,16,3,505,0,0,3,8911,2,4,70,4,0,599,225,464,0,2,0,18,5549,26,107,71,219,3,17776,199,1483,691,200,2,1,102,290,0,17,0,0,111,119,0,3806,0,11,3,1,213,8,0,107,653,159,5871,0,44,3,0,9,2,0,15,352,169,1891,502,75,31,0,7,130,34,0,2602,2027,14,1255,0,1745,228,367,3299,1,12,496,98,61,289,139,141,22,6,1,930,20881,0,237,1,2,148,45,306,53,48,481,0,8,14,2,965,60,47,0,364,2934,2919,19269,4,9,830,588,1,16828,391,4070,1,5,3649,5425,327,0,130,58,2106,286,4,21,3,301,0,56,15,1,0,847,63,390,3,781,42,1358,58,0,5,0,3,6,0,99,3135,32,399,168,188,333,23,8,0,56,75,132,0,319,19,242,75,33,262,0,75,5,0,78,0,1105,94,20,198,95,3,0,35,0,658,61,1,0,375,908,0,28,263,315,6,66,0,9,723,1,11,0,19,0,620,462,1,0,0,42,207,3353,0,0,108,54,0,4,0,0,59,242,9,78,39,7,874,18,23,386,0,267,1,12,0,835,0,491,1370,0,1,552,9,18,6,2385,5,34,1,298,36,3,45,212,1,485,7,0,0,84,1813,179,343,225,28,0,202,626,48,51,0,509,31,238,0,96,245,74,0,6595,1,5086,2813,161,31,568,0,22,2072,2,0,1,42,16,27,7,1,16,0,0,116,11,10,33,357,6,1,1,0,967,0,14223,67,12,108,0,1739,658,0,185,67,13,21,26,2589,0,1323,7,632,6,22,0,103,34,1,0,1,12,9748,10,90,136,4,724,56,13,2,0,104,3,2,734,77,5,4553,220,7,358,0,346,3,2510,1,323,109,26,368,6,45,6,5,1,608,0,11,475,1,249,8,34,531,1491,13,0,0,6,159,4,68,2,53,5,318,9591,485,12276,233,7,13,0,3,5354,4,143,39,10,233,210,20,1853,203,15,9,0,7,122,13,0,65,49,3489,1,2,70,0,2,4,0,97,577,18,1,23,2,152,501,59,19,4,2,0,6,84,13176,128,184,1,3,254,4,28,4,1,314,121,16,4,0,0,2,106,3,0,1225,0,5,14483,0,142,123,0,21,127,542,0,9,2957,3,1,32493,7,14,0,2864,12,3,0,713,420,11,9,192,913,7258,9,88,4578,12,51,167,9,32,2,0,3,27662,40,23,506,1,472,0,17,10003,1,8,0,184,1484,450,59,1559,7,14,940,9,107,670,109,19,201,8648,40,0,0,0,2847,9,0,6,0,11,1,0,0,0,5102,84,88,105,842,338,1174,136,12,216,6,2504,2,0,50,8,2213,32,8,0,925,7,834,4,150,0,1280,67,4128,1,0,0,32,731,475,6,1224,1,1,110,360,75,3563,0,0,1027,147,80,55,0,30,3,8,251,0,564,709,244,0,208,76,1207,1,177,75,41,31,34,9,4,2,0,7,144,1157,37,44,0,44,0,496,2251,0,100,40,0,0,3,309,0,408,407,702,741,18,639,69,20,24,22,5,1540,681,200,11,20,10,937,110,13,134,5,0,768,47,24,0,0,1031,0,3,228,4,6,44,50,626,103,70,860,197,24,5,0,1673,21,54,0,0,1236,0,0,144,20,671,15,33,0,321,0,2896,0,766,2,20,681,1280,1,0,1600,97,454,14,112,486,4,518,1,0,569,54,620,32,225,434,1420,9053,1,12,10,1864,1109,197,11,14,0,0,6449,250,114,18,235,23,9,68,9,39,1254,37,2,0,18,5,2,4,0,6,242,27,12206,1682,2,75,17,4,2,464,681,27,0,1,31,0,427,515,167,2,6,29,0,1361,54,431,16,1,0,2121,62,1,3664,0,0,0,0,1725,3940,2,0,0,6,3,83,17,18,2930,6,150,67,1682,15,0,3,0,3271,0,59,996,42006,0,1080,0,835,3085,1,1,0,0,667,0,1,65,98,456,802,1544,490,1471,64,83,3897,170,2,3695,691,2,765,3412,15,26,52,613,50,89,531,13,2,23,1,3,51,3,43580,2,127,0,2164,136,2,165,2327,0,6585,20,0,1,2128,2,11,2359,7,7,0,123,0,3548,349,4,41,27,34,1,4,69,0,0,0,594,0,87,7089,5,1159,0,5,2557,25,80,1,0,3,110,1147,1,20,1,307,367,719,0,24,192,163,0,8,41,17,76,247,92,82,9,1792,12,0,880,28,23,47,3,77,9,2,361,0,9,0,963,5,183,169,3,0,852,0,1,0,0,5752,1,0,1200,0,1073,42,1547,4,55,4889,42,28,12,0,1,6,1,60,868,1,4905,4,3,0,10,909,267,0,1,0,0,0,290,16,0,1126,40,7176,0,11,1,24,39,0,112,35519,19,1811,5,14,20,0,25,1,9,1531,115,78,3,25,135,0,16,0,177,226,112,1,2,3,850,2142,17,1,201,0,21,0,899,3,25,790,132,0,259,86,317,88,214,234,101,19,5,81,0,153,1009,11,367,104,72,1,234,3367,204,1,14,2,807,9,7170,7,9,459,85,1789,50,67,197,2245,0,2549,9,858,33,1,0,0,2,2,1,6,295,1,10,384,0,0,11,2,3639,1,44,2,732,1,100,6,1192,280,1,0,3930,64634,385,78,5,92,65,17,19,71,70,81,119,20,0,0,44,0,0,959,2,2,213,14,0,12,0,7394,105,11,2995,1,273,263,1,0,23,0,1202,87,3214,9,15,0,56,2,725,2,41,0,102,1683,27096,8,0,398,35,231,7,0,199,5,0,271,1,2,1950,71,0,8,1464,683,6,869,3791,0,292,11,645,4,0,4,0,41,36,33,0,1,1577,40,328,0,35,69,0,8,165,536,11,1461,29,5,48,3995,47,1,10020,26,18,5,23387,818,84,58,0,12,10,1409,281,5,666,9,86,0,756,2486,28,0,0,0,0,6,70,67,247,69,30,358,2165,240,5,14,0,9,93,899,31,1550,288,266,408,0,20,6,0,1,0,0,106,4,24,61,0,96,7,1493,0,6,19,627,1,0,1211,5112,0,428,426,355,28,17,0,105,19,72,267,95,1291,535,78,4,176,615,1,2,611,69,1,10,2,413,732,87,0,0,8,149,299,217,5935,1,1,4495,2,142,23431,7882,11,1,8,6,5,0,1069,20,187,2,928,1569,6,8,14,1,0,0,157,2,1244,1,303,56,0,75,606,266,31,164,0,0,0,2,2,737,5,1107,452,136,0,89,21,1041,5,73,435,7596,31,0,1,55,8,52,11,40,17,0,5,29,570,1776,0,217,135,51,0,359,470,6,949,0,19,5,239,10493,80,4,37,149,3,212,333,116,0,0,38,0,5,9376,38,1068,30,2404,2437,5,0,1,504,24,1653,0,2,0,435,489,7,661,441,1,18,18,1942,0,629,17,26,5229,642,1,7,10,695,29,43,6,8758,0,1663,19,0,0,2,2,1,13,2509,1,89,20,3,0,17,0,1,0,25,4605,2,0,184,6,0,614,3,19,1453,275,2,0,1014,2193,25,1,3604,63,582,19,366,1390,0,86860,30,15,2,206,7,0,43,1,10615,0,137,0,13,158,57381,208,5,0,545,177,57,7,79,12662,0,3097,4,51,7979,3,974,26,1415,251,0,0,14,0,13,15,1155,0,334,0,6,0,1,2,26,12,0,51,45,0,591,25,515,152,1095,358,1,9,4,7,0,18,0,1,4,20,33,11,28,0,0,127,9,0,7156,6179,1,5204,2,0,41,573,109,476,0,312,28,0,220,27,0,22,400,0,129,31,103,17,1429,215,1,144,0,0,75,562,18,12,4,937,301,0,0,2,2,31,59,1673,7,1,77,60,293,633,1,19,14,177,261,212,176,0,3,0,5,14,320,83,847,0,0,0,18984,91,373,34,287,0,0,49,1791,2005,452,21,0,2,116,0,69,3030,78,0,0,1,14,9,477,0,90,97,7,0,5270,188,1920,31,102,0,99,5,5,1,53,35,60,97,1885,2086,93,102,20,814,173,101,263,35,94,7538,366,158,373,418,79,54,143,0,27,1953,0,0,5,0,0,0,64,108,0,0,1483,0,5,38,0,3,0,69,71,2,49,1,331,29,0,132,894,10689,417,51,321,0,1,0,480,893,3281,1,3,605,103,0,85,15,4,4,12,255,5,0,3,138,0,1,23,1925,125,1300,79,13,271,135,64,222,10,1497,1,650,3257,2538,0,266,130,424,32,123,1,0,1035,1,0,227,30,53,2,334,81,0,65,0,0,2,8,2,5,43,24,137,0,2,9,11,1177,832,980,109,1468,295,13930,0,61,63,2,174,69,0,1,0,464,32,0,1,237,0,72,408,1852,1,3069,423,4,47,3,11,1,166,13,4934,106,10,603,107,1674,0,3,4645,31,35,0,1,86,21,0,2001,0,0,12,933,43,926,12,11,31,11,169,8,0,0,5,1,285,1096,0,1,105,2,0,690,1350,367,5,404,164,1,30,0,1300,1289,4,205,0,19,19,1,2958,10,0,0,0,0,25,272,6113,93,84,61,70,316,0,9,3771,1114,228,29,9,548,249,0,2851,6267,0,81,0,0,0,241,3619,5,1,1369,0,3711,3161,1767,0,3,279,206,1,13,121,0,85,20,728,144,1,722,443,70,0,2,1501,6709,0,63,5,0,12,549,16,161,810,508,9,55,2874,1,57,11663,7778,23,1,192,13,13,0,2,26,1377,7716,19,265,421,1,715,4,81,41,905,656,12657,16,0,847,172,0,17,46,18,7,78,9,8,3,665,402,0,468,0,0,218,13,551,319,6,421,59,7295,0,2820,0,18,24,176,314,292,3256,93,427,0,1346,16,0,5,2114,12431,0,84,0,1,40,19,3,1619,64,83,346,65,24,847,4526,0,204,9,430,4386,27,55,0,0,13,30,0,7,277,0,4,99,65,3311,7,81,1,842,72,2,156,0,0,14,9,521,261,0,288,18,6,241,0,11,1,3826,188,1,226,811,61,1348,137,10,0,0,0,20,17,44,6,0,0,88,16,14,0,205,109,6,1327,3,208,0,48,60,1150,195,91,299,377,306,2,237,542,0,2135,577,243,430,93,0,25,31,0,21,1,2824,4,214,1178,1832,15,42,0,345,1069,7,1457,2,0,42,14,0,10,246,527,80,12,69,33,3,1,0,134,3,214,1,53,8,6799,167,3141,16,199,5289,61679,1028,7868,12,55,75,14,0,16,42,35,94,648,27,0,0,0,0,3,634,223,1,2,3,0,204,0,1103,4016,83,59,352,82,0,21,6,79,0,55,44,0,298,14,0,3129,170,57,0,5732,4,1,0,4,92,170,53,0,0,1,0,4253,137,975,50,0,3,12,3604,0,20,728,4,15,14780,205,43,139,5365,1,2,2,443,709,0,490,0,1,0,39,72,9,1565,28,35001,37,0,49,0,0,693,713,0,0,42,0,136,3,44001,35,1,152,0,367,213,24,4,0,2,79,682,3,0,1,1566,0,0,2594,698,13,111,2,4,0,0,18609,0,0,8,3,1300,47,4,0,113,130,9,82,72,13,532,4060,2,1179,2,1744,11,1789,0,80,727,1790,36,89,1,0,6446,524,346,3,0,0,19,0,0,96,0,1654,1,2,0,254,0,1181,236,20,28,0,1,0,37,3,2371,1034,6,103,11,363,1058,5,23,2724,520,88,37,1,758,1,3,0,1558,324,14,5,18,0,639,0,439,0,8844,9,7,6482,254,308,0,126,6,0,37,926,9763,0,23,0,0,42,2491,0,104,1936,1,20,0,284,7,3,4,25,452,20,2397,202,105,10,0,239,14,141,4,0,0,8,895,484,10467,13736,51823,1,1,354,45,8,73,281,155,14,236,1531,1,11,2119,0,1069,1,225,0,0,11,21,0,40,1807,1139,4,132,9,5733,101,2,78,74,147,46,1,0,8,626,24,0,1962,341,16,186,33,77,0,1,92,282,0,132,0,29,0,17,64,8,8,3,16,14402,5,3,88,363,799,4,1994,445,116,1254,8,2,0,0,13,7,124,1455,6,3656,402,31,1,14,4537,8,3,0,233,428,3,3989,52,1706,24,426,148,3678,1134,59,13,2,1284,520,2,0,182,47,732,27,8015,11,328,20,92,3474,0,16,0,8,1446,559,10,14,104,13,370,125,58,155,6,7,7,102,0,395,4,28,1696,0,0,5,19533,1090,9832,2,2083,0,18,0,104,19,16,4,128,320,0,16,145,20,0,3321,265,1870,0,821,385,0,554,4,1276,1784,0,1787,4,34,6528,21,35,1,1508,164,53,1,7,44,21,0,62,1413,0,5,331,66,20,1,15,0,3021,0,591,79,1,130,0,0,342,30,0,43,50,0,7,19,36,0,132,16,58,34,9,0,12,543,29,62,5,19,1,220,1,62,59,0,7,271,49,11179,25,6741,0,157,8,846,1,102,462,242,371,5145,14,3,6,0,210,0,673,6,0,1,0,0,408,2,2062,0,61,622,2,188,0,305,3,1751,45,143,1,4,259,8,1,0,14,8,1,0,17,35,7,6,13,75,248,1,0,8109,38,198,25,0,0,945,8,3684,2,108,330,1,149,0,14,112,439,15,0,1020,0,0,0,0,691,2,591,723,8,12,1936,462,0,32,0,43,50,1098,1,80,0,0,26,11194,1,115,256,0,18,27,893,0,0,13803,2074,363,1,0,496,71,952,331,8,802,38,1,1267,2198,3956,36,897,86,5,35,101,36,17539,0,3660,1,25876,1,3400,103,27,460,46,2,17,1,6,309,0,23,1321,2,4,264,17,2,4807,6,267,86,0,0,177,1771,1751,4,3386,16660,0,1541,0,8,4496,171,208,379,24,3712,20,316,57,247,7,0,5,20,1,457,20,90,100,751,958,15,1,11063,48,2,19,13700,26598,0,19,13,27,96,174,48,8,1,389,2,8,2,1,4,362,0,0,215,1377,496,0,225,31,1,1,1237,12,55,0,0,386,311,29,76,4984,1,46,783,0,254,14,0,384,100,254,3905,979,1,1,2,0,70,912,14794,27,3,11,451,1104,1,271895,11,26,0,110,58,75,43,0,106,1,977,600,0,172,0,101,38,32,462,204,0,229,128,138,0,6,2698,38,0,687,33,0,117,593,353,211,15,0,0,158,2572,1778,21,81,58,0,0,25457,4,0,5,7197,1057,0,0,2,43,427,3,4,165,0,33,36,26215,7,2789,0,90,144,1447,48,35,0,651,132,252,107,1297,82,0,848,906,0,14,0,145,7,1,64,0,277,4,107,0,8,453,90,1,27,1262,5768,1970,0,3,2,32,35,74,9,0,29,4,541,3311,308,5,0,0,4,355,43,495,4,57,1,15,3363,47,0,0,1918,3807,0,12,6,7,1,491,649,8,6,1,45,4,0,575,3,1,266,112,24,12,1835,3,1260,4140,0,83,1467,943,258,58,89,14157,7,0,6631,259,4,48,1294,21,36,36,868,192,8,289,123,0,59,467,215,579,0,4168,6,0,1062,1449,12,108,80,15,8,0,31,0,2367,23,0,3,0,6,162,6,785,0,1456,4545,2,1442,2,5515,355,9,5,3368,142,7180,253,5,0,0,0,0,8960,12,722,357,1,2517,2,468,0,3,10,11,3,259,3568,0,44,0,894,169,546,330,0,770,0,0,404,1,3,57,1,101,0,0,3055,319,47,2834,777,27,0,15,162,3057,304,0,0,3337,4,185,1,248,3895,0,3,332,0,0,11,88,77,48,92,8,0,474,0,2,5743,745,101,176,44,4883,0,163,2,83,0,10,9,15,4,10,53,1,0,148,166,1907,254,199,862,0,2,0,438,0,3497,0,26,39,0,908,15,72,0,0,0,0,37,0,3,34,1,1,0,244,0,160,7,0,6,49,4,5,1005,1,607,1,0,0,55,288,0,794,576,335,15,202,695,4,9,28,32,1,1,1,1558,0,270,0,140,72,23,7243,3,277,5,14,0,144,1811,1600,1,0,0,892,9,54,10,1222,23,0,36,0,48,18,0,20,454,617,0,0,43,74,278,1016,231,8,18,2847,293,113,3,176,47,562,7,1,3,0,1702,2967,23,17,0,181,9,4,176,0,0,383,12,646,0,41766,0,46,0,26,0,47,15,2,225,2846,3307,1474,26,1536,59,0,1,9253,1,0,2954,97,3,0,290,21119,1690,0,14,1,126,1,67,475,945,2858,26,13,17,303,351,6,22,0,81,4,16,26,0,53,8,19,1204,734,1,52,2,13,0,74,2,39,341,3,0,140,5,1,0,178,0,1,146,621,7,0,0,0,11,41,11,1060,70,4,8103,981,0,37,4265,19,0,220,12,466,30,94,2319,90,48,75,39,31,125,1,0,353,57,0,107,58022,1,1,8,0,8,2,0,16,71,18504,595,0,3,8,4286,8,785,45,74,9139,145,99,0,0,14968,62,0,27,0,314,0,2,22,0,20,38,10,220,2,0,78,8,2818,70,10,0,20,5240,0,37,16,1066,0,325,10,62,2,0,6,0,34,226,8,5889,1454,18,0,7,26,0,6,551,36,4,24,6,1,67,297,0,20,17,0,0,48,2176,11,3,0,3242,2,46,72,1,423,0,0,17,12,38,756,525,123,0,369,0,2784,301,68,6,1586,0,91,0,3378,0,2,1542,0,40,19,126,8842,52,0,337,5,187,782,2,0,2,3,1,0,770,5,40,161,2885,1,138,1592,8,4,20,1,0,6559,6,1,4,177,7157,268,12,266,0,3,1,13,301,0,1533,2,1832,176,19267,3341,4,278,0,2,1,32,7,2157,0,11,159,0,949,11,2,25,294,0,10,82,485,74,2,0,45,3029,734,23,2,0,87,595,1251,3,0,0,20,21,250,282,1,0,214,0,2425,0,4,467,0,315,651,7,1,133,10049,4,6,16,100,0,0,0,1,32,0,1,1,1,1,10,0,731,388,380,26,7,95,33,837,90,8,222,54,0,0,1,75,623,113,12,21,540,0,0,1,3141,0,256,844,0,0,780,1649,16,1,4,9,0,1387,959,2,41,34,97,239,28,1,323,31,1,185,4,532,55,284,1,4,16,0,1,1,2283,414,8,107,1221,139,1012,16,6,0,574,142,151,238,1233,55,97,0,90,349,5,44,0,105,0,32484,101,0,0,0,103,2,406,573,0,305,1826,3003,8987,8,85,0,79,4,4473,1008,30590,1,65,2045,5027,11,2,0,0,66,6,44,0,14,4,5910,43534,1,3063,0,0,236,692,16,1,21,7,66,0,231,2,6,0,7,0,52,0,85,2,42,145,0,1,29,1,888,217,7234,1,5940,16,1,255,1992,11113,507,0,1018,0,2679,0,41,19,652,46,255,24,0,624,0,1128,348,1,0,252,1049,23,1846,0,1082,105,137,7,57,5023,1,437,173,13,387,7037,78,23,33,1324,1978,1,2,17,1,38,2,0,43,55,3,434,251,7695,0,486,32,2,80860,0,3,1195,0,101,92,242,36,54,43,305,0,25,247,70,1402,0,7,55,0,6,122,3,0,135,60,3220,11,2,519,58,578,17,4,0,58,319,0,170,1054,1,17,8,4,1974,21,5,6,53,3,10,82,0,5670,338,29,1167,2,11543,128,8,0,0,27,9,50,0,0,7,20,113,29,4092,158,394,0,150,166,57,295,12,0,2,39,1420,0,298,558,2,50,1382,0,0,46,52,54,1,792,0,1508,16,13,236,3,321,0,73,130,39,1,456,3,0,15,2,257,38,0,0,1,1,16,44,82,148,20744,18,0,45,6,3158,2161,0,50,17,75,0,0,52,5375,10,21,0,12,20,11,3928,1,113,7261,223,0,1094,5281,32,0,0,132,0,0,4,0,69,0,20,27,673,3,88,1,6802,727,3,0,10,0,345,15,465,0,293,316,55,445,0,1279,3,125,4287,10,38,10,17178,905,22,1,11,430,3,0,2971,22,1,0,3976,395,16,24,63,773,236,0,1,178,3,0,485,15,5,3,3820,1,13,5,3926,11,477,22,4,37613,63,27,320,0,95,4,454,3,4518,1076,3020,9891,1410,10,0,0,1,90,0,1,13,49,0,29,25,11,24,0,0,28,7,1032,0,16,10,1359,13,2,2241,1941,19,63,801,10,287,49,0,5572,269,0,63,19077,1,2298,155,36,451,422,2272,267,54,5,3,391,198,21,3772,1523,254,10,417,13,7,21,47,7,517,195,1,1256,4,29,19,714,0,0,138,68,1,0,139,28,2919,22924,13249,0,1,0,933,1053,8,212,2,0,8,3841,2588,34508,81,1028,914,51,4,156,21,4,133,2637,142,44,346,204,119,237,1364,815,53,1,1,61,3622,52,1,165,0,0,0,497,87,57,642,65,97,4,2,38,0,2309,6462,500,288,545,494,0,9,0,2597,20,2,13,102,551,189,399,15,54,3,13498,5,25,1926,0,0,93,0,85,11,0,6,0,18422,15,51,100,3,9,1,21,6,0,23,2,3681,3,0,1,2,11,580,55,2414,86,400,96,0,410,41,92,6567,0,1829,24,0,1,2514,98,0,5,137,220,4,382,0,2339,1241,150,3,387,14,226,0,163,0,6048,6,986,13221,51,0,2,349,22,0,327,41,7,101,18,9,34,43,67,2,983,244,1,101,118,0,2,93,7,56,2,8,0,97,117,0,13,2,1342,22,3,1374,4,348,143,4,105,2,6,40,53,3,24,2,49,1989,63,1,0,26,7574,6174,521,4649,0,30350,1,10,55,66,478,52,0,7,1856,3785,12844,0,3,0,507,0,60,0,15,4591,1,266,1,2,33,1,55,147,665,29,1364,66,156,103,0,131,331,2,35,1902,61,2,0,9,446,72,0,1583,351,2,0,4,66,326,0,189,2,1,0,0,150,2028,27,1331,927,0,13,37,19,123,1355,1,153,1,1754,24,11,9,56,1,0,8,0,13718,0,44,117,409,9,658,35,189,15,43,975,1,4,1044,0,10,2,2,5,47,4642,4,168,61,253,113,186,593,0,41,3,14,245,144,9,36,100,3,44,3255,1,40,1550,4,1,5,0,5,10,238,3399,220,2130,2,10,0,106,75,13,0,25,29,4720,4,0,5,2,40,2,598,2,1,216,1,65,4563,128,1,33,1,1022,2727,74,34,726,0,239,3,8,41,0,37,2554,729,173,18600,10,0,0,1478,16,1,11836,395,0,157,118,52,3900,188,2708,705,81,0,0,25,0,1,36215,27,2,31662,326,563,1534,591,5,1,0,0,2,0,52,99,2,203,0,0,5,42,0,2529,12,4,21,4,1538,272,26,5,10,4765,6,142,1,2,420,0,4,1080,29,6,0,1,45,3,7,0,14,1,14,0,11052,1,57,2,8,0,0,0,478,2,0,34,82,6,1828,1714,4431,75,13,0,3,7371,3255,0,176,0,0,108,104,16,8,0,2,7,6,0,0,1002,71,0,10,0,158,1562,1,3,61,58,157,37,6,4,155,1281,4947,1959,12,6,462,12,8,775,733,30,116,1,0,29,1,59,0,0,265,58,33,10,603,12,1,1524,0,610,0,2670,668,2546,61,0,35,1,40,1103,315,630,0,1039,0,0,0,3443,0,29,1561,1,0,3,1000,1420,6528,1,428,0,1557,2922,0,25,105,0,6,0,0,3812,17,1,0,6310,218,0,417,3,30,0,0,32,28,424,0,0,1,2,52,402,5,105,2,522,859,11265,1,20,11,0,38,45,65,14,2,1759,523,2,33,9,451,5,256,7,8,20,14,1,10,3,11,6,127,0,3,316,253,0,8,0,2718,3,0,1,10,0,14,804,25,2834,1,837,26,0,0,0,45,0,5,4605,1278,2684,220,4,28,148,0,0,14,2113,399,4,5023,1505,1573,16,1,1,283,88,0,0,286,1043,91,88,0,73,0,3,6,4,0,0,0,12863,17,2,5,4,560,19,0,52,54,28,0,4,222,9224,62,6,343,1,117,92,1,525,0,50,6000,813,13,455,0,0,6,60,31,3,1,0,2,335,46,0,8,23,0,0,2570,4,0,25,1,2,12,359,3437,100,0,100,7792,0,14,6194,0,1,6,1,0,1827,71,423,1,0,0,3239,6583,8799,96,131,1,5,29,2112,0,0,727,24,25,37,118,56,816,74,266,4038,25,0,217,23,3,1,25,1,0,0,1838,96,2,40,1,266,0,35,1,92,28,0,29,40,503,0,7,1,0,998,45,0,2,1,0,2,30,119,1,1702,258,0,181,98,2282,18,0,13393,67,13896,0,0,9811,0,24,2,1,1157,123,1038,6,14,7,2,3,0,4,180,2,2,48,27,12,217,1988,2,93,0,5,2394,142,112,0,0,1772,0,0,4,78,0,832,122,0,18,1007,34,570,0,132,1,1,128,754,18,67,35,2091,12,0,14,10,111,88,66,593,2,949,8377,5,0,79,18,98,2,3,0,290,180,6,19,0,20644,244,7,430,48,417,2,2,1330,0,46,0,1,1237,16,1,2038,3,131,11,110,0,3,330,0,0,68,1375,1685,352,1,400,1364,1437,84,885,1749,4,704,0,1,38,188,25,11,829,42,1,33155,125,1,0,303,0,801,418,5,0,8,42,13,205,477,2183,257,1261,9,17,21,2,6830,0,19,1,1,941,43,2,4,9,0,21,75,890,98,1945,2,3,5,138,37,1,1,40,11,0,30,889,6,1,0,428,0,22,170,0,993,3,1,0,3,0,36,10848,0,3010,20,35,223,294,0,248,535,3,18,879,0,567,3,90,0,23,2637,14,20,22,10,618,457,1618,12,63,2,10,2,4890,2,364,520,1005,0,0,413,4466,483,14,5,246,0,1767,102,5,17,77,95,2,1,359,32,8063,0,73,9,0,0,22,0,3,5,2,12,420,22,12,5,338,44,1,114,0,38,1206,1,147,3453,330,77,85,0,2,0,943,435,0,1,118,86,23,1,0,356,34,21835,137,1,805,1441,78,0,3243,3,1,217,776,0,77,849,104,22,4,19,5,11,13468,3387,1099,0,903,60,3889,0,18,4,2,0,33,21773,193,6,33,488,0,0,894,94,0,0,1,197,6,2,0,9,706,2,503,63,2068,0,0,27,10081,3151,5,0,182,2351,2,3470,0,0,1,0,44,62,208,18,0,24,66,67,3,1,73,5,170,4,424,3,404,83,670,0,410,7,401,18,129,24,5,1,3,0,947,0,195,17,12,8,4,1292,349,51,2153,385,87,14,396,0,1717,0,0,1,1,33675,200,25,7,222,11,120,94,0,24,856,151,39,88,0,17,0,7,810,3,149,404,1,49,823,2,0,1,1,3,1,1623,6,2,1517,9,398,6,14285,70,199,1604,2,0,11,3,446,28,17,97,179,312,0,135,13,1,3,1463,8134,1059,0,0,37,2,24,1,5,3,53,3,0,2,1,0,1,53,6,29,179,15,0,217,91,0,62,9929,4661,0,161,1336,124,13,3,2,205,0,1412,1791,26209,1,107,0,469,1342,265,3,15,1,4117,0,145,610,3,374,0,2,2,3101,583,5416,240,5,179,37,64,480,605,11,0,549,368,2,814,0,52,60,2,7,1,1,152,11,675,0,0,673,102,0,18,2639,55,9,15,84,0,1171,295,804,126,0,358,0,1798,0,1,53,2,12,87,25464,7829,641,3814,1224,28,4,5,22,239,1880,774,1,9329,1,29,34,201,26,325,4,5,4,87,0,29,0,0,1025,83,8,811,6,28,1684,264,51,0,739,3,61,0,142,14,10688,305,79,4687,1,2,0,9223,2,327,2057,132,14,1087,3522,24,0,5,24,5,88,124,14,184,61,57,5,26,138,53,607,766,723,247,183,30023,51,279,0,50,90,67,132,0,23,29,112,39,26658,82,230,28,428,16,9,94,3,162,156,5,1,2835,52,16,7,0,40,2,7,0,2,0,38,0,156,1,4,37,0,771,344,3,0,55,0,932,4,1373,10,633,61,22,0,0,0,322,0,114,385,1187,4,526,2,9,33,13,1840,171,31664,26,521,0,0,2,4,81,0,6,3754,1,550,141,88,1388,1125,140,0,5,1957,0,197,1238,0,2195,0,17,0,193,0,1,93,4,6,86,5,25,0,10231,585,228,0,13,0,1764,6,0,5565,48,1265,1348,0,903,14,4,1,232,25,0,51,2,4,105,2379,2,0,4,289,137,132,3,23,33,246,1,0,1,191,53,1395,6,25,31,0,36,80,152,1840,1663,1,271,3,28,2,1,0,37,614,324,0,129,74,1026,36,9850,1860,42,1,1099,425,7,5,202,30,300,665,2,3,5,51,3355,1765,55,1875,0,327,0,980,0,431,506,596,5,362,5293,6,6,4,1622,63,390,1,18,60,5583,127,87,179,5,874,1299,19,0,514,48,17,0,273,77,0,29,1183,0,9,190,128,22,0,14,160,25,179,4262,0,583,44,686,16,7239,0,37,2,0,0,0,194,882,0,0,133,245,2,69,504,9,377,23,1,8,31,1,15803,9,5,248,1676,282,124,76,704,5,39,2,65,533,1,0,160,2,245,2,1770,45,3140,1297,1302,8,143,1,0,76,181,0,28273,765,974,10,2,40,11,133,1769,140,0,4,0,281,48,52,361,26,41,27,157,1051,5,0,120,512,1560,0,78,692,1,30,1,157,0,83,25,362,95,44,19,44,287,30,4,12,18,1123,0,26,8,358,0,20,491,0,0,37,835,1,16,212,1,287,0,45,41,34,0,30,2038,0,1592,83,78,26,1,1968,61,33,334,7566,1,15,459,18091,588,235,1,0,82,0,1402,0,122,1,46,0,456,14,252,1284,1,84,1,550,6,0,24,23153,49,16,1,215,10,2787,1656,2,0,4082,0,367,57,725,128,10,228,142,9,11,40,61,2,100,5255,0,0,405,89,12,1,108,59,1,11,0,1,0,31,10,6,678,13,0,820,448,7,64,31,336,12418,0,419,7,2,115,6,0,0,2301,0,3,1253,694,22,10,0,10,216,1368,23,2422,2517,18,378,0,19,3,127,3326,516,11,309,8,99,532,0,36,8,0,128,1911,51,38,0,583,95,1296,17,115,5,309,91,41,8,651,110,9881,4674,3402,9,1316,142,1,1,55,5740,1031,151,13,414,2,952,3106,3324,909,0,13,0,46,0,3,344,0,0,279,195,1,171,812,16,3,92,0,12,0,68,26,1,0,4,419,0,0,1372,74,5,724,1,1,187,120,158,2,1495,1,454,7,1423,2,1667,0,0,1470,147,55,1613,1428,168,2,0,3,539,1,0,50,2,219,4,0,631,77,978,263,336,366,331,0,112,350,27,398,16,211,40,2405,1,299,165,3723,866,20,7,1692,0,0,1,0,239,4,0,0,5574,590,0,0,35105,8,13,0,103,15,8,0,13,68,0,12,149,172,19,0,15212,41,118,28,161,90,25,966,0,56,290,0,0,161,0,7968,37,196,34,18,2,36,492,20,8031,0,1,3091,70,4814,46,1,141,3808,11,279,365,1,0,21,6,221,580,2,34,39,0,3,18,58,3,86,524,20,1,37,267,666,7,2,984,473,0,12,10,46,33,8,2256,0,3190,69,1110,1061,612,933,42,89,414,0,26,3,34,411,50,77,1,5,13,47,71,4,0,7,1054,0,716,243,0,97,95,10,77,1761,179,72,1466,284,1,0,1,0,1,0,98,0,8751,2,9,22,117,52,0,0,1129,63,24,550,72,45,13213,0,196,1,1,49,7,138,37,0,37,3804,2,3,760,0,618,42734,0,5283,414,34,66,2009,778,4,205,118,6,5,25,0,1227,1,9848,175,82,38,11,1916,0,41,662,1356,18,9,14,4005,19,0,7936,4,9,1,0,8,221,31,0,1,3,12,955,0,0,9,32,1496,474,9,0,36,3,6,1,4,1,2047,0,7,2,9575,6636,17635,2203,3,0,440,10,3,1,486,2,153,0,9,323,5,0,1610,356,156,10,7740,0,503,1,4,520,48,23,79,17,0,198,0,15,809,3650,1,151,0,10,2,15,62,119,36432,0,2,4,1,6,4484,1275,0,180,5,4069,0,11,358,0,11,3689,677,2,7147,64,4,5866,111,25,7,20,25,1,1209,209,19,2,9,0,88,735,730,802,83,19,106,76,24,0,1208,27,314,21,1,3,4420,4457,7,4,14,722,9,210,890,0,29,14,1,6873,14,6932,24,103,18,47,997,4505,353,2,2873,61,1948,911,825,0,0,61,6,392,262,1554,70,0,1,3,2,2597,1,3,7,0,2692,1,1,969,165,304,92,3260,43,1,0,366,160,248,56,1,663,32,14,3623,325,257,0,0,281,2,0,9,18,65,1,0,11429,6,1,37,0,17,13,52,50,20,182,155,418,2,0,400,0,357,452,8,0,5971,4,97,32,11,3107,265,41,1931,54,170,144,1,1,0,0,2,67,266,466,3,595,0,1,21,1,0,17,5,25,0,1,65,0,67,0,0,139,1,22,833,0,2,22,48,5,0,6,164,1,367,67,27,18,1,152,0,402,1612,0,17,1,165,13,373,3,0,1,50,10764,47,229,0,37,67,160,0,123,0,3327,685,3,1,606,32,0,7,0,203,42,0,10,0,27,3563,360,518,4,33,0,1,0,7507,1668,3,3803,0,0,64,1415,4,89,26,1,0,21,1,3,1,0,1138,6,5253,4,23,1379,0,0,5,32,1415,32061,0,167,0,2887,0,0,0,84,1924,32104,21433,10847,6,7,0,1144,0,319,1025,811,10,0,1,0,0,27,16,478,1834,0,0,91,6964,0,2,107,95,1,12,95,61,35,4,1459,0,3820,198,12,0,518,929,181,117,305,2,0,2038,50,109,0,427,0,217,1284,1512,66,2,58,6,12,320,6,165,15,10,260,5989,6,669,0,5,0,721,39,0,852,36,6,1,117,6,0,10,412,7,136,920,2850,94,0,3,1,28,0,7,38,1,807,2352,32,136,814,1780,0,0,0,0,214,0,0,1,5,469,1107,125,100,95,0,8,0,6326,0,235,217,1714,65,92,8,0,0,10,0,552,18,0,3,41,0,1,100,0,0,420,2,0,308,187,1,2142,7,312,274,234,25,0,41,0,86,10,140,6987,20,4,0,1976,531,20,1639,0,1,359,61,184,294,2782,22,4,9,96,62,3,0,0,374,32,0,12,8,24,523,5,11430,74,278,3,2,0,220,576,1706,28,7,1550,6069,5,430,135,22,134,809,480,0,1826,1647,255,0,528,1165,20,3658,14948,184,10205,7,3289,1508,150,0,893,55,397,1498,1954,4,1,151,0,484,0,3,709,0,1,1,11,275,0,999,0,8,7895,121,11,58,126,331,15,159,5,40,1361,304,312,176,44,2,44,321,3,11,709,78,63,0,109,11664,704,8,1,0,0,0,812,28300,0,5000,739,42,601,1,650,176,0,411,349,101,2097,503,2,202,2,46,287,12,588,67,0,3,0,440,0,0,0,195,952,24,0,1,0,13,118,262,169,0,50,74,0,21,0,739,16,999,452,325,207,736,163,0,12,0,4236,100,163,11,0,106,2442,14,0,0,1396,53,3,0,1527,0,0,0,230,537,81,3,3,3383,22,33,464,0,5914,0,34238,174,59,280,0,5,3538,1,79,19,0,30,2,1173,4334,111,150,309,207,2,7,14,20,400,2687,13,4153,0,6,1,81,119,748,3,80,2,254,918,8,0,7411,1130,56,6,58,26,0,0,14,0,0,48,21,0,318,0,105,462,5,14,8,172,283,7,42,3272,365,71,36,506,0,4,14,68,414,3,35525,29,24,233,80,35,10,4,163,38,4,27,427,582,0,9478,2480,218,0,15,678,1,872,1979,0,1,0,1000,0,2899,0,25400,38,720,1,2,113,1,329,0,469,2,2652,8568,133,0,31,216,28,6,22,19,1,1,0,28,17,168,0,6,0,1,0,1,227,0,17,4,0,82,41,25,106,4,3,0,4,0,1753,0,447,0,521,32392,121,14,198,4,36429,901,145,7,66,614,53,1,0,364,9,88,0,10755,897,305,3,19557,1,2184,117,48,0,0,171,954,0,32,0,9649,8,22,2,188181,0,20682,0,58,50,114127,3,238,568,381,3046,19,3098,75,24743,0,92,0,11138,231,7902,525,1801,911,17,325,7,0,0,690,42536,55,1813,41276,8111,6051,83197,13652,78,56,744,1,8323,0,1853,0,29758,1015,132,0,0,232,2,280,138,0,0,0,2,3713,1,554,0,0,6259,6,2,252,6423,0,0,1,827,0,377,0,98,198,541,1680,399,8,343,1,5,1344,2,205,8,2,49,2,4222,8525,199,18,92,0,56574,0,0,24,6159,5,1,6990,92,65,3,87,1063,26796,227,8,482,55142,4,1,3,0,0,95,27,24158,28,31,559,6,1,0,2124,0,854,0,0,318,0,1,3,0,509,5029,27,6302,621,66105,103,25,6,72720,29,0,7,2,10,4486,11,0,4,22,5136,13562,1,252,0,145,2,0,3229,328,70,0,0,182,1650,3622,35731,11441,22,346,0,0,3,38,1,162,51,2,4516,0,0,1,111074,34,34862,1746,0,0,0,438,5,3839,1510,574,87,1,0,0,2,1248,1006,5116,1452,2,17562,5567,13,86,10,1321,2,9047,6,0,0,1181,1033,64,267,41,15911,13822,233,1087,7106,1,2,37,34,280,525,6403,0,48406,8935,694,1,0,19,863,0,2343,7727,5443,265,4339,3516,1,5897,246,1,2675,0,6,0,128,8,485,1,0,686,36,0,1,5818,31,1,34,1390,1528,63,0,1,0,0,0,2,675,3723,919,1229,102,8,7463,124,150,0,0,0,0,3617,70,0,83848,71482,33536,3,3044,0,857,26,5,354,0,164,0,0,10897,47,1,0,82,1,12,5,2,36,6115,9,0,731,678,221124,381,1125,1607,208,27892,113,427,118925,87,114,0,0,0,32,67,109,120,218,2497,50919,3828,7672,839,93,234,0,1,0,2,2,15,9613,128502,254,3,21,389,0,788,8496,0,29,0,1,111,483,0,18383,0,1,2,19,24367,2,39,1,12,56,49,26,0,68,0,2558,4949,0,31,4950,208,0,33,3,15707,1,0,459,41,362,0,615,222,40,26,0,613,19,95,42,29043,9380,219,3769,650,4,68076,0,2136,0,0,1810,4,30,2,17,5,8307,7,1,2429,71,15,2,3060,12,14,1,29015,0,66,285,1,244,58429,0,3,14,862,14,131,3,7825,0,39,8849,598,0,0,28,0,828,5,1447,672,55626,23,46,13210,1923,87,194,77,0,0,15060,180,0,0,90018,136,60,0,0,27,67,3,5,0,0,21,52581,3317,12,289,313,32,54,1,1507,7196,6,8,5530,38732,32036,10,0,194,0,0,1971,6,1,0,3575,0,6860,15,30,5,3656,30,15242,3,1416,21,35,4,0,9,290034,12162,79,0,34480,30372,1991,1345,156,1,19,729,16809,0,2,7,0,0,0,88,7,0,154623,1,1,13,135,4,22,1,703,0,0,5985,3,25,493,2,181,19,116,5022,22541,0,0,47,2,0,20456,1,744,0,0,1197,0,163,0,0,28,1,6010,5657,6018,598,103,60,0,0,304,0,7,1,2,43,225,3638,0,23,30,176,53,2558,86,37,5532,3,30,0,71106,0,0,0,154,772,20215,138766,0,149,1,89,42,1,314,0,51409,16,47,164,13146,31,0,5,42,4,44,2,26,1,0,18,5,116,11,19,390,712,335,130,16524,3,1412,0,85,2,3967,53,0,120,20209,0,2492,0,32417,3,12,1621,38,620,0,96,15,13,59,12028,3,398,6,1,0,326,19,2427,74,128790,207,27,602,5,693,1,2,21,12,292,185,24,0,2578,17,1525,0,164,395,2994,46764,1759,52,33,50,0,0,362,1987,3,0,3,233,0,3172,0,4,0,1,19762,1,998,427,0,56,77,1,0,103,148,17,25518,3,4,1558,22121,33,171,61,154,0,1937,834,373,60,401,1773,441,0,86,9,12,5,138,6,8,3993,2,28,376,4,491,0,6,2,2,3,82,1385,9280,0,0,60,520,2572,1698,1,1,33034,4,0,502,1605,1,0,1,14,1891,75,0,33,0,0,65722,51,97193,18,3708,2034,0,157,15004,6,73513,40075,14,2,4,0,0,2,1,28172,4,50,3,0,9420,26,38453,8,5224,2,0,920,3825,0,93,0,1447,107,543,27,157,3863,5932,0,3820,143,4562,2583,790,4,0,2,50266,4,0,2,23951,0,1422,7107,0,948,245,0,88,1,0,0,40,0,0,39,0,77,0,5,1,14,0,0,13,295,199,3,1845,416,1362,1,111,5,17734,0,100,14,0,81,151,152,173,582,274,0,1363,41,184,0,29,53,0,1,343,20,303,527,0,2,35698,1,23,250693,0,0,339,0,0,4,360,265,51525,629,2175,1094,0,92,55,57,4196,0,1157,129,0,0,6,0,6,77,3,647,77,5083,8560,0,435,23,22,1572,0,53,188,43,369,30510,16696,1,750,444,0,13601,2,186,117,516,1119,151,1010,0,290,228,945,2,240,24,756,0,0,29,5,0,7879,0,2316,0,23,0,1,2470,9612,181,30,0,823,1,72,10,179,0,101,0,566,2310,5,12,11,3,24,27,14065,1594,0,57053,303,33,1059,113,112,1,0,17,2363,36,0,87,617,4,1851,13,4,2063,0,1090,2,0,1,60875,9373,104,35,433,2,1017,746,14324,3,408,0,9191,0,1664,3905,0,0,0,3687,8202,198,72,127,2125,30,0,606,2,0,0,7,2939,15232,960,3,1263,225,2,0,67,6895,0,17,0,3448,11812,0,4,0,9872,0,0,0,59682,0,157,4,74360,26,214,2119,32205,1,0,69890,6,1765,9,5,1417,89891,0,42,0,3061,0,90332,2,266,58,155,188,184,1,23,0,1,0,5186,16167,1,89,158,11962,1359,0,11985,1,23562,1,4,0,2,0,0,0,2796,148,668,8930,250,0,509,745,1,0,10266,0,64,3163,52,140418,0,0,1459,184462,0,8542,7,0,306,79968,0,1,4,380,756,18,6,48,6767,1,110,54,9764,3,0,781,0,0,54,9,90,0,87783,0,14767,112,0,29,172849,9,20,59,0,21,875,35,6,27582,716,9,129,102,0,8,1240,14,22,62766,109,0,51,205,90,1396,0,14,0,47,5257,35,288,4,1033,15,9,24,6246,9644,2035,6511,692,0,4652,404,0,5,0,0,68,0,27782,671,31,32949,1013,1594,473,7,7821,2,145,570,0,9452,4,1458,2228,6,890,43188,69,0,1867,0,20,189,3,112,23,46,0,0,44,8,3368,2,0,3121,11136,1993,4,42,297,118,342,10019,1,0,0,80,656,2,0,0,78,2222,4,0,7,0,1334,15,0,239,82,105,489,0,62,9296,39,278,593,11099,4138,24,90,0,12,3339,3,5,0,33,33,17,25782,28,1,0,2,4,1101,6,34,1,1169,2,18,2,7,453,657,27315,1015,338,0,1,116,52,141,0,8446,102,2901,62193,3,583,1,1,41,1342,2355,267,43,67,1797,1,2,4,340,0,1888,38,1976,0,1,2991,1447,3,3005,8,2147,46,1069,45628,0,31528,51,0,47,0,71,4840,119,100,0,131,5,81,2,1417,966,248,1925,0,68,79,647,12245,1887,114153,11,0,1999,0,22,20,77,544,0,460,2916,10,3389,0,8,374,17,116,15105,2,2710,2314,2457,608,0,149,0,23,781,27,568,220,4,0,0,34550,950,2636,2,1,16880,1,54746,87,121,65,18,23,31,5546,93,0,163,166,39,21,192,92,1,52291,13,1,27,672,7338,302,233,2627,0,0,2,23,2444,1,5,190,0,0,174,4,35,0,242,4,1059,484,17231,0,3,3,913,25514,357,3253,5,0,1921,558,0,20,0,0,52,246,1546,0,307,7593,0,881,36,0,1257,14140,1,3,1181,549,886,1617,7,20188,1456,0,13,26741,23,3,10707,0,188,1,14382,13,11,6,8,1,2293,601,15389,27569,0,0,1402,68388,957,6678,1,2,0,1677,249,8,171,1,63004,0,0,0,33,1,177,15,0,92,78,174,2945,3735,1259,0,0,0,0,51093,5,0,994,1063,2192,0,278,68,0,160,609,228,8,47,3186,490,0,2,1093,33,53975,5,0,0,2120,1608,8,0,0,0,11,28,5826,16,6,1,0,0,1526,0,161319,4667,41,0,1203,2906,1520,0,242,128,6223,1,14508,2,1761,578,461,300,7,68238,1,1,0,42,56,14318,1,419,74,2596,0,189,0,342,17,7854,3286,3101,3747,0,22122,25,406,684,0,199,0,96,0,420,9,1008,39,1,733,293,14401,191643,1,1,0,102,1,898,19,710,399,29,4137,6,44,1,0,1188,24,2638,350,51,195,228,731,7,3851,1268,3804,44,226,1,0,8263,2,0,0,6,2810,16,29,56667,44,522,10,59306,409,6081,208,0,11382,0,11,0,3,934,51820,1,3447,567,4,77,125,21911,0,0,424,24537,0,7,32,9324,3074,61,83,36977,0,30,15,91,3,991,58,636,462,34,3,0,28,30560,17,0,151,0,113250,9,1959,16,17,193,2,3,566,71,509,4699,159,0,137,0,0,177,5,0,0,493,2,521,19414,459,19,29,150,108753,24078,82,78,18,801,0,141,184,501,66850,0,10,0,2316,3,0,46,22,19608,7035,39814,18,0,0,7067,0,4,3,92,76355,1,515,817,8,10,36,1,14,70,74,1,14579,2,133,0,5,6450,0,23,2,0,59066,118,534,3,20147,40,982,76160,0,124,52,0,193,2161,1045,0,0,129,18,2,0,252,354,13,233,407,1,273,1,0,3313,0,8281,0,0,978,0,8,428,1437,302,11,17228,0,194,2,0,2499,87,804,0,24,3,132,11768,449,9,5,524,0,549,18424,379,0,107,230,2,7570,210,2926,1848,6,390,14514,188,0,5,1398,3,56,187,3,1,0,26,842,9,3
0,407,0,0,1,0,0,1,3318,0,0,10,0,0,11,0,0,0,0,1,22,1433,1504,0,0,1,0,281,0,1,28,0,6,3,1181,1,0,0,0,0,1568,0,0,2,4,5,0,0,0,0,0,86,11,87,21,0,0,1,1,0,1,348,0,125,0,0,0,0,38,14,0,4544,12,4,0,0,0,0,0,0,0,0,144,2,3326,0,0,11,1,0,15,0,2,0,0,0,0,0,0,109,0,24,0,0,14,164,0,16,0,0,0,19,269,148,0,16279,3163,1,0,2,38,1,13062,4,8,0,43,0,3,2699,0,0,0,0,0,1,0,0,0,0,350,0,0,1442,17125,69,0,0,0,3,13,1,0,0,1689,0,0,0,9934,0,1,0,0,0,0,0,0,143,0,17520,0,0,1297,50,13,248,2,7,4,118,0,2,0,0,0,6,3869,25,0,0,0,65,0,0,0,0,0,1136,0,28,0,24,67,22,67,0,62,1,0,21209,1,0,0,0,2,0,3,2,0,0,16,0,0,0,1,1,3,2,0,0,2,0,0,51802,5,0,0,0,205,1,0,7050,0,0,18,0,185,0,8,0,0,0,0,1,1,1,9873,0,36,566,0,1,0,0,46456,0,1455,0,0,1,0,0,6,6,10,15,47,0,0,0,0,0,0,0,10,0,0,0,0,651,828,0,144,17,3,872,21,0,16,0,1,0,19,0,2,4,12,0,0,2,187,0,0,0,0,0,0,0,8,0,0,5035,3254,7,0,16,103,0,10857,3977,0,0,0,4,24,0,2,14373,19,19,0,0,0,13709,0,4,0,0,0,0,80,5,3833,0,9,1,14,2,71,0,1623,0,0,23,2926,551,0,0,57,57,269,1,0,420,515,0,0,2,41,204,0,0,0,0,1,7036,0,0,0,2,7390,0,0,1,35,0,0,3,2,1,2,0,0,0,1,0,49,9354,11,0,3,0,0,0,0,10,0,0,0,0,0,0,3,6,283,310,4,71,3552,0,9,0,3618,101,0,0,0,0,0,677,3,0,0,0,3090,0,0,0,1,0,0,0,0,0,389,0,1,35,0,0,34,5694,0,0,0,1,14,3422,5,245,482,354,5,0,0,638,0,225,0,0,3,1,0,0,9,0,9,0,0,0,11,0,0,0,13,6,712,0,3,0,0,0,0,236,19,6,0,0,0,0,0,0,0,113,0,61,0,4,0,0,0,0,2650,32525,0,0,0,0,59,6,0,1,2922,413,0,0,0,9219,0,0,64,0,0,9129,0,1,0,0,25,12,0,6,2,28,114,32351,13,0,0,1,0,3,4,0,392,50,0,1,2227,0,37,3,29,0,0,0,7286,2,0,0,0,0,22,13,0,50,0,17,10,1309,0,0,13,0,0,10,0,0,0,75,3,427,0,0,0,29,0,1,0,9,0,0,58,0,12,7829,0,0,29,867,0,0,1,31,39008,204,0,0,3,0,0,55,0,0,0,10,0,324,0,0,0,0,28,0,0,0,422,10,308,50,0,0,0,0,18,0,0,39,1111,0,0,0,12182,0,10,119,0,7,2,0,1924,1883,0,0,0,96,1,0,5988,0,0,0,0,0,0,0,1,0,13,22,0,0,0,28,0,0,0,7,0,0,1,0,0,0,0,0,92,83,1,4,0,2,317,0,0,0,16,15,0,0,0,0,0,0,0,0,7,0,130,7,0,15,0,873,279,0,0,0,1,0,0,3898,0,0,0,0,10723,0,21,0,751,0,0,0,0,161,672,164,50791,0,0,2,55,3,0,0,58,0,7,0,0,0,0,0,4,1,53,0,0,4791,13,53,0,13,0,0,1,0,0,0,101,0,0,77,2,0,0,199,14206,0,10,6740,0,0,220,12358,0,0,3,0,0,0,0,0,0,41,1,0,0,1817,141,40,22,0,0,47034,1,0,0,0,12,39,0,1082,0,4,27727,1,0,0,0,43,13,0,46,411,157,175,27,1,1,1,248,0,1568,259,13,9453,0,0,0,0,0,0,0,0,0,5,1,0,0,42,0,1,0,0,30,0,0,9,0,0,0,0,0,528,0,268,0,14,1,163,6,0,0,1946,0,79,459,0,0,11,73,0,4,0,0,0,40,0,0,0,0,0,14,0,50,16,0,0,0,0,0,0,0,506,0,0,0,14,0,0,7,2,2,0,0,1677,0,0,0,39,0,2,6126,0,13,7,43,8,100,0,0,1,1,0,0,0,0,12,11,0,0,1,1,10,0,0,0,0,66,0,31,0,0,0,0,0,0,0,53,0,0,0,1,0,0,2,0,0,45,2539,459,0,0,46,34,75,0,0,420,357,316,0,0,2,0,0,18,0,10516,0,0,0,2408,0,1,13,6,0,0,7,9700,0,0,25278,346,0,61,0,0,0,5951,0,34,0,0,0,79,0,0,0,0,0,0,0,16858,393,0,12,0,0,2213,0,0,0,258,9,8,218,18,0,0,2272,2,0,0,24,538,0,33,146,394,0,0,16501,2,0,0,0,4,47379,0,625,0,0,28,0,333,0,0,0,196,0,271,28,6,0,0,0,176039,61,169,12,2347,0,0,0,606,0,5,0,0,0,60,3,0,57,1790,0,406,38,0,0,3,107,0,0,0,0,0,0,0,0,2,0,135,33,1058,8,0,0,0,0,0,0,0,0,3,148,89,0,0,0,53,0,0,962,0,0,0,2,161,9,0,0,0,933,0,0,22,0,122,0,603,0,32,1,577,67,17,8,8,0,0,0,0,0,3138,307,0,0,908,0,0,0,0,235,1557,0,2,833,0,0,4,0,0,0,0,0,131,0,0,25,0,0,18,0,0,10,0,0,199,0,4368,0,104,0,0,312,0,0,30,242,0,0,0,0,0,35,524,0,179,8885,9596,0,4145,0,0,0,0,0,1,0,0,0,0,0,0,0,182,0,0,0,3,1,0,0,531,936,0,0,140,1,0,0,0,5535,425,440,178,18,14961,0,9,9,147,0,1,887,0,31,0,19423,34401,4,5,159,0,0,0,0,0,2,0,0,5,6,69,0,0,84,6,0,5,0,0,8,0,3,29,62,0,5,1,0,30,0,1,0,12,0,1,0,18,36,1,1,0,0,4,0,0,0,0,229,0,0,4,89,0,0,0,0,0,0,0,0,0,11,0,0,0,0,4,0,0,0,5,0,303,0,0,0,2,2,0,0,1,0,0,47,0,0,1,2,0,154,8,0,0,42,251,0,0,407,0,0,23,3816,2,0,0,0,0,0,7,0,0,0,0,0,81,5,0,789,3,217,0,31147,0,6,3556,6,13,0,179,0,0,6,201,0,0,4,1,24591,131,4,0,0,351,10,0,0,0,0,0,767,244,0,145,0,0,0,15,0,8,0,352,14,0,47,0,0,0,3110,2069,4240,1,30,55,26962,14,20,38,0,0,0,0,0,0,0,29,0,0,0,0,0,1,505,0,0,0,0,3,157,147,10,0,15700,0,0,217,62,0,14,0,0,0,0,0,0,6688,57,0,0,0,737,0,0,0,0,29,0,254,620,0,0,5,0,0,0,32,0,0,4,2,24,22,0,0,0,0,0,0,0,0,0,0,0,26,0,275,0,201,0,0,37,11723,16,0,0,0,0,1885,0,0,0,1,0,0,2,0,128,3,21,0,0,0,5537,1,0,0,0,0,2286,0,12,0,0,0,10,0,0,82,0,7881,0,0,30,5,142,1045,393,0,89,0,0,7645,0,564,585,1,0,0,0,0,0,0,2,0,149,5,0,0,0,0,5,0,35,305,0,0,0,0,0,0,800,1192,0,1,7,0,0,0,156,1,4,0,32,0,2,0,13154,1504,2688,0,2254,0,562,0,14,0,0,0,0,0,0,0,49,0,0,0,116,0,155,0,13,2,0,0,0,1606,2,0,0,4893,0,22,0,0,2795,0,0,81,0,13582,0,0,0,20,0,0,175,0,0,0,40,0,16,0,0,0,0,0,0,20,0,0,7689,0,0,82,11,188,0,2,0,1920,0,0,0,1,23,2,2,0,0,29,5,0,0,9,0,0,0,1,19,26,0,0,1,31,3916,7900,0,13,8,19,0,0,0,0,0,0,64,0,0,0,0,0,0,0,1,0,0,130,3,0,0,182,1,73,25737,0,241,0,0,44,0,0,11,0,12,0,0,0,0,0,0,0,4,0,9464,0,0,0,6,7,25144,0,0,255,1,165,0,7,781,183,2,6691,14585,375,38188,987,0,7422,0,62,0,0,0,0,0,0,0,0,0,0,14445,143,0,0,0,0,0,1,87,0,0,0,0,0,0,0,6,0,0,0,9,0,3,0,0,0,0,0,0,4,269,0,0,0,1413,3,495,1,8,2980,0,0,0,0,0,0,0,43,0,0,0,34,0,1041,24,0,0,8,0,0,25559,34,0,0,0,0,0,0,0,0,3,0,0,0,1,26,156,0,0,5,0,11,0,0,0,0,0,5,0,58,0,0,0,106,23,0,0,0,0,70,17755,0,0,0,0,18,0,1,0,0,3189,0,56,0,4,0,595,0,0,0,0,1,34,1,0,16703,4,0,0,0,1,0,0,0,1,0,587,395,5,1676,0,0,0,0,0,0,0,0,1,7,50,0,0,10,0,0,464,0,0,442,126,17,4983,0,0,0,0,0,1,0,0,0,28,12704,0,4742,1,469,4,31,297,0,0,0,0,5927,245,8,3,1,0,6646,2,0,22,2727,59,34185,668,1,1090,0,0,0,0,14,0,499,0,20,62,0,163,165,0,1,29,0,5,0,0,22,283,0,0,1,1,38,0,0,0,0,0,0,1089,0,0,0,2,0,417,0,5,0,0,0,1398,0,634,2,0,0,35,25,0,3,14,248,0,30,0,33,0,0,15,0,134,1,0,28748,123,0,120,0,0,0,0,90,0,0,396,1492,0,37,432,0,0,0,0,15034,8,0,516,3,7,0,0,49,12283,0,38,0,0,5,0,0,0,0,0,762,1034,0,0,76,0,1,28,0,0,1,0,262,0,0,0,0,0,0,30,0,0,112,0,0,0,1529,168,0,0,1,96,0,27,9,61,0,0,0,0,0,65,0,0,632,0,0,73,1,0,473,0,0,10032,5945,3,0,0,0,48,0,0,0,0,0,0,588,0,15,1,5,0,32,2,67,1,0,105,0,1,0,115,53,39,8,15,0,34,0,5,0,0,726,1,0,3862,24,0,0,27,0,4573,17,1,3,3403,0,1,0,0,1,10,0,29,33,4,0,0,1,0,0,276,0,0,33,0,0,0,0,389,0,147,0,272,3,0,0,0,0,1,0,0,0,1,0,112,91,44,0,19,16,0,14671,0,2,259,0,478,0,0,0,0,0,0,0,1,102,0,296,4,0,0,0,3,15,3814,132,5,0,0,0,1,0,0,33,7,952,0,92,3,18,0,3371,0,17,16,0,1403,0,107,0,233,1040,0,303,0,4,0,0,0,0,0,47,1884,415,0,0,3703,0,119,0,271,1367,0,16,0,12,0,0,0,65,0,4,2745,13,79,36,34,0,0,0,0,0,0,0,0,0,29,0,833,0,0,0,0,0,344,112,0,0,0,7131,0,37,0,0,0,0,1,0,53,0,0,756,0,0,1,0,0,0,0,0,0,0,4117,0,0,0,0,1,2,0,0,166,2,249,0,0,25,0,0,7,0,0,0,0,12,194,179,0,16,458,2,2,0,0,2,568,7,9671,4,293,3,310,20,0,1015,0,0,0,0,0,0,8495,0,0,14,9231,4,33605,0,24,825,0,0,6,0,0,0,0,2387,2,0,0,0,0,0,226,0,0,9,1,17,1250,0,77,0,0,0,415,0,0,2,0,73,0,1,2,1,1111,0,6,18,193,1,12,26,2,0,0,9,62,0,21,2901,0,0,1757,0,0,0,9,0,1,0,0,2,0,1,0,19,0,17,0,0,37,0,0,0,79,0,10,0,10,0,46,3,26,0,0,0,0,0,3,0,0,10,294,0,25,744,0,1,0,0,0,0,0,0,1,1,0,0,45,4,72,0,0,0,2568,19,0,1,44,0,310,29,0,0,0,2,0,0,0,1222,0,0,0,0,23,0,3862,1,0,554,0,0,22,11,0,5,0,0,0,39,0,0,2,2,114,121,0,3676,0,12641,0,47,36,154,0,0,0,113,6879,0,1,0,31,0,0,1,10097,0,0,0,0,16,0,0,24,1,64,0,0,3,0,0,0,1,0,0,0,11,0,160,2,25,1622,0,4,4,0,13,0,845,10,0,0,0,6,1786,0,88,67,4908,11,121,0,1,0,16,0,2,0,32,1266,4996,0,90,1,0,0,10310,98,0,0,0,661,0,0,6637,5,0,0,0,1,0,0,13066,0,18,0,0,0,7,0,0,0,0,22,58,0,14370,0,0,17408,0,9,2,0,4,0,0,0,0,23,0,0,0,3,1,0,874,0,0,0,0,0,0,0,0,25,10,2,19,116,0,6,0,5,0,26,431,215,0,0,0,0,0,0,1896,0,0,8,0,38,0,185,0,2,103,3,0,0,0,0,23,25701,1,159,0,83,8,68,0,2,0,0,0,0,0,8,0,39,0,0,1,109,0,0,19,27,22965,4262,1,41,0,739,1,0,8,9,4,0,0,0,61,0,36,0,111555,0,12,685,27,0,0,0,0,2,0,0,24,283,6541,0,0,0,18004,0,0,1376,130,23,0,0,0,5,34,0,0,3229,114,0,1,13,0,609,0,0,0,0,125,0,0,0,0,0,0,2,0,9858,112,0,21,0,5,0,5,0,106,0,10,0,1,0,46,1,0,33304,0,0,206,2348,31,159,0,3,0,0,0,0,0,0,8,0,172,0,8,0,0,19,0,2,0,0,0,0,0,2,0,1559,2,157,1,114,0,0,21,14,0,0,0,0,0,23,0,0,0,0,413,0,0,8,0,0,57,2,0,0,0,0,32,0,0,0,0,1,10,0,679,55,0,4696,0,0,123,0,12,0,0,0,37,1,0,1113,0,0,0,49,0,0,0,1,0,0,0,0,0,0,0,0,0,3,0,1,0,0,2192,0,0,567,0,4225,12625,582,0,0,0,0,0,0,0,0,0,0,268,0,0,0,0,8,0,242,0,0,81,9,251,0,3126,0,0,5,0,10677,0,0,0,33,0,115,0,0,114,112,0,0,0,0,0,0,0,0,6,6589,0,0,0,545,0,0,0,0,0,8012,0,0,4,0,5,20,35,7,0,78,0,0,105,119,5258,0,0,1,0,0,0,6893,452,166,4,0,0,0,0,0,1,34,0,28,0,0,0,0,328,0,4,82,0,0,9,195,123,0,0,1805,4,267,0,0,0,0,0,0,5310,1,62,8,0,0,0,4003,0,0,0,0,0,0,0,11,2207,37501,0,0,0,0,39,0,0,1,7378,1,0,0,1046,4,22,46,48,1,316,6,4795,1,2,1,0,0,0,0,0,0,0,91013,2,34,6,0,0,4,38,0,0,6,0,0,130,0,0,0,25,20,0,0,16,648,7373,412,494,0,0,0,28,0,6,558,0,17,142,0,0,0,0,0,0,1,98,0,2,7450,152,0,0,0,2,2,39,2,0,0,140,8190,0,1,0,0,0,443,0,0,0,6261,10,0,0,27780,1,131,0,135,0,171,771,0,0,0,0,0,0,1,0,0,0,2573,0,11,0,315,0,0,0,14733,4,0,2,0,0,5,0,2,3,143,0,0,1,0,0,0,0,0,97,1,0,1,0,976,16,0,2,0,0,0,0,0,0,542,0,0,55,0,0,0,0,0,0,0,32840,5,26646,0,314,0,0,0,11,45,0,0,0,1,7,32,0,0,16,0,1,1,1,0,21,0,45,0,0,23,0,0,197,0,0,0,1,81,0,701,0,0,0,0,0,113,0,2,0,0,1,39590,0,0,43,3,0,0,41,132,7,0,0,0,0,0,0,4,7,10465,0,0,6,21,22,0,0,0,175,12,7,0,0,3387,53,0,6777,1017,0,0,80,0,0,2,0,0,38,0,0,0,0,163,0,31,41,1,0,227,18,1,0,1712,152,1350,60,0,52,503,1587,214,0,0,44,0,11,0,0,0,0,54292,28,1,2324,0,0,0,0,0,473,0,0,12,306,0,0,8724,75,109,0,0,2370,0,0,1,0,0,1224,0,2,0,1,0,1,2,239,0,28,3,0,0,4,74,44,0,3,1,10,0,0,3,0,1,0,725,73,439,9,6,28,2,0,2021,120,0,14254,0,0,222,0,0,1,0,0,0,3,3725,54,0,0,10882,0,75965,0,0,18,5,0,7,0,0,0,0,0,0,23,47,0,19,77,230,0,1,0,1,10889,0,0,0,680,6,0,0,0,0,0,0,0,0,0,66,0,11,23829,0,782,0,0,10,1,10,0,0,0,0,2,0,20,7,143,0,0,40,0,14,1,0,47811,0,1,1,0,0,0,0,61088,91,0,50,39,0,0,0,2,0,0,19,0,0,0,108,0,0,164,15,266,0,0,0,0,18,0,0,101,0,3,0,0,1778,12,0,6,0,0,0,316,0,0,0,38051,1,0,1,29,0,0,0,0,0,202,1,0,1,0,6,1,25,10,942,0,0,0,1,0,288,0,0,241,1,0,0,0,0,0,0,1,4,111,0,0,0,0,0,0,11,65,0,1,515,0,0,1,2,0,0,85,0,1,0,0,2,0,4,0,0,0,404,1,0,0,0,0,0,0,0,174,0,135,48,0,54,122,3,0,0,0,7,158,4,0,0,0,0,236,2,6969,0,0,0,0,0,0,0,0,0,0,0,0,0,0,0,0,0,91,15,0,0,0,5,0,0,0,0,0,0,0,3,0,0,0,3,0,17,0,0,562,2,0,9,32,3,0,217,0,0,36,0,0,0,123,1,0,2,0,0,103,58,464,0,5420,602,1,0,3867,0,325,2,0,0,14,1596,705,1,0,7627,0,0,1457,0,18,68,3,1,6442,14614,0,0,0,0,0,37,0,0,0,0,0,0,0,0,2105,17,18,1577,0,130,375,1,0,0,0,5,0,2,4899,17437,1,0,0,0,0,0,0,0,141,0,72,0,0,8,0,2,1,0,0,0,0,10160,0,0,0,0,10976,0,0,0,0,7,0,880,1,0,290,0,0,38,0,192,1,0,0,0,5,0,90,0,0,8,8383,0,0,0,0,22428,0,0,1890,5,1,0,0,5,4623,0,0,0,0,1636,0,0,0,0,4,0,14,0,13,48,3726,3,0,692,0,6,0,10,6,74,132,56,0,15,26,32,0,58,1255,1042,75,1,0,0,2,12187,2436,0,27142,0,0,1,0,0,0,1,0,0,0,0,42,0,0,0,0,1,0,4,0,0,0,0,0,2,0,29,0,35,0,1,19,2,0,2,0,44,0,1,12,4,0,0,0,0,0,34,0,4,1,0,0,1,1,83,13989,0,0,96,0,1411,3,0,128,255,150,0,1380,0,1,0,0,0,0,217,0,0,1011,9355,0,0,365,0,0,6,204,0,33,0,0,10,0,0,96,10,5,0,0,0,127,12,0,1,45,0,0,428,0,0,0,0,117,0,4946,0,0,1,0,0,0,0,0,0,162,0,0,275,55,15,926,0,0,0,0,0,0,0,12290,2486,349,0,24,0,0,269,68,0,0,28,1112,0,785,9,0,27,351,0,1240,0,0,0,0,0,0,0,0,0,0,87,0,1,0,4473,0,3574,33722,30,2457,0,0,0,0,0,0,0,0,23,6,0,148,0,0,0,47,0,135,362,0,0,2,468,0,1395,52,0,0,0,80,0,0,0,0,0,0,6,0,0,0,0,37,0,0,0,0,177,0,412,0,0,453,23,2845,0,228,0,517,0,0,0,1336,21,0,0,0,2,101,16,0,0,0,1,0,4,135,34,7,453,0,7880,1217,0,0,0,0,11551,0,0,0,0,0,5,0,0,5006,3,0,115033,0,0,0,0,0,0,0,2253,0,0,3,141,9,194,9089,1,0,0,0,185,0,2,0,31,26,803,905,0,0,0,339,43,0,0,1,0,0,0,1,13,0,0,0,0,2,6,0,0,0,0,0,2,2,10,6,1351,473,0,0,0,3759,9,128,0,0,0,0,0,9,0,0,0,0,0,0,0,0,0,0,0,68,0,0,39,13,0,0,147,1,377,12011,16,0,12261,3,0,0,3,217,0,0,1,0,0,2,811,0,7335,14,0,0,0,0,0,7171,0,0,77,0,0,0,0,897,0,0,0,0,0,0,0,0,0,41,0,0,0,698,1134,1,10,3899,2,0,804,0,41,0,0,0,0,0,2218,0,0,0,4,0,408,2,5274,0,0,0,42,3951,0,0,0,3,9,0,0,0,0,0,0,0,0,913,0,0,1048,57640,2,21,6,0,0,43,1,0,0,0,2,1907,0,0,0,0,0,0,0,0,0,0,135,0,2,0,172,0,0,0,2,0,941,0,0,0,12367,0,19,1,0,0,1,4,0,0,0,721,0,0,555,197,0,2,0,576,0,25,0,0,0,2,0,0,12,0,0,0,0,0,0,0,0,2,1,0,12,131,0,0,0,0,203,86,15,0,471,18,7,0,1,0,0,38,3,0,11254,1,0,0,0,268,364,90,0,21,0,3368,110,0,0,0,3,616,0,0,0,989,0,0,2,0,36,1391,0,42,1320,0,0,0,0,0,21108,25,2,0,0,1427,213,6,52,0,0,3169,0,0,0,0,0,0,0,0,0,7295,0,0,0,23393,0,75,0,585,79,8,0,0,169,89,27,0,24,0,0,0,0,0,156,0,0,0,99,0,0,0,0,83,0,30,0,1,0,0,0,0,0,13216,4,0,6,3,0,217,0,2,0,14,0,0,2976,16,14,3,2703,0,1750,148,3,113,1,33,7,6,0,0,0,5865,445,0,73,0,0,0,2,0,0,0,0,3,0,1,3,27,34,9,174,889,0,0,18,0,181,40,13,0,0,9943,1,0,0,0,0,94,0,95,3,2194,0,0,0,2,0,1,10,0,0,0,0,39,0,54,0,0,0,0,64,0,0,55,0,308,0,0,0,0,0,14163,0,0,0,263,0,0,0,0,0,37,18,0,3,369,0,0,14,2319,39,0,6,2,4,5894,0,85,16,0,0,0,0,0,0,0,1596,0,0,4361,0,1473,41416,5,0,0,0,0,1,0,0,1083,0,0,0,0,37,0,416,381,10642,0,0,34,0,0,0,348,9097,49,575,0,0,0,122,0,0,0,0,0,76,0,0,0,17,0,0,9,0,0,0,10,0,0,0,91,0,0,0,0,1005,173,6,0,0,0,22,0,0,2,157,63374,11,0,2,0,8,0,57,1,0,0,63,0,90,12,0,0,1036,0,27,1,0,0,0,1275,0,0,4,2380,101,0,2,1,0,3,0,0,0,0,0,4,588,0,0,0,0,888,0,2,0,0,0,33,0,0,271,340,0,340,0,14,2,30,0,0,0,38,0,5,0,0,0,14,0,25,0,195,0,1,0,0,0,36,0,1203,0,5,0,581,0,0,0,0,104,0,0,0,0,0,7,238,172,0,0,0,0,0,26,2,110,0,0,266,1,27,0,32575,0,0,0,0,15,0,845,0,0,0,0,299,36,34314,0,0,0,0,0,905,0,115332,0,0,0,0,29,1,0,0,5054,12,214,1,2510,7166,0,0,3,0,0,4,103,1,1713,0,0,0,0,12,0,0,0,525,0,8,3,115,103,0,62,1161,0,53,0,0,0,0,1017,5349,0,0,0,18,1,4,1136,0,0,100,0,0,1,0,0,0,5185,0,3,3057,0,0,0,9,0,4,0,38,0,26,0,3,7,31,0,0,973,6,0,18,122,0,0,0,14319,0,0,49,0,897,123,21,10189,14,7518,2,1,1,0,0,0,6649,0,0,0,0,503,0,0,3,0,0,0,429,0,127,9,3,0,27,0,0,0,0,0,0,169,0,0,0,1856,666,0,0,1,0,0,0,0,0,0,0,0,23,0,0,0,0,0,0,0,0,1,48,4,0,0,0,0,26,763,33,1,362,0,0,99,0,83,0,0,0,0,0,0,3,0,1470,0,4,1,0,0,0,0,4721,368,0,16557,11,0,549,0,1938,0,0,0,0,0,304,29,175,0,0,0,0,229,2,0,0,202,16,0,0,2,0,0,9268,0,0,169,0,1,0,22,0,2,3,0,0,0,0,0,954,26088,0,0,0,0,0,0,73,12,43,528,0,0,0,0,136,0,0,0,0,0,0,0,0,0,18,0,0,0,153,0,273,2,0,2,0,0,0,85,1,1,0,0,7,0,0,0,0,0,2132,620,0,798,0,82,0,0,0,10,0,2,1,8,0,1,0,0,0,369,2,0,0,49,5,0,0,0,2,0,2233,48,290,0,0,6669,8,221,0,0,102,0,0,1,0,0,16542,19,0,515,33858,7,1,0,1313,321,32,17,77,0,0,730,5,0,0,61,0,0,0,12020,0,0,3,0,0,10917,0,0,2,1600,100,26,2,38342,28,0,0,0,2,73021,13,0,0,0,3,0,0,0,0,5,1395,0,0,0,236,1,107,2,2,0,0,915,5513,41,0,0,711,0,0,12,0,29,259,472,0,0,8,12,221,0,749,223,47,0,133,318,0,6,0,0,814,0,3,89733,0,0,6,0,16,1,0,0,0,0,0,1,0,1,6713,0,0,0,1219,0,0,0,0,0,0,0,0,0,0,8,1,40,0,0,0,1,0,0,0,0,0,0,0,5,7574,311,0,0,0,0,0,0,0,0,0,0,1445,0,30,1,83,0,293,33,0,47022,95,1,0,0,0,34,0,0,0,0,0,10,0,3,0,0,106,22,0,0,0,0,0,0,0,24,0,0,61,0,0,54481,0,0,10908,2039,0,13719,0,0,0,1,0,0,0,0,1279,596,14,16,0,65,19,0,0,999,1,0,0,0,9,0,0,0,4,0,4,0,0,14653,260,0,0,0,0,115,15,0,1,0,14,0,0,0,3,56,3,0,5,11102,0,0,8355,41,877,0,17,0,0,0,1,0,0,940,35,0,0,0,0,1,2486,0,0,2,0,0,0,0,0,153,0,0,129,44,0,0,126,920,0,1141,0,0,0,0,0,0,0,2,0,157,4,3,1114,1076,403,8,0,140,1,3837,0,0,0,45,0,0,11,0,0,296,0,1,0,0,0,1,0,0,0,0,0,0,13,19,0,0,0,0,0,0,29,0,4,53,0,0,1089,3670,0,0,0,0,50389,0,1449,941,0,0,20,0,0,2349,0,246,0,1,0,0,2408,60,2,0,1,0,0,0,0,0,476,0,0,0,48,2,155,115,1,0,3090,0,0,0,0,0,0,0,0,1,47,1,0,0,0,0,8,484,0,0,0,0,398,14,3,0,0,8,0,0,0,3,48,0,0,0,0,0,0,1,0,0,74,0,3,0,0,0,0,0,0,3,0,0,0,0,13699,0,0,309,0,138,0,0,24,2,0,0,0,0,46475,0,0,0,223,0,0,0,0,103,0,8217,58,0,0,6108,0,1,283,3,0,241,0,201,2,0,0,0,1317,0,9,0,0,0,0,1,0,103,0,0,102,0,1139,1,0,0,0,12,2,121,0,182,7,0,0,362,1,0,0,0,0,21,5,0,103,198,0,13,0,0,111,0,0,0,0,7336,3177,0,300,0,14,0,0,14,0,0,0,0,0,0,0,1,19290,7,66,23,9,0,0,0,0,1,0,0,4,1,0,0,0,0,478,1,746,10,143,0,109,4,12,0,7,0,4,143,54,3,32,1,0,0,0,0,15138,28,0,3,0,0,0,62483,26,0,1,13,0,0,318,40,0,0,0,8,0,8,0,0,3393,51,4,0,9,456,539,1,0,43,233,0,2,20,0,9,15,0,0,0,0,3,7786,18,34,0,0,2915,0,6876,15,3,0,0,27,0,294,0,0,7,593,0,0,0,30,68,74,7008,10,3233,0,0,590,17351,0,0,194,0,0,0,0,0,8591,0,34,10902,0,0,0,0,29,0,0,57,2,0,0,0,2,0,1599,13,3,0,34,0,0,462,88,1425,0,157,12,1051,0,2,10874,0,0,0,0,0,2978,29388,0,4,1,0,0,1,0,0,0,0,210,152,34,0,53,3,0,25,0,0,685,3,8,107,833,0,549,0,0,10143,0,3383,0,92,1,0,0,736,21,7,0,549,47,208,0,0,0,0,0,0,15,1,0,419,0,0,50,0,0,0,0,0,0,0,1104,1,1,0,0,0,18,0,0,0,2715,0,0,0,0,5,1,0,2234,222,0,0,3528,28656,45,181,3,111,0,8,1,0,5,0,4,0,0,0,0,0,0,0,0,0,0,6,14,109,0,189,0,0,0,0,0,0,0,11,8120,2926,13,25,10,82,0,0,0,0,0,12,0,3,0,86,0,19,7056,105,0,25,577,0,0,0,5,80,0,5,15,0,31,1,0,0,0,2,3,171,34,0,142,52,0,0,0,0,0,2672,0,0,0,0,39,0,4,196,0,0,3,478,0,2,5,0,0,0,0,0,46,0,0,4,109,1,48,3794,5,177,7,13,0,1604,467,0,0,0,0,0,1,0,0,110,1538,1,1886,0,15,0,419,3,0,0,2,3,68,0,310,660,27,0,0,163,0,0,0,8,12275,6,104,1,0,31,0,0,0,0,17,4,0,0,0,0,2690,1,1035,1,0,0,0,563,0,0,0,41,0,3,72,287,0,0,0,40,0,0,0,9355,0,0,0,0,0,0,0,1,0,0,0,80802,0,0,0,16,0,1,399,0,0,10,41553,3513,0,0,7414,1090,108,6,117,1,587,32,2708,0,3,0,0,0,0,4,0,0,0,296,2,19,0,0,5,0,34,0,496,33,5177,0,0,0,0,389,0,0,0,655,145,4956,158,0,0,0,0,0,1,19,8,0,1,0,311,4052,11,0,0,1,0,0,86,1,0,0,0,0,0,0,6,0,0,0,0,0,0,1704,0,0,5,83,5,1,0,0,412,14298,0,0,3,0,1,0,0,0,93,0,41,12,181,2,0,2540,0,0,0,0,2,2,0,0,0,1,0,0,0,79,186,3,1,20,28,0,0,0,0,0,0,16,11,0,44,0,203,63,0,0,0,0,16,0,0,0,0,0,0,0,1,0,202,149,4,0,689,100541,0,0,12,0,0,0,0,12,59,23,6,0,0,36,62,316,3811,7673,0,0,6,0,0,0,80,125,0,107,0,0,0,485,10,10669,0,11,335,0,559,0,0,8,0,1,0,0,346,0,3539,0,1,389,0,10316,40,90,593,22,0,3,0,0,0,0,5,47,4,9,0,0,7,0,0,173,12,1,0,12607,0,0,52,3,49,30,0,1506,0,179,0,0,0,4,22,0,0,0,0,0,627,0,630,0,8,0,0,0,2,0,0,0,0,4,0,0,13762,4,461,1,1,5,27,19,1,0,0,0,6,0,0,89,0,2286,0,4,1,0,0,7,0,2,0,4,1,0,0,42,0,104,2,13,0,0,0,0,0,97,0,0,0,0,0,0,0,8,16,0,0,0,51,1,0,12,1,3,0,0,0,0,104,0,0,2,1,1978,0,64,0,1204,13,566,0,0,0,757,51,0,1,0,1,0,36,0,0,0,0,0,19589,0,1,0,1,243,3,0,57979,0,0,0,0,190,0,0,0,5,0,19,183,1,0,0,0,5,39,0,0,0,0,0,1,8,0,15,0,961,17,37,2,0,0,7,0,836,0,912,0,629,0,0,0,0,25,0,0,81,0,0,1,1,0,0,1,3078,9,0,34,35,0,203,3,0,0,0,0,0,34,0,0,239,0,0,0,16841,2267,261,0,0,0,0,875,5,0,3,228,0,0,2,193,0,6,0,0,2,0,109,1,1,26,0,6,2,17236,0,142,1,0,99,265,1,0,4,0,0,0,0,25,0,11,100,0,0,0,0,0,1057,3,19,0,3,0,239,0,0,0,1407,8,0,0,0,0,0,213,2083,0,2,198,0,0,0,0,0,1,337,0,0,1,0,28,6775,0,2,0,0,26,0,3,0,0,0,0,12,8,0,0,0,0,0,19,257,0,2,0,0,293,0,0,57,0,1440,0,2,0,108,4,0,0,0,0,0,0,0,842,0,0,0,0,0,15,747,0,0,660,0,149,0,0,21,0,1,0,31,29139,473,0,0,4705,2,12546,0,551,0,0,4,0,0,16,0,0,0,0,0,2,0,0,0,0,110,1305,5006,0,800,0,3411,0,0,0,14811,0,0,0,0,0,0,0,34,2,0,21536,0,0,10,0,0,0,0,4136,2,9,0,8060,0,24,1,0,0,0,0,0,0,3,0,0,0,0,2,1,0,0,0,0,0,0,0,0,2186,3,0,0,0,238,38,0,0,0,0,0,0,0,61,0,301,0,0,31463,0,2798,0,0,582,0,9961,0,0,1,0,0,0,0,0,1,0,0,0,17,0,0,0,191,0,0,0,0,13,5,0,0,0,12,0,0,12,38,505,0,1,620,102,1,5,0,7,0,375,119,53,39,0,0,0,0,0,0,125,0,0,0,0,11,141,1308,0,1321,0,3,1470,6,0,0,0,0,0,0,0,887,1,0,0,0,0,2,0,446,1,18,0,1,8,0,18094,0,0,16,0,0,4946,0,2,0,0,514,23,0,1,0,0,0,0,0,21,0,5,0,1,0,0,34,2,2,3670,1,0,0,2320,26,10243,0,0,0,20,0,0,26,2,0,0,0,5,3,0,0,53,35,0,0,0,0,0,0,0,0,15,0,16053,59,0,0,0,0,4,0,0,1,0,0,17,0,0,0,0,0,0,769,0,2749,0,0,1,0,156622,0,0,0,109,0,8339,1,8129,0,10,0,0,195,158,0,2,0,5,0,8,0,3,0,0,0,1,0,1306,0,0,0,0,13,0,0,6,14,0,753,0,22538,0,0,0,1,0,0,0,0,0,0,602,0,28,81,0,0,7,0,2227,287,606,634,0,0,0,14,22,228,0,0,120,6529,0,0,1,0,4,1,0,2,0,0,2061,48,60228,24,0,0,0,0,0,0,7,2,0,0,0,7038,0,0,0,0,96,155,100,0,0,0,356,0,75811,0,12,0,1,0,433,0,0,0,24,0,553,0,0,4462,0,0,0,44,29167,3,5,0,15,213,568,0,0,142,13,0,0,51,2,264,6,0,13,0,8040,0,0,1,0,0,5,0,0,27652,34,0,202,0,0,0,1,634,2,0,0,0,0,0,1,0,0,92,0,1,0,0,0,0,0,28,239,0,0,0,0,192,1,0,15,34,0,0,107,14,0,10,0,15,0,0,0,0,1068,0,6,98,0,581,0,4,0,4,1,378,2,3,8,0,0,1,2,0,34760,18,0,0,0,0,0,0,0,15,102,0,0,2,12,0,52,0,0,1,0,0,992,633,0,0,2,0,6,502,1,0,0,0,0,2,396,0,41,10,7,0,0,0,71,0,0,0,13,6,44,139,1620,0,577,9,14,4,4860,0,1,179,1,0,6,0,339,69,0,2,0,0,8,0,29,1,6076,0,6,2,141,232,0,1,0,0,0,2410,0,31,124,87,254,0,28,38,18,505,1,0,0,0,0,0,0,0,0,0,53,0,668,1,10300,10878,296,13,431,1907,0,0,0,63,244,0,0,0,9,585,0,215,2,938,0,37465,0,233,0,0,0,0,0,0,1,0,6,1102,0,0,14,91,19,0,0,11,52,0,0,2,0,0,0,0,0,0,15,0,0,99,0,0,0,0,0,0,25,0,174,0,9,0,0,16,1441,0,13,0,0,1512,4747,0,0,4,1,0,0,1,0,18,0,0,0,86,0,74,2,75,0,14,52,207,1,43,0,1,0,10,2,7,0,0,9578,2,6,0,22,0,7,1,0,0,0,1,0,1,29,0,13,197,0,8,20,2,1,15,0,65,12400,0,63,4,1309,0,90,201,0,368,0,0,0,0,1,0,7,0,227,0,0,0,1985,0,0,0,4,0,1226,2,1,0,0,0,12,0,0,33,8,0,0,2,0,0,9,17,0,1,5799,0,12,0,0,2,0,1,254,1581,25,0,0,0,0,0,0,0,267,13,0,9,8331,6,6,48,0,0,0,12,0,0,461,0,0,0,257,0,0,0,0,2,1038,0,0,0,0,0,0,0,474,9,168,0,28,3788,0,0,0,3,6,0,0,0,0,0,0,0,0,3857,0,0,0,0,1,0,0,0,0,0,0,42,0,3,16,2,0,0,0,0,39,0,0,93,28,0,0,0,0,0,140,0,3,30,209,53,0,0,7,0,0,0,0,0,0,0,0,0,1,0,1752,0,10,0,0,0,0,133,7,0,8189,0,1,100,0,0,0,0,0,0,1,0,0,6,0,13,0,0,7970,0,2,0,1,11,0,0,0,26,400,6,1,3,30,1195,0,0,379,1,1,172,0,0,0,0,0,0,0,0,2,0,0,6,4,0,191,0,0,1296,1080,0,12,268,16,1,0,4,54,4,0,0,6,3,6207,1,235,22,0,294,0,0,23,15,99,217,0,171,175,0,0,7,174,0,22,3090,1001,14623,238,0,0,6,0,39,0,4,0,0,1,1,0,0,0,64,0,0,0,1,18,1171,113,131,0,1,3315,0,0,1,0,578,0,0,0,2,0,22,0,0,0,0,10,0,12,0,0,0,0,0,1400,0,300,0,0,0,0,0,3,0,0,0,30,15,0,8,17,0,0,0,5,0,1,8,1,0,43379,2,48,39,0,120,1,9,109,106,1,0,0,0,1,457,0,5,0,0,0,4024,0,11,11,0,0,2,0,0,28,5,0,6,0,192,0,451,2899,1,17,0,0,6,0,4,0,9,17691,0,0,10,0,0,0,287,0,329,3,0,0,0,0,0,0,65,7714,0,385,47,0,11971,0,8,0,0,0,0,0,0,0,0,0,4,663,0,0,0,1,0,0,0,0,14,0,0,0,1,0,0,20,145,0,0,0,0,0,0,0,6,0,0,5,0,2,0,0,1,2,0,0,0,1125,409,0,0,0,0,46,340,0,0,0,0,0,0,0,0,0,0,0,325,1,0,12,1,346,0,0,0,1,0,56,16,0,0,0,985,13,351,6602,0,5,0,0,26,0,0,0,0,2,0,0,8,474,0,0,0,0,2,0,21,0,0,7,6,0,19347,160,2,5,0,2973,4,1,0,0,0,1,0,0,0,0,0,0,0,10,0,0,0,0,0,324,3,0,0,376,869,768,1,1,13652,0,0,0,0,830,0,0,0,0,0,0,0,0,1,5,0,0,262,0,4,0,0,0,0,0,0,1,10593,0,0,0,10,0,16,16,0,1099,0,0,0,67,0,0,0,27,0,0,288,0,0,84,1345,157732,147,1,1,4,0,0,0,0,69,0,0,0,0,12,0,0,0,0,0,47198,0,0,23,0,0,0,97,41,0,0,0,0,0,0,0,0,0,0,0,0,10,0,60,0,0,1001,0,0,0,3,0,0,0,4,0,1,7,0,1,0,0,0,10,4,0,16,37,338,0,1,0,7,0,0,1,0,0,0,0,9,1807,0,0,0,0,0,0,12,0,0,23,0,0,0,0,804,0,0,1,0,116919,0,0,77,0,0,0,0,9,698,0,114,0,0,0,0,0,15,4,31,59,414,0,0,1,0,0,0,1,0,0,0,0,2527,0,0,1,2998,0,0,0,316,0,252,32,0,0,0,0,19,0,762,0,0,514,0,0,4,0,0,3,6,0,1672,1,442,4,2,11,0,8,0,4,14,0,0,46,0,825,0,0,0,0,0,0,7035,11,0,0,0,6,3811,0,10,0,0,1,13,103,0,0,0,0,173,0,4,0,181,0,1,0,5108,0,0,0,0,66,1,0,25975,3191,16,0,0,12,0,10,0,0,0,0,0,36,35,0,0,0,1124,0,0,0,0,0,0,3,0,913,2,9,3,0,0,6,158,0,0,0,0,0,0,0,5,0,1,393,81,0,46,0,35,0,39,0,4,1645,0,0,1,3,2,0,81,0,0,0,0,0,0,13,1640,0,0,0,4,0,0,42588,107,374,0,49,0,38,3,7,2,0,3,2703,54,0,0,0,0,0,0,1,0,7,0,494,194,558,107,0,0,1,9,0,0,0,0,1,0,0,0,1,7,1,0,3145,62,0,259,0,6,1495,17,24,0,64,1,1764,0,12,0,5,0,1,0,0,20,3026,31,0,86,4,0,223,314,0,293,3,4553,0,1446,0,137,38234,0,0,3,1540,6,1,4,0,0,0,0,0,89,0,8,82,30,0,3,0,398,0,47,7,0,0,0,0,0,1,0,0,0,18,13,0,72,0,0,731,0,0,16949,4,0,0,0,0,0,0,1060,4,0,9,0,0,0,0,2992,88,2817,49,0,0,0,0,0,125,0,0,74,207,6,0,0,1,0,0,0,0,11,0,2524,0,0,0,135,8,0,0,0,10,44,0,0,0,2,0,4,0,1,0,0,1,0,0,0,0,0,0,13,0,61,24,170,0,11,0,0,0,2,0,6778,0,0,239,0,27,0,118,22423,0,3253,0,0,0,345,0,0,0,0,0,0,0,419,0,0,0,2,0,0,0,0,8,0,0,1,0,90,0,0,0,0,1,10,0,288,7494,2,0,0,7,1,0,0,9,0,766,9,24,3,0,1,0,0,2,0,0,0,0,0,3417,5585,0,0,1,0,50,592,0,45922,425,0,0,0,0,7,0,0,0,0,0,0,0,1,12062,0,10,3,1984,0,0,0,14,0,0,0,0,5,0,0,42,108,265,1,0,49,0,1,0,16181,0,24,0,0,14133,0,0,73,3554,0,0,0,0,11,0,0,0,0,35,2315,4316,70,1,1,0,0,180,0,0,276,0,0,0,125,1,0,0,0,0,0,0,0,0,4,153,1999,49,21,6411,53,32,0,23,0,0,0,0,23,25,45,4973,1,0,0,0,0,0,0,0,9994,0,0,0,0,12,2,241,36,0,0,306,74,0,0,0,0,0,1,2947,2241,174,173,364,2,0,18,0,4237,4,0,0,1228,2,0,0,35,55,0,0,0,0,50,27,0,0,0,0,0,0,0,0,0,0,5920,7,0,0,57,0,6,6538,9,0,1,0,3,0,262,0,0,0,0,0,0,0,5,0,0,0,7,23,0,0,0,0,10,0,55,571,34439,0,0,0,0,37,0,4824,0,0,18,0,39,0,0,0,0,0,0,2,0,115,66,0,2,0,2206,0,0,150,0,17,60,5045,0,0,0,0,0,0,0,0,0,1,0,40,8,0,0,63,83,0,0,0,0,0,9608,0,13399,6,16450,0,24,0,2,0,0,1779,0,0,54,6,0,9,0,0,0,0,3082,4,0,0,0,0,7,0,1127,0,4,0,0,0,1011,0,507,7088,0,757,0,1542,0,10332,16,0,0,0,2,7,2,0,0,0,1362,2,0,8,0,34,0,0,12644,157,7,11,0,0,33,0,0,0,0,0,25113,0,0,1,29,1,0,96,9,0,0,13,0,2,7906,63,3,54,2,4,0,0,0,0,175,0,0,35,0,15254,0,0,0,46,2,1,0,0,10,392,0,0,0,0,9,0,0,0,0,0,3,0,1408,8563,903,80,11,78,403,0,0,0,9,0,0,471,1,0,6,0,17,2277,116,0,0,10,105,0,0,12,1,0,0,15,0,0,0,2,7,469,0,2,1040,98,0,0,0,0,1,0,0,29,167,100,0,0,2,0,60,0,3,0,0,0,0,194,0,0,38,32,0,28,6,0,0,0,4,0,0,0,0,9,0,0,0,16,5635,0,0,0,8409,78,91,279,0,665,0,12,16,16,0,0,67,16,0,0,0,380,6,0,37,31,0,0,47,20,1,1959,1,0,0,5,1,0,0,0,0,751,0,1,0,0,0,95,0,158,0,0,1,104,0,8,0,126,233,0,555,8,0,243,0,111,0,0,8067,0,39,1,0,13,2393,0,0,0,0,25,17,2,0,21,1,0,0,0,47,0,0,3938,0,0,1,119,277,0,5746,0,0,0,1153,0,0,0,0,0,5,1511,0,0,0,0,0,27,0,0,0,0,105,0,0,0,5,0,0,0,0,1596,0,172,0,0,0,1,81383,25,0,0,1147,100,42,90,6,0,27,0,596,143,0,2,0,0,0,2,111,0,0,0,0,0,2,0,784,3,1014,0,1646,0,0,121,0,0,6671,1,0,3,0,63,0,0,22,0,0,15,0,0,18,1790,0,0,3438,0,86,93,0,0,3,0,38,3,0,2241,386,0,0,0,28,0,71,17,0,0,1,152,4,0,1014,3227,0,0,0,0,0,5393,4,139,0,0,0,0,6793,0,0,14,0,64,0,0,4157,0,0,0,39,1947,0,0,0,0,5422,0,31,14,2050,0,0,0,206,9,218,1,3240,0,161,0,17600,0,448,1,31,0,0,0,2,34,2,429,0,18,0,0,3,27,93,1,52,167,1,21597,1,0,1,0,0,108,1,3,0,2,0,0,0,0,0,45,0,0,4,3,0,1,0,0,1,0,1,410,0,5320,0,0,0,0,96,898,0,0,16680,0,0,335,5940,51,0,0,17355,0,0,4,11,0,8,0,31,25,6855,23,8,6,22,0,0,1286,0,1,0,15,0,251,0,26,0,0,0,1,0,46,0,0,0,0,0,0,0,0,1,0,0,5,0,10,0,6,1079,0,246,0,0,0,0,136,0,2,0,0,0,0,30,7,0,0,9,0,19,0,0,0,0,0,0,0,0,0,0,0,0,0,106,0,0,6348,0,0,1229,35,0,108,74,0,3,1,0,0,0,0,0,0,0,0,0,0,0,12,0,0,0,0,100,0,0,5,1,0,0,0,2,0,100,0,0,6825,0,7,0,0,0,12,0,286,35,0,0,0,9,0,104,0,11,0,0,0,5,1,0,792,0,0,9779,9374,126,0,0,0,10,1,0,0,0,1,29,0,0,0,0,0,0,0,12,566,0,0,154,17,5,0,3041,0,0,4436,0,1,893,11,553,0,0,0,9,14400,0,5596,2,0,3,0,0,2,0,0,0,96,0,43,9,0,53,4,0,3,0,19,0,0,1,0,0,0,0,3,8693,1341,24055,932,637,83,3,0,0,0,0,0,1,0,39,0,0,1124,37,2,0,0,1,137,0,1150,47,0,354,0,0,47,3614,481,0,7,0,0,0,0,284,2864,3,0,1,0,0,36,0,14,5944,0,3,0,288,3,0,1,0,0,0,0,0,0,0,1,0,0,0,2474,294,0,1,204,0,32,0,11,0,0,3,1,0,0,1,54,12,0,0,117,0,0,42,0,0,29,22,0,164,1,1261,0,1,0,0,0,26,98,11,138,3,0,39637,5,0,0,0,0,19,1305,0,139,0,1,0,0,0,0,0,0,308,2,80792,0,0,60,25164,0,0,0,8,29,0,0,0,0,70943,30,258,0,0,0,0,0,1239,0,0,51,163,26,0,0,8,0,301,0,0,0,458,8373,0,1,0,1,65,73,542,0,0,0,0,0,0,706,0,0,0,0,0,0,4,0,0,2872,2,0,0,579,2,2071,7558,1,0,0,0,0,0,8,0,3,400,0,0,13690,125,139,21,0,0,0,0,3,0,0,0,0,0,2,0,53,0,3421,0,52,0,7,73,11656,0,2996,0,7,1998,3,19403,581,572,57,0,0,0,0,0,0,239,41,0,0,1,0,0,0,513,0,0,1,337,0,0,195,0,0,11,11,1264,0,0,0,100,74,0,0,144,3,0,33653,261,8,5,10,1,0,55,0,0,0,1854,20,1,0,4,52,0,0,7593,1,6231,0,0,1,8161,0,0,0,243,4,50,0,30,0,2,0,0,0,0,0,1,0,0,1,0,0,580,0,0,0,0,0,0,42,48,0,0,0,48,0,0,3,0,0,0,24,1,0,0,0,0,8373,0,0,4,10,0,469,524,0,0,0,0,0,0,222,24,15,0,0,15,10030,3,0,4,0,8,0,0,183,0,2,0,0,15062,0,1659,0,0,23,1956,16,1,47352,31,18,0,0,0,2,1,0,19,44,0,25,0,0,24098,0,0,0,1195,3,1,0,3,3,0,0,0,0,0,1,7639,0,62,59,279,7554,0,6664,0,0,19,0,2461,0,3102,2123,0,0,0,0,161,0,0,0,2571,0,0,0,0,0,8,11,20,0,0,0,0,443,1,3,1,27,0,27731,21,985,33,6,0,0,2,6,0,0,0,0,7,1,0,977,0,0,0,0,48,0,0,10,85,5,18340,0,4,0,0,0,0,0,0,9,124,82,7,51,5,0,0,0,0,0,7039,561,0,728,0,142,29,15,353,0,0,6,10,0,56,1,12,0,0,0,83,12402,0,9,0,0,9,0,105,0,0,29,0,0,0,0,30,1,4,0,19,179,478,16398,0,0,352,29,0,1692,39,576,0,0,2046,12125,17,0,2,3,339,45,0,0,0,24,0,0,0,0,0,13,2,3,0,61,0,151,0,0,0,0,0,0,0,2,5562,0,56,17,0,32,0,0,0,1,5,6,0,16,0,9,0,0,16,0,0,49,0,0,0,34,0,1,7,1,0,0,0,0,49,0,0,0,151,138,0,0,0,22,0,4,0,0,201,0,0,0,0,0,90,42,0,0,0,0,0,6758,0,0,0,0,0,0,0,0,1,1264,0,20,0,0,127,0,2,25,0,4,0,0,0,173,0,32,85,0,0,607,0,0,0,3469,0,0,0,71,0,0,2,0,0,17,0,0,0,3,30,16,10,22,2,0,23,106,0,0,0,39,0,25,0,3,0,5,0,459,0,4043,1085,17,0,4,0,0,127,0,0,0,0,0,0,0,0,0,0,0,2,0,0,0,28,0,0,0,0,176,0,34687,0,0,14,0,2321,77,0,17,0,0,3,0,456,0,5486,0,0,0,0,0,1,0,0,0,0,0,1701,0,9,4,0,0,1,0,0,0,0,0,0,3,3,2,132,8,2,27,0,26,0,9863,0,8,0,0,48,0,0,0,0,0,9,0,0,30,0,1,0,0,1,167,1,0,0,0,4,0,3,0,0,0,3107,2231,273,5434,7,2,0,0,0,783,0,11,0,0,7,12,0,7,8,0,0,0,0,3,0,0,3,1,1075,0,0,0,0,0,0,0,0,85,0,0,0,0,0,37,1,0,0,0,0,0,2,879,31,53,0,0,12,0,0,0,0,14,3,0,0,0,0,0,1,0,0,97,0,0,10049,0,3,0,0,0,2,126,0,0,211,0,0,60033,0,0,0,5406,0,0,0,10,53,0,0,88,1799,3363,0,5,127,0,0,32,0,0,0,0,0,3262,1,1,36,0,64,0,127,2281,0,0,0,50,1259,11,2,9005,0,0,892,3,2,105,3,0,75,693,0,0,0,0,48,0,0,0,0,0,0,0,0,0,3961,0,2,0,7,6,271,98,0,5,0,3001,0,0,1,0,146,2,0,0,1054,0,238,0,10,0,16,5,953,0,0,0,0,216,2109,0,4336,0,0,7,1,2,345,0,0,118,0,2,0,0,1,0,0,5,0,138,227,105,0,8,2,222,0,18,0,0,1,0,1,0,0,0,0,5,37,0,0,0,1,0,246,1622,0,0,11,0,0,0,1017,0,26,5,46,31,0,45,0,0,0,20,0,1166,210,64,0,1,0,3701,1,0,1,0,0,60,0,0,0,0,817,0,0,0,0,0,0,3,11,9,0,142,23,0,0,0,585,0,0,0,0,94,0,0,1,0,2753,0,0,0,13,0,102,0,35,0,2,48,2,0,0,301,7,25,0,0,86,0,24,0,0,100,0,17,0,82,22,72,47155,0,0,0,290,34,0,0,0,0,0,7189,35,2,0,35,0,0,5,0,0,976,1,0,0,0,0,0,0,0,0,7,0,659,554,0,0,0,0,0,6,27,0,0,0,0,0,54,0,1,0,0,0,0,80,3,44,0,0,0,121,0,0,689,0,0,0,0,8,1137,0,0,0,0,0,1,0,0,581,0,23,0,3182,0,0,0,0,39,0,2,75,53275,0,17,0,2463,145,0,0,0,0,12,0,0,4,0,6,269,122,181,327,0,7,361,9,0,1202,323,0,97,6380,0,0,0,20,1,1,1273,0,0,0,0,0,0,0,13844,0,0,0,9,11,0,106,70,0,12411,0,0,0,1859,0,0,164,0,0,0,4,0,652,19,0,1,0,0,0,0,11,0,0,0,94,0,1,412,0,126,0,0,1168,0,15,0,0,0,1,73,0,0,0,16,9,80,0,0,16,0,0,0,1,0,4,11,24,0,0,7482,0,0,181,1,1,2,0,1,0,0,168,0,0,0,121,0,0,4,0,0,1564,0,0,0,0,3275,0,0,1952,0,136,0,95,0,1,462,0,1,0,0,0,0,0,45,56,0,4312,0,0,0,0,2483,1,0,0,0,0,0,11,4,0,368,0,1893,0,0,1,0,0,0,2,54843,2,493,0,1,0,0,0,0,0,110,66,4,0,1,0,0,0,0,89,2,43,0,0,0,244,870,0,0,6,0,0,0,284,0,0,83,592,0,58,3,1,1,7,48,0,0,0,3,0,13,102,0,13,0,5,0,45,2071,3,0,1,0,63,0,2332,0,0,286,0,84,0,0,0,57,0,320,0,30,3,0,0,0,0,0,0,1,1,0,0,25,0,0,0,0,624,0,3,0,87,0,8,0,94,2,0,0,657,39435,0,1,0,2,14,0,0,0,6,0,13,0,0,0,0,0,0,4,0,0,689,0,0,0,0,14081,3,0,1261,0,1,284,0,0,0,0,4090,4,355,0,0,0,1,0,74,0,0,0,0,2234,11574,0,0,32,0,0,0,0,3,0,0,605,0,0,128,0,0,0,357,79,2,97,296,0,2,0,19,0,0,0,0,2,0,0,0,0,142,2,82,0,0,1,0,0,9,98,0,190,0,0,5,232,0,0,2398,1,0,0,115785,97,0,12,0,0,0,1044,5,0,0,0,0,0,64,174,0,0,0,0,0,0,4,10,105,1,0,10,9886,85,0,0,0,0,0,1,2,699,66,4,29,0,0,0,0,0,0,0,25,0,0,0,0,11,0,109,0,0,1,23,0,0,31,5930,0,24,18,22,0,0,0,0,0,6,52,4,198,53,2,0,10,36,0,0,66,0,0,1,0,14,114,0,0,0,0,1,7,1,3152,0,0,113,0,14,114784,5637,0,0,0,0,0,0,231,0,3,0,255,105,0,0,0,0,0,0,36,0,159,0,0,0,0,11,16,47,0,245,0,0,0,0,0,28,0,133,35,5,0,0,0,243,0,4,2141,2167,1,0,0,5,0,0,0,0,2,0,0,0,36,136,0,9,0,0,0,8,196,0,582,0,1,0,12,2180,1,0,0,4,0,32,18,3,0,0,0,0,0,33343,0,99,5,964,492,0,0,0,464,0,8822,0,0,0,6,27,0,247,47,0,0,0,235,0,2,0,0,4970,199,0,0,0,544,0,0,0,4387,0,139,0,0,0,0,0,0,0,319,0,0,0,0,0,0,0,0,0,0,78,0,0,2,0,0,51,0,0,287,58,0,0,110,681,4,0,4490,0,3477,0,19,76,0,58886,0,0,0,5,0,0,0,0,1397,0,3,0,0,7,839,8,0,0,87,9,1,0,1,11824,0,1767,0,0,1862,0,3098,0,623,27,0,0,0,0,0,0,4738,0,6,0,0,0,0,0,3,1,0,2,0,0,40,0,0,1,230,27,0,0,0,0,0,6,0,0,0,0,1,0,0,0,0,2,0,0,463,962,0,72,0,0,0,151,46,68,0,263,1,0,14,161,0,2,24,0,4,0,2,0,4698,26,0,128,0,0,724,144,0,0,0,87,33,0,0,0,0,2,1,164,0,0,3,0,7,4,0,1,0,23,46,12,3,0,0,0,0,0,14,3,65,0,0,0,2297,4,43,0,6,0,0,0,203,405,1385,0,0,0,0,0,0,452,0,0,0,0,2,0,39,0,2,0,0,0,88,6,1223,0,1,0,0,0,1,0,0,0,1,0,34,415,0,8,1,563,47,5,6,0,0,13931,45,5,87,20,6,0,2,0,0,1082,0,0,0,0,0,0,0,6,0,0,99,0,0,0,0,0,0,3,73,0,1,0,1942,0,0,7,124,20725,26,2,2,0,0,0,110,400,4763,0,0,6,2,0,6,0,0,0,0,13,0,0,0,4,0,0,6,704,12,3135,3,0,15,10,0,16,0,375,0,10,346,212,0,5,20,30,0,23,0,0,34,0,0,22,0,60,0,10,1,0,3,0,0,0,0,0,0,0,0,13,0,0,1,0,410,43,54,0,240,3,16385,0,0,0,0,47,0,0,0,0,51,0,0,0,1,0,0,20,6657,0,400,6,0,0,0,0,0,15,0,591,0,0,175,0,783,0,0,33219,0,0,0,0,0,0,0,1794,0,0,0,197,0,59,0,1,0,1,9,0,0,0,0,0,16,584,0,0,0,0,0,131,93,13,0,1095,125,0,1,0,502,520,0,0,0,0,0,0,856,0,0,0,0,0,0,228,257,0,1,0,1,1,0,0,736,424,10,0,0,110,383,0,5582,49280,0,3,0,0,0,7,1879,0,0,459,0,22766,25963,214,0,0,4,5,0,0,1,0,2,1,2,5,0,77,17,0,0,0,176,2814,0,4,0,0,0,218,0,11,15,46,0,0,835,0,1,8519,1960,1,0,0,0,0,0,0,0,730,1524,0,7,2212,0,221,0,8,1,143,68,78699,0,0,53,8,0,4,1,0,0,6,0,0,0,355,5,0,6,0,0,7,0,8,21,0,41,0,4323,0,271,0,0,0,17,53,5,217,18,140,0,271,0,0,0,3149,1278,0,1,0,0,0,0,0,301,0,0,7,9,0,51,1883,0,2,0,47,869,0,1,0,0,0,12,0,0,1,0,0,64,0,2628,0,0,0,41,6,0,118,0,0,0,0,111,7,0,23,0,0,2,0,0,0,414,6,0,5,437,2,307,9,0,0,0,0,0,0,0,0,0,0,5,0,0,0,6,0,0,5554,0,7,0,0,1,90,6,1,0,2,13,0,34,80,0,4222,64,3,23,0,0,0,0,0,0,0,269,0,1,57,190,0,0,0,4,66,0,97,0,0,0,0,0,0,73,160,4,0,0,1,0,0,0,4,0,9,0,0,0,279,6,354,1,2,684,39566,298,2407,1,1,2,0,0,0,0,0,2,63,4,0,0,0,0,0,640,82,0,0,0,0,10,0,96,1420,0,0,26,2,0,1,0,0,0,1,0,0,107,0,0,2881,9,361,0,108,0,0,0,0,10,8,1,0,0,0,0,628,0,41,0,0,0,0,65,0,0,10,0,0,2162,12,12,4,95,0,0,0,28,10,0,147,0,0,0,0,3,1,219,169,14494,0,0,0,0,0,71,41,0,0,6,0,1,0,200570,2,0,25,0,37,1,7,0,0,0,1,178,0,0,0,24,0,0,2745,40,0,1,0,0,0,0,4921,0,0,0,0,184,0,0,0,0,6,0,0,1,0,105,24892,0,130,0,33,0,1365,0,0,44,3860,0,5,0,0,363,14,21,0,0,0,0,0,0,8,0,95,0,0,0,7,0,796,9,0,0,0,0,0,0,0,377,38,0,3,0,18,3,0,0,491,65,4,1,0,32,0,0,0,4887,2,0,0,0,0,3,0,1542,0,10710,0,0,39950,82,12,0,6,0,0,2,133,12323,0,0,0,0,1,1514,0,0,6922,0,1,0,9,0,0,0,0,104,0,149,138,0,0,0,3,0,2,0,0,0,0,91,6,1361,388,300421,0,0,458,1,1,10,2,24,0,160,341,0,0,34,0,148,0,5,0,0,0,0,0,0,46,70,0,10,0,1852,0,0,1,14,15,2,0,0,0,18,0,0,128,15,0,9,0,7,0,0,0,31,0,2,0,0,0,2,0,0,0,0,0,2187,0,0,3,30,118,0,118,122,0,168,0,0,0,0,0,0,3,109,0,697,32,1,0,0,4638,0,0,0,15,551,0,1093,0,259,2,31,6,416,1408,1,0,0,9,119,0,0,6,7,1789,1,1732,0,2,0,3,866,0,0,0,1,281,135,1,0,4,0,7,2,1,14,0,0,0,0,0,200,1,0,100,0,0,0,11846,83,2654,0,223,0,0,0,0,0,1,0,0,43,0,0,4,0,0,352,19,12697,0,447,99,0,0,0,63,112,0,4007,0,0,153,0,0,0,908,22,3,0,0,1,0,0,0,92,0,0,28,8,0,0,0,0,2329,0,50,6,0,33,0,0,58,7,0,1,0,0,0,0,0,0,1,0,2,0,0,0,0,496,1,3,0,0,0,5,0,0,1,0,0,16,0,3679,1,1005,0,21,0,53,0,68,12,41,21,78,0,0,0,0,9,0,96,1,0,0,0,0,0,0,320,0,0,22,0,4,0,8,0,248,0,0,0,0,17,0,0,0,0,0,0,0,0,8,0,0,0,1,11,0,0,1456,0,10,0,0,0,180,0,338,0,2,0,0,0,0,0,3,374,0,0,453,0,0,0,0,47,0,52,352,0,0,721,9,0,0,0,2,17,2902,0,2,0,0,2,52368,0,32,19,0,0,0,2301,0,0,2279,12382,32,0,0,10,0,29,4,0,79,0,0,8593,831,5973,0,2,65,0,0,0,0,6258,0,8142,0,28083,0,12426,0,0,17,0,0,0,0,0,52,0,1,5786,0,0,282,0,0,32882,0,22,0,0,0,9,90,7746,0,733,2530,0,265,0,0,111,16,4,2139,1,8493,0,42,0,7,0,0,0,0,0,32,0,0,0,0,4033,1,0,537,0,0,0,82621,36063,0,0,1,0,28,33,2,0,0,33,0,0,0,0,0,65,0,0,27,172,849,0,27,0,0,0,37,0,0,0,0,42,2,0,1,5822,0,6,22,0,16,0,0,0,0,0,464,119,0,0,0,0,0,106,7309,0,0,0,32,147,0,0,1,0,0,3,4,0,4,0,2,0,82,38,0,3,0,2,0,0,46,7,0,23,5,0,0,0,150,0,0,288,1,0,16,25,8,0,0,0,0,3,350,7687,0,1,0,0,0,75518,0,0,0,5139,97,0,0,0,1,41,0,0,5,0,0,0,28155,0,5343,0,8,7,115,1,1,0,33,8,12,1,97,7,0,2373,28,0,0,0,1,0,0,802,0,4,0,4,0,0,12,0,0,0,189,1900,694,0,0,0,0,0,1,1,0,7,0,2,373,1,0,0,0,0,35,0,16,0,0,0,0,2415,0,0,0,1113,25421,0,0,0,0,0,49,106,0,0,0,0,0,0,183,0,0,41,9,0,0,632,0,1087,27764,0,5,181,369,5,0,10,6198,0,0,13592,47,0,0,304,0,0,0,16,14,0,11,2,0,0,30,13,18,0,455,0,0,236,123,0,13,0,0,0,0,4,0,1767,1,0,0,0,0,12,0,45,0,5705,149,0,137,0,406,21,1,0,1998,0,9703,26,0,0,0,0,0,3047,0,17,2,0,4950,0,1027,0,0,1,0,0,0,243,0,0,0,60,7,14,358,0,63,0,0,10,0,0,0,0,0,0,0,410,6,0,201,163,0,0,0,13,535,42,0,0,70,0,2,0,12,1024,0,0,25,0,0,0,45,0,1,2,0,0,0,0,0,17792,40,0,11,1,627,0,3,0,3,0,0,0,0,0,0,2,0,0,1,9,91,1,7,762,0,0,0,5,0,308,0,1,1,0,2508,0,1,0,0,0,0,11,0,0,0,0,0,0,7,0,10,0,0,0,0,0,0,17,0,169,0,0,0,2,3,0,16,45,16,0,4,21,0,0,0,7,0,0,0,41,0,7,0,4,0,0,5923,0,11,0,0,0,1,2348,6952,0,0,0,326,0,0,0,62,0,0,0,0,3,0,0,0,18,206,0,0,12,1,14,4039,511,0,0,221,13,0,0,12,0,65,1,0,0,0,1176,23136,1,0,0,1,0,0,0,0,0,2,0,53,0,53122,0,1,0,0,0,0,0,0,228,121,496,94,0,75,32,0,0,940,0,0,935,5,0,0,8,1658,3529,0,0,0,0,0,3,23,259,23541,0,0,0,6,253,0,0,0,0,0,0,0,0,0,0,0,252,65,0,0,0,0,0,0,0,0,9,0,0,1,0,0,0,2,0,0,1,15,0,0,0,0,0,2,0,52,18,1,26465,108,0,16,7306,0,0,0,0,40,0,1,2980,11,1,1,1,0,3,0,0,57,7,0,0,795,0,0,0,0,0,0,0,0,3,6158,199,0,0,0,3954,0,801,0,0,27692,8,1,0,0,2572,0,0,0,0,39,0,0,1,0,0,0,0,6,0,0,0,0,36,2,0,0,0,3031,0,1,0,394,0,10,0,1,2,0,0,0,0,22,1,5663,147,0,0,0,0,0,0,62,0,0,111,0,0,2,5,1,0,0,0,0,0,1557,0,0,0,6776,0,1,2,0,51,0,0,5,0,1,39,79,10,0,15,0,0,16,5,0,120,0,8,0,593,0,0,504,0,0,0,51,47189,0,0,27,0,17,25,0,0,0,0,0,0,647,0,0,1,518,0,2,162,0,0,0,0,0,1058,0,0,0,15,1447,259,0,646,0,14,0,0,19,0,15,0,1924,0,0,362,0,39,0,0,0,1,0,2087,0,0,1,0,52,0,0,0,4,0,1,0,3,3,0,0,10,25435,131,1,0,0,0,6,228,0,0,0,0,0,6,0,0,0,32,0,163,0,0,19,0,4,187,0,0,14,2772,0,0,0,0,0,0,0,0,0,0,0,0,0,0,0,0,48,35,27,0,0,1,0,5,0,0,14,2,0,0,0,0,0,5,0,1,28,0,0,0,2117,0,8,896,0,0,96,288,0,0,0,0,0,3789,26,0,0,0,0,11,0,0,35,0,0,6,0,149,0,10,0,0,0,0,0,0,214,30,0,3,53,2,223,2,0,0,26,0,14,0,95,0,1,0,4,3,0,0,0,3,0,9815,1,0,0,0,4,0,0,25,0,163,2059,5867,1236,0,0,0,6,0,485,692,8463,0,3,149,11907,0,0,0,0,0,0,1,0,1,0,5387,24278,0,1560,0,0,0,12,0,0,0,0,11,0,4,0,1,0,0,0,0,0,0,0,1,10,0,0,1,0,104,91,2004,0,374,0,0,11,339,535,9,0,206,0,836,0,0,0,195,0,28,0,0,55,0,120,712,0,0,4,114,28,12244,0,4857,4,1,0,225,570,0,23,47,0,1,2083,4,0,0,53,12479,0,0,0,0,0,0,0,0,0,0,19,8,501,0,2,0,0,174785,0,0,5879,0,369,0,15,0,0,2,0,0,0,6,0,149,0,0,1,0,0,0,0,0,2,0,6594,0,0,297,9,333,0,0,0,1,5,0,52,14,0,0,0,0,249,1,0,0,0,0,0,0,0,2913,3,0,39,0,12261,101,0,0,0,2,0,0,0,0,0,2,10,0,204,22,1217,0,2,13,0,40,0,0,0,2,354,0,5,22,0,2,107,0,0,0,1,2,0,97,0,1026,0,0,0,0,5,0,0,9,1,0,54,0,1,0,0,0,5,0,0,0,0,0,1,641,5,16768,0,0,1,0,387,8420,0,0,0,6,0,0,0,7785,0,0,0,1,0,0,1671,0,49,2366,99,0,19,139,0,0,0,1,0,0,0,0,0,0,0,0,2855,0,0,0,9458,31,0,0,0,0,22,0,3,0,16,4,3,19,0,54,0,0,3009,0,0,0,55510,155,0,0,0,34,0,0,831,0,0,0,205,15,0,0,0,1046,20,0,0,1,0,0,84,0,0,0,294,0,0,0,686,0,29,0,0,8009,1,0,3,0,1,0,818,3,1397,49,887,2283,51,0,0,0,0,1,0,0,0,1,0,1,0,0,0,0,0,0,0,212,0,0,0,346,0,0,692,7083,0,1,89,0,1,0,0,295,3,0,0,11872,0,455,11,0,53,15,10951,0,0,0,0,4,103,0,1116,208,26,0,31,0,0,0,0,0,24,21,0,1105,0,0,0,151,0,0,28,8,0,0,1,1,318,115761,3580,0,0,0,424,98,0,1,0,0,0,271,175,23445,0,50,41,5,0,0,0,0,4,278,3,2,3,6,1,3,107,82,1,0,0,0,314,2,0,20,0,0,0,17,2,5,86,0,0,0,0,0,0,1428,1317,0,8,12,6,0,0,0,18451,0,0,0,1,13,10,2,0,0,0,4876,0,0,516,0,0,11,0,4,0,0,0,0,8765,0,0,7,0,0,0,0,0,0,3,0,113,0,0,0,0,0,77,0,426,1,79,3,0,9,0,3,458,0,5242,1,0,0,11,2,0,2,0,18,0,80,0,7028,1620,0,0,10,0,2,0,13,0,786,0,208,5599,0,0,0,1039,0,0,3,0,0,2,1,0,1,2,14,0,5120,3,0,0,0,0,0,3,0,0,0,0,0,33,6,0,0,0,105,0,0,3094,0,73,1,0,3,0,0,0,1,0,3,1,12,1971,5,0,0,0,1598,14209,2470,2349,0,692,1,1,0,292,36,0,0,0,568,25342,1895,0,0,0,45,0,8,0,0,4612,0,23,0,0,0,0,0,90,514,0,4606,2,4,3,0,3,0,0,0,2445,1,0,0,0,7,2,0,1706,23,0,0,0,0,69,0,94,0,0,0,0,14,106,2,126,21,0,0,2,0,1,77,0,0,0,399,0,0,0,0,0,0,0,0,73855,0,0,22,98,0,1065,3,6,0,0,2463,0,0,125,0,0,0,0,0,1,623,0,7,0,80,0,8,48,0,1,0,1,30,3,0,1,5,0,0,1452,0,7,1703,0,0,0,0,0,0,8,0,15,112,0,0,0,0,0,0,0,0,0,598,0,0,0,0,0,0,352,0,0,21,0,0,8527,1,0,0,0,3,122,0,4,183,0,4,0,0,0,0,0,5406,4,0,8460,2,0,0,100,0,0,11871,102,0,26,4,1,4901,1,547,21,13,0,0,0,0,0,16142,0,0,12846,10,32,229,27,0,0,0,0,0,0,7,4,0,5,0,0,0,0,0,153,2,0,0,0,124,12,0,0,0,4844,0,6,0,0,6,0,0,4514,0,0,0,0,0,0,0,0,0,0,0,0,57406,0,0,0,0,0,0,0,2632,0,0,0,8,0,87,2,302,6,0,0,0,1788,297,0,7,0,0,5,2,0,1,0,0,0,0,0,0,64,0,0,0,0,4,5007,0,0,0,0,10,0,0,0,0,99,1288,4389,0,0,2361,0,0,188,81,0,0,0,0,0,0,5,0,1,46,11,1,0,183,0,0,110,0,45,0,340,283,447,3,0,2,0,0,39,13,244,0,41,0,0,0,344,0,1,41,0,0,0,26,270,893,0,217,0,42,1263,0,0,3,0,0,0,0,602,0,0,0,7098,9,0,86,0,1,0,0,2,1,22,0,0,0,0,0,10,0,142,0,366,185,1617,0,0,0,0,0,0,1,0,0,102,19,0,5,0,282,0,11,0,0,1,0,0,0,0,0,0,3,0,0,0,865,0,0,0,246,0,0,0,0,0,0,0,0,470,0,2264,0,0,0,0,0,0,0,15881,395,106,7,0,1,3,0,0,4,2617,2,0,1817,10857,1925,0,0,0,38,5,0,0,27,330,3,0,0,2,0,0,1,0,0,0,0,54332,0,0,0,0,49,0,0,10,0,0,0,0,11,4279,0,0,9,0,8,0,0,31,0,0,13858,109,0,31,0,0,0,1,0,0,0,0,0,11,3,0,0,0,0,0,114,0,0,0,0,0,0,43,7179,2,0,0,223,0,0,6676,0,0,1,0,0,585,3,16,0,0,0,492,773,3075,0,6,0,0,0,343,0,0,79,0,5,0,3,0,624,2,849,971,4,0,11,0,0,0,0,0,0,0,241,3,0,0,0,2,0,0,0,0,0,0,1,0,29,0,0,0,0,63,2,0,0,0,0,0,0,7,0,157,8,0,315,1,298,0,0,10746,3,4598,0,0,6373,0,0,0,0,7087,0,5276,0,0,0,0,0,0,0,18,0,0,3,1,0,9,669,0,0,0,0,5728,18,0,0,0,43,0,0,0,6,0,56,0,0,0,123,0,819,0,2,0,0,15,40,0,0,0,120,0,0,0,0,0,0,1,58,0,71,3753,0,0,0,0,13,0,0,0,14,8,0,0,0,1659,291,0,10,0,24,0,0,38,0,0,0,0,315,0,0,1420,0,0,0,0,0,0,1,0,0,1,77,1587,11,0,19,202,60,7,318,126,0,55,0,0,0,2,1,0,163,0,0,9588,1,0,0,5,0,51,60,0,0,0,2,0,14,15,22,10,3191,0,0,0,0,814,0,0,0,0,3165,1,0,0,0,0,0,3,22,3,248,0,0,0,9,0,0,0,0,1,0,0,359,0,0,0,2,0,0,44,0,104,1,0,0,0,0,1,11976,0,766,0,0,5,27,0,48,349,0,0,50,0,27,0,1,0,0,292,0,0,0,2,14,13,739,1,0,0,0,0,33397,0,27,101,290,0,0,184,1384,26,3,0,7,0,612,1,0,0,2,1,0,0,10,1,2768,0,12,0,0,0,0,0,0,0,1,0,7,0,0,0,19,1,0,1,0,0,585,0,1,456,2017,0,0,0,0,0,161,9,0,0,1,2,0,0,0,5,0,4809,1,0,3952,226,0,0,3477,0,0,14,107,0,2,4,426,0,0,0,0,0,7470,46,0,0,2967,3,11316,0,0,0,0,0,0,4924,10,0,1,180,0,0,34,4,0,0,0,13,0,0,0,0,18,0,5,2,1195,0,0,0,1351,3164,0,0,11,240,0,418,0,0,0,0,1,1,8,0,0,3,0,0,0,0,6,0,17,0,67,0,19,2,199,0,6,0,88,0,0,0,0,0,0,0,81,0,3,2,0,0,0,60,7,0,5509,22,7,0,23,0,170,0,0,0,0,17281,52,0,0,2,0,34,18,0,0,74,10,0,0,0,0,0,0,390,0,11,18,0,0,98,0,0,0,0,0,0,837,0,0,13237,0,265,0,8014,0,2,266,0,0,0,0,14,0,0,2,6,35,0,145,0,0,0,299,55625,291,0,0,0,0,2,0,0,0,6,0,0,0,0,0,0,0,0,2,6,0,0,1,3,0,3,55315,11964,0,4,100,8,0,0,0,0,0,289,209,27234,0,153,0,19,91,1,0,0,0,4024,0,23,15,0,45,0,0,0,543,2210,22564,17,0,14,1,0,15,65,0,0,50,56,0,86,0,0,0,0,0,0,0,9,0,46,0,0,13,1,0,0,3740,1,0,0,0,0,27,5,158,11,0,32,0,258,0,0,0,0,0,0,2687,508,47,566,53,0,0,0,0,4,520,75,0,3256,0,0,0,12,4,36,0,0,0,0,0,0,0,0,83,0,0,143,0,0,22,2,0,0,17,0,0,0,3,0,3742,7,0,633,0,0,0,28889,0,7,136,12,0,122,23309,0,0,0,0,0,53,5,0,77,0,0,0,0,1,3,45,631,13,20,3,130267,1,219,0,0,5,4,24,0,1,0,1,0,35881,1,9,226,29,0,1,0,0,85,2,0,0,1774,0,0,1,0,1,0,0,0,0,0,1,0,2,0,0,2,0,144,16,0,0,0,0,27,0,375,0,99,20,1,0,0,0,13,0,2,3,0,0,49,0,0,0,0,3573,35,12230,0,143,0,0,0,0,0,0,0,193,0,255,68,22,110,116,142,0,0,1722,0,2,1035,0,2648,0,0,0,0,0,0,2,0,0,20,0,0,0,2290,55,2,0,0,0,12213,0,0,644,0,89,126,0,184,0,0,0,23,1,0,1,0,0,0,425,0,0,1,737,1,4,0,0,0,0,0,0,0,8,0,33,0,0,0,0,0,0,79,243,434,0,5,0,0,0,0,0,0,19,24,0,0,0,1288,0,171,1344,0,0,98,340,0,0,6,0,14,22,0,0,0,4,4196,6864,0,398,0,429,0,17,0,16,28,109,0,9,14582,1,0,0,175,2,8,0,2,2,2702,3,196,0,0,400,329,0,0,145,3,0,0,1,0,0,1,97,0,0,2,45,0,0,0,4,6,8,248,0,133,0,38,0,48586,0,2,0,0,0,0,88,44,0,0,11,8,0,0,244,0,3,0,0,0,0,0,32719,0,1,3,363,134,8,6,152,0,0,0,0,737,0,0,16,0,4,0,114,1,2344,85,976,0,5,0,0,2,5,0,8057,995,22,0,0,1,0,2,76,5,0,0,0,23,0,0,66,0,2,0,0,404,0,0,0,49,1498,0,2,58,0,0,0,13,0,0,0,25,0,3,2,1,10,162,0,0,0,42,0,0,0,78,0,0,0,0,0,11,6,1,0,79,0,2,0,1,1,0,0,0,265,0,177,20,60,0,0,7083,0,0,64,1198,0,0,1036,3623,11,17,0,0,1,0,242,0,9,0,0,0,39,0,19,116,0,0,0,0,0,0,1,14919,0,0,0,5,1,3822,6679,0,0,2700,0,25,7,76,4,0,3,7,0,0,1,4,0,5,5712,0,0,23,2,0,0,3,9,0,0,0,0,0,1,0,0,36,0,0,66,156,0,6,1,40,4298,0,480,0,0,0,0,0,0,1745,0,0,9,13,0,0,0,0,4,211,0,1465,1169,0,14,0,0,0,3,1755,39,2,1,0,52,674,0,0,0,0,26,687,0,2,0,208,14,56,2,3,0,40,12,3,0,218,2,46458,11629,55,0,555,3,0,0,0,7680,4176,0,0,4,0,500,1438,489,105,0,0,0,1,0,0,0,0,0,2,0,0,0,95,0,0,5,0,4,0,1,0,0,0,0,21,0,0,108,4,0,90,0,0,1,5,2,0,2553,0,2,0,247,0,1250,0,0,44,31,1,72,48,8,0,0,0,389,0,0,0,0,103,0,0,0,1,40,0,7,70,176,0,5,0,1,10,0,49,0,684,0,19,16,314,84,0,0,124,0,0,0,0,5,0,0,0,3048,85,0,0,111280,0,1,0,0,0,0,0,0,1,0,0,0,3,0,0,2323,0,3,0,23,0,0,329,0,0,9,0,0,18,0,34568,0,3,0,0,0,2,75,0,58202,0,0,6038,0,424,4,0,289,338,0,14,1551,0,0,0,1,50,74,1,0,3,0,0,0,0,0,5,0,2,0,0,1,11,0,0,12,34,0,0,0,0,0,0,3137,0,13578,4,40,777,11,708,2,0,9,0,1,0,0,18,0,13,0,0,1,1,6,0,0,0,45,0,19,0,0,8,20,0,0,11688,1,1,3378,18,0,0,0,0,0,0,8,0,11852,0,0,1,4,0,0,0,131,0,0,171,1,0,2576,0,14,0,0,1,0,29,0,0,0,11685,0,0,150,0,19,1993,0,3423,0,1,0,67,80,0,33,0,0,0,0,0,21,0,2302,21,0,0,1,115,0,0,33,324,0,0,0,1279,0,0,921,0,0,0,0,0,10,0,0,0,0,0,180,0,0,0,0,232,23,0,0,1,0,0,0,0,0,15075,0,1,0,1339,2211,0,15193,0,0,14,0,0,0,7,0,11,0,0,58,0,0,8742,438,237,0,1841,0,45,0,0,1582,0,0,1,0,0,12,0,0,121,212,0,5,0,0,0,0,1,28,7391,0,0,0,0,0,1460,69,1,24,0,726,0,0,3,0,0,339,74,0,52948,7,0,2746,0,0,0,1,0,0,231,8,0,0,0,0,0,28,76,199,7,0,1,2,0,0,75,0,0,0,0,0,190,603,0,0,0,40,0,4,332,0,0,0,0,1405,0,1125,2,8,0,0,222,1670,17,0,116,0,97,101,2199,0,0,0,0,20,8,588,3,0,0,0,0,977,0,0,0,0,361,0,0,517,177,13,0,0,0,0,0,1382,3,17,0,0,65,1,0,515,6,8,0,0,139,0,0,1,0,0,0,0,10080,0,0,0,0,0,2,0,2,0,5,15,88,0,0,2,0,28,472,0,0,31969,0,1,0,0,1046,19,0,4347,1,13,0,0,0,0,0,0,0,221,13,0,151,0,0,0,0,0,0,0,0,0,0,0,0,6,0,0,9,0,0,217,0,0,0,2,0,0,0,30,0,6,0,0,0,0,5,0,20,199,0,0,0,2,0,20,0,0,0,1,75398,0,22,0,3,0,2,0,1,0,1785,54,0,0,26,0,0,1,0,0,0,0,0,0,0,381,128,145,1,0,0,0,0,1763,469,0,7955,0,0,3,820,0,2,1,0,0,0,0,0,0,0,102,0,648,0,0,53,0,0,0,0,122,59693,0,4,0,233,0,0,0,0,10370,16490,8565,2356,0,0,0,121,0,7,194,330,0,0,0,0,0,3,0,1147,44,0,0,0,52441,0,0,7,0,0,0,23,1,1,0,67,0,1306,45,0,0,20,728,27,1,5,0,0,156,0,0,0,0,0,4,1379,530,3,0,0,0,0,91,1,5,1,0,56,756,0,26,0,0,0,155,0,0,467,0,0,0,4,0,0,0,174,0,0,12,474,5,0,0,0,1,0,0,0,0,55,612,94,4,4875,1192,0,0,0,0,5,0,0,0,0,62,110,0,12,0,0,0,0,3414,0,13,14,14062,2,0,0,0,0,0,0,106,0,0,0,1,0,0,0,0,0,0,0,0,1524,7,0,294,0,2,36,6,0,0,0,0,26,0,4,9708,0,0,0,4057,108,0,3530,0,0,1949,0,9,35,240,0,0,0,3,0,0,0,0,102,2,0,0,0,0,358,0,2111,5,0,0,0,0,20,565,1957,0,0,368,639,0,4,6,0,19,589,31,0,32,620,10,0,40,120,0,522,2049,72,3493,0,469,258,248,0,36,1,77,103,430,0,0,0,0,108,0,0,35,0,0,0,0,1,0,29,0,2,2441,0,0,7,2,50,1,2,0,0,309,131,1,7,0,0,3,11,0,0,598,2,0,0,0,1470,598,0,0,0,0,0,261,8006,0,5853,41,0,98,0,69,50,0,38,5,2,1444,11,0,72,0,0,8,0,61,0,0,0,0,430,0,0,0,7,183,0,0,0,0,0,5,322,2,0,2,7,0,0,0,138,0,1,147,7,182,44,3,0,0,0,1099,1,3,1,0,0,180,2,0,0,1096,4,0,0,1223,0,0,0,1,164,3,0,0,4965,0,0,5,0,2254,0,14833,5,1,4,0,0,23840,0,0,0,0,0,0,184,901,0,7,1,3,0,0,0,0,21,182,0,8892,0,0,0,0,20,96,0,7,0,17,24,0,0,2070,62,1,0,0,1,0,0,0,0,0,0,0,0,7,0,10,70,0,0,1,2,4,0,0,661,30,1,1,35,0,0,1,1,113,0,54805,0,0,6,6,1,1,0,505,0,0,0,27,9,0,1641,6964,24,0,0,71,0,119,939,0,0,0,233,0,6111,0,25780,1,119,0,0,5,0,1,0,15,0,370,275,0,0,1,12,1,0,0,0,0,0,0,0,0,16,0,0,0,0,0,0,9,0,0,0,0,42,0,0,0,0,0,0,0,0,1,0,18,0,20,9714,120,1,5,0,41130,1,2,0,17,81,0,0,0,10,0,72,0,47656,401,71,0,3277,0,125,0,0,0,0,9,682,0,0,0,1591,0,0,0,19694,0,45670,0,1,0,64088,0,14,1,11,15,0,168,3,19176,0,0,0,514,13,731,2,22,81,0,42,0,0,0,752,579,0,22,17264,1110,648,71730,2960,3,1,28,0,372,0,722,0,7424,60,0,0,0,183,0,4,2,0,0,0,0,218,0,3,0,0,15324,0,0,10,68,0,0,0,14,0,10,0,9,4,0,154,1,1,0,0,0,38,0,4,0,0,0,0,11671,4267,1,0,5,0,12022,0,0,0,2943,0,0,3473,7,0,0,3,4,14882,22,0,16,218382,0,0,0,0,0,5,0,7884,0,0,37,2,0,0,360,0,69,0,0,1,0,0,0,0,0,1269,0,459,1,19857,0,0,0,127926,0,0,0,0,0,787,3,0,0,1,719,5477,0,3,0,2,0,0,559,53,7,0,0,5,45,758,2872,4479,0,0,0,0,0,0,0,9,5,0,2259,0,0,0,28782,1,7440,1530,0,0,0,1,0,442,67,77,0,0,0,0,0,37,0,180,6,0,1781,330,0,0,0,226,0,19818,0,0,0,34,15,0,3,1,20476,13899,6,13,904,0,0,0,0,0,40,3984,0,89116,191,106,0,0,0,77,0,750,2374,1500,8,76,3146,0,395,0,0,105,0,0,0,0,0,0,0,0,424,0,0,0,16843,2,0,0,36,265,0,0,0,0,0,0,0,5551,1984,4,365,0,0,577,3,6,0,0,0,0,638,0,0,32393,40665,28996,0,191,0,49,0,0,8,0,8,0,0,3724,0,0,0,1,0,0,2,0,2,465,0,0,134,22,0,19,185,179,0,16082,14,0,590973,3,5,0,0,0,1,1,0,11,24,465,83595,261,507,29,1,1,0,0,0,0,0,0,65,340176,31,0,0,54,0,154,1492,0,0,0,0,0,10,0,20736,0,0,0,2,70157,0,1,0,0,0,0,1,0,0,0,155,118,0,0,985,1,0,0,0,17528,0,0,19,0,25,0,0,8,0,0,0,7,0,32,0,7145,397,50,427,2,0,18839,0,505,0,0,107,0,0,1,0,0,542,0,0,4,4,1,0,549,0,0,0,1493,0,0,0,0,7,56001,0,0,1,8,0,1,0,24152,0,11,2479,31,0,0,0,0,0,0,300,18,270710,0,0,727,78,18,32,0,0,0,4014,0,0,0,32216,0,0,0,0,0,2,0,0,0,0,0,16909,39,0,0,25,0,0,0,158,2702,0,0,1477,11406,10502,0,0,3,0,0,16,0,0,0,1392,0,1284,0,0,0,11683,0,2459,0,246,0,0,0,0,0,0,1400,1,0,36696,2316,32,28,39,0,0,120,2587,0,0,2,0,0,0,0,2,0,68549,0,0,2,0,0,0,0,12,0,0,55559,0,0,4,0,47,0,12,161,104955,0,0,1,0,0,15448,0,14,0,0,290,0,1,0,0,0,0,985,6078,140,6,2,2,0,0,0,0,0,0,0,0,2,1482,0,0,0,1,0,786,2,1,380,0,0,0,26888,0,0,0,0,19,89701,359334,0,12,0,1,0,0,11,0,47560,0,1,1,1120,0,0,0,0,0,0,0,0,0,0,0,1,0,0,0,12,25,40,0,5642,0,272,0,0,0,2858,0,0,39,1236,0,277,0,8045,0,0,283,0,64,0,0,0,1,3,526,0,9,0,0,0,23,0,253,0,35198,1,0,30,0,1,0,0,2,0,17,24,1,0,169,0,66,0,0,26,15339,19969,515,5,0,3,0,0,17,72,0,0,1,4,0,2668,0,0,0,0,36384,0,226,9,0,1,1,0,0,8,4,0,3956,0,0,12,11266,0,11,4,5,0,125,48,30,0,50,966,19,0,0,0,0,0,5,0,1,476,0,3,6,0,0,0,0,0,0,1,0,18,9514,0,0,2,0,189,79,0,0,20175,0,0,40,8,0,0,0,1,157,4,0,4,0,0,11680,0,33417,0,319,342,0,53,870,0,161011,13097,0,0,0,0,0,0,0,14337,0,4,0,0,8887,0,16096,0,16,0,0,415,169,0,7,0,24,12,34,5,1,28078,573,0,99,0,1238,248,41,0,0,0,29650,0,0,0,0,0,197,767,0,3,26,0,0,0,0,0,0,0,0,0,0,2,0,0,0,0,0,0,0,59,0,0,526,32,297,0,10,0,2885,0,0,0,0,0,14,4,0,22,20,0,50,0,31,0,0,15,0,0,0,0,2,37,0,0,93823,0,0,312361,0,0,74,0,0,0,0,0,15528,18,303,3,0,1,0,7,27,0,18,0,0,0,0,0,0,0,1,52,1,127,9119,0,4,0,0,300,0,0,1,0,16,2444,9384,0,23,2,0,938,0,12,0,12,12,6,6,0,7,21,2,0,1,2,9,0,0,0,0,0,2520,0,25,0,0,0,0,77,798,3,3,0,20,0,8,0,6,0,35,0,74,81,0,0,0,0,0,0,2880,22,0,57951,2,0,115,13,0,0,0,0,208,0,0,0,168,0,106,1,0,1184,0,162,0,0,0,61266,707,0,0,0,0,28,100,773,0,2,0,2052,0,246,315,0,0,0,282,568,0,1,0,41,1,0,10,0,0,0,0,58,2589,88,0,197,45,0,0,1,73,0,0,0,863,4838,0,0,0,375,0,0,0,25766,0,1,0,86362,0,0,0,6518,0,0,57080,0,11,0,0,10,34826,0,1,0,268,0,83061,0,0,1,0,0,20,0,0,0,0,0,57,3073,0,0,3,1146,55,0,3475,0,13866,0,0,0,0,0,0,0,194,0,1,7810,32,0,0,90,0,0,1153,0,4,676,0,0,0,0,259,196511,0,219,0,0,1,11673,0,0,0,194,23,0,0,0,189,0,3,1,556,0,0,308,0,0,1,0,0,0,49822,0,2651,0,0,0,363540,0,0,0,0,0,1,0,0,11702,21,1,0,0,0,1,3652,0,0,94686,0,0,2,0,1,64,0,0,0,1,1074,0,35,0,118,0,0,0,1810,467,6567,1466,18,0,520,38,0,0,0,0,4,0,49840,23,1,25124,4892,411,10,0,1777,0,0,138,0,24967,0,285,191,0,20,213816,0,0,243,0,0,3,0,15,0,1,0,0,1,0,1169,0,0,10,4443,1088,0,0,0,0,15,408,0,0,0,0,120,0,0,0,5,6357,0,0,0,0,104,0,0,5,0,13,0,0,0,2329,0,7,16,82,771,1,2,0,0,3666,0,0,0,2,0,0,24748,0,0,0,0,0,31,0,1,0,61,0,0,0,0,3,28,63661,116,1,0,0,0,0,0,0,5386,1,1300,78732,0,12,0,0,0,31,524,7,0,1,167,0,0,0,2,0,50,0,1499,0,0,2029,54,0,981,0,242,0,4,34106,0,80330,10,0,0,0,1,9991,4,0,0,0,0,1,0,60,53,11,612,0,1,1,2,12022,85,282028,0,0,71,0,0,0,0,3,0,3,58,0,130,0,0,11,0,3,3706,0,136,1158,181,4,0,16,0,0,90,0,0,0,0,0,0,66212,37,186,0,0,5275,0,370363,0,12,0,0,2,0,913,0,0,3,3,0,0,1,2,0,69656,0,0,0,27,282,3,1,2322,0,0,0,2,5300,0,0,22,0,0,6,0,0,0,6,0,163,17,27709,0,0,0,15,1551,13,8,0,0,53,21,0,1,0,0,0,15,86,0,2,640,0,0,0,0,112,88953,0,0,61,400,12,14,0,66866,452,0,0,204101,0,0,1966,0,0,0,2722,0,0,0,0,0,24,12,3643,27573,0,0,15,41610,30,1804,0,0,0,168,1,0,0,0,26695,0,0,0,3,0,27,0,0,2,1,0,221,2403,213,0,0,0,0,20133,0,0,75,83,99,0,292,0,0,0,0,1,0,0,177,106,0,0,140,0,119600,0,0,0,82,135,0,0,0,0,0,1,801,0,0,0,0,0,53,0,182136,3754,1,0,236,275,140,0,0,0,4908,0,1986,0,112,11,8,7,0,0,0,0,0,4,0,3579,0,6,1,60,0,0,0,158,0,2934,1196,1870,110,0,32212,0,41,102,0,6,0,7,0,21,0,229,0,0,21,1,1846,22738,0,0,0,1,0,6,0,111,0,0,399,0,1,0,0,9,0,47,2,0,27,2,865,2,79,573,3029,0,15,0,0,1386,0,0,0,0,70,0,0,16005,0,39,0,20348,13,1508,29,0,4620,0,0,0,0,119,86817,0,222,16,0,82,32,999,0,0,0,12010,0,0,0,777,65,0,8,283886,0,0,0,2,0,233,3,0,2513,2,0,0,0,13588,0,0,11,0,74457,0,53,0,0,10,0,0,5,0,3,28,14,0,0,0,0,11,0,0,0,96,0,13,7828,3,0,0,8,155186,17125,0,0,0,2,0,1,18,14,42261,0,0,0,0,0,0,1,1,9221,365,36295,0,0,0,33192,0,0,0,1,53348,0,0,47,0,0,0,0,0,12,0,0,1270,0,3,0,0,1195,0,0,0,0,282644,0,39,0,2616,0,81,49514,0,1,0,0,9,11,340,0,0,5,0,0,0,3,4,0,1114,3,0,6,0,0,94,0,5626,0,0,103,0,0,1,50,1,0,372,0,0,0,0,178,0,28,0,0,0,0,959,42,0,0,26,0,142,674,1,0,0,44,0,1516,10,22527,197,0,24,3267,18,0,0,89,0,0,25,0,0,0,0,37,0,0
0,354,1,0,24,0,1,95,5871,0,0,355,0,0,272,2,3,9,0,31,148,1403,516,1,0,5,0,817,0,32,95,13,47,10,725,6,0,6,0,0,36,1,6,65,177,25,11,0,3,0,26,1708,146,287,150,0,5,42,0,16,107,131,61,4167,0,0,0,1,467,12,0,2932,73,50,0,28,0,2,15,0,0,0,452,123,1682,0,8,44,41,0,373,0,48,1,0,2,0,0,0,612,2,8,0,0,338,747,0,8,56,0,15,50,1245,798,0,6546,583,27,0,144,38,67,4036,197,5845,1,1871,4,1091,468,0,1,2,0,2,16,0,0,1,0,6011,0,0,8110,7437,71,23,0,5,21,19,43,2,0,5715,3,0,0,1209,0,42,0,2,12,9,2,13,243,0,14809,0,0,648,151,112,1594,35,64,308,1033,0,18,2,3,0,28,1533,132,0,21,21,83,3,0,4,0,0,698,12,121,7,88,560,203,445,0,281,0,6,70375,21,2,0,0,129,0,14,123,19,1,56,5,1,0,49,174,70,58,0,0,116,2,0,3234,75,7,13,1,1392,22,0,394,79,19,3,0,1768,9,17,0,0,1,1,120,20,132,14100,0,1857,170,4,1,59,4,3101,73,463,0,0,22,1,9,1486,22,81,288,22,0,0,12,2,8,3,16,233,3,6,0,2,584,353,1,502,87,16,410,381,1,53,2,19,160,522,0,23,634,402,52,95,49,1014,65,0,0,7,0,0,22,39,0,1,2260,4006,114,4,170,298,0,2720,1225,0,0,4,158,332,0,12,1923,64,10,0,0,2,1923,136,69,0,0,11,0,126,99,2238,0,42,186,779,369,67,0,6305,30,0,75,1016,809,1,6,183,339,5078,69,20,2216,6170,0,45,18,430,381,3,7,12,0,9,66,0,3,0,56,459,0,0,9,539,3,0,107,23,29,58,0,0,12,12,3,227,5388,350,73,73,1,0,0,0,353,0,6,8,2,0,26,5,112,1092,411,160,85,721,0,8,0,28027,642,4,1,0,6,0,291,177,0,0,1,1146,0,0,0,9,19,498,1,0,0,4693,0,19,51,0,17,367,2168,1,0,3,21,60,31598,78,603,150,865,201,0,6,4773,0,753,1,1,6,60,0,0,74,0,909,0,7,1,21,2,0,8,24,7,856,0,227,0,78,0,16,100,3,13,0,14,0,0,0,4,1,392,0,122,0,635,1,1,21,0,665,5472,0,0,0,0,84,68,0,16,2542,5740,0,0,0,6337,0,1,679,64,0,6826,1,38,0,2,48,97,0,29,61,600,227,7642,384,0,0,1,0,65,51,2,1330,87,4,584,601,5,137,26,22,1,0,0,112,7,61,35,0,31,324,33,2,378,1,82,548,429,7,0,276,2,0,11,0,0,0,387,261,3874,0,0,0,223,0,283,14,97,5,1,26,0,289,2227,1,0,42,824,0,0,22,121,4973,2319,1,0,311,0,18,346,0,0,10,665,14,592,5,1,0,120,147,7,9,20,3135,10,1141,568,0,0,28,1,56,5,0,120,2657,437,0,0,7601,12,212,424,0,93,7,6,2343,998,0,1,0,270,4,0,7239,1,0,6,0,0,0,0,29,2,185,363,2,8,4,116,0,0,0,57,0,0,164,26,0,0,0,0,1005,1157,17,21,0,44,509,0,0,0,48,135,0,186,0,0,0,16,7,51,2,27,197,7,1,35,0,5908,668,0,0,23,27,0,0,438,1,7,0,1,28877,0,54,0,903,0,0,135,1,1060,1117,312,39777,12,0,1224,88,6,14,2,593,7,44,0,1,0,164,3,57,101,169,1,0,2278,50,470,0,134,0,0,181,14,0,0,181,27,1,69,13,8,3,927,1813,0,573,557,4,0,10,1432,0,37,78,1,53,0,0,0,2,169,154,0,3,60,548,371,137,0,2,3068,32,0,8,31,48,877,3,1406,12,69,23252,26,55,0,0,1053,30,0,83,1054,123,202,82,16,52,10,392,0,3300,627,96,2799,0,0,9,0,2,2,1,247,3,356,16,0,0,59,13,15,2,1,120,0,11,118,0,5,47,2,0,5230,0,4873,4,129,77,1112,357,1,2,362,19,255,125,0,0,219,51,0,64,0,41,11,303,0,3,0,68,394,231,5,935,153,51,19,0,0,0,14,0,957,9,0,2,19,1,1,3,189,43,0,69,15407,8,14,0,279,0,4,1223,1,101,20,1162,9,81,9,0,14,32,53,9,3,50,221,23,0,1,16,72,3,0,0,0,1,136,29,200,3,7,215,0,0,0,53,89,0,0,13,107,0,0,78,0,28,354,4739,2222,0,0,395,959,415,2,0,2062,2,996,0,0,411,2,0,39,2,1263,0,29,0,23136,0,32,192,54,0,0,58,2046,0,0,2302,1020,0,1651,1,6,10,2752,0,1734,0,25,6,534,179,17,0,1,5,5,143,3990,1472,2,183,0,0,3814,2,2,0,1864,62,2,1818,124,2,1,2147,92,0,44,265,1708,1,273,96,225,0,0,1469,19,0,2,14,127,4154,0,6,0,5,288,0,611,108,0,0,630,0,19,226,80,23,95,2,76072,139,322,897,593,0,6,5,5465,3,120,0,0,0,540,10,0,102,4583,1,109,189,278,0,7,1905,10,135,0,0,0,0,64,13,4,0,2958,1875,10165,178,0,16,81,0,11,24,68,0,166,1703,149,0,26,2,526,0,0,721,0,0,6,86,1162,81,0,15,0,3544,0,1,37,0,648,2,183,0,1425,27,435,182,144,58,243,13,0,0,0,0,3389,720,2,0,599,4,0,1,5,5405,2253,147,59,574,1,24,76,50,50,0,0,5,776,45,61,809,19,0,8,0,3,45,0,7,652,0,2138,0,408,0,0,313,144,0,94,1857,0,0,0,5,4,191,4959,0,1314,6089,9476,0,978,2,4,0,0,5,0,3,21,33,0,13,125,0,709,0,96,1,7,71,12,0,2266,1111,0,20,114,10,12,0,6,2360,745,56,191,206,27762,0,220,488,725,3,39,1349,0,138,50,45292,5733,238,70,626,17,0,8,5,0,3,66,14,19,9,708,5,0,363,42,0,215,5,0,132,0,24,365,678,543,60,81,0,216,0,109,0,213,24,9,0,526,285,12,69,23,38,0,3,0,0,18,1759,29,0,218,243,0,7,2,12,0,0,1,18,1,2051,8,0,0,1,67,1,0,2,26,0,213,0,0,7,3,83,0,0,1,0,96,595,2,0,157,478,6,52,31,5,1,239,2439,0,10,1455,4,6,7,25877,40,0,0,37,0,0,5,3,1,0,0,0,76,246,0,834,25,154,1,14856,0,120,1768,15,151,15,5147,13,0,316,369,3,10,125,52,1598,171,43,1,3,877,23,0,0,11,8,0,2594,3607,1,272,45,0,0,189,0,31,0,829,169,118,107,0,5,20,1182,705,4131,29,160,417,2980,28,147,1327,29,0,6,0,1,0,0,434,0,1,1,0,0,121,11,2,0,4,0,8,467,957,69,49,1623,4,1,885,791,0,81,0,2,0,2,0,0,90,219,31,0,0,486,0,0,1,0,130,140,787,1833,0,0,93,31,30,23,134,1,19,899,24,995,12,0,0,0,3,41,1,0,1,0,370,0,0,0,1496,0,31,0,19,345,2755,341,8,1,0,0,1530,2,32,1,55,0,9,52,0,1525,1,416,8,4,1,3335,136,0,3,1,0,17821,1,33,93,15,0,163,0,0,208,0,115,0,55,8,29,96,7183,951,667,1304,1,0,178,3,9583,1875,2,2,0,0,0,8,1,15,0,421,37,11,0,24,0,94,5,499,339,157,0,25,0,762,12,398,863,0,133,168,3,4,4,2259,5,9,31,101,0,100,0,266,4277,5276,66,4522,0,5184,0,82,0,0,0,0,10,0,21,196,0,0,0,155,0,2956,0,99,36,0,0,0,232,11,0,26,2137,2,340,0,26,3230,0,0,391,3,18246,0,5,0,60,77,0,358,6,6,8,353,20,4,17,0,2,3,0,0,229,0,1,1150,37,0,323,96,631,0,35,0,2230,0,0,1,12,174,33,38,9,0,196,285,6,449,133,1,0,0,35,54,76,0,0,41,229,295,269,0,70,60,88,0,0,0,4,0,0,92,0,2,0,0,6,0,0,28,0,17,87,50,0,0,278,5,725,10292,0,2608,0,0,163,0,51,40,0,49,0,0,5,0,3,324,7,54,45,7377,21,0,0,2,1083,3238,0,0,540,3,992,0,126,2048,3633,6,2296,1824,431,9653,85,47,16490,0,362,0,4,6,0,44,1,0,0,0,12,3068,671,0,1,0,0,0,5,1035,1,0,8,115,2,0,0,124,1,29,0,80,0,40,3,0,0,0,5,0,17,511,0,5,44,2781,180,3518,392,1679,2098,6,5,0,0,0,9,0,95,0,0,6,322,205,71,192,0,28,19,0,0,57617,387,0,0,103,0,0,29,5,0,31,0,27,88,62,131,2297,0,0,48,1,25,3,0,0,33,0,60,0,673,7,0,0,396,912,10,0,1,12,263,2150,3,1,30,0,431,0,39,0,0,3176,188,67,0,16,1,4975,0,0,0,79,43,19,6,5,1195,53,138,5,0,18,2,24,0,13,0,1042,1188,44,1239,17,40,427,0,0,0,0,3,19,284,52,1,13,63,1,17,606,224,0,2997,630,254,2363,0,0,22,4,0,11,0,0,0,420,1692,13,717,112,712,130,732,1333,3,0,0,0,221,206,1,556,13,12,4636,216,394,34,490,304,6185,402,18,9989,3,0,0,0,371,56,528,0,537,1778,0,807,118,0,5,75,8,399,0,0,1244,1639,0,57,118,25,17,0,21,0,1,138,32,3562,3,3,0,13,7,226,0,15,3,1,0,165,86,985,435,1,1,1482,675,0,165,98,3022,53,185,0,332,10,0,24,6,85,4,0,10694,3683,0,1086,190,34,0,24,491,0,3,442,5047,1,99,606,0,0,0,0,1761,114,0,373,2,76,253,1,49,1035,8,27,14,0,113,0,0,0,0,0,1007,1149,12,17,1079,0,14,20,0,1,85,7,1478,0,1,0,0,0,23,564,29,0,642,0,0,0,5357,588,6,2,267,43,0,338,216,142,4,0,1,5,40,327,5,110,1384,0,0,91,45,120,1709,0,0,2436,7265,1143,0,108,0,402,0,1,0,6,0,3,259,2,348,24,7,0,174,112,735,36,6,969,29,41,0,399,608,268,72,1614,0,144,5,19,1,0,175,197,0,42974,90,2,0,2,18,5852,354,111,71,4066,0,169,0,1,12,149,9,41,170,13,18,10,56,2,0,910,0,0,130,22,7,2,1,1043,0,487,0,332,2,0,0,16,0,10,4,5,0,0,0,1389,229,294,45,193,194,0,3401,0,59,263,1,836,0,21,0,67,0,4,1,3,744,0,2973,12,27,513,0,21,207,1373,135,78,0,0,0,1,2,61,150,6,3004,0,572,29,33,0,1554,2,76,350,1,157,11,1525,2,2856,4023,0,4243,0,2,0,5,6,0,0,478,1047,187,11,0,759,1,753,0,961,1489,3,88,0,78,0,15,2,372,0,118,7137,46,358,77,67,1,0,2,0,5,1,0,0,0,113,8,968,0,2,77,30,0,52,763,0,0,5,125,0,582,0,0,0,0,12,96,80,2,0,14654,2,0,134,0,0,0,2,1,47,4,42951,0,7,0,194,10,44,0,0,449,144,305,2,0,510,48,31,5,0,16,6,0,6,193,1147,2,5,594,99,68,0,0,60,5345,38,3844,49,860,27,1182,561,0,9574,61,0,4,0,2,1,3363,0,0,21,6397,1,6830,0,110,27818,0,27,202,0,33,1,82,2813,59,0,5,2,44,1,329,0,150,117,12,27,5274,27,1485,0,1,0,712,10,1,37,1,2351,15,650,7,105,746,1,579,62,694,4,89,184,99,0,15,57,1681,1,144,11849,2,25,5775,9,4,81,35,0,15,10,13,230,98,134,1,561,1,341,15,0,442,0,2,0,265,9,273,11,6,0,147,6,304,0,0,4,0,0,47,0,15,21,1249,0,60,211,13,6,0,4,1,0,0,0,29,40,8,1,181,12,771,25,0,683,7669,18,0,224,281,1,995,1516,0,2,0,55,0,1,0,217,5,0,0,0,15,2,439,151,4,1888,0,0,0,276,25,279,114,0,0,230,3,200,13,7,1164,4742,0,934,0,7694,0,327,239,543,0,3,22,604,2247,0,63,0,90,2,1,58,1016,0,0,1,0,178,0,0,264,8,579,0,0,622,0,3,65,1,21,0,27,154,3,1659,23,538,2185,252,7,106,0,228,17,362,468,0,0,0,35,6605,0,289,752,24269,25,319,0,372,0,281,4,53,2,156,1007,1045,0,148,121,0,21,3734,98,2,22,28,888,0,0,342,26,37,0,0,0,0,2,2164,0,7,0,3,48,256,1,2,111,0,9,121,6,6025,0,0,7654,0,690,16,0,1640,17,0,1,7,33,0,2,5,76,33,4,196,0,0,0,27,34,1,2,0,446,66,198,153,631,0,429,0,36,18,519,365,302,0,7,0,1,2,0,61,4,0,101,0,94,2,315,75,73,48,500,10,0,88,0,97,267,10,601,37,72,122,181,0,1,0,0,0,4,0,166,0,454,17,6,6,967,0,18,216,182,7078,3248,16,52,0,5165,2,54,9,51,13,0,0,11,317,2,118,0,22308,0,88,547,130,0,0,2,2,6,0,0,8,675,731,65,139,0,14920,0,229,3838,153,661,0,0,14,2,1386,9,7,14767,4853,5,45,23,0,946,0,0,12,30,68,0,0,0,3,0,2,44,21,9059,92,0,112,0,19,6,10,0,7077,0,172,0,12,0,501,19,0,6857,11,5,1106,4883,59,525,4,142,0,1,0,0,0,0,17,0,1035,24,282,4,0,277,0,88,54,32,7,0,158,28,3,4171,142,109,489,1064,0,66,587,22,2,0,0,6,22,94,20,1,3,1,957,9,6,83,0,0,57,58,0,1,0,0,356,0,0,1,12,14,207,0,10867,601,1,3979,0,14,148,1,63,0,0,0,37,54,3,82,0,1,0,440,0,0,1,12,43,8,1,26,49,2,15,0,0,25,0,124,0,44,496,0,0,440,0,2986,257,654,154,0,0,0,0,1,2,0,3,1,449,0,3,0,0,426,0,305,0,96,104,447,559,8,1164,23,0,107,21,28974,16,0,0,0,2,1802,1,37,255,228,0,15,0,3,0,0,0,10,131,2019,0,28,0,3462,0,4,4,0,0,14240,0,2,0,0,31,89,398,257,0,7,82,0,131,156,2576,0,6,58,10,84,14,418,640,311,18,25,0,29,0,9,39,46,0,231,9,3,0,0,1482,0,14,543,0,18,42,350,555,0,2,786,59,684,29,17,0,2,0,0,1408,0,62,167,0,2,0,6036,1,1,0,0,0,0,27,55,1358,3852,0,0,0,0,111,0,16,67,1058,113,54,31,438,110,40,1149,1792,84,546,543,7846,1,82,19,0,11,58,0,0,0,33,43663,44,637,180,0,57,325,794,0,0,98,0,0,772,2,47,0,558,81,0,3,80,3480,5958,630,725,23,0,163,72,0,22,1745,0,225,12,0,0,0,0,0,0,16,207,6,124,1948,108,0,0,0,4,3,597,133,2,1,100,1422,72,3,5,2,0,511,0,0,2,1776,75,0,0,1364,9,696,0,2666,21,783,7241,0,0,0,0,0,0,14,0,0,0,26721,47,25,0,749,1,4,43,2192,93,12,370,0,0,18,0,397,53,2225,0,10,162,43,46,0,0,6,30,40,0,73,17,75,27,0,97,0,2,15,0,0,13,1576,0,9,56,4,0,0,1,0,3,1,30575,44,8170,0,4827,3,0,0,139,128,0,3,0,6,156,467,0,0,160,0,63,37,9,0,188,0,1136,306,5,1012,0,0,689,0,0,48,0,3838,0,932,24,0,0,0,48,703,16,43,5,0,6,16187,0,106,374,8,4,0,525,187,6,0,0,0,0,59,526,76,101,9690,0,1,298,0,173,14,0,0,621,281,28,0,2,6980,374,0,388,434,0,1,278,0,0,18,1,4,291,7,3,0,9,897,77,14,25,6,0,2516,88,5,38,12944,436,14220,25,568,1459,2709,16194,924,0,0,264,0,140,0,0,0,99,8677,113,316,790,0,0,31,7,2,466,0,0,58,49,26,0,0,1130,283,21,7,2717,6,0,15,0,2,461,23,63,0,0,0,241,72,262,1,133,10,0,3,4,299,283,0,172,259,300,1,15,32,95,28,7,87,630,889,2492,12,51,5,3,419,725,0,14213,0,0,658,1,3,67,9,0,0,62,4251,2487,0,0,2534,0,5440,0,0,287,312,0,161,0,0,0,0,5,0,408,444,0,51,410,985,0,15,2,2,826,0,0,1,5755,96,0,6,0,3,10,2,7,0,13,1458,14,183,3268,0,409,0,5,231,10,8,0,17,146,11,9,0,522,195,129,0,0,627,1,30,22,7,4334,0,218,430,0,0,4,1,16800,276,8,309,289,2,3,4,398,182,495,154,3,1,0,46,0,43,566,119,675,3,8,2,2,340,6,0,3987,0,446,0,0,817,18,0,26,1,0,0,804,1,34,0,4787,13,15,39,272,0,0,6,1,0,146,3,0,27,0,275,37,21,359,462,1,0,1,24,0,3798,0,29,62,3,0,7,35,44,0,1,35,62,290,1,0,0,5,44,0,20,256,0,423,3143,27,0,5,9,6,0,773,28,7,0,0,74,0,2,1,0,28,3228,36,0,20,0,0,7,0,0,2159,2,12,242,140,20,275,9,59,3,4,7,2694,332,6,0,0,0,3161,108,3064,569,16,9,0,8,2,0,51,0,0,0,0,3,1,25,3,0,224,238,0,0,5,14,0,2,0,0,4,0,2,38,0,0,52,68,0,47,0,161,712,30,0,242,30,48,5,1636,40,0,170,0,0,0,193,1,3,113,0,0,105,555,2265,0,2949,1055,7,0,1125,0,2443,101,0,0,54,4394,3861,5,0,2525,1,0,14247,0,539,41,40,39,10282,20668,141,2,0,0,0,4,3,47,0,1,0,2,1,0,2568,11,404,15094,1,232,1350,7,0,0,0,30,0,12,24938,7559,89,45,36,0,0,12,0,7,566,38,30,2,0,57,14,52,155,0,385,2,1,2081,14,1,3,2,28624,7,0,0,0,147,2,1514,2,0,894,0,0,408,0,127,9,9,0,2,11,1,258,61,0,27,4984,27,0,0,0,2001,5,1,4614,251,62,10,11,80,8775,0,2,43,0,634,1,0,10,10,15,6,144,0,40,308,26067,24,2,125,0,81,0,52,497,1118,211,225,4,32,47,480,5,91,723,3957,2367,24,0,0,13,34577,4451,0,3422,0,0,30,118,2,121,9,0,0,5,2,95,16,2,3,3,115,0,284,0,0,31,0,8,140,70,205,0,128,10,184,995,1,0,361,9,839,8,2,152,318,0,10,52,0,3,346,0,148,0,0,0,333,35,313,1169,1,14,616,0,14109,79,1,157,1433,814,0,3184,0,4,8,2,0,0,945,10,0,1085,4811,24,63,4745,0,0,78,768,0,119,0,1,34,0,0,943,102,11,23,0,0,664,360,0,6,474,16,0,1430,2,44,0,0,2009,1,161,0,5,9,2,2,0,0,40,7,4401,8,14,844,46,44,98,8,0,23,6,0,0,0,7379,23544,8582,1,258,0,0,4963,307,0,99,804,249,6,443,406,0,347,1488,0,577,0,5,11,0,51,0,0,0,0,0,654,0,181,2,5281,6,3858,5897,468,8727,0,1,0,15,0,0,1,0,38,103,0,130,0,0,0,829,4,4258,2004,0,0,121,213,0,13093,103,0,0,3,2181,0,1,0,0,0,0,16,0,6,1,6,110,0,0,1,1,371,121,457,0,1,159,84,1542,0,532,0,1530,0,0,30,3795,173,4,8,0,16,692,71,5,0,0,4,0,38,1035,134,224,327,0,988,627,0,10,1,0,1554,1,3,0,30,1,112,1,0,7932,67,0,22046,117,1,2,2,51,7,1,4169,0,10,91,273,21,1196,6384,1,0,0,4,568,0,58,149,194,24,3531,1342,0,37,2,139,126,0,0,63,0,0,0,3,10,0,0,0,0,65,18,0,0,46,0,0,19,7,18,48,149,2740,6,5,0,3025,19,1385,0,0,0,62,7,118,0,0,0,2,0,0,0,10,4,0,11,261,9,0,619,348,0,0,1117,15,9223,931,191,2,946,83,63,0,14,375,3,2,1,0,2,11,55,0,114,466,0,4,3,0,0,2747,0,1,199,0,3,0,0,2671,4,46,8,2,0,85,0,1,9,689,0,0,44,3301,4846,33,101,6497,5,1,3376,0,84,1,12,150,0,0,3916,19,0,0,62,27,1095,98,457,0,0,0,280,3349,68,0,21,134,505,0,0,96,73,1,62,0,0,2759,5,0,8855,4462,11,123,60,0,78,1140,60,42,0,7,10,7517,0,4,15,0,0,0,97,0,0,0,220,2,83,0,290,0,0,1,241,2,6453,0,0,0,1498,26,111,48,67,0,5,12,0,1,0,1312,0,0,1486,740,77,16,0,903,11,54,0,0,3,78,8,0,409,0,31,5,0,22,0,4,0,84,14,0,1220,1846,0,53,0,0,1569,296,967,0,748,91,133,5,210,0,13,405,83,1,2528,23,0,20,3,573,5311,306,0,57,0,4301,266,6,1,13,771,482,0,196,1,9387,1,0,9,52,90,1978,22,145,676,0,10,6,0,0,1834,1170,18,3,8,983,2964,60,9,16,0,201,0,0,10,0,1,47,92,1,0,2762,0,10,26,2380,0,177,3,3534,270,818,3,0,85,1010,44,5,107,157,15,18,93,0,6152,40,0,2,11,2,95,2,1,701,1,360,9,93,1,33,0,2,0,7590,32,0,62,1,0,800,2,380,0,221,0,0,2937,96,416,22,1214,0,7868,900,483,42,270,113,41,245,0,2,0,3858,1250,14,138,0,6,0,147,0,1,1,0,0,11,152,16,588,62,1820,210,346,3,37,21,0,1661,210,329,1,24,13700,250,173,0,19,0,1320,0,499,19,4255,0,1,0,133,0,45,49,0,0,64,0,35,1,105,0,25,0,0,516,0,0,314,0,1409,0,0,28,0,0,13363,0,0,0,1921,13,4,0,20,0,201,43,0,266,147,0,3,93,1937,75,16,76,9,29,2220,0,1048,139,4,1,0,32,0,55,78,507,0,0,3206,28,959,17472,52,144,0,13,0,45,9,0,624,0,0,0,61,466,0,3162,186,755,2,0,335,0,25,2,828,523,73,3182,2,9,0,783,0,0,0,0,0,319,0,0,2,17,0,2,69,0,0,0,153,12,11,1,959,0,11,53,0,658,2163,259,0,0,0,397,0,1,57,1252,14449,161,236,41,2,306,0,255,62,0,14,693,31,20,33,0,0,73,21,1719,5,67,0,7,8458,5,1,30,2372,1767,0,53,40,2,84,0,0,2,0,5,44,151,0,25,1,114,4132,2,68,22,0,0,111,0,93,840,299,0,1170,2,116,24,559,1,0,0,179,0,15,4,25,1,903,486,214,0,7343,0,2487,0,1,1,346,4,2254,0,23,0,757,79,0,20,0,115,0,23,0,0,1,610,6142,924,3,3,0,3,0,414,53,727,17,73,124,32,129,2,5571,0,2,0,7,201,23,1565,24,6,0,6,271,109,6159,1,0,21,3,1,4324,4,22911,2,0,57,7,4,96,0,0,1240,133,257,2,882,1724,2,0,16,1,0,17,292,35,1739,4,27,0,0,687,8,0,0,14,0,11,11,491,559,0,358,1443,58,450,9,0,0,2,295,496,0,0,1,221,4,47,3621,0,22,74,0,0,18,0,0,0,762,45,8,1605,17,3,5,9,17,234,0,1037,1,191,0,45,60,276,3,1,6503,45,0,473,726,0,5,20,1269,0,132,165,0,3190,43,796,2559,69,3404,7,655,107,12,0,0,3472,0,1,1,72,7111,3,0,6,0,2,0,4607,0,309,234,460,4,56,6,1,1,4,6,0,660,1,2,11,5386,3289,0,0,44,0,1,5,0,21,5,0,0,236,0,0,0,19,0,0,0,1,41,81,192,0,3,0,0,187,2171,927,25,1653,107,0,54,11,426,0,7,0,0,0,0,21,0,125,1,23,64,0,1,0,22,1620,2688,1,6176,114,0,23,0,1355,0,1,0,1,15,916,166,1426,50,2,0,0,1185,0,0,11,115,239,24,0,28,240,0,6742,0,0,396,0,13,0,102,0,25,9,0,0,2,2,3,1001,7362,40,0,0,14,13,0,456,178,34,169,8,6,0,6,59,8,15,10,0,0,0,0,1,0,137,0,2,0,623,0,805,554,0,907,0,871,1,156,31,27,2,0,72,0,0,0,0,0,401,204,0,832,60,212,1,0,0,13,0,73,45,88,7,0,0,36,46,153,114,9,0,5,46,0,4,0,67,3,1326,182,384,6,0,680,59,594,0,0,499,0,0,8,0,2,1228,59,10,1319,16588,150,7,0,898,842,579,1512,205,0,0,1091,31,18,262,370,0,0,46,9567,0,75,197,0,0,2405,0,0,34,2357,467,970,200,5037,51,4,0,10,11,58990,17,14,1,0,62,45,9,0,0,37,698,2,0,1,349,12,4080,31,116,1,0,192,2730,407,0,0,4773,113,0,28,1,344,213,145,2,5,30,132,500,39,6539,4925,146,0,1750,686,6,79,0,0,673,0,104,44420,0,106,62,0,174,0,0,1,0,0,0,97,6,82,459,2,0,0,3423,49,0,0,0,25,5,9,0,30,1,19,2578,463,1,13,1,96,0,0,28,0,2,0,2,51,2263,2210,17,0,0,311,1,0,0,0,1,4,3804,0,165,72,176,1,18,68,0,13055,5226,52,0,0,1,26,0,0,0,10,0,73,0,31,0,5,1023,134,3,0,0,10,0,0,6,1252,22,7,115,3,39,11024,11,14,4322,328,6,1838,22,0,1,146,0,0,0,3,671,647,104,65,0,56,1007,0,21,5269,18,0,1,2,206,4,0,4,49,0,146,0,2,3019,1073,5,0,16,0,56,9,0,0,0,294,0,0,0,317,113,5,0,54,2772,0,6,5325,922,475,0,1696,0,0,18,5,0,2,1524,550,0,0,0,14,9,1680,7,0,64,2,0,4,1,5,370,0,2,70,208,123,1,47,812,4,374,0,0,6,0,1,37,446,13,0,467,10,49,255,3607,1250,142,0,12,14,6113,1,5,0,339,0,4,20,24,0,807,0,7,0,2,1,18,0,0,120,1,521,0,57,630,22,184,0,0,99,27,265,1,259,20,0,18,1434,4803,2,0,0,2,3403,0,4724,524,3,0,75,0,0,2298,44,30,0,6,8,1,656,390,32,14,0,0,0,0,0,0,1169,0,0,0,130,281,3135,260,25,10,2027,18,0,0,2,0,0,0,3,25,213,3,1,6,24,10,61,1323,2,0,0,10,356,10,4,190,0,188,0,0,0,26,147,0,21,0,1,0,0,446,0,2,92,0,83,0,14,0,0,0,7,4,0,6,0,2,12640,3,0,562,4,1489,0,11,219,0,2,0,2,0,3112,6,46,0,2151,0,0,2,0,156,1,2612,405,0,3,491,2,0,280,142,0,1182,0,635,458,1,2,9,1536,28,63,197,4,0,1,15,34,1422,0,0,680,0,3954,9,1,0,2,98,8,2403,0,697,20,0,8,177,62,0,0,0,0,29,482,0,664,1154,0,80,0,2,1915,1,3,29,15,3358,1841,9,1251,0,194,5,1,841,0,0,0,6,6,1,2,17,6517,126,44,502,69,0,0,0,2,56,23,14,20,18,0,0,27,0,1550,0,2559,130,67,0,385,120,93,0,150,9,21,805,1799,93,257,36,1,2,0,17,13839,331,8,55,1,2,0,18244,259,86,53,194,0,0,588,213,5,501,0,180,0,9,0,7,2191,72,25,0,33,2066,2972,619,1,33,268,0,22,147,7,179,254,0,1,0,1,29,7236,121,13,1,0,2152,0,358,26,61,36,0,74,0,437,0,0,254,831,9,0,4,159,321,182,1905,171,5126,28,0,837,14726,4,4,450,0,3,2,16,0,5995,0,4,879,1,5,0,0,2913,0,2,270,301,9,16,0,19,10,1066,11,809,26,144,0,0,2100,57,669,0,929,81,922,0,24,28478,1,172,0,109,169,2056,5773,7,11,6,13,0,19,20,0,0,0,287,101,125,0,155,19,0,355,0,0,1102,48,124,789,1458,0,14,649,71,6311,0,5105,1,512,71,0,33,388,4,142,0,1883,389,318,1,13,1,0,4,1,15,17,2,1080,1,4,342,0,0,4,0,0,0,0,970,3,4,0,0,2,226,0,0,32,86,13,0,1,0,138,5,3,3000,2911,49,1,2808,10521,87,111,98,737,0,109,62,0,353,0,89,0,1,0,9,4,0,0,2,20,27,49,158,876,35,210,3,1,0,17,0,0,0,13,20000,2425,5,128,41,193,98,9,0,142,0,305,1,2,5,11,0,199,3342,716,3,605,1491,0,3,0,68,466,14,38,801,15,96,67,0,16,5,90,122,6343,59,11,3591,131,5,5,0,4,0,425,1,0,0,28,518,0,673,1146,0,5,121,339,13,16,7,0,0,14,0,47,506,0,0,55,534,70,599,2121,8,354,167,47,107,2259,785,3,1,135,2,1,20,0,2,284,5395,11,1024,0,30,0,348,28,1,2,7,70,38,0,641,2063,52,0,0,122,0,7,146,76,7506,313,89,2,14,118,0,0,6,87,192,4,11,6,0,3,892,3,1330,50,0,3,0,13097,47,16,6,1866,0,135,213,263,1,0,21,289,0,1,0,1113,2,38,28,0,0,19,0,38,0,7,4,13405,1,14,5,121,0,7,223,0,25,433,5702,2040,0,1,11957,3047,305,344,2567,7,4312,558,453,4,98,0,0,0,0,18,7,0,0,872,32,74,1,60,1114,0,186,0,1716,225,3527,77,120,3,14,1178,0,1,2413,465,29,188,812,0,45,0,13,36,14,75,95,0,4,0,1486,1418,23,0,0,112,0,0,373,1,0,16,0,0,5,0,69,118,0,25,1,8,0,948,30,0,251,85,266,8,0,92,2141,2291,0,16,14,0,30,0,99,10,309,0,346,4,214,38,0,2965,14,0,0,0,11,8,4,6,0,0,0,1,1,550,2829,5,248,1091,138,1,2,24,3,8,0,837,128,0,89,0,538,248,0,5,0,12,83,815,1,129,30,0,2,0,575,198,795,173,113,377,456,88512,1,0,105,18,0,0,0,0,956,581,682,7,1,406,1077,142,3998,2700,0,0,79,0,15,1,139,556,9,43,126,1,110,1845,1,22016,0,350,2651,0,303,0,4,69,0,45,1,0,1102,0,866,0,21,646,0,1566,312,4974,833,257,0,148,0,0,3,35,3,135,49,152,0,0,25,0,0,237,13,2,0,3980,0,1,58,2,552,7,0,16034,4,0,0,0,0,5,112,32,0,0,0,7,906,1,441,97,542,1,151,4,7,0,0,1,0,82,4,0,3042,14,1209,101,23,34,59,45,85,14,0,4,430,0,0,444,0,513,1,338,252,0,0,51,0,104,58,7,110,0,115,38,36,53,33,103,7,12,2,10,0,1255,2,3,0,91,0,43,0,18,162,0,5,0,541,51,18,21,4,123,0,1,1,0,740,0,0,15,6,563,9,153,4,159,32,794,0,0,0,395,1231,0,21,0,12,13,32,20,68,0,3,12,4488,0,3,25,10,319,41,0,25419,0,1,1,2,339,94,0,0,31,4,21,1059,103,0,0,0,37,238,2,0,0,0,0,79,47,18,604,4,3354,43,358,7,46,0,23,0,163,0,392,0,337,0,3,1,1,35,0,0,283,28,24,6,30,5,3,15,24190,8,0,371,784,3,1726,139,71,0,0,0,0,441,0,22,235,0,0,0,14817,1141,181,0,26,68,1,158,298,1,181,118,0,11,22,520,13,218,23,0,281,2,1078,0,2,353,0,29,18,679,0,551,114,1,141,140,69,19,18,0,0,0,62,168,0,96,4069,0,14,0,0,139,3653,164,88,2,67,1,1801,7,2,1,30,67,0,1,2,0,0,325,626,69,66,541,1,0,3,0,0,0,10,0,0,9,14,77,1837,2,97,0,1,21,1,132,12,0,0,0,112,12,2,0,49,19,0,37,1555,34,55,0,8,96,0,0,5272,2,790,4,55,0,397,26,0,0,0,0,0,1,0,31,0,0,6,0,0,73,184,0,12,1189,31,142,0,29,2140,2,292,0,808,2739,1692,0,108,633,39,196,2,1817,0,0,1545,0,0,326,0,0,0,2,2,126,0,0,0,0,753,3730,7139,3,424,0,4001,0,1,0,20039,20,9,0,0,2,0,0,119,30,0,2794,0,10,69,0,0,6,34,731,14,72,0,398,3,322,111,247,0,0,51,0,0,215,0,0,0,0,33,51,0,0,3,0,0,0,11,0,646,14,1,0,29,528,579,5,1,0,422,0,14,0,99,0,119,1,0,1425,0,1447,0,2,152,0,4558,0,0,28,0,0,0,0,0,5,1,3,9,50,0,3,3,108,5,27,2,0,183,854,2,154,0,186,32,0,167,541,975,568,19,4108,152,21,418,0,63,3,269,130,787,148,4,0,0,5,2,0,1511,4,0,12,0,51,177,1389,115,511,0,59,9348,56,6,0,0,0,0,0,0,671,63,1,1,0,2,9,0,1562,7,659,0,4,30,6,11724,0,6,16,2,0,3399,1,9,0,1,2535,511,0,153,0,53,0,0,6,401,0,68,0,15,0,0,2,19,23,257,34,1,0,4953,372,5674,1,2,9,439,0,0,48,45,4,2,9,107,63,0,0,450,428,0,45,0,0,1,0,0,1,239,1,36651,1088,0,10,11,4,15,0,1,23,0,0,1135,265,0,2,5,0,0,10698,0,1727,0,2,12,0,107875,29,0,0,941,310,15086,2,1675,0,140,19,6,146,761,0,13,4,39,7,53,0,103,0,0,0,61,0,8190,0,0,1,0,102,1,0,91,1780,0,4270,0,810,0,23,0,9,0,1,0,0,21,1,112,0,347,456,0,0,33,0,699,2637,625,6591,32,0,8,689,68,1581,1,0,2792,461,0,11,40,2,2,21,0,1737,0,0,664,346,26808,111,0,0,16,1,0,0,1527,4,0,0,11,381,0,43,1,2,2421,160,70,6,6,23,51,0,17699,117,96,0,9,0,43,0,1,3,92,8,439,0,0,2567,0,20,3,245,5932,81,133,33,132,936,1009,0,0,1417,3,43,0,3841,131,211,133,6,148,0,921,0,12,3,1,0,36,0,0,11860,129,0,969,2,0,0,21,8405,7,0,0,0,0,0,10,0,0,1168,1,55,0,1,0,2,0,285,192,0,1,8,2,784,14,11,106,363,4,1,158,304,11,579,3,58,0,37,0,4,2780,0,122,845,0,252,1,27,3,323,79,1618,10,19,202,16,44,26,21,26,5792,125,0,12,0,0,33,1,0,29,118,0,0,169,1969,1,273,1,9,30,23,2,837,215,8,0,36,0,35,490,8,3,0,1,11,38,681,6,190,754,594,0,3,0,493,331,0,3,20,170,168,117,9050,3,2995,55,109,87,1863,0,5,1139,60,7,179,197,1669,315,2,6,0,0,38,0,527,24,1689,0,32,7,1357,4030,17,19,5,0,0,14007,1,246,761,400,1349,35,156,12,252,212,16,0,3,0,0,0,3,0,5,0,902,7,1082,62,2081,14285,315,758,715,3046,4,1,0,162,617,0,22,60,79,3657,0,256,126,686,0,15607,1,3314,4,2,0,646,51,0,200,0,77,4266,0,1,178,292,48,2,0,125,136,0,0,7,0,0,0,15,27,20,136,0,0,228,19,0,8,0,12,1,209,0,1276,0,103,52,1,14,2812,0,59,0,4,1918,7792,1,0,148,17,0,4,216,0,109,0,0,0,5739,122,1559,156,225,0,122,529,388,35,416,0,15,0,374,383,17,41,0,1162,43,27,0,140,0,89,13,0,0,12,39,0,11,560,2,108,998,0,96,3927,17,162,310,8,113,1076,0,21,16,3130,0,1201,1613,68,390,0,2,4,0,10,105,20,2,245,1,0,0,7027,0,0,0,42,7,11983,1,65,111,3,0,47,18,238,335,322,0,0,3,2,119,244,20,1,11,2413,4,3203,0,5,12,3,6,506,19701,1036,0,0,0,0,25,45,0,901,41,2,43,8511,90,4,264,0,12,182,71,0,0,578,2,0,0,1815,0,0,0,23,90,2497,0,0,0,0,4,0,0,4775,11,2808,2,917,26,0,1,106,40,259,0,0,1,2,556,22,0,0,1861,0,0,0,8,14,11,0,147,0,1,1,101,0,79,133,55,0,0,4,6,143,1,0,680,346,0,3,11,3,0,1119,31,19,89,453,30,0,0,27,0,0,0,2,0,0,5,23,0,0,1,343,0,148,0,6,10,3,23,328,23,461,0,125,479,7,0,1,0,0,0,8,3,3,42,0,124,0,2,19719,66,84,0,184,158,0,0,3,213,1261,38,1082,26,399,4823,0,14,3001,12,495,959,0,0,0,3,0,0,1,1,182,0,7,75,107,212,4742,36,19,3179,8774,1,881,235,19,27,0,50,387,64,0,1,39,47,847,0,448,12,0,5435,0,0,620,22,406,3561,0,421,245,14,2,345,340,5,527,1298,970,3059,457,0,10,692,76,781,0,33,0,6,50,133,0,0,0,1374,0,13,25,0,6,1001,974,746,0,3,825,2,6,40,1,289,0,0,0,19,1,70,66,0,0,85,203,2,18,4,29,2,0,3,192,0,1804,0,0,0,33,8,105,86,11,16,96,531,38,37,156,0,0,0,58,1,4,91,8,0,19387,460,264,557,7,199,124,692,147,569,0,0,17,0,40,4405,0,37,0,1,0,3026,0,16,146,2,0,31,0,0,312,115,0,22,0,866,0,501,3265,48,43,179,0,686,0,4,0,47,15030,0,42,196,12,0,2,900,2,1801,16,0,0,0,9,1,7,568,7829,0,1098,176,0,7400,0,0,3,1,10,0,0,0,0,3,0,31,735,0,150,0,449,4,2,13,4,231,0,0,1,8,0,7,1122,585,0,7,0,0,3,0,44,9,8,30,211,0,44,159,0,2,16,5,1,0,10692,1021,0,6,7,0,614,28,0,0,6,45,0,0,0,5,0,0,0,111,14,0,102,30,891,0,4,0,19,2,299,122,0,0,0,6712,280,1088,2568,0,5,1,0,147,0,0,0,1,79,0,39,36,266,0,0,0,0,10,0,179,0,0,241,51,7,44222,1043,52,13,7,6959,386,4,0,0,1,7,55,0,0,0,27,4,0,13,4,2,0,1,0,3669,2,0,1,727,4368,8496,96,8,20209,2,24,0,4,791,0,8,4,0,0,30,0,0,73,112,13,3,969,14,63,0,0,0,0,0,153,22,13896,0,28,5,481,13,268,143,0,1575,0,0,6,143,24,0,0,121,0,0,66,3,0,440,23,109076,658,110,22,60,1,0,0,0,815,8,0,0,3,1170,48,53,0,0,0,13600,0,14,210,0,0,0,527,108,11,0,0,3,16,4,6,0,0,21,0,5,28,2,1216,3,0,1170,7,3,2,37,3,0,7,90,7,10,320,1,2,0,1,20,0,121,0,38,1274,869,0,31,0,47,0,0,10,1,0,10,11,41,3042,0,98,6,0,0,21,13,0,10,930,3,12,0,20,52,0,95,15,0,23098,0,0,373,3,0,0,2,130,7988,1,162,1,0,0,0,0,271,43,296,257,1337,0,1,43,0,1,0,2,584,0,0,0,2802,4,2,46,1348,4,2,0,704,9,228,32,0,4,2,13,156,0,5647,38,3,752,0,7,9,0,9,15,35,0,1732,44,114,68,12,5,814,23,32,57,107,20,2,84,0,148,1,1,1,0,4,10,3611,67,0,42,0,45,1889,14,0,0,19,4,618,463,3,0,0,0,390,1,32,6,402,0,29,0,2570,0,0,15,0,383,366,0,273,1214,114,0,0,727,5,143,5,40,0,0,14,485,74,0,2,0,471,0,1,0,0,16,2,18,3,2862,197,131,16,0,0,23,1755,1,8,0,0,0,61,83,117,2,12,2411,291,7,1092,27,197,0,211,1,447,166,5,0,257,31,267,0,2246,0,4,0,0,135,0,328,1689,0,0,29,198,0,1,9760,355,1507,1,251,1,39,9,11,19,2,33,3702,123,8,0,0,0,4,11,4,0,72,7,1843,644,1080,646,0,0,7,94,33,172,1,0,5,23,0,0,2,24,113,3,1189,511,2,1084,0,60,5875,40,307,11,761,32,1520,0,661,33,18,0,21,0,0,22,492,72,6,307,92,0,1017,325,0,597,77,6610,0,166,0,1033,4856,0,0,34,3236,48,70,22,0,2,17,31,9,411,0,110,139,95,6,17,5,3105,2,50,166,0,0,0,0,151,44,1,28,0,280,96,11,164,1,2,17098,0,0,15034,29,0,15,0,11,0,0,4969,15,2,168,0,0,1,0,1304,163,4831,3910,1,0,0,0,2,416,0,47,121,1552,70,59,0,42,11,3,2,1,168,2,1176,0,0,2,144,105,0,0,0,68,354,10,3,6,6,1,5,1,218,9,24,13,0,16,112,1,0,0,252,3,136,23,805,11,67,4,0,19,1057,0,458,0,0,536,0,976,5,386,1088,1,3447,0,0,0,619,0,2,0,49,1,0,0,588,0,13,21,248,5,0,7,140,55,9,0,39,34,511,0,4,0,7,39,714,0,886,7116,107,32,0,2,14,0,7,94,102,67,62,36,53,0,0,0,0,10,1,0,0,0,4,5550,3191,1,0,239,3,958,738,3,13679,670,0,0,0,1,33,0,11,0,0,9,29,0,0,29084,1,40,310,3552,0,0,0,476,16,0,0,0,104,1,0,3938,65,291,7,0,22,0,25,2,3797,10,798,4,0,20349,0,0,237,2001,4,1,21,106,48,0,0,0,0,437,3804,12464,67,462,40,71,0,1561,1,0,3735,11,0,0,764,422,0,1,0,1,0,3,0,2,28,477,3588,84,316,23816,327,6,0,140,0,0,7,0,335,3364,1319,4310,3,0,15,40,0,3,3,4,7064,0,0,0,0,273,624,1492,202,0,57,2979,554,1,0,0,7,0,34,398,1254,282,228,1395,75,0,73,0,2942,144,8,1,922,22,10,0,279,225,0,3,0,0,731,118,3,0,0,0,0,0,0,4,41,1,2669,44,0,0,133,10,8,465,157,2,5,9,20,6,1428,0,0,0,0,18,68,0,80,287,1,0,171,290,84,4,13,0,1138,0,52,13049,6156,0,0,2,39,920,0,7370,0,0,167,5,96,0,0,1,13,0,0,220,0,121,525,5,417,0,13910,0,0,715,0,104,559,17363,0,1,0,20,180,5,0,0,0,10,0,398,78,0,0,268,5755,0,0,18,11,0,3677,0,17683,357,44321,1,220,1,81,0,19,2091,0,0,514,2389,0,8,22,6,0,4,8742,157,0,1,0,0,26,5,16953,0,257,0,1,11,6125,0,3129,6612,0,113,0,5203,31,11392,231,2,0,3,22,63,3,0,1,0,1728,13,94,127,7,323,4,0,199,1448,130,809,11,9,307,0,13,4,0,0,3018,27,1,12,213,68,1,1041,134,2,3,479,0,54,18749,3044,151,178,34,3,2,0,21,0,2402,10,0,276,5,3950,21,0,5,250,570,31,0,0,11,180,0,35,1,0,157,5,0,0,1,0,19,1,2069,5429,988,269,141,633,319,1,123,1395,50,5,21,877,24,0,48,7,0,3002,5125,5,0,59,403,0,32,74,6,1,0,611,14,1,2,20,290,330,0,6,1906,672,105,4,56,0,3,0,1,7,906,925,2,0,103,0,94,0,47,10,0,0,17,438,0,68,41,542,0,265,24,0,37,0,149,0,0,0,1,199,0,0,0,45,839,14,1,0,1926,636,678,85,0,972,0,176,0,44,383,0,378,508,1,0,0,2159,29,0,596,508,0,57,36,381,46,1061,7,60,139,5,18,0,2,0,1,1526,9,95,7,81,16,1858,1,2807,0,0,30,36,0,39,0,6,3022,0,1086,556,36,3324,0,524,5,0,1706,0,317,1045,141,76,4808,0,0,3,0,728,339,2,3,274,171,0,24,0,3371,1,2,5939,6,3,51,877,787,0,1954,6,0,36,2231,5,11,0,0,0,1,4809,0,0,102,0,0,498,0,0,0,0,270,0,1,0,33,28,0,3,0,519,0,494,0,2,5,13,13699,13,0,0,5476,1201,1375,459,948,1,101,1,1879,353,0,7,0,0,0,23,5711,0,0,0,0,0,147,2,826,5,17015,0,1230,0,1,549,0,12,492,201,1,29,1,62,3,0,460,0,24,321,46,0,340,234,0,3,7604,3,1875,181,0,0,96,158,443,54,3,2779,1298,1,0,18,1697,1,167,319,0,0,38,594,175,0,779,2028,0,0,0,0,40,1341,11,2885,8,4,2,0,2597,0,328,791,0,198,9,0,1083,0,4,129,131,461,0,22,0,0,12707,0,586,64,2113,297,0,10,1572,4879,672,16,1553,0,1005,21,587,0,229,11,139,0,1,0,42,642,49,319,0,712,0,1,107,7,254,15,299,191,49,4204,6,0,2,0,0,14,47,116,0,43,0,372,82,3,1,75,0,5,349,345,0,17,0,1,8,2,7,367,276,7024,0,0,0,0,610,1117,0,0,5421,8,21,553,27240,1051,0,0,4046,2,0,98,893,8,10,0,797,30,2078,107,279,151,538,0,0,2537,0,118,33,81,0,797,0,279,0,3,2,30,0,147,0,0,0,1,1,0,0,16,3,4,0,227,0,10,1,56,3776,0,42,0,54,0,4,1398,0,208,0,6,0,3,1221,10,2,1,384,0,60,3,11,9,3,7,1,0,5,0,0,0,0,0,226,0,4,737,0,0,1677,230,2,4372,2298,0,125,42,0,1,3,1,0,10,0,2,123,0,37,7,27,2,0,5,31,0,0,44,53,0,135,0,81,0,198,0,287,4080,0,351,0,0,1,295,0,2536,334,0,0,0,181,16,313,23,60,0,0,1,33,11,0,1241,0,0,21417,13686,301,3,16,6,175,3,0,133,5,10,285,0,0,8,13,3,35,13,73,443,2,1,117,637,160,19,978,0,47,2416,1,76,314,83,932,0,0,9,10,20603,91,2013,27,0,3,3,61,69,0,1,44,181,0,1318,558,10,162,285,0,71,0,58,0,3,300,0,0,0,0,38,418,6539,2861,1147,497,1193,148,0,2,0,87,0,155,3,139,11,16,682,14,1,0,151,5,1802,0,5976,242,46,2012,0,0,6,3590,1953,2,169,1,21,1,0,25,1183,104,4,4,24,0,344,14,30,115,0,186,7,1400,7,46,32,0,0,70,0,1,0,0,1,1,0,18,5254,1005,5,4,760,21,763,0,5,0,14,12,15,0,0,23,3,973,0,0,1416,0,0,514,51,6,475,221,48,1100,59,5342,0,32,1,0,0,178,978,179,1712,0,6,4959,9,21,0,0,0,775,2207,0,6272,4,57,0,25,2,0,0,46,1258,139,4700,0,37,454,3465,0,0,68,141,223,2,4,0,0,3738,29,261,0,0,11,4,0,1361,3,0,317,1106,919,0,2,6,24,40,0,1,0,1273,4897,0,7,0,14,498,480,440,0,0,2,24,0,0,178,0,0,0,8,2,0,119,6,0,1881,15,31,0,1381,5,6729,7363,16,0,2,1,154,1,364,0,184,469,10,0,2011,146,763,2556,1,0,0,2,158,28,0,3,1,0,167,0,559,24,4634,16,443,0,2,50,10185,3,1262,15,127,203,20,43942,804,1989,181,19,1,0,6,0,0,3459,241,9,0,20,0,0,3,689,31,0,197,4774,3,0,867,0,0,250,210,567,6,0,0,855,79,0,0,334,111,1,6178,574,181,84,81,8,53,334,44,1,4,758,167,0,0,49,48,0,0,888,21,290,0,44,0,3780,0,8,0,1837,2,349,0,54,2,47,0,0,0,3,5,18,57,3,1,0,0,8317,0,0,12,0,2,0,659,187,0,0,0,90,6,36,17,36,0,0,105,8,5,0,137,0,15267,0,0,66,478,0,267,290,2,84,2,0,1,1,362,156,341,3,0,87,3279,180,14,110,17,144,5,1,123,7,301,3,7,2365,0,7678,0,0,329,10403,396,189,45863,2570,1481,5,20,20,279,320,26,186,308,4,149,0,2,3868,0,2,1,323,25,9,0,365,45,0,1,2,0,3,1,2290,27,308,94,292,6842,0,627,24,0,13,18,4300,0,18304,4688,0,0,2,0,127,0,0,6,3197,0,6,0,1,0,137,278,13,0,0,0,1,11153,11,2096,64,15,11,23309,99,1490,306,270,0,0,11,48,0,7,125,0,6,37,0,690,0,5,4,0,199,4,0,33,3983,98,13920,0,10,0,1,7,0,0,4,4,229,1802,31,551,135,0,28,16,0,0,4539,5843,26,249,0,240,146,205,224,1,21,171,13,106,419,58,9,3,0,0,486,27596,0,0,1,0,36,4,374,16,3,50,2,44,4,1,306,75,17,0,11,3909,1751,5558,0,1,171,478,0,2510,10,8,0,514,20988,6648,3589,0,51,21,2822,36,4,0,0,77,0,24,12,0,0,154,1,97,9,520,576,952,191,0,0,0,1,13,0,26,2452,0,225,26,5,267,8,5,0,21,104,35,10,58,46,430,17,1,479,0,18,75,0,20,0,547,45,22,35,91,5,0,2,0,494,0,2,0,1230,3853,7,6,15,81,4,25,6,3,6496,0,0,0,17,0,115,48,1,0,0,1,59,161,0,1,113,4,0,0,0,0,27,213,1,720,13,2,129,31,33,15,0,87,0,0,0,644,0,601,494,0,0,1218,6,0,2,5197,0,63,0,390,3,9,37,47,0,139,0,1,0,303,216,22,134,19,68,0,430,52,392,283,0,346,33,194,1,241,111,87,0,1686,0,1524,441,25,46,39,0,0,574,4,0,0,3,209,0,8,0,55,0,0,145,9,0,7,52,0,4,0,0,1814,0,3014,4,5,358,0,3778,919,0,32,8,1,33,0,542,0,3201,1,4,0,43,0,105,2,0,0,2,1,2501,0,7,243,21,1,338,4,2,0,65,0,8,2414,3,0,938,23,0,379,0,305,0,7048,1,355,44,56,605,11,31,3,0,0,10,0,1,367,1,1,0,5,50,1614,11,0,0,1,668,3,12,4,11,1,274,1245,1873,4964,231,82,21,0,0,5512,3,17,16,13,29,30,3,633,509,1,14,0,1,315,8,0,10,112,1992,4,0,0,0,0,0,0,53,108,1,1,254,8,29,142,23,3,1,11,1,2,191,1893,78,88,0,1,89,3,20,11,0,159,426,6,0,0,0,0,6,3,0,522,0,9,1589,0,72,0,0,11,48,89,0,3,710,3,0,16961,3,2,0,7718,0,1,0,62,347,19,48,714,1221,2059,0,168,392,0,7,110,3,7,7,0,1,4494,3,4,459,0,263,0,63,882,0,12,0,213,2141,79,49,463,1,0,80,11,55,48,99,1,671,2434,1,0,0,0,316,1,0,14,0,134,0,0,0,0,1529,1,267,0,102,208,620,19,209,105,1,1451,0,0,191,21,284,107,0,0,3871,3,2362,2,32,0,229,15,8002,0,0,0,17,5351,232,0,2466,0,0,210,11,30,4100,0,0,2370,118,19,17,0,41,0,2,128,0,1578,768,30,0,20,14,1466,0,2515,396,0,343,1,3,6,0,0,19,86,299,47,2,0,2,1,1784,202,0,5,39,1,0,1,1701,0,133,43,66,1741,244,133,8,63,6,172,4,2703,1029,35,24,38,0,1521,89,12,142,0,0,699,13,33,0,0,1018,0,35,4,2,0,4,30,54,62,257,247,84,6,0,0,416,2,134,0,0,580,0,1,108,1,1349,6,8,0,209,0,1028,0,94,0,40,128,333,0,6,1408,24,75,1,0,1239,0,163,0,0,4375,24,505,3,593,130,56,5224,0,2,8,103,915,0,2,1,0,0,1875,321,14,4,587,18,1,5,2,73,60,6,0,0,4,1,4,0,0,0,356,27,1545,489,2,0,0,3,0,201,0,2,0,0,69,1,640,0,288,0,11,18,0,1117,88,139,19,0,0,7089,1,0,594,0,0,0,0,536,5433,0,0,0,9,0,84,5,0,2667,3,941,32,1859,8,0,0,4,1475,1,75,552,60161,0,130,0,918,201,14,1,0,1,40,0,0,28,74,227,572,147,137,893,237,236,382,17,0,5821,266,0,161,200,29,0,23,15,3,8,153,0,1,24,14,0,4,2,13405,0,6,0,508,207,0,48,453,1,1074,11,0,0,734,8,6,221,3,1,0,0,0,877,103,32,64,247,47,8,33,8,1,0,0,155,0,442,2079,0,525,0,0,1241,95,30,0,4,20,55,748,0,139,0,124,683,524,0,3,2,33,0,10,4,1,317,73,63,0,0,967,11,0,190,6,195,6,0,362,0,0,1107,0,13,0,1121,17,5,14,4,0,880,0,4,0,0,27430,1,0,1469,0,294,5,104,2,39,658,7,0,3,0,2,2,0,428,288,1,2045,0,0,0,0,753,93,0,0,0,0,0,42,7,0,3973,12,7616,0,0,11,1,15,0,88,9113,6,1136,0,105,2,0,62,7,0,38,171,247,0,21,74,1,0,0,4091,89,129,0,1,16,28,1346,2,5,95,0,4,0,377,2,9,207,487,0,321,30,12,162,261,439,48,2,0,25,0,170,1024,54,12,196,5,0,116,118,435,0,60,2,2302,3,678,0,21,512,4,1120,0,7,8,534,0,699,130,979,3,0,0,72,0,0,0,0,161,4,9,382,0,0,39,2,7793,31,50,0,996,3,19,0,412,108,0,0,1709,15962,34,60,1,13,51,6,1,0,31,113,212,3,0,0,32,0,0,955,0,3,769,6,0,42,0,10529,0,48,1646,0,417,204,0,3,98,0,1184,47,1660,5,5,0,31,0,40,0,183,0,23,3010,25047,1,0,545,112,64,3,0,13,0,0,607,0,3,1684,26,0,1,270,332,20,1471,822,0,53,0,205,0,0,2,0,32,9,23,0,0,247,2,298,0,7,6,0,1,59,71,1,1683,1,16,4,104,17,2,1321,13,0,1,22831,807,21,278,0,0,75,3356,12,2,0,0,140,0,2652,491,0,0,0,0,0,0,35,38,359,29,0,286,2554,86,1,2,0,6,47,188,22,645,110,121,55,0,13,0,0,1,0,0,109,0,0,19,0,58,2,35,0,18,8,333,3,0,51,310,0,3,895,757,53,15,0,46,0,120,373,1040,255,199,5,1,54,47,1,0,321,274,7,5,0,271,114,0,0,0,0,3,13,206,30159,0,1,399,2,0,22632,6610,3,0,25,2,0,0,101,18,114,0,1070,709,10,0,9,0,0,0,164,0,289,0,32,3,0,44,49,1496,1,341,0,9,0,8,0,125,0,630,495,66,0,6,18,188,1,74,1213,584,75,0,0,34,2,31,1,38,7,0,0,16,193,561,0,51,72,6,0,73,1761,0,244,0,7,0,24,4401,20,2,18,26,0,332,90,11,0,1,33,0,3,8833,1,1555,1,1066,558,38,0,0,574,123,1191,0,4,0,312,52,0,1457,336,1,5,125,461,0,90,73,68,3549,5098,2,127,6,1268,31,438,6,2897,4,295,2,0,0,0,0,0,0,407,0,3,129,0,0,1,0,1,0,109,603,3,0,22,1,0,2038,0,27,58,671,55,0,535,1370,28,0,15900,27,2485,10,34,652,0,25529,44,12,0,239,21,0,2,0,12041,0,1113,0,0,153,22245,196,2,0,250,30,17,0,39,25632,1,12966,8,3,776,0,2117,0,138,36,0,0,11,0,2,3,1604,4,137,0,2,0,0,1,21,11,0,91,146,0,145,3,1,233,2602,246,0,10,3,1,0,8,0,0,16,4,21,34,3,0,0,16,5,0,1309,16714,0,570,17,0,12,293,438,185,10,1608,3,0,141,104,0,57,58,0,6,32,274,0,2252,349,0,211,2,0,206,116,2,28,1,270,313,0,0,0,0,77,11,885,0,0,7,5,53,29,0,22,7,5,1240,32,160,0,0,0,0,15,41,161,665,0,0,0,3818,8,434,6,51,0,0,192,3693,4258,889,65,0,0,91,0,33,165,3,0,0,0,39,0,53,0,29,1,4,0,984,9,860,11,17,0,291,0,55,0,4,70,54,33,467,4178,1,34,19,2960,441,414,110,5,689,10351,144,136,159,94,150,9,23,0,0,9135,0,0,11,1,0,1,4,34,0,0,510,0,8,8,0,1,0,406,152,4,9,0,695,6,0,162,11,29147,254,484,190,0,6,4,137,4455,2107,0,2,10,6,0,374,3,0,0,2,101,1,0,1,126,0,0,2,1253,107,847,35,104,108,237,26,15,2,279,0,167,3008,461,0,2260,1010,169,35,73,1,0,837,0,0,7,6,92,0,146,129,0,17,0,0,0,0,0,3,65,9,165,0,0,0,1,417,364,493,21,2533,23,2987,0,14,16,22,150,0,0,0,0,455,4,0,0,7,0,55,9,4403,2,1278,64,8,144,5,0,0,48,5,3333,0,0,1822,119,2535,0,5,4621,668,11,0,1,8,1,0,1613,0,0,0,3247,7,22,12,12,3,32,244,0,1,0,0,0,37,2094,0,30,16,0,0,68,503,43,0,1432,81,1,0,0,6111,484,0,178,2,3,22,7,4048,0,0,0,0,0,11,469,922,62,41,2,7,148,0,187,5098,5224,1733,40,0,618,44,0,2281,8118,4,321,0,0,0,546,516,3,0,48,0,1024,329,1434,0,1,44,206,0,5,31,0,37,25,104,343,0,935,131,25,0,0,440,16700,3,16,0,0,2,3839,7,5,29,59,0,244,1222,1,4,33429,7642,60,4,42,0,3,0,1,2,2885,4503,220,335,733,0,952,1,565,46,1601,204,4969,1,0,57,26,0,0,15,31,25,1,7,4,4,327,76,0,40,0,0,38,7,153,368,1,325,78,5356,0,1628,0,0,5,359,69,38,736,310,644,0,310,0,0,1,7097,3050,0,45,0,0,45,4,0,656,5,13,148,40,31,597,1748,0,70,0,498,139,0,166,0,0,12,93,0,2,12,0,2,1149,75,1881,8,8,42,43,77,11,276,0,0,75,1,290,330,0,0,0,0,116,0,1,4,1290,52,0,61,3028,50,3316,15,0,0,0,0,0,4,165,1,2,0,23,10,5,0,123,23,17,934,2,98,0,202,15,2392,176,209,1,7,477,0,894,648,0,2194,186,765,165,7,0,0,2,0,7,0,715,3,23,186,243,28,7,0,628,141,0,327,27,0,0,7,0,16,1090,1359,26,3,39,19,0,0,0,328,1,420,0,2,4,1049,154,2551,9,18,1966,2225,641,13541,0,5,152,7,3,92,2,4,17,177,2,0,0,0,0,3,1155,23,0,0,0,0,33,0,2251,12832,2,5,973,341,0,51,3,2,0,13,5,0,3823,0,0,1180,18,491,0,1089,3,3,0,0,89,20,15,8,0,0,0,616,404,395,97,0,5,10,692,1,3,41,0,5,2020,272,111,25,923,3,2,0,210,46,0,200,0,3,0,6,110,6,47,60,20441,1,0,44,0,0,48,319,0,0,60,0,60,2,52811,141,1,80,0,77,29,298,0,0,0,34,4438,2,0,0,352,1,4,4262,1056,16,36,2,10,0,0,702,0,0,11,0,52,4,1,0,84,77,7,17,192,10,158,3664,13,312,6,352,0,364,0,9,88,4998,74,8,8,0,811,0,179,0,0,0,1,2,0,73,0,264,0,0,1,81,0,4281,101,0,9,0,0,0,8,0,151,1395,8,353,13,32,281,0,0,545,513,47,90,0,2624,0,16,0,2540,15,4,0,1,0,187,0,8,1,15432,47,9,7056,437,102,0,27,8,0,38,80,8271,0,13,2,0,63,974,0,375,2160,0,26,0,95,0,0,1,1,1022,6,836,332,0,5,0,167,0,119,2,1,0,1,556,12,12378,1141,79073,1,1,227,9,7,2,39,76,14,99,1572,0,112,262,0,607,1,136,0,0,0,10,0,15,388,435,5,24,2,3515,8,0,4,236,159,31,1,3,97,128,6,3,1818,231,0,195,76,54,0,0,13,38,0,78,0,4,2,0,4,33,8,1,3,2013,0,0,391,289,62,8,662,497,11,1549,0,0,0,0,5,0,17,560,19,7325,255,66,0,5,1433,6,9,0,520,6770,0,457,12,1907,74,460,4,1403,2334,12,0,0,139,1548,3,2,287,27,1152,5,1516,5,9,5,50,3886,0,18,0,33,1485,131,19,6,189,1,720,38,7,2301,1,17,3,109,0,3048,29,17,3273,0,1,17,4104,3012,93,4,693,0,4,0,16,10,23,0,191,144,0,4,14,13,0,224,33,206,0,8946,221,0,9,2,1004,428,1,1332,0,0,620,8,3,1,6348,859,48,0,1,15,29,0,12,339,0,11,261,48,44,7,0,2,4474,0,1150,146,0,94,0,0,67,11,0,25,6,0,2,9,323,0,1,0,27,31,0,0,35,659,35,274,0,0,34,6,1,79,103,0,2,358,82,7437,41,17111,0,1327,1,354,0,196,87,40,141,1049,26,0,62,0,580,0,323,6,0,1,0,0,74,0,3812,0,1,156,0,43,0,185,5,1879,1,65,26,13,21,1,7,0,0,1,0,0,8,12,0,0,3,278,64,4,0,140,0,4,3,0,0,803,3,1514,2,30,20,10,248,0,12,110,977,1,0,269,0,0,0,0,153,1,51,4271,4,11,1125,255,0,4,0,62,55,2250,0,12,0,0,24,6022,0,50,860,0,15,454,284,1,0,17829,2011,269,0,0,2006,138,274,26,0,109,122,0,1838,1261,2239,17,151,70,1,5,14,0,2196,0,228,0,27567,0,1224,124,16,4,17,2,9,0,0,1096,0,9,2144,3,10,727,114,3,4962,3,242,36,0,0,76,417,882,4,1532,1416,0,1834,0,0,1278,20,840,463,1,5840,25,574,0,84,0,0,0,19,1,109,2,36,1207,0,401,3,0,6006,64,5,0,7071,6579,0,48,157,25,516,401,47,95,12,926,0,0,0,0,13,101,0,0,166,1480,1372,0,435,4,0,0,4646,16,7,0,0,60,76,107,7,316,1,31,122,3,130,0,0,0,2,336,1780,267,1,0,2,0,2,175,2245,416,0,7,17,343,1,0,5,13,0,47,43,7,57,0,14,0,51,130,0,157,0,453,3,85,1178,91,0,273,223,45,0,0,86,1,0,277,48,0,319,59,174,133,0,1,0,320,571,1068,3,15,5,0,0,17920,9,0,13,2035,1806,0,0,3,19,183,0,2,70,1,38,34,27543,0,8105,0,36,141,32,44,20,0,63,695,241,33,5662,143,0,927,648,0,21,0,233,0,0,195,0,15,0,17,2,23,20,25,0,37,4730,3620,700,0,0,0,0,21,45,13,0,21,0,390,3026,9,30,0,0,1,719,45,409,0,260,0,1,5318,0,0,0,10600,6192,0,0,9,0,0,443,1019,0,1,0,0,8,0,2075,0,0,362,42,0,9,4920,10,77,325,0,287,2315,551,261,9,1,23860,7,0,8170,173,1,3,1190,5,24,84,130,746,2,457,15,0,52,122,32,177,0,1295,0,0,450,427,16,278,58,2,67,0,259,0,901,23,0,13,0,6,422,0,213,0,1096,908,4,133,0,198,246,5,0,2453,0,1896,57,0,0,0,0,0,483,0,385,37,0,1234,2,825,0,0,0,0,0,49,393,8,19,0,98,47,438,45,0,977,0,0,213,0,0,32,0,13,3,0,1184,32,1,693,250,8,0,1,3,2617,296,0,0,1066,16,14,0,247,4103,0,0,233,0,1,49,445,76,33,599,0,0,52,0,8,13588,406,237,289,35,1872,0,35,0,4,0,1,6,35,0,0,36,7,0,0,29,1136,25,22,696,3,2,11,44,1,2339,0,16,1,0,830,3,44,0,0,0,0,223,0,2,4,4,1,0,367,0,91,7,0,0,108,1,1,11,0,585,1,0,0,18,75,0,115,2265,209,0,138,125,0,0,43,135,0,0,0,651,0,177,0,169,31,14,7121,1,37,0,0,0,79,4418,693,0,0,1,76,1,295,0,346,15,0,125,0,4,28,0,2,14,1047,0,0,52,1,294,481,224,14,63,722,635,4,1,28,0,1184,6,0,0,0,1755,3634,12,17,0,36,0,27,54,0,0,25,8,724,0,59810,0,38,0,33,0,56,67,0,298,7528,1649,357,0,38,176,0,0,3451,5,0,341,42,0,0,57,469,1212,0,1,0,87,0,160,31,780,2701,0,0,12,156,512,0,35,1,46,6,102,75,0,52,4,5,2651,290,0,268,4,4,0,5,0,37,107,0,0,37,3,3,0,52,0,0,37,42,4,0,0,0,179,43,31,375,103,5,7292,1377,0,314,264,14,0,6,4,135,164,158,4289,41,2,0,18,43,216,4,0,106,88,34,27,22379,10,3,9,0,5,1,0,4,61,15959,334,0,1,13,1204,0,1745,83,1,8023,61,1,0,0,8226,15,0,9,0,573,0,0,56,0,26,0,0,160,1,0,20,4,144,64,0,0,8,26477,6,194,5,4567,0,292,16,17,13,0,0,0,0,170,12,12568,1203,16,0,0,0,0,0,159,1,12,187,0,0,88,31,8,0,0,0,0,0,1175,9,0,0,4483,0,0,12,0,180,0,0,35,4,140,153,229,18,0,74,0,75,108,59,0,1781,0,54,0,7168,0,0,3392,0,4,74,29,3372,6,0,101,0,10,85,1,0,0,0,0,0,487,0,255,77,4251,0,50,430,0,3,0,0,0,16999,0,0,40,72,3773,157,3,837,1,0,1,0,175,0,431,1,9001,64,35,2939,0,854,0,5,9,5,3,3299,0,0,8,22,183,5,0,19,7,0,9,272,325,0,0,0,89,2650,474,23,0,0,0,52,266,12,0,0,0,2,34,13,0,0,142,0,5392,0,0,58,0,4,863,9,0,34,96,0,0,175,0,0,0,0,9,32,9,0,0,1,0,0,0,99,12,1546,3,3,224,0,1005,30,4,315,468,0,0,2,265,6,313,6,17,178,0,2,0,498,0,281,3609,0,0,696,4001,1,0,63,4,0,2427,297,2,155,152,1,50,39,2,2933,20,0,298,3,58,8,56,0,1,1,0,0,1,431,212,5,14,398,11,1003,6,27,0,47,26,413,107,102,14,76,0,108,19,1,0,0,36,0,13388,35,0,0,1,303,0,12,441,0,565,9374,104,3732,45,4,0,158,3,226,160,15933,1,15,173,1372,5,1,1,0,127,0,10,0,1,14,5047,8407,0,416,0,0,26,239,9,2,2,18,39,0,466,1,1,0,3,0,10,0,16,0,16,55,0,1,4,0,650,33,521,4,777,13,0,199,751,6518,161,0,315,0,415,0,26,44,694,19,109,0,0,118,0,1000,983,0,0,362,232,217,1501,0,2809,492,41,0,170,388,0,229,3269,2,169,1928,188,8,17,556,4185,1,2,43,0,3,0,0,99,14,0,689,162,2391,0,27,12,1,76163,0,0,2256,0,15,44,118,40,3,40,2,0,4,209,1002,1202,0,6,3,0,0,84,3,0,373,17,218,0,33,363,233,139,1,4,0,19,32,0,200,553,11,8,3,5,3082,18,1,10,77,6,2,37,0,4034,21,0,376,0,11595,335,84,0,4,13,2,10,0,0,79,2,67,1,1319,269,526,0,11,42,2,17,9,1,0,99,335,0,123,250,11,19,1209,0,0,10,2,92,0,200,0,1593,58,18,6,0,673,0,44,23,317,0,676,0,2,5,0,31,49,0,0,1,0,11,664,323,483,5545,19,0,11,0,1268,4013,0,5,24,194,0,0,30,2973,0,0,0,2,59,4,2192,0,490,2746,27,0,12,340,36,0,0,333,0,0,0,0,6,0,19,0,1003,0,3,0,6808,38,1,0,23,0,304,0,27,0,68,6,10,26,0,90,3,15,6321,0,9,7,6827,496,0,1,14,1906,0,0,935,0,0,0,123,85,7,15,32,1293,291,0,0,220,0,0,343,2,7,0,1111,0,2,3,8201,0,59,5,0,2344,113,43,7,4,70,15,380,16,847,111,192,778,613,4,0,0,3,15,0,0,5,57,0,105,105,2,5,0,0,4,7,2920,0,0,27,410,13,0,3569,7067,73,15,55,0,524,0,0,454,8,0,58,30339,4,660,116,1,101,48,660,22,23,4,0,174,337,55,8733,568,211,110,153,13,19,13,3,16,248,281,0,3648,1,15,0,308,0,0,252,114,1,0,28,1,1270,22539,4867,0,0,0,821,132,0,64,1,0,11,1434,817,17820,0,171,625,36,31,14,0,0,134,1888,19,144,19,29,12,284,350,419,123,0,1,0,656,26,0,171,1,0,0,488,59,26,110,2,29,8,4,7,0,15156,3354,0,23,249,129,0,2,0,4242,4,0,17,1,89,72,32,17,6,1,7730,1,7,1096,0,0,71,6,91,6,0,0,0,18918,3,136,116,1,25,0,29,8,0,10,0,316,6,0,5,0,0,1065,24,2922,66,429,47,4,754,59,601,2293,0,821,756,0,2,70,76,0,0,10,253,0,124,0,5604,321,10,5,226,32,11,1,291,0,1979,3,520,3207,2,2,0,459,15,0,120,0,0,49,4,36,20,729,63,2,166,0,8,41,322,0,0,44,0,144,0,0,0,68,85,0,9,0,732,0,0,1525,1,526,192,1,19,0,10,5,49,0,20,0,580,2722,72,7,1,16,1109,1909,1387,6496,0,3030,90,38,2,290,3017,146,0,10,13115,5367,3865,2,1,0,327,0,198,0,5,1349,2,351,2,0,17,0,10,93,3843,4,2251,8,6,33,0,152,5,1,1,4222,4,0,0,4,26,115,0,3124,245,1,0,9,98,576,0,1559,0,0,0,0,43,2287,9,4268,51,0,0,76,3,37,294,0,59,0,1789,1,0,10,12,0,0,1,0,15605,0,10,91,4158,8,2472,3,339,0,1,658,0,4,569,0,0,0,2,19,20,860,0,33,4,48,2,2,205,0,36,2,15,368,15,17,29,9,0,3,354,0,232,7382,0,0,0,0,0,0,346,0,54,488,3,0,0,463,16,49,0,42,4,163,2,0,4,2,13,2,733,0,1,323,0,12,3288,220,1,0,54,82,89,33,5,4642,0,0,1,0,1,0,19,681,29,63,18814,0,0,0,3534,1,0,33793,137,0,324,722,15,6137,70,1091,119,240,0,0,6,0,9,6483,6,0,26493,12,248,4247,296,11,0,0,0,8,0,33,48,0,103,0,0,0,0,0,492,4,3,0,1,4224,620,43,16,13,1648,0,385,0,18,47,0,0,429,33,16,0,2,43,1,0,0,9,0,2,0,4404,0,30,2,10,0,0,0,474,0,0,1,25,0,384,6,1073,179,11,0,1,6085,490,0,1,1,0,70,2,15,4,0,0,0,11,0,0,543,294,0,2,0,624,2303,0,3,25,0,88,2,0,0,119,5138,1238,87,4,0,1616,95,5,675,625,1,39,5,0,7,0,16,0,0,948,67,25,22,6288,0,0,1116,1,175,0,822,68,557,163,0,11,1,11,621,156,274,0,1080,0,0,0,2345,0,2,72,0,0,4,603,6526,16426,1,2063,0,417,514,0,38,168,0,0,0,0,1625,0,0,0,1740,517,0,72,0,253,0,0,122,1,5,0,0,3,0,0,7,0,267,0,1084,173,5286,0,8,83,0,1,0,114,0,1,48,634,0,17,25,753,0,1162,2,11,28,41,1,0,6,3,0,30,2,0,5,329,0,3,0,359,25,0,0,6,0,1,41,0,5036,2,350,34,0,0,0,5,2,0,10113,3044,667,17,6,19,18,0,0,35,1754,334,0,2135,1152,1009,5,2,2,1976,640,0,0,32,224,19,5,0,267,0,1,23,7,0,0,0,6057,15,0,1,2,22,230,0,66,22,6,0,10,460,3297,36,12,34,0,17,76,0,9,0,14,1235,385,0,144,0,0,0,0,24,0,0,2,3,200,2,0,0,32,0,0,140,15,0,1,0,0,9,263,85,42,0,6,947,0,0,337,0,16,7,5,24,2272,43,233,5,0,0,5246,3694,1233,6,153,0,0,4,853,0,0,632,6,0,22,2,15,796,0,1173,1848,162,0,198,0,4,0,17,3,0,0,275,8,0,23,0,9,0,5,0,805,1,0,91,0,5,0,0,0,1,52,4,0,1,0,0,53,40,127,0,1476,193,0,147,80,1621,62,0,13783,2393,7493,6,0,15544,0,15,0,0,3108,52,2305,4,24,0,0,0,0,0,462,0,1,4,167,190,405,708,5,28,0,1,2064,186,78,4,0,385,0,0,6,1,0,260,40,0,12,610,2,544,0,81,0,0,86,925,0,14,0,367,0,0,6,0,13,179,108,261,3,382,22,0,0,0,1,64,1,0,27,20,318,23,9,0,470,203,4,57,1,910,0,0,187,0,3,0,5,190,3,0,2346,0,178,11,280,0,0,62,0,0,0,302,1124,151,1,43,4831,656,25,583,681,2,501,0,0,5,48,4,0,208,1,0,14002,8,0,0,70,0,763,224,4,0,0,68,2,24,487,50,628,678,0,3,0,0,1367,0,5,0,0,2901,11,0,0,11,0,8,5,19,110,276,6,1,1,156,16,0,0,4,13,0,37,2052,0,2,1,15,0,9,256,0,553,16,0,0,0,0,23,9229,0,2550,0,159,471,2,0,229,575,1,1,1398,0,43,0,195,0,0,2402,3,1,2,3,88,15,1145,5,13,0,2,0,6163,2,5,68,844,0,0,290,7580,136,29,7,9,0,8224,72,14,1,109,559,0,0,447,30,454,0,22,13,0,0,3,0,0,25,0,3,70,13,7,5,93,3,0,58,0,87,1457,1,511,297,1172,53,12,1,3,0,1340,167,0,0,7,4,5,0,0,54,13,26304,294,0,1502,38,552,0,10934,46,0,80,4,0,43,157,280,5,0,0,0,9,8774,1402,7,0,1929,32,4315,0,7,1,1,0,349,7434,202,0,9,232,0,2,160,30,0,0,0,63,8,0,0,118,710,0,124,134,248,0,0,5,3767,1476,2,0,41,743,0,1285,0,0,0,0,37,35,28,10,0,108,82,1,3,1,59,0,226,6,142,44,757,59,207,0,197,2,45,0,8,1,0,0,1,0,29,0,58,262,21,12,0,1006,72,16,1948,917,137,22,74,0,1325,0,8,0,0,14991,79,0,1,206,1,146,62,3,3,396,25,5,9,0,2,0,1,630,0,319,222,0,14,105,0,0,0,0,9,1,1780,0,4,2667,46,134,31,19650,66,47,828,0,0,19,2,52,73,10,30,38,324,0,300,8,1,2,57,6415,421,0,0,0,4,0,1,1,0,21,0,0,2,0,0,1,0,10,6,32,15,0,33,16,0,51,14538,952,0,16,372,23,10,0,0,57,0,1091,2088,27886,0,183,0,67,270,2,0,8,0,1116,3,383,724,0,32,0,2,0,4915,1050,2269,41,9,166,33,46,740,220,51,0,4,136,0,177,0,1,0,2,114,0,0,13,0,169,0,6,203,67,0,1,2894,14,0,5,49,0,1115,324,419,268,0,1010,0,645,0,1,97,0,83,6,727,4216,996,1345,564,18,0,0,0,169,1038,1387,0,1177,1,17,3,12,45,40,7,17,3,49,0,4,0,2,2400,76,17,29,0,0,14,6,3,0,264,4,41,4,55,29,7389,53,46,4650,0,65,0,1741,0,389,541,48,15,730,3581,7,0,0,2,12,31,120,57,61,5,5,2,0,22,108,304,144,14,1256,701,21431,138,1643,0,83,68,61,231,0,7,0,11,121,6936,16,55,111,427,42,22,14,1,603,595,22,0,13184,15,5,9,9,31,0,11,0,2,0,22,0,32,0,0,46,0,244,138,18,0,25,0,565,0,799,17,475,358,8,0,0,2,145,0,13,392,3,40,792,3,66,672,0,1957,387,10246,1,31,0,0,0,14,0,0,2,1552,0,402,725,446,1086,598,372,0,2,846,0,62,178,0,2074,0,0,1,841,0,0,94,0,1,34,0,4,0,1299,422,30,0,15,0,1956,34,1,618,2,404,310,0,246,40,0,0,279,20,0,76,1,0,16,2748,11,0,9,1263,1,108,0,11,0,16,4,0,0,245,5,163,31,0,1,0,101,1,174,297,3,0,70,0,18,1,0,0,3,338,363,1,146,31,1987,27,2274,1836,5,1,2410,1113,0,0,118,0,253,314,13,40,26,90,2140,380,0,159,0,1248,4,128,0,0,512,4421,0,636,4931,22,0,1,471,5,634,2,9,0,5389,79,142,1,93,3512,1157,1,0,852,175,18,0,51,57,0,121,287,0,0,62,24,177,0,10,132,78,42,1247,0,210,86,107,7,7321,0,20,10,0,0,0,756,53,0,2,184,329,0,79,1792,4,81,5,0,16,57,1,6495,33,2,44,267,57,25,268,534,3,2,0,12,406,0,1,121,20,22,3,815,53,4949,559,6183,3,183,0,0,303,56,0,1427,3531,67,5,5,22,2,175,1437,209,0,6,0,119,80,35,1476,14,24,28,65,475,2,0,74,123,1811,0,17,1419,71,3,2,95,0,28,10,343,14,7,28,8,75,61,0,9,1,109,0,26,161,1525,0,0,4,0,0,26,72,10,3,1410,0,358,0,3,12,1,0,59,561,0,2064,1,136,46,2,445,88,7,1682,2295,0,325,1108,26511,40,136,0,0,7,0,145,0,19,1,23,0,3011,0,245,2376,0,509,1,0,4,0,36,14085,35,1,1,47,5,1448,281,0,0,7765,5,83,130,367,26,0,351,123,3,5,2,3,39,156,862,0,0,204,79,19,0,50,26,0,0,0,1,1,18,0,3,132,0,0,302,41,0,181,1,264,6838,0,258,9,1,19,1,0,0,858,0,0,1218,152,2,4,0,1,300,242,0,1117,603,7,208,0,3,0,132,3785,210,10,3208,19,258,161,0,169,3,0,160,1229,37,8,0,369,75,1636,14,41,13,739,16,65,58,1163,176,11962,976,1493,0,295,27,0,3,0,3211,1615,79,254,173,0,560,1875,1641,219,0,0,0,16,0,1,77,0,0,109,45,0,98,242,7,4,497,0,21,0,1,39,0,0,16,95,0,0,293,137,12,29,0,0,22,213,291,0,3707,2,58,0,4458,10,893,0,0,1105,51,22,63,464,47,0,0,1,641,0,0,43,0,299,4,0,6,23,53,11,7,1072,157,0,69,18,45,71,14,44,228,702,0,270,59,2611,441,4,0,953,0,0,1,0,42,2,0,0,30179,76,7,0,22742,4,16,0,18,16,1,0,12,4,0,1,21,122,0,0,2153,9,28,43,428,113,27,94,0,1,90,0,0,109,0,8235,0,262,0,3,1,1,2,0,5891,0,0,6529,266,1705,16,3,285,1413,2,39,435,0,0,24,0,305,1060,0,2,33,0,0,0,118,0,660,63,5,0,14,2,72,1,12,433,666,0,16,21,13,8,1,2848,1,3095,5,96,449,169,828,12,29,56,0,49,0,0,237,75,51,3,11,130,49,21,0,0,5,415,0,60,69,0,48,19,34,0,2650,204,10,795,225,0,0,2,0,7,0,43,0,7312,0,7,89,69,252,0,0,633,85,42,359,15,3,7602,0,197,2,2,3,11,26,136,0,3,4943,15,0,283,0,165,2533,0,1868,150,22,11,483,317,4,178,21,0,2,7,0,163,1,4277,1538,241,115,4,1039,0,28,76,2663,17,74,4,5545,9,0,1524,0,30,10,2,3,32,80,0,1,47,0,569,0,0,6,0,259,9,0,0,54,0,4,1,0,0,2520,0,27,3,3804,710,49,2452,0,0,821,2,19,0,47,1,157,0,4,1646,1,0,5817,272,609,3,6511,0,2741,0,0,823,14,41,22,7,0,32,0,2,1529,605,3,147,0,18,0,44,109,100,2380,2,0,53,1,3,8019,92,1,102,5,3405,0,9,36,0,0,943,26,0,4053,54,2,3247,89,2,3,89,21,3,162,53,2,1,0,0,8,91,277,365,23,1,282,238,15,0,368,11,8,5,10,0,929,4862,9,8,0,1006,0,3,846,0,10,3,0,364,0,680,30,20,15,62,2937,4357,82,0,1284,5,468,345,274,0,0,2,0,261,281,701,92,0,3,0,0,4429,0,0,43,0,726,0,0,419,918,12,82,0,91,0,0,475,7,117,2,0,203,8,8,131,25,113,0,0,299,1,0,14,61,50,0,0,1252,0,0,78,0,5,6,263,21,2,63,212,996,26,0,251,0,421,1376,1,0,7662,56,60,2,18,737,119,60,86,5,138,0,3,0,0,0,1,3,395,437,0,71,0,0,139,2,0,206,11,23,0,0,44,0,38,0,0,15,0,159,138,0,0,58,10,15,0,2,106,0,1141,3,0,105,0,22,0,313,726,0,5,0,739,0,175,0,0,0,80,4773,67,475,0,29,39,27,0,109,0,1696,386,1,3,432,50,0,8,0,24,24,0,5,0,0,637,62,1357,7,2,0,2,3,5930,627,0,2592,0,0,37,2111,0,7,29,0,0,5,0,7,0,0,197,26,1971,0,10,99,0,0,10,7,386,16352,0,265,0,2056,0,0,3,104,1204,9709,39176,4240,5,1,0,753,0,43,1405,224,0,4,0,0,0,26,3,508,127,0,0,13,4175,0,10,169,16,0,56,119,4,17,0,446,0,947,696,70,0,16,3922,84,37,52,0,0,38,43,59,0,122,0,65,2293,1282,95,2,0,0,0,128,18,134,37,0,360,5462,20,187,0,0,0,52,16,0,2412,7,0,4,185,37,5,7,2870,2,1,211,4785,94,0,0,5,16,0,12,30,5,805,749,62,259,709,237,0,0,0,0,56,0,0,0,10,139,1521,824,145,13,0,3,0,30925,0,760,22,2736,13,7,1,0,0,2,0,93,0,0,0,4,0,0,10,0,0,131,0,0,378,414,0,553,7,10,433,26,16,0,13,0,340,1,74,1797,11,1,0,1521,184,3,793,0,0,93,5,277,278,507,82,1,0,335,5,0,0,0,251,40,0,3,0,0,1706,6,3496,49,21,76,1,0,598,403,3679,9,3,283,8399,1,527,186,19,49,975,71,0,320,425,376,0,102,1231,14,5118,15192,503,12125,1,270,971,400,0,2036,26,1002,819,346,10,2,121,0,1416,0,1,92,3,0,1,48,32,0,178,0,28,14739,29,22,81,46,386,21,10,1,50,472,285,58,16,0,1,22,28,0,2,563,7,2,0,6,13693,2475,21,0,0,0,1,187,1782,1,332,50,0,188,4,313,490,0,50,174,42,160,82,21,1009,1,6,16,2,195,21,0,0,0,1054,0,0,0,246,310,108,0,0,0,10,191,130,40,0,419,148,0,80,0,202,0,43,321,130,820,511,151,0,5,0,1953,90,282,24,0,1,778,35,1,0,8061,14,0,0,2431,0,0,0,600,1303,41,0,0,1879,11,0,82,0,903,5,3696,67,61,465,0,0,3063,4,669,5,0,5,1,1232,2147,90,26,13,393,1,2,28,9,41,1584,2,6271,0,5,0,18,5,17,0,59,0,287,287,3,0,7600,140,31,0,31,67,1,0,0,0,0,10,113,0,147,0,74,1387,0,0,18,4,109,0,164,2784,22,21,5,41,0,0,20,194,207,0,12273,18,38,139,16,1,0,1,763,51,3,4,552,255,0,2568,1778,235,0,0,401,0,43,9011,0,0,0,3018,0,917,0,56699,17,107,3,0,32,0,246,4,57,0,1311,2517,10,0,137,54,3,2,15,1,0,1,0,132,3,99,0,1,0,0,13,2,191,0,52,1,0,81,6,1,3,0,0,0,0,0,15,0,190,0,195,13655,806,23,40,3,10281,43,69,9,34,359,11,0,1,7,0,257,0,3349,2268,561,17,6482,1,343,2,14,0,0,299,902,0,0,0,5424,8,4,0,78076,0,10129,0,7,90,0,0,261,350,61,521,7,898,27,29675,0,75,0,406,152,1459,130,1511,324,17,584,0,0,0,4036,2106,0,2202,119412,14375,966,70969,2310,110,21,396,1,1896,1,616,0,17763,73,0,1,0,289,0,768,3336,0,0,506,21,2498,0,410,0,1,1817,0,3,2101,101,0,0,0,387,0,279,0,293,363,62,271,202,1,10,0,8,2078,0,41,59,1,49,0,4570,15205,64,1,38,0,12322,0,0,12,27071,25,3,12035,14,23,2,35,87,18405,87,2,20,45028,1,79,6,0,0,18,0,30676,0,4,120,11,2,0,397,0,1346,0,0,6,0,0,173,0,64,69,81,9259,8918,19293,2,0,2,49997,1,0,0,0,21,1232,14,0,2,12,1564,56,1,105,0,187,0,0,587,154,61,0,0,89,681,8987,305,5302,20,3,0,0,0,6,1,19,23,1,2928,0,0,0,87407,10,16903,4329,0,0,0,83,7,4554,715,1754,285,3,0,0,0,367,1163,8038,104,0,1143,748,80,42,1,287,0,9683,2,0,0,107,137,2,159,0,18997,1027,1038,98,6857,0,0,74,10,24,633,14852,0,38938,1167,298,1,0,5,402,0,68,9250,29855,12,756,272,1,1177,234,0,308,10,2,0,517,1,153,0,2,408,10,0,0,1324,37,2,22,475,876,0,0,0,0,0,0,0,1642,447,11129,1835,202,2,3599,153,187,0,0,0,1,1351,69,0,11622,20703,14100,1,695,0,591,32,3,21,0,282,0,0,12252,3,0,0,30,0,74,1,2,7,3434,3,0,5851,595,27912,80,472,7547,15,4080,82,40,148149,6,3,0,0,0,70,4,20,8,781,3168,29979,1801,961,486,49,2,1,2,0,0,0,14,353,27339,489,0,2405,94,0,110,4185,0,8,0,0,18,2322,0,30512,0,0,0,227,13342,0,11,0,0,0,9,11,0,2,0,717,986,0,1,1037,110,0,13,0,19928,1,0,185,0,193,0,938,6,19,8,0,822,20,3,36,26931,309,84,964,11,0,56678,0,20800,0,0,1479,1,0,3,0,22,1459,0,4,294,117,0,0,2290,0,43,0,30147,0,0,0,0,67,135178,0,4,13,430,2,1190,0,1997,0,29,26057,257,0,0,49,0,99,2,1235,134,85675,8,21,5564,1126,248,612,8,0,0,7027,1,0,0,31568,1,64,0,0,38,116,1,0,0,0,3,28751,967,4,84,361,17,2,0,306,4949,4,1,13106,15376,53585,0,0,802,0,0,2713,11,2,0,2534,0,18303,19,267,8,5928,5,309,1,2427,2,2,1,4,12,169194,3523,47,0,25152,43740,585,1501,128,0,3,456,12727,0,0,0,0,0,3,0,4,0,0,1,0,1,201,1,6,9,14,0,0,13194,4,250,78,0,208,0,74,441,27331,0,0,32,0,0,9277,0,31,0,0,1875,0,19,0,0,24,0,4613,57794,2647,2254,11,274,0,0,97,0,0,0,18,1,41,16736,0,58,43,21,26,6105,19,1,1414,0,0,0,23232,0,2,0,617,132,68897,114864,0,146,0,9,25,0,184,0,53966,3,125,60,7583,4,0,5,5,6,35,0,42,6,0,4,1,84,27,0,6,61,101,0,13839,0,1377,0,0,0,1094,0,0,3,8881,0,1318,1,21069,0,12,1456,3,3071,0,0,2,67,99,1224,0,168,131,0,0,68,23,360,20,52629,140,3,73,0,1241,0,0,1,3,12,178,9,0,2537,0,2880,0,7,908,553,6516,1579,22,29,78,0,0,1146,553,0,0,2,0,0,6394,0,0,0,0,18207,1,151,134,0,20,90,0,0,47,798,1,9536,0,0,222,73173,0,219,66,235,0,415,41,633,42,67,1629,46,0,178,0,2,3,139,42,4,691,1,63,281,0,0,0,15,5,6,2,388,140,9421,0,0,29,214,6,53,0,0,42573,1,0,172,827,1,0,0,85,973,24,0,13,2,3,8080,541,23851,0,275,1846,0,4070,64505,5,107448,36027,23,1,0,16,0,5,2,6684,82,114,2,0,11866,0,5864,5,15978,42,0,2798,411,0,239,0,614,96,92,9,294,6576,8678,0,1809,4,3992,184,90,2,0,0,61613,0,0,0,0,0,641,1062,0,1609,49,0,431,0,0,0,9,0,0,16,0,81,0,4,0,1,0,19,81,898,13,1,1608,344,1204,0,19,2,10822,0,148,0,0,1101,440,10,2,62,219,0,568,70,63,0,54,259,0,1,33,0,18,2359,0,10,19323,0,6,0,23,0,574,0,3,3,11,7,860,255,275,29,0,26,47,5,9904,0,257,22,2,0,0,0,1,88,25,566,3,314,6261,0,2967,0,9,13243,1,2,808,1,708,8532,4399,29,1703,174,0,3308,2,193,3,336,260,38,140,0,245,308,5527,0,50,57,55,0,0,3,1,1,3281,0,316,0,0,0,2,1374,7621,140,0,0,151,1,12,1,207,0,117,0,577,585,1,33,2,5,0,11,1428,11,0,103002,233,92,2258,305,10,0,0,1,1529,0,0,54,229,0,3543,4,7,1483,0,794,0,0,0,6069,3139,3,281,2,0,2485,116,3324,0,131,0,5666,0,36,3630,0,0,0,5487,924,34,0,1,7906,13,0,2043,1,0,0,13,390,5129,70,1,740,241,0,0,4,1001,0,2,0,1853,3452,0,1,0,12784,0,0,0,45190,0,48,0,67908,6,11,1955,12098,2,0,75956,3,1296,9,0,51,30573,4,149,2,538,0,92804,0,25,3,236,8,70,0,2,0,0,0,149,7734,0,2,337,1225,1413,0,22179,0,23353,0,0,0,8,0,0,0,653,36,719,1111,25,0,116,78,0,0,976,0,35,7622,0,28167,0,0,320,9367,1,4196,6,1,25,6452,0,0,0,268,27,1,0,2,743,0,184,42,5743,11,0,292,0,0,7,3,33,0,23969,0,5205,1,0,8,177732,4,233,6,0,14,804,1,29,1980,656,4,6,0,0,38,2432,1,7,97774,1,0,84,8,22,670,0,14,2,10,1112,4,97,1,524,31,4,18,296,2712,9587,5347,108,0,7289,247,0,0,0,0,39,0,64073,391,5,89968,2171,614,131,1,3950,7,0,0,0,25117,37,760,8642,0,110,81673,88,0,1291,3,2,322,1,77,0,188,0,0,99,2,1548,1,0,811,3604,781,0,1,4850,111,16,3050,5,0,0,11,669,0,0,0,49,2306,0,0,1,0,461,0,0,216,5,38,5,0,719,2714,0,69,1239,5536,2834,5,9,0,0,3673,2,5,0,3,18,3,20298,11,0,1,15,0,577,0,1,5,604,0,5,3,0,85,865,32657,133,217,0,0,1,478,5,0,2489,19,444,54304,6,13,0,37,1,61,1074,92,41,13,472,0,0,12,196,0,259,0,2464,0,0,2744,324,0,429,175,775,6,1331,45764,0,25329,69,0,151,0,21,2528,112,1,0,121,2,61,0,380,105,14,1444,0,49,10,747,6450,130,209549,6,0,681,0,5,0,5,1467,1,59,5572,4,361,8,24,6,142,200,10774,0,1461,10099,7516,38,0,16,0,3,502,0,280,10,0,0,0,88239,1963,847,0,0,24819,0,75247,16,96,0,2,3,58,567,38,0,20,131,20,3,51,30,0,41714,9,0,1,1194,1583,51,39,3438,0,1,0,17,18582,0,2,61,0,0,382,2,19,0,59,1,319,29,11189,0,2,0,228,11218,6,636,47,0,776,652,0,78,0,0,8,69,118,0,64,13100,0,105,2,0,112,10311,0,0,656,1317,56,295,3,11285,890,0,0,44864,86,0,365,0,6,0,8252,1,10,5,4,0,523,293,1561,34807,0,1,50,47412,824,1523,3,1,0,24,45,2,0,0,47981,0,0,0,92,0,97,4,0,37,184,28,423,2972,506,0,0,0,0,39190,12,0,231,547,860,0,595,0,0,45,135,190,0,6,1614,1072,0,4,1144,10,40867,0,0,0,3703,154,12,0,0,0,16,99,1835,0,15,0,0,0,768,4,0,6087,263,0,325,714,2174,1,183,216,11761,0,5734,1,146,655,361,16,2,46722,1,0,0,332,34,14130,0,448,148,14029,0,1,0,578,5,7810,20608,16,2366,0,83478,0,964,415,0,98,0,94,0,177,2,2510,20,7,2059,52,7058,18392,0,0,0,54,0,186,0,434,33,19,8,3,12,0,0,703,5,1122,282,2,175,702,1605,4,728,3552,2667,1,28,0,0,2729,0,0,9,2,85,46,240,19265,0,385,5,16123,428,6536,68,0,7494,0,2,1,0,389,103174,0,1109,827,35,171,3067,4788,0,0,195,2181,0,0,0,1457,357,7,213,74140,0,23,4,118,5,1827,0,96,735,47,2,0,0,33313,0,0,32,0,27248,6,1131,19,32,157,0,0,104,5,310,1378,50,0,66,0,0,3,4,0,0,131,7,246,8141,53,6,1,23,69734,36338,6,0,13,270,1,678,0,1823,21610,0,3,0,1208,2,0,1,3,21451,5330,40270,168,0,0,3638,0,2,0,17,28303,0,9,359,1,0,4,0,2,373,867,6,2994,0,27,0,0,469,1,7,0,0,53997,17,1285,0,1164,68,2434,11532,0,28,70,0,110,209,314,0,0,426,6,6,0,68,544,4,60,355,1,88,0,17,195,0,14637,0,0,222,1,4,372,646,122,0,2359,0,0,0,0,1142,131,3825,0,19,0,2,1172,2678,0,0,145,1,438,4704,830,0,48,103,0,22116,39,6382,110,17,146,23623,404,0,1,9,0,57,4,2,2,0,32,611,0,34
0,120,0,0,14,0,0,306,619,1,0,71,0,0,96,18,4,5,0,7,37,5639,4913,0,0,5,0,649,0,1,24,0,48,2,2953,1,0,0,3,2,854,0,3,79,48,2,3,0,0,0,4,1887,292,98,298,0,0,91,1,2,6,3706,1,829,0,0,0,0,818,155,0,3107,233,44,555,301,0,4,14,0,2,0,89,17,1021,0,0,4,4,0,48,0,4,0,0,0,0,0,0,5404,4,3,0,1,0,566,0,3,16,0,2,0,1156,996,0,65040,679,7,0,63,0,2,86248,16,365,2,155,4,240,2834,0,2,0,0,0,21,0,0,0,2,11183,0,0,7765,15126,12,0,0,2,3,3,0,1,0,5891,0,0,0,1773,0,8,0,0,3,18,3,2,196,0,51518,9,0,2922,1321,19,2960,569,161,24,965,0,4,1,1,0,179,12824,449,2,3,2,49,0,0,1,0,0,391,5,13,0,286,70,59,350,0,4734,0,2,143143,34,0,0,1,232,0,41,0,9,3,47,0,6,0,40,366,79,35,0,0,1,0,0,21308,395,0,2,0,951,8,0,12975,6,1,80,0,425,2,152,0,0,1,0,29,2,74,27951,2,462,248,4,1,30,0,21497,3,4924,0,0,0,0,59,48,10,62,119,331,1,0,3,2,0,0,9,323,0,0,0,0,548,7146,2,126,32,0,154,35,1,75,1,2,34,18,0,20,333,318,110,9,156,3453,80,0,0,1,0,0,12,1,0,1,21536,1126,87,1,109,536,0,859,52,0,0,0,6,184,1,0,4744,107,61,1,0,1,3294,6,40,0,0,0,0,2851,24,13453,2,1,18,428,551,353,0,1609,12,0,28,13842,5554,0,2,146,3731,8904,18,125,6738,9661,0,6,2,83,55,0,9,6,0,96,1659,0,0,167,558,233,0,0,1,28,0,0,865,12,14,12,0,10,2,14,0,1216,3402,104,25,13,0,1,0,0,156,0,1,3,0,17,6,1,37,1676,3183,880,157,4705,0,3,0,35307,251,0,2,0,4,0,2945,24,0,0,5,978,0,0,0,3,1,9,1,0,0,4513,0,3,12598,0,9,123,46480,0,1,0,29,10,34687,108,1412,117,6825,314,0,9,9957,0,12268,14,1,1,164,0,0,17,2,92,0,6,0,76,28,0,6,1,0,1302,0,535,0,5,0,2,265,0,0,0,4,0,0,1,0,0,194,0,51,0,10,0,2,5,2,1401,3824,0,2,0,0,968,64,2,3,888,2609,0,0,0,32138,0,0,708,2,1,3133,0,4,0,0,80,172,0,124,70,85,1621,1982,56,0,0,135,0,9,2,1,256,417,1,66,959,0,79,2,119,0,0,12,1908,0,19,7,0,2,124,124,1,654,6,11,438,707,1,0,126,8,0,1,0,0,0,244,549,2346,0,0,0,206,0,5,36,48,0,0,5,0,58,1715,1,0,20,1392,0,0,2,513,7000,1560,3,0,982,1,3,3468,0,0,149,294,0,39,2,0,0,11,1439,0,30,108,7326,4,3219,86,1,0,2,0,128,3,0,637,3432,73,0,0,1974,13,13,973,0,702,21,0,347,9002,0,1,0,111,5,0,10848,2,0,5,2,0,0,0,26,0,66,754,0,1,0,5588,0,0,0,3,0,0,33,42,0,1,0,0,655,447,16,69,0,11,147,0,0,0,348,411,0,17,0,0,0,1,0,4,6,13,258,1,0,486,0,5539,2673,0,0,154,26,0,0,347,22,3,5,0,54761,0,863,0,463,0,0,8,0,1003,19274,22,91098,1,0,42,296,16,3,4,153,10,94,0,1,0,230,1,4,6,589,2,0,4183,462,229,0,55,0,0,64,36,0,0,171,3,8,18,44,0,2,1985,4843,0,29,354,1,0,6150,3158,0,0,1189,0,2,0,4,0,1,48,3,2,10,483,953,1125,108,0,1,21625,6,0,0,134,28,539,2,908,8,8,27382,10,10,0,0,235,78,0,113,2398,782,395,232,0,33,82,22325,0,7517,853,164,6330,0,0,3,1,0,0,2,40,1,318,10,0,0,582,0,1,3,1,8,0,4,29,0,1,2,0,0,2857,0,1868,0,198,96,182,105,0,5,3371,0,2352,1220,0,1,200,587,0,51,0,4,0,240,0,0,0,1,118,53,0,368,1,0,28,0,0,0,3,0,291,4,0,0,880,2,0,2682,2,59,0,1,13831,1,9,0,843,1,10,4252,0,53,23,716,5,111,1,0,6,20,106,1,0,0,3,377,0,1,1,25,32,0,2,0,0,1219,15,699,13,4,602,0,0,0,73,699,0,0,16,10,0,0,9,4,11,1744,4010,6807,0,1,838,113,2115,0,0,1352,437,2502,1,0,102,0,0,566,0,7770,0,68,0,29854,0,84,192,193,0,0,76,7360,0,0,1618,3802,0,541,0,4,43,4991,0,601,1,52,1,2880,102,0,0,1,10,3,30,35435,669,1,35,0,0,11688,0,0,0,2065,325,34,302,11,0,1,15770,4,0,6,1355,702,0,57,1485,948,0,0,17409,16,0,0,1,55,14861,2,1364,2,0,152,0,817,2,0,0,793,15,7057,79,83,4,20,0,77841,545,23,970,1632,0,2,1,4375,0,11,0,0,0,559,1,0,488,3416,0,25,139,46,0,22,387,53,4,0,0,0,0,1,1,1,0,463,99,28792,256,0,15,46,0,5,0,11,0,33,8888,29,0,1,3,623,0,0,4189,0,0,0,162,678,144,0,0,0,4340,0,0,4,0,5229,3,3038,18,718,44,26,2607,9,598,394,4,0,0,0,0,747,673,0,0,216,2,1,0,0,2173,8300,14,10,1135,0,0,4,37,6,0,0,2,960,0,26,125,0,0,12,0,0,101,0,0,34,0,14014,0,108,0,0,196,23,0,12,190,0,1,0,15,2,971,10761,0,6730,2514,37645,0,2102,1,0,0,0,3,7,0,3,2,0,1,45,0,505,0,14,1,0,46,1,0,2785,434,0,42,605,1,25,23,0,651,826,18775,249,1400,7540,0,3,34,100,0,76,6731,0,3,12,135434,4633,27,5,348,3,0,4,7,0,10,16,0,100,30,664,0,0,5426,1,0,3,5,0,14,0,35,780,96,309,7,90,0,248,0,21,0,193,38,1,0,530,93,37,2,0,9,9,0,0,0,0,2072,1,0,30,478,0,2,0,1,0,0,1,3,6,862,59,0,0,8,47,4,1,0,3,0,37,0,0,21,0,59,0,0,0,0,1,750,0,0,111,9,0,767,170,2,0,19,6812,0,0,15957,2,0,0,27096,127,0,0,36,6,0,136,1,1,1,0,0,679,6,1,8513,1,217,0,27143,0,34,8888,142,194,5,6703,0,0,129,3860,3,9,3,5,10608,1675,20,4,0,10486,17,0,0,3,4,0,117506,6048,0,762,1,0,0,17,0,2,0,6882,28,77,733,0,0,5,992,7009,8372,10,124,40,4130,55,287,8390,4,1,0,0,0,0,2,3861,0,0,0,0,2,6,123,4,0,5,2,14,14,19,82,0,3996,0,0,161,1258,0,426,0,0,0,0,0,0,1973,43,37,0,0,274,0,0,18,0,866,10,2082,2617,5,0,149,48,9,5,219,8,0,394,0,492,9,0,0,0,0,3,0,0,0,0,17,0,482,0,1619,0,454,0,2,63,8937,47,2,9,0,1,478,0,1,0,6,0,1,10,0,7394,0,220,0,1,0,5880,4,0,0,8,1,10133,1,252,82,2,0,45,0,0,120,0,1972,0,0,5,12,57,9655,2265,52,427,0,0,2797,0,12055,22190,0,0,0,0,0,1,2,19,0,5631,22,5,0,5,0,1,0,334,2003,85,0,5,0,724,0,195,338,0,35,3,0,20,0,3089,4,43,27,35,0,14,0,246,918,17658,0,2681,0,12663,0,1306,1,0,0,0,0,0,1,30,0,2,0,19,0,830,0,1312,98,0,0,0,11157,2,0,2,4547,0,330,0,16,8126,0,0,87,0,51264,0,2,0,15,0,0,27,0,0,0,1210,46,9,0,0,0,2,0,0,181,0,2,3481,30,0,767,17,347,0,12,0,45770,0,0,0,169,24,29,0,1,0,21,29,1,7,16,1,0,6,76,105,11215,0,0,22,202,20761,4151,0,43,566,12,0,0,0,0,0,0,67,0,0,0,0,0,0,0,10,0,6,60,7,0,0,1994,5,1260,28672,0,6769,0,0,2573,0,5,112,0,82,0,0,1,0,0,17,0,193,3,2666,57,0,3,6,112,2641,0,2,7070,0,904,5,83,160,1676,1,4029,4379,18976,15948,15063,8,34383,0,163,0,23,1,0,13,0,0,2,0,0,6568,2716,0,17,0,1,0,0,653,1,1,4,1,3,2,0,33,0,1,0,115,0,36,59,0,0,0,1,0,2,6190,0,0,59,3279,25,2842,11,235,1867,1,1,0,0,0,2,0,11971,1,0,5,85,8,15533,1833,0,9,1,0,0,130086,322,0,0,21,1,0,17,0,1,17,0,1,9,19,35,13269,0,1,269,0,7,0,0,0,68,0,51,0,743,0,0,0,1903,59,3,0,0,4,2388,4439,1,1,3,0,19,0,2,0,0,7677,7,189,0,23,1,3331,1,0,0,11,9,23,2,0,17541,8,6,12,0,4,1,0,0,1,0,148,378,1,5784,4,11,324,0,0,0,0,1,5,27,12,0,14,96,0,178,1049,13,0,2368,4344,81,21309,0,0,0,0,0,12,3,0,0,763,17840,1,1299,163,778,12,433,1338,0,0,0,0,331,26324,0,32,5,4,7836,286,8,190,3665,322,7224,3953,53,5515,1,0,0,0,76,5,863,0,78,144,0,228,285,0,36,406,172,183,0,0,1639,7909,0,8,14,1,132,0,13,0,1,111,3,179,2,27,0,0,9,1524,1,7,0,0,0,68,5,152,6,0,0,2217,822,0,10,207,9531,14,21,0,77,0,0,1358,0,45,2,0,24900,3107,0,1052,5,123,0,1,448,0,2,2583,129,1,115,9472,1,0,0,0,5771,52,0,848,1,1,24,0,5780,17439,1,10,3,0,6,0,0,0,0,0,26183,434,4,9,4914,0,1,591,0,0,3,3,2094,0,0,0,0,2,0,722,5,0,2814,0,0,0,167,119,0,3,11,75,0,168,25,1315,0,0,3,2,0,323,11,5,2383,0,0,413,3,21,2520,0,0,1280,34015,781,0,6,0,560,0,0,0,0,0,8,113,0,222,3,29,0,147,3,913,4,1,1702,0,16,0,300,20,70,4,89,0,10,0,16,1,0,0,18,0,1188,105,1,0,701,308,20618,71,6,58,21404,0,26,0,0,14,223,1,481,378,8,2,0,39,1,0,14263,0,0,7,1,4,0,0,211,0,96,0,1095,4,0,0,5,0,1,3,0,0,1,0,1292,896,908,4,1104,174,0,7439,0,664,1130,0,3918,0,13,0,86,0,12,0,0,360,0,4719,11,7,586,0,30,23,642,797,5,0,0,0,25,3,3,147,5,1691,0,1499,4,15,0,990,1,44,70,0,608,34,659,6,75,2361,0,2030,0,32,0,2,2,0,0,1186,3915,472,0,0,2940,2,5448,0,816,371,11,267,0,67,0,7,6,399,2,21,923,30,1886,23,57,2,0,0,0,3,0,0,0,0,112,0,15449,0,2,171,1,0,2376,5377,5,0,1,1669,1,99,0,0,1,0,0,10,6,0,0,1742,1,0,10,36,0,0,1,0,3,0,1273,0,0,0,6,2,3,0,0,1275,21,198,1,0,110,0,34,4,0,12,1,0,1,1356,2143,0,0,680,13,8,0,0,8,7920,9,13902,6,3074,96,1233,82,1,1310,7,0,1,0,6,0,7468,0,0,14,32312,28,4627,0,33,143016,0,7,23,0,13,0,17,11381,96,0,1,0,85,0,6109,0,20,7,1,197,30195,6,557,0,6,0,438,2,0,17,0,1767,0,692,8,16,2728,1,26,11624,40,0,5,75,1,0,4,136,1867,1,18,39022,0,393,1506,0,1,24,91,0,3,8,4,239,5,8,0,570,0,144,1,0,48,0,0,0,151,6,613,1,152,1,191,0,199,0,0,0,0,0,53,0,158,899,1151,0,1044,1665,35,0,0,4,0,0,0,0,85,10,4,1,273,34,1294,4,0,10,56654,3,0,25,26,1,1219,1827,0,22,0,5,0,1,0,540,0,0,0,0,8,21,312,52,0,22245,0,0,10,39,62,31,32,0,2,70,0,11,16,33,18,12757,0,723,0,2275,0,225,11,918,0,20,168,97,1733,0,3,0,195,0,1,2,7465,0,0,0,0,397,1,0,798,163,2602,0,0,36,0,4,17,3,30,0,0,11,2,1813,1,170,8723,1,9,55,0,82,6,402,48,0,0,0,42,3374,0,498,628,60147,4,1045,0,22,0,1097,2,0,2,4805,3872,1313,0,199,4,0,8,6692,3364,2,1,19,4476,0,0,286,1,29,1,0,0,0,3,22652,0,24,0,1,29,559,0,0,144,0,944,46,0,4682,0,0,14810,1,273,5,0,137,17,0,0,3,167,1,2,0,4,3,3,95,1,0,0,94,1,23,1,0,992,13,38,31,1569,0,109,0,16,3,161,286,3906,0,0,0,0,0,1,416,3,0,221,0,292,1,1012,5,23,24,178,0,0,4,0,11,5411,34,594,0,11,14,33,0,14,0,0,1,0,1,21,0,68,2,3,2,216,0,5,103,58,10617,299,5,4,0,7075,1,2,55,7,38,0,0,0,381,0,165,8,44800,0,476,1813,6,0,0,0,5,1,0,1,63,1173,1193,6,12,0,5403,0,24,3426,23,217,0,0,8,3,657,0,5,30475,1376,6,27,173,1,635,0,0,46,1,3675,0,0,0,2,0,1,5,1,40199,34,0,418,0,19,0,5,0,9406,0,119,0,1,0,2801,3,0,4900,8,4,3656,5906,42,3809,0,91,2,0,0,2,0,0,757,1,642,5,64,1,0,57,0,71,4,3,0,0,8,2,5,1015,39,189,10,74,0,2,92,0,57,0,3,0,1,128,3,1,0,0,7797,0,0,274,0,0,334,5,0,0,0,0,132,0,0,0,1,3,487,0,5787,115,0,13035,0,3,313,5,5,0,0,0,915,6,0,540,0,1,0,25,0,0,0,9,194,4,0,15,107,0,26,0,0,483,0,13,7,4,18780,0,0,5471,0,3018,217,5115,4,0,0,0,0,0,2,0,21,0,1120,0,0,0,1,28,0,539,0,4,1095,18,763,0,848,6,0,15,0,54672,0,0,0,4,0,412,6,3,1432,208,0,1,0,0,0,0,0,6,6,4530,0,40,0,12647,1,0,0,0,1,9379,0,1,2,0,32,4,46,610,0,40,1,0,25,19,4934,0,2,1,3,49,3,341,604,512,22,1,0,1,0,0,0,564,0,323,1,0,0,0,1051,0,0,890,0,3,37,1401,51,0,0,2461,1,2770,22,11,0,1,0,0,1625,0,15,309,0,0,0,39374,0,0,1,0,0,0,3,22,16367,5773,0,0,0,5,8,0,0,9,1030,3,28,15,7883,20,83,133,151,3,38,30,38430,0,25,14,0,1,6,0,0,0,6,82945,10,225,486,1,14,218,249,0,0,5,0,0,365,1,7,0,1287,15,0,1,2,2683,5049,4772,809,2,2,6,287,0,10,2749,1,32,13,0,0,0,0,0,1,25,78,7,48,1856,1662,0,5,0,0,0,1226,115,2,0,429,1450,268,35,24,0,0,835,0,0,0,3759,11,0,0,16344,24,5184,0,218,0,2233,24275,0,0,0,0,0,0,19,0,0,0,52130,31,32,0,2382,1,0,85,4656,13,0,56,0,0,19,0,10,26,1062,0,10,7,2,197,0,0,5,41,108,0,17,19,15398,6,1,25,0,4,4,0,0,2,2292,0,1,17,1,0,0,0,0,0,0,22416,82,18250,0,35265,41,1,0,43,1249,0,2,0,0,6,324,0,1,41,0,185,2,56,0,47,0,345,97,1,188,0,0,860,0,0,12,0,261,0,1648,22,9,0,0,31,333,8,730,1,0,0,24439,0,31,866,336,0,0,313,1396,2,0,0,0,0,21,9,13,20,42156,0,3,732,1,7,176,0,0,8309,27,5,1,0,23926,1340,0,369,4029,0,22,7004,0,0,7,0,1,3786,6,1,0,47,5118,12,3250,15,18,0,1364,109,12,165,41993,884,741,183,447,287,4928,8418,1973,0,0,14,5,43,70,0,0,44,33936,76,231,1714,0,0,100,0,2,864,0,0,6,1506,35,0,4881,1651,2577,0,0,11545,1,0,74,0,8,766,2,7,0,4,0,10,7,20,1,504,0,1,1,23,36,94,0,8,719,112,0,1,62,19,4,1,607,649,4815,182,2,560,0,0,4469,58,0,7679,0,0,82,0,1,33,5,0,1,7,20157,751,0,0,2683,3,20378,0,0,1896,11,0,299,2,0,0,0,1,0,71,5233,0,19,14854,3534,0,1,0,6,3181,0,2,1,1743,109,0,1,0,0,1,0,1,0,0,525,3,130,7104,0,68,0,4,11,2,732,1,4,3,8,3,0,732,143,125,5,0,361,1,12,3,7,22115,1,14,42,0,1,0,3,52537,1418,0,1282,47,3,4,0,355,7,50,14,7,0,0,3,0,7,677,212,893,1,3,25,3,24,0,1,316,0,56,0,0,3652,148,0,7,1,0,0,680,0,45,0,6153,56,41,0,25,0,0,0,0,0,33,4,0,1,0,3064,7,711,839,16644,1,0,0,13,0,6455,0,0,276,1,0,0,0,3,0,2,536,6,1218,1,0,0,3,2,0,7,2096,0,414,2382,48,0,8,0,2,0,177,53,24,0,0,43,0,35,5,0,4,1564,21,0,5,1,1,2,0,0,802,1,20,73,40,3256,3513,0,7,1,0,54,689,90,24,0,0,3,4783,127,1978,7,1,0,0,10,0,0,37,0,0,0,0,0,3,0,1,1,353,17,0,0,8,68,0,4,0,0,49,0,0,144,0,0,14,51,0,269,0,57,9234,4,0,1752,285,5,333,4742,92,1,506,5,0,0,66,0,0,23,0,0,594,1346,8665,1,5314,11900,8,0,629,0,7865,26,0,0,97,6965,2410,1,0,1508,0,0,765,1,48,161,1,10,10297,44385,6,0,7,0,0,900,0,250,0,1,0,0,1,0,189792,1869,107,8262,0,85,4944,393,0,0,0,53,0,6,3528,14894,27,6,6,0,73,3,0,0,5324,13,63,0,0,61,156,35,116,0,7,0,2,8738,0,1,0,1,54806,0,0,0,0,597,0,1580,0,0,565,0,0,54,0,66,24,3,0,2,3,0,11,13,0,230,1641,52,0,10,0,1502,2,0,17223,41,25,117,12,12,4895,0,0,0,0,1838,3,0,0,1,6,0,438,0,107,901,36357,5,0,29482,0,17,0,397,79,531,596,1364,0,22,1072,151,1,212,1258,699,1859,2,0,0,10,85753,5777,0,4372,0,0,5,0,0,6,66,0,0,0,0,39,4,4,7,1,81,0,26,4,0,54,1,3,80,6,69,0,78,2,12,273,617,0,227,0,368,1,0,24,158,0,10,30,0,1,53,0,34,0,0,0,27,9,1928,2748,1,0,293,0,759,9,2,113,1520,5484,0,10831,0,0,4,1,0,0,845,4,0,3136,3568,5,9,2921,0,0,10,616,0,53,0,0,4,0,0,122,263,29,3,0,0,217,105,0,4,252,3,0,15940,0,7,0,0,1425,0,124,0,12,3,1,0,0,0,1,1,5934,0,2,789,2,26,145,0,0,0,0,0,1,0,1804,30115,5620,1,650,0,0,3154,354,0,4,822,744,0,3146,40,0,164,83,0,2762,0,2,3,0,4,0,0,0,0,0,185,0,22,0,6469,4,19744,4219,115,34115,0,0,0,2,0,1,0,0,195,678,0,1117,0,0,0,198,1,335,161,0,0,7,601,1,40191,11,1,0,0,63,0,0,17,0,0,0,302,0,4,1,1,642,0,0,1,1,27846,9,4385,2,1,3947,273,2627,0,1555,0,7840,0,0,0,3397,107,0,1,0,73,2131,9,2,0,0,0,0,2,1252,732,13,143,0,4321,699,0,0,0,0,1516,3,0,0,4,1,99,0,0,7399,4,0,64343,6,0,2,0,12,4,0,16981,0,5,61,702,4,5317,2024,3,0,0,4,56,0,154,1,192,16,1665,10435,0,0,0,4230,819,0,0,5,0,0,2,6,3,0,0,0,0,2,48,0,0,2,0,0,107,94,431,6,10757,4115,2,0,0,6139,93,2978,0,2,1,31,2,12,0,0,0,7,1,0,1,1,6,0,2,212,9,0,1136,68,0,0,824,7,8386,12468,1366,1,3252,19,1,0,2,30,1,1,119,0,0,5,651,0,1801,45,0,0,1,0,0,5419,1,1,623,0,6,0,0,17688,3,0,4,0,0,1,0,0,0,173,0,0,2,12586,13385,0,146,25539,3,1,1574,0,3481,0,55,63,0,5,11757,0,0,0,39,3,1189,21,729,0,0,0,91,1059,2,0,3,75,707,0,0,3,23,1,185,0,0,2875,1,0,1330,19161,4,30,39,0,17,1994,5,4,0,2,42,7830,1,2,3,0,0,1,11,0,0,0,8658,1,22,0,644,0,0,15,216,1,13945,0,1,2,3270,1,54,47,11,0,5,3,0,0,0,1123,2,0,4213,547,3,112,0,834,3,11165,0,0,0,237,160,0,154,0,1,0,0,2,0,0,2,4,3,0,191,2138,0,20,1,0,2389,53,37,0,8938,634,21,4,386,0,1,134,19,0,8821,2,0,2,1,610,489,785,0,1,0,1354,482,0,1,0,110,202,0,4,0,1352,0,0,5,6,1115,30129,2,7,3059,0,2,4,2,0,2410,180,1,0,10,1537,4837,17,900,5,1,8737,0,0,49,0,0,0,41,0,2,7802,0,8,1,8165,14,7,0,945,37,192,2,0,1056,669,14,0,29,8,0,1,8,0,13823,0,0,0,37,0,8,3,0,10618,0,658,8,61,0,4,0,0,0,2107,2,0,558,2,0,60,1,313,0,112,0,0,15710,25,57,5,3155,0,4894,1758,103,7,140,122,55,204,0,0,0,24129,1191,2,80,1,1,0,74,0,0,0,0,2,1,0,3,1334,80,72,112,7291,1,17,2,0,1557,30,68,9,14,27681,164,5,0,5,0,239,0,40,25,4127,0,0,0,100,0,5,35,0,1,5,0,129,0,171,0,4,7,1,376,0,0,2880,0,3763,0,0,0,0,1,7771,0,0,0,2066,6,12,0,0,0,865,1,0,18,642,0,2,244,12128,478,10,97,57,4,3562,0,13,251,1,0,0,19,0,12,0,13796,16,0,3127,0,921,35500,92,190,3,49,0,2,0,4,5640,0,0,0,4,407,0,3409,31,256,0,0,312,0,0,0,6715,2714,0,12795,0,0,0,1228,1,0,0,0,0,42,0,0,0,6,0,0,248,0,0,0,18,0,3,1,802,4,1,23,0,321,767,49,0,0,0,929,0,0,15,1748,76349,44,53,6,2,23,0,78,36,0,1,1261,13,355,176,0,0,643,0,616,33,1,0,0,21263,0,0,10,6209,846,0,46,3,0,1,0,0,0,1,1,104,3227,0,41,10,18,16243,19,604,3,0,0,39,0,28,791,146,0,16608,16,71,4,159,0,2,0,543,0,19,1,2,0,566,25,155,0,15604,0,5810,0,8,0,89,1,1608,0,1,0,5619,15,0,44,0,1426,0,4,0,0,1,50,533,305,2,2,0,2,0,153,2,2064,0,4,5670,3,211,2,4052,0,0,0,1,352,4,10662,26,0,7,3,56,439,4666,0,0,11,0,6,18710,9,64540,0,0,11,5,0,112,0,1,1458,1782,27588,2,1215,2383,7,0,7,0,0,86,79,9,5965,2,0,0,0,227,0,0,0,35,0,2,0,2641,1971,0,166,800,6,3754,14,0,0,0,320,775,0,0,0,178,0,4,146,0,41,37,0,0,14,0,0,0,5700,0,1,2636,0,0,0,34,1,245,2,261,0,75,0,9,7,19,2,0,2684,18,0,77,788,0,0,0,2768,0,7,1408,0,2164,14,373,1436,9,12662,2,136,14,2,3,0,7230,0,0,0,1,2070,0,0,1,0,13,0,4560,0,508,214,14,0,313,26,0,0,0,2,0,192,1,2,16,7733,12182,0,0,4,0,0,0,0,3,1,0,0,18,0,0,0,56,0,79,0,0,5,47,345,0,4,0,2,121,1121,483,0,12892,52,0,64,1,1238,0,1,0,0,0,0,317,0,20,0,8,24,0,0,0,33,26660,12378,0,12202,8,0,30,0,421,0,0,0,1,1,626,816,7377,1,1,0,0,7781,9,0,0,198,381,12,0,38,16,0,2026,0,0,464,0,0,0,9,0,9,18,0,0,12,0,2,1956,14274,4,0,0,1,2,0,396,3584,0,1291,0,1,0,0,68,0,2,3,0,0,0,0,0,0,29,0,29,1,759,0,984,19,0,540,0,2395,0,550,1,4,1,0,236,0,0,1,7,0,133,451,0,1174,475,654,0,1,0,10,0,82,15,4,0,0,0,19,0,80,9,3,0,0,32,0,1,0,71,4,713,729,1580,0,0,387,864,3342,2,0,835,0,0,3,0,0,17253,862,0,870,48321,6,13,0,3711,6620,504,797,198,0,0,3,13,10,40,2116,0,0,3,19353,0,27,25,0,0,8573,0,0,5,2817,793,104,298,6144,12,6,0,8,49,155355,157,4,0,0,7,5,0,0,0,11,511,0,0,0,304,3,287,309,13,2,2,4685,5950,112,0,0,10060,3,0,6,0,166,344,1412,0,0,54,0,3256,16,2376,2756,48,0,423,776,1,79,0,0,1104,0,110,84797,0,3,244,0,198,1,0,0,0,0,0,30,0,1,353,0,1,0,3471,24,0,0,0,2,2,0,0,9,0,1,5901,706,0,3,0,249,0,0,2,1,1,0,3,19,8056,11766,5,0,0,14,2,0,0,0,7,0,11271,0,620,70,52,0,1,28,0,23883,2968,643,1,0,0,222,1418,0,0,2,0,5,0,178,0,3,671,808,2,0,0,0,1,0,5,984,2,2,231,2,1,39483,1,0,2994,464,1,3887,6,0,2,124,0,0,0,1,686,1779,576,1097,0,621,13,1,1,17172,0,0,2,0,37,0,0,1,13,0,46,0,0,6685,809,2,0,2,0,54,1357,0,0,0,616,0,0,0,364,257,620,0,98,8709,0,2,1859,27,4051,0,153,0,0,5,2,0,0,15217,29,0,0,0,4,11,6473,1,0,2,0,80,1,1,0,8569,2,0,34,27,8,0,45,3093,1,473,0,0,1,0,2,1,16,25,0,1669,2,16,760,163,3192,324,0,12,29,18625,2,0,5,35,0,12,15,0,0,7527,0,5,0,0,0,3,0,5,84,0,47,0,38,49,0,9,0,0,60,6,180,0,45,3927,0,0,14032,4910,0,0,0,3,21170,0,20569,225,1,0,38,0,0,6472,103,274,0,7,61,1,380,842,1,0,4,0,3,0,0,0,7533,0,0,0,582,123,777,1811,10,0,7345,3,0,0,2,0,0,0,0,102,139,5,0,1,1,4,3,1098,0,0,0,1,254,165,2,14,0,239,0,0,0,6,66,0,68,0,0,0,2,89,6,1,3098,0,256,0,5,0,0,0,0,9,0,0,0,1,23468,0,0,25,2,269,0,2,250,2,1,0,0,0,21926,0,14,0,9911,0,0,0,1,1421,1,15017,1159,0,2,12456,0,0,245,11,0,3517,0,7070,403,0,86,0,342,20,2,9,0,0,56,2,3,293,1,0,338,0,3323,3,0,0,2,43,15,728,0,7462,44,1,1,399,179,1,0,0,0,22,594,0,4437,762,0,598,0,0,901,0,2,8,1,56171,26265,0,2160,0,308,4,5,189,0,0,10,2,1,0,1,3,85143,180,166,217,1426,0,0,0,0,3,2,4,386,17,0,0,2,0,2540,0,33474,595,2,0,63,6,12,0,7,1,1,194,881,13,95,327,3,0,1,1,35175,109,1,20,0,0,0,28643,215,4,8,719,0,0,8602,270,1,466,0,58,0,14,0,5,6384,123,12,0,237,2659,9839,77,1,19,10729,0,10,163,0,1627,96,0,0,4,1,3,9410,90,1,4,0,5526,0,13024,110,23,1,0,83,0,3230,0,0,50,332,0,0,1,2,1107,56,2485,257,1050,1,0,9509,51265,0,0,6572,0,3,0,2,0,17145,0,2,286,0,5,0,0,21,6,0,942,328,0,2,1,1,30,486,1,379,28,69,0,0,2153,1005,4809,0,16742,13,696,0,13,55414,3,22,0,1,25,7254,9534,5,1,36,12,1,72,1,0,0,0,583,118,840,0,143,119,0,321,0,2,19572,2,23,854,10844,1,65,51,16,3542,0,23864,0,1128,41,0,9,41,75,343,0,2467,3700,452,1,0,4,0,0,0,5,82,1,6628,0,1,185,0,0,24,0,0,0,0,19609,3,3,0,0,2,1076,0,0,18,3109,6,0,0,0,4,28,4,215466,444,0,0,2497,24101,174,186,7,2094,22,608,7,0,68,0,12,0,1,0,23,2,0,0,2,0,4,4,8,5330,2,27,0,0,0,0,3,0,0,30,34575,1369,30,415,375,236,3,60,0,4,0,1,1,188,8,7,0,23,5824,875,0,2768,3998,0,0,0,9,729,5,51,227,0,304,5,0,0,2,75,20,14045,82,3,468,20,0,4,0,1,0,3604,3,0,0,6,407,0,28,1626,0,1,71,184,6,7,684,1,0,1,0,1,671,0,0,25,27,48,2768,3418,0,5616,81,123,5,735,833,1,0,3,0,0,7,0,4,351,179,1,3467,0,135,0,4100,42,0,6,43,119,4,0,1431,10772,1176,0,0,1514,0,3,69,1783,2010,16,414,0,0,30,0,0,2,708,166,2,2,0,0,0,184,39,399,9,0,1,0,5686,11,0,0,152,0,11,102,3783,0,0,0,810,0,0,2,8831,3,49,14,0,0,47,0,10,4,1,0,33755,0,8,1,269,0,135,75,0,1,72,14760,7391,0,0,19289,3675,7632,150,1850,4,4709,92,3539,5,35,0,0,10,0,100,0,2,0,1420,7,28,0,71,671,0,15,1,672,342,5804,2,4,0,20,216,0,0,5721,9806,170,150,1661,2,6,0,1,1,7,32,88,0,14,0,397,10614,6,0,0,2,1,0,462,4,0,1,0,0,2,0,30,12,0,42,2,3,0,36262,6,1,63,351,50,3,0,1682,2521,9214,0,0,0,0,5,0,11,55,901,0,294,5,1021,7,0,1069,11,0,0,0,238,1,28,0,0,0,0,1,0,137,1953,15,30,175,42,0,1,1,0,1,0,1012,10,0,5,0,1530,483,0,0,0,8,170,3,0,3,46,0,0,0,82,34,745,207,38,12,1633,54732,0,85,28,4,0,0,0,0,711,135,174,0,0,580,66,680,39654,8249,0,0,471,0,5,0,160,5488,3,338,269,0,1,10283,81,32349,0,181,7998,0,200,0,0,4,1,0,2,1,695,0,559,0,20,2331,1,405,60,2895,1633,859,34,6,0,0,0,4,20,12,7,98,0,0,7,0,0,38100,1,0,0,2298,1,1,1,2,86,0,0,777,2,95,0,0,0,126,11399,8,0,0,0,0,4289,0,1187,26,121,2,22,1,6,0,0,0,0,0,0,0,10395,1,3584,15,31,0,922,155,2,2,0,4,21,0,0,379,0,1226,0,99,8,0,1128,1431,0,36,3,21,47,0,3,720,0,23,86,44,1,0,1,24,1,410,1,0,3,6,0,103,1,100,23,0,0,0,56,10,11,3,0,13,0,0,1,0,692,0,0,8,1,6572,0,582,0,1273,2,5459,0,0,0,87,641,0,2,6,1,0,56,0,3,0,3,0,22534,0,115,9,6,10609,5,0,92760,0,0,1,0,703,112,0,0,4,0,0,153,8,0,2,0,12,175,0,1,1,0,0,9,61,0,564,4,1253,18,822,6,9,0,34,0,1455,0,197,0,1098,0,1,0,0,284,0,0,74,0,5,14,4,0,0,21,24714,550,0,12,82,8,212,25,18,0,0,0,0,74,0,4,747,172,0,0,10779,1001,62,0,7,12,0,398,31,2,40,27449,0,0,12,3119,0,10,9,0,20,13,5665,0,3,25,0,26,1,3560,0,5303,8,0,513,1524,24,6,10,0,0,0,27,132,0,907,19,1,0,0,0,0,127,8,74,0,6,6,2024,3,6,0,748,26,0,0,4,0,0,243,47,1,9,2382,0,0,0,0,0,0,0,0,1,1,2,390,1127,0,48,0,0,12,1,8,2,0,0,2,273,16,0,0,0,2,0,13,2939,6,43,1,2,3227,0,1,4406,0,27215,0,65,0,5348,3,0,0,0,0,0,0,0,18595,1,0,10,0,0,578,1803,0,3,12301,1,124,0,8,806,0,10,0,1808,5957,1032,0,83,2537,219,157,1,21740,0,1,91,0,0,217,0,0,0,0,0,9,0,0,0,0,787,3272,15640,0,1018,0,19677,0,0,0,44931,5,6,0,0,0,0,0,349,21,0,6222,0,3,40,2,0,6,906,3529,4,4,0,15752,1,836,69,19,0,0,16,0,0,103,0,0,5,0,0,44,0,0,6,2,0,0,1,0,3390,2,0,0,0,13661,311,3,0,1,0,0,3,0,267,0,118,1,0,2174,0,2941,0,1,540,1,17324,2,0,1,0,1,0,0,0,0,2,0,1,63,1,5,2,8,0,0,0,0,84,858,4,27,0,60,10,0,97,463,3267,54,3,3999,60,12,16,0,14,0,2201,312,283,208,0,0,0,2,0,0,1404,0,8,11,0,12,5066,1693,13,799,0,45,16954,75,2,0,0,0,0,14,0,16462,7,1,2,0,0,1,0,4017,4,31,0,4,2,20,18387,1,0,2,0,0,11418,0,1,0,1,110,92,0,6,0,37,0,0,132,78,0,66,0,2,0,0,1,1,83,593,6,0,0,5790,198,3943,1,1,0,541,0,0,2813,3,1,0,2,19,13,0,0,60,1661,0,7,0,0,0,2,0,0,80,0,32797,117,0,19,6,0,2,0,0,131,0,0,189,8,0,9,1,0,0,39209,1,35,0,3,1,0,155491,3,0,0,758,1,43382,15,1527,0,90,45,0,280,1748,0,1,1,31,4,0,0,154,0,0,0,1,0,24003,0,0,0,0,18,2,0,4,56,0,2441,0,2289,0,5,0,2,0,1,0,2,10,1,37,0,3680,2407,0,0,1,0,2526,12602,919,660,11,0,3,1181,623,1803,1,1,416,12484,0,18,190,20,0,8,0,72,0,0,64,6189,91757,401,0,0,0,0,0,0,4237,4,1,0,28,350,0,26,0,0,2059,200,48,4,1,0,50,0,66788,10,24,0,0,0,18907,0,1,0,4,1,5496,1,0,11457,12,4,0,98,9747,1,8,3,124,2756,3442,0,0,7358,1,39,0,4853,21,30,813,2,33,0,15955,0,3,4,0,0,0,0,0,25241,57,0,718,6,0,0,4,18951,8,0,0,0,0,0,113,0,0,1000,1,10,0,0,0,6,0,148,27282,0,2,214,0,169,115,1,45,3908,2,0,812,396,148,22,0,7,0,13,0,3,3958,0,1641,1115,0,168,0,0,1,2503,5,1131,0,1,23,0,4,99,100,0,4611,17,0,1,0,0,9,4,0,14,28,0,0,51,132,14,29,0,0,964,1,2,2552,493,3,3,30,0,20,4496,1,0,0,1,1,4,1321,1,1176,299,91,0,1,0,340,1414,2,1,44,5,2929,400,4784,3,2458,4,95,52,6479,0,0,1048,10,5,6,6,2038,1374,0,1,0,0,26,0,85,5,3657,0,0,6,3423,1666,3,11,108,0,0,21667,0,133,5791,173,12112,1,7,7,112,637,49,2,2,1,0,0,2,0,165,0,1303,2,3463,195,850,60115,6102,107,420,11893,0,1,0,41,1117,0,0,81,11,2445,0,790,16,712,0,26129,0,1666,0,0,0,35,1,0,24,4,73,11450,0,0,24,95,1797,1,0,6,529,0,0,4,0,0,0,97,223,4,207,2,0,669,0,0,0,0,0,0,183,0,1113,0,360,11,0,17,3203,0,28,0,0,3851,38474,1,0,13,10,0,46,54,0,32,0,0,0,2899,1,1977,21,897,0,9,84,12888,3,38,2,3,0,155,381,7,5,0,6687,86,26,0,62,0,918,0,0,1,2,11,0,2,1278,0,33,4786,0,3,241,4,29,652,3,6,18452,0,162,26,4675,0,1773,1176,1,4129,0,7,0,0,1,73,12,0,27397,0,2,0,15135,0,0,0,97,1,1483,1,2,31,0,0,102,2,2,1890,84,0,0,3,0,0,121,3,1,5,46446,4,701,0,1,0,1,199,1353,13463,995,0,1,0,0,0,17,0,12567,33,2,1,27489,0,0,40,0,5,61,34,0,0,203,0,0,0,3191,1,0,0,0,3,15911,0,0,15,0,4,0,0,12613,99,8346,3,212,22085,1,0,23,20,78,0,0,0,0,513,1,0,0,3050,5,0,0,12,6,6,0,61,0,0,5,2508,0,27,16,4,0,0,3,1,7,0,0,2680,98,0,13,20,9,0,955,33,16,42,3194,3314,1,0,580,0,0,0,1,0,0,1,3,0,3,15,1786,0,36,3,5,2,18,578,11,0,15751,0,13,103,17,0,0,0,0,0,3,0,0,5,0,451,0,0,34968,110,5,0,557,13,0,0,0,1053,424,9,224,165,176,13324,0,17,1550,0,188,97,0,0,0,2,0,0,4,3,18,0,0,8,20,1,6682,2,5,1483,4472,4,23,10686,345,0,0,162,168,25,0,0,11,2,2474,1,608,16,109,2376,0,0,1018,237,879,5020,0,1099,38880,5,0,87,36,0,1204,949,82,6526,4575,0,0,126,8,285,0,56,0,60,8,2,0,0,0,3168,0,1,5,1,12,2688,2905,5415,0,4,2412,0,39,2,0,225,0,0,0,1,3,7,3,0,0,10,11,0,439,0,7,0,0,0,84,7,3619,0,0,0,6,31,37,14,3,19,11,1005,13,34,14,0,8,1,43,1,7,81,10,0,43473,53,139,329,25,465,14,58,3142,1010,1,0,1,1,17,1863,0,88,0,7,0,11023,0,13,3375,8,0,712,0,1,268,50,0,7,0,2394,0,736,8942,2,318,5,0,408,0,3,0,2,51056,0,24,15,13,0,0,382,4,11260,46,0,0,0,125,0,1,5774,8722,0,17520,5662,0,16122,1,0,1,0,0,0,0,0,1,4,0,190,299,0,49,0,48,2,2,3,0,16,0,0,1,7,0,5,708,1553,0,1,0,0,0,0,349,108,1,44,115,0,2,90,0,0,4,0,2,0,1686,482,1,8,0,1,71,9492,0,0,6,2,0,0,0,0,0,0,0,25,1,0,13,7,8568,0,1,2,38,44,14746,305,1,0,1,14940,513,10939,4551,0,34,0,0,53,0,0,5,0,84,5,1,147,1164,1,0,0,0,20,0,21,0,0,47,77,0,135411,822,1145,258,690,40778,10,180,0,0,1,1,41,0,1,0,244,2,0,143,68,3,0,0,0,1540,1,0,0,5312,18264,28217,30,10,86057,1,0,0,1,2461,0,2,0,0,0,9,0,0,1,177,3,1,992,3,41,0,0,0,0,0,40,107,61955,0,6,4,82,15,82,543,0,6121,0,0,1,4,12,0,0,152,0,0,1592,2,0,138,585,155528,822,48,32,6,0,0,1,0,309,5,0,0,0,154,6,5,0,0,0,26597,0,1,4451,0,0,0,124,9,2,0,0,0,1,0,63,0,0,0,0,6,3,0,110,0,0,3948,23,0,3,6,5,0,208,36,2,1,844,0,0,0,0,1,70,48,0,1,730,2913,0,5,0,41,0,2,0,0,0,5,14,13,4731,0,145,0,0,0,0,16,0,5,1091,1,3,0,11,566,0,31,27,0,79513,1,0,47,0,2,0,1,37,13526,0,139,5,0,0,0,1,92,74,5917,15,4259,0,23,2,0,73,0,0,11,0,1,0,1042,0,0,25,410,1,6,0,943,0,748,0,0,64,2,0,207,0,2189,4,0,3095,0,9,107,0,51,34,54,0,2183,1,342,29,2,13,448,52,0,6,24,1,1,216,0,10495,0,2,11,0,0,2,6257,23,0,2,2,197,6222,34,0,0,0,11,192,77,7,0,0,0,40,0,21,1,5940,0,4,0,34619,0,0,0,0,307,12,0,6823,720,73,0,0,45,2,62,56,1,0,0,38,326,92,0,0,0,1306,0,3,0,0,2,1,34,0,17985,12,127,3,0,1,33,780,0,7,0,0,0,2,0,108,0,2,15649,45,1,228,1,117,0,1049,19,252,11299,0,0,34,41,8,0,39,0,0,0,0,6,0,57,3013,1,0,33,268,0,0,25841,920,12312,0,1990,39,0,121,1,0,1,21,10227,42,0,0,0,0,1,50,2,0,42,10,2520,3465,4397,1805,0,0,19,939,17,18,0,0,15,1,0,0,2,161,20,1,872,878,0,397,0,6,12791,25,13,3,755,67,543,0,69,2,58,1,1,0,0,18,685,42,0,91,134,0,13588,2869,0,1139,185,12261,0,67,0,281,6293,0,0,6,7378,1,3,26,0,0,4,0,55,1928,0,63,19,949,0,5,8,7166,8,500,28,0,0,0,0,9,551,2,79,0,498,14,2,64,4,0,5703,0,0,51222,4,0,14,0,1,0,0,11510,13,7,42,0,0,0,0,2513,40,15652,113,0,0,901,0,5,498,0,2,95,3124,6,10,0,81,2,0,0,0,22,0,2142,0,17,0,56,32,0,0,0,153,352,28,0,0,9,0,40,0,11,5,1,0,0,4,6,0,0,0,17,0,41,11,1688,0,98,2,5,69,726,0,12709,5,1,3368,1,468,3,891,3703,0,4934,0,0,9,420,0,0,0,79,1,0,0,14890,0,0,2,2484,3,0,0,6,2,4,0,2,11,1605,0,26,0,0,25,630,0,848,5263,4,4,0,6,4,0,0,149,5,28971,34,3,11,0,0,0,0,14,7,1,0,0,64,17648,13025,0,0,5,8,295,843,0,24741,617,2,0,0,3,0,1,4,1,0,2,5,0,1,3503,20,3,66,5179,0,0,0,948,0,0,0,0,6,0,0,4331,181,3509,0,0,0,0,8,0,322,1,104,1,0,85971,0,0,195,2076,2,0,9,284,16,0,0,0,0,542,3581,14541,9,189,7,14,0,4101,0,0,5919,7,0,0,325,29,0,0,0,0,0,52,0,32,1,237,6829,11,227,1844,1027,0,0,39,0,1,0,0,13,4079,8262,171,1,0,1,5,0,10,0,7,1040,0,1,2,0,1123,571,1739,203,0,21,876,2523,1,0,0,0,0,13,397,16229,1896,641,1059,100,0,34,0,267,67,0,0,303,2,0,0,518,218,0,1,0,0,589,36,26,0,3,0,1,0,0,1,2,0,5226,17,0,0,0,10,0,297,15,1,0,0,5,0,1283,0,0,0,0,0,2,0,1505,15,0,0,71,12,1,0,0,1,212,0,14,5711,4823,0,0,4,907,262,7,37767,0,0,63,1,33,1,0,2,3,0,0,198,0,45,64,0,109,1,10718,0,0,1715,0,19,86,30923,0,0,0,0,6,0,0,0,0,0,0,24,21,0,0,16,2713,0,0,18,9,0,1649,0,51180,2513,32386,0,108,0,5,1,0,849,0,0,69,142,0,1,161,3,1,0,528,67,0,0,0,0,246,0,60637,0,93,6,0,0,16744,0,1104,11617,0,10889,0,141,4,8109,181,0,2,10,29,22,23,0,0,0,28433,24,5,163,4,13,1,0,216,743,50,146,0,0,152,0,1,0,0,0,2553,4,0,155,17,7,0,601,9,0,0,79,0,3,19185,888,25,31,28,0,0,1,17,0,952,1,0,358,0,3992,69,0,10,329,9,24,0,2,11,68,0,5,0,0,1087,1,0,0,1,0,0,0,495,1961,2417,50,46,3021,74,0,4,1128,7,0,2,1727,0,0,85,0,12,11609,1885,1,0,4,2715,0,200,5,6,1,0,927,3,6,1,5,88,813,0,3,43239,262,4,0,17,0,1,0,0,1,2584,430,0,0,55,0,19,0,93,4,0,0,0,329,0,27,1,360,0,837,50,0,34,0,68,0,0,0,0,580,0,0,1,434,3028,55,3,0,765,998,3040,74,0,369,0,210,0,188,300,0,327,544,0,0,0,3049,21,0,845,298,0,5,13,570,424,664,0,8,4,31,10,0,0,0,1,1482,4,25,1,121,6,1507,0,4767,0,53,9,540,0,33,0,279,8369,1,3200,95,8,4923,1,81,4,0,7492,0,1350,226,92,67,6090,0,0,0,0,1226,3418,5,0,518,48,0,1,0,3681,0,2,18697,121,1,13,689,755,0,2145,1,0,2,1577,0,2,0,0,0,0,1047,0,0,36,0,0,256,0,0,0,3,847,13,1,0,1,2,0,2,0,13654,0,254,0,5,65,1,33600,9,0,0,10821,1725,223,793,133,0,63,0,619,3977,0,66,0,0,9227,0,3225,0,0,0,0,0,33,0,1598,1,6916,0,1633,0,1,267,0,2,322,512,0,1,2,182,0,0,228,0,310,1639,1,12,74,2469,0,0,5531,0,45,385,0,3,17,2,6533,141,1,214338,818,1,8,2,522,0,169,206,0,0,5,19,14,0,2058,24838,0,4,0,0,0,4741,21,430,2,190,3,0,4300,0,1002,198,0,609,3,0,9381,0,20,1,166,4578,0,0,0,0,33064,0,156,61,11256,26,0,0,3195,238,386,45,1008,0,361,48,2684,0,455,1,193,0,0,1,61,46,19,119,0,262,0,1,178,1,17,562,110,227,3,5369,23,0,0,1,0,29,2,5,0,55,1,0,8,2,0,649,0,8,398,104,0,7,0,0,7,0,2,1100,4,32387,0,0,0,3,96,1064,0,0,53710,1,2,4038,20115,672,0,0,15524,0,0,20,64,0,857,0,79,15,904,38,590,28,995,0,1,214,0,80,0,356,3,627,0,145,0,0,0,26,0,38,0,0,0,0,2,0,0,0,49,3,0,1676,0,1,0,7,4709,0,69,0,62,0,3,3399,0,33,0,10,0,0,297,5,0,0,42,0,3,0,27,2,0,1,22,0,1,1,0,0,0,25,1975,0,11,23275,0,0,27315,176,0,1441,53,0,22,19,0,0,171,0,0,0,0,0,6,0,6,3,4,0,0,1,29,0,0,6,14,0,5,2,26,0,2319,0,2,7885,0,443,0,0,8,275,0,1209,89,0,0,0,195,3,541,9,23,1,0,1,170,3,0,15585,0,0,12851,58054,1362,0,0,21,339,2,0,5,6,0,703,0,0,2,2,0,7,5,19,779,2,1,169,49,639,3,268,0,5,3549,1,149,394,200,1174,0,0,5,1,44419,23,7279,1,0,5,0,33,4,0,0,139,546,0,741,143,2,4432,117,0,10,0,58,0,2,15,0,0,0,0,1,6989,8560,6595,415,1928,1542,11,0,1,0,33,0,231,1,550,17,5,5602,62,15,0,30,18,9727,0,17848,65,24,3721,0,0,0,17115,287,0,23,0,3,0,0,6712,3122,28,4,5,19,0,3318,5,13,1643,0,4,4,360,71,0,5,0,0,3,0,0,0,0,23,1,0,11,4277,3579,1,19,346,2,463,0,4,0,2,6,0,3,0,0,2,1558,0,0,381,0,1,433,5,0,806,57,9,164,2,30097,8,0,0,0,0,57,2196,33,5221,0,0,15734,2,2,0,0,0,106,7952,0,1701,1,11,0,80,0,0,0,7,1140,24,36251,0,119,163,4178,0,0,3,64,1163,0,0,0,0,15623,23,278,1,0,8,1,0,357,1,0,97,1530,1286,0,3,2,32,29,0,2,0,1218,31270,0,0,0,5,271,1456,24,0,0,1,18,0,0,0,0,0,3,3,0,0,209,32,0,655,2,30,0,1231,5,4219,9513,49,0,3,1,49,0,19,0,415,2606,0,0,3322,3245,719,503,0,0,0,1,47,1,0,0,0,0,3,2,70,1,15,1,438,0,1,162,44995,0,4632,1,73,435,16,135924,9235,22214,574,4,0,0,2,0,2,1089,106,1,0,1,0,0,0,786,4,0,31,35073,5,0,50,0,0,116,13,689,5,0,0,2763,9,2,0,3363,8,0,7040,6985,104,36,109,2,0,175,0,0,1,668,28,57,0,331,99,0,0,1190,27,7684,0,44,36,2430,0,25,0,3827,7,787,0,167,0,484,0,10,0,1,8,2,29,1,0,2,0,19137,0,0,0,0,0,0,400,82,0,0,0,565,2,7,8,3,0,0,53,4,0,0,26,0,44394,0,0,44,98,0,752,143,2,7,0,0,0,0,1494,359,54,1,0,482,6371,34,0,375,4,2305,43,0,236,0,2299,0,2,4820,0,11340,0,0,8,1658,68,6,69019,12,14,0,1,25,77,5,21,197,73,2,25,0,0,8309,0,0,0,582,17,148,0,43,9,0,2,1,0,0,0,9900,0,3631,6257,1209,11072,0,300,0,0,12,1,18741,0,18243,12481,0,0,1,0,163,0,13,2,23078,0,0,2,0,0,236,37,17,0,0,0,0,13864,1,47,100,24,1,27073,977,22769,161,15,0,0,33,25,0,5,0,0,27,314,0,2223,0,1,5,0,10,12,0,1,1503,39,8157,0,8,0,0,1,0,0,15,42,67,700,44,17,34,0,4,2,0,0,11408,4544,1,331,0,799,24,1314,1279,0,0,64,6,49,46,8,21,2,0,0,1034,35714,0,9,1,11,1,9,1865,4,0,4,0,3,4,1,102,108,4,0,94,6750,12019,52926,0,2,843,105,0,2222,397,1400,0,0,44948,4378,1884,0,1646,1,1318,198,0,0,0,22,0,5,0,0,0,746,56,9,6,105,292,214,2,0,0,0,1,2,0,2,8661,0,242,366,65,107,5,5,0,226,9,0,0,9,0,97,8,0,99,0,37,9,0,11,1,1240,10,0,138,11,2,0,0,0,2966,174,3,0,13788,786,0,0,45,403,3,0,0,0,582,3,0,0,112,0,877,407,0,0,0,9,96,1434,0,1,6,2,0,0,0,2,47,240,0,218,6,0,22,1,62,89,0,981,0,3,0,419,0,124,269,0,1,1855,2,0,1,9107,0,1,1,517,15,0,49,125,3,42,1,0,0,803,382,134,48,355,33,0,21,39,5,1,0,105,5,41,0,67,1132,19,0,292,0,4688,2754,11,6,110,0,1,249,4,0,1,3,16,8,1,0,4,0,0,111,1,2,3,547,0,1,0,0,845,0,36228,3,7,8,0,3674,284,0,22,93,3,21,0,878,0,7555,0,590,0,4,0,25,5,0,0,1,0,1973,0,83,756,1,0,73,1,0,0,27,0,5,5742,2,1,1066,21,2,110,0,63,0,1095,0,205,32,23,4926,0,1,0,0,0,802,0,6,123,0,5,0,4,56,549,0,0,0,0,61,0,0,2,10,4,492,16618,1596,857,15,1,3,0,3,1649,1,2,0,0,15,12,6,19,24,0,1,0,1,56,2,0,10,6,4674,0,0,0,0,0,0,0,11,849,5,0,1,0,1,150,25,0,1,2,0,2,10,5893,64,359,1,0,39,0,0,8,0,263,23,7,0,0,0,1,6,1,0,76,0,0,384,0,3,2879,0,9,5,1458,0,0,503,0,0,51647,0,0,0,9078,6,0,0,895,6664,1,0,2815,1693,25611,1,13,34613,4,8,32,1,4,0,0,0,6552,4,24,75,0,1438,0,57,8387,0,0,0,11,6286,71,3,2806,1,0,14985,3,5,6,251,0,81,117832,1,0,0,0,424,4,0,10,0,5,0,0,0,0,4829,2,49,0,845,45,2370,4023,11,214,0,2880,0,0,8,0,238,7,2,0,4885,8,4150,2,8,0,105,46,43891,0,0,0,7,6753,787,3,3499,1,0,29,43,1,3562,0,0,4683,65,0,1,0,70,0,6,356,0,11671,175,329,0,358,72,2381,1,1591,16,0,27,0,0,0,0,0,3,30,21,21,2,0,0,1,1383,186,0,14,1452,0,1,0,1353,0,432,34,64,34,0,31,12,6,0,68,0,9146,373,27,1,1,0,1072,18,0,18,0,0,906,6,1,0,0,15526,0,1,52,0,20,1,13,812,65,11,870,13,0,0,0,22,84,21,0,0,105,0,0,2,0,2481,4,13,0,166,0,1032,0,98,0,6,73,531,0,0,183,0,4,3,383,1421,0,68,0,0,675,7,109,0,853,35,171,20448,0,0,0,39,1154,3004,12,1,3,0,2389,32,60,1,3793,1,0,0,2,220,605,1,0,0,1,0,0,0,0,0,215,46,22,12,0,20,0,0,0,328,4,0,0,0,5,0,6096,251,1388,0,2,8,0,3130,15,26,3,0,0,9265,9,0,685,0,0,0,0,1637,29794,0,0,0,3,0,85,1,0,10831,0,1362,12,1247,0,0,0,2,316,1,61,624,23461,0,908,0,445,472,3,0,0,0,233,0,0,32,11,235,86,58,785,3101,23,6,173,58,0,18862,2369,0,536,1874,2,1,5,592,4,3,1298,1,0,7,4,0,6,0,64903,0,7,0,736,123,1,4725,43,1,18117,9,0,0,4836,1,0,408,0,0,0,3,0,168,7,0,6,8,8,0,0,2,0,0,0,1274,0,103,228,0,30,0,0,1614,10,276,1,0,9,42,185,0,221,0,11,795,1962,0,0,2,35,0,3,6,7,12,44,4,0,0,1125,7,0,42,0,65,4,0,29,11,2,330,0,1,0,1743,12,5,28,0,0,1545,0,3,0,0,32980,1,0,4140,0,49,3,460,0,1,860,13,0,1,0,1,0,0,3,214,0,52,0,0,0,0,324,26,0,0,0,0,0,22,2,0,2178,0,16821,0,1,0,1,7,0,30,95175,1,2895,1,1,4,0,0,3,1,1237,49,19,0,1,8,1,0,0,219,15,4295,0,0,5,467,6865,9,2,28,0,1,0,3664,1,21,177,1707,0,54,3,101,16,748,5274,69,4,0,10,0,17,446,0,16,19,0,0,289,689,417,1,2,0,1783,3,3720,0,9,387,5,1656,0,7,4,542,0,4560,1,512,25,0,0,0,3,0,0,0,90,0,1,35,0,0,4,0,17739,1,210,0,4535,0,246,0,867,43,0,0,610,24626,150,2,3,40,30,3,4,0,0,7,331,0,0,0,9,0,0,117,0,3,2106,6,0,0,0,15929,542,34,7148,0,124,76,1,0,4,0,2185,17,446,8,0,0,23,0,219,0,0,0,5,11663,52556,0,0,767,7,13,20,2,67,0,0,743,0,0,1488,2,0,1,69,3765,2,528,2494,0,99,1,673,0,0,0,0,6,4,30,0,0,635,0,85,0,31,8,0,0,13,22,0,386,1,0,0,4264,3,1,19925,7,0,0,65094,1512,1,253,0,0,7,1697,6,0,0,11,15,0,1648,1248,0,0,0,0,0,0,98,15,160,18,9,99,4768,12,1,1,0,5,16,20,0,5956,201,6,76,0,37,0,0,1,0,0,19,0,1,1,0,28,3,51,0,272,0,1523,2,0,145,16710,0,0,206,300,3,6,0,27,3,47,517,208,16,1927,26,0,0,1874,0,0,3551,3,0,1,0,749,476,2,0,0,0,1,26,49,33006,0,0,34583,0,0,64892,33201,1,0,9,1,0,0,310,1,9,0,4101,167,6,0,0,0,0,0,3,0,23,0,14,5,0,17,90,58,2,401,0,0,0,0,1,46,1,135,105,5,0,4,1,756,1,105,1256,6347,1,0,1,134,2,0,0,2,3,0,2,0,513,2623,0,240,13,2,0,218,2223,0,477,0,2,0,75,2632,2,1,4,277,0,75,134,21,0,0,2,0,2,11566,4,4917,0,937,948,3,0,0,920,0,7281,0,0,0,173,113,0,141,6285,0,6,19,6,0,342,5,7,5674,1485,0,3,12,244,0,7,0,3053,1,810,0,0,0,0,0,0,2,216,0,5,5,0,0,0,0,4,0,4,617,2,0,109,0,0,782,1,0,1498,1032,15,0,211,3738,0,0,29925,2,1162,3,27,216,0,82353,7,6,0,2550,4,0,14,0,1261,0,8,0,0,30,212232,31,1,0,81,3,7,0,12,1451,1,2078,1,1,2462,0,2010,2,72,187,0,0,5,0,1,1,699,0,78,0,0,0,0,1,113,2,0,11,3,0,1845,1,80,29,6783,2755,0,166,0,1,0,6,0,0,6,0,25,3,6,0,0,2,2,0,1205,6537,0,119,0,0,9,481,68,269,0,2212,9,0,27,73,0,4,8,0,1,6,20,0,3841,119,0,182,0,0,158,111,1,165,0,39,5809,0,0,0,3,82,40,470,2,0,22,0,48,513,0,1,2,0,1811,27,58,0,0,0,1,0,41,20,2921,0,0,0,11848,34,139,5,47,0,0,170,4124,2020,1887,2,0,0,1340,0,7,6998,2,0,0,0,1,0,355,0,22,0,2,2,116,10,7212,8,103,0,14,2,7,1,0,4,5,12,141,2019,1,4,32,2415,566,17,361,1,77,16148,57,8,407,20,4,15,6,0,1,1316,0,0,1,1,0,1,6,0,0,0,234,0,1,22,0,1,0,322,518,1,16,0,2076,6,0,13,0,92388,735,182,20,0,2,1,1524,2862,8044,0,0,35,0,0,36,1,0,0,0,25,1,0,1,852,0,0,5,1855,2,242,10,1,107,34,3,12,0,70,0,87,15896,1128,0,149,91,1420,0,259,0,0,259,1,0,1400,1,3,0,329,0,0,11,0,0,0,0,0,1,4,3,547,0,3,0,2,298,212,317,7,1263,6,31944,0,5,8,0,9,3,0,0,0,130,0,0,0,12,0,22,59,6783,0,378,53,2,1,0,3,0,269,2,12888,5,0,971,48,5304,0,1,4012,801,30,0,0,6,0,0,705,0,0,0,4784,9,266,3,226,5,4,1846,0,0,0,0,0,6,2465,0,4,8,1,0,78,121,5,0,3781,93,0,22,0,3119,1069,0,22,0,3,2,0,16947,0,0,0,0,0,0,112,993,421,5,2,9,5,0,4,2654,2664,73,3,0,5825,42,0,7146,12060,0,323,0,0,0,16,10438,0,0,18870,0,2432,7275,5591,0,1,28,2253,0,0,13,0,70,1,528,1,0,2069,156,13,0,1,214,16038,0,4,1,0,1,129,15,10,15,364,0,23,12282,0,6,39276,17140,3,0,1,0,6,0,1,61,2075,20332,5,426,1665,0,118,0,121,4,1263,1374,36137,2,0,530,6,0,0,5,11,2,0,4,0,0,2592,39,0,24,0,0,23,2,51,1191,2,6161,1,26043,0,429,0,0,1,59,148,9,367,646,179,0,264,1,0,0,5105,1417,0,3,0,0,5,0,0,7879,2,3,437,23,2,294,2420,0,1664,1,335,612,0,6,0,0,0,24,0,2,7,0,0,19,9,3531,1,13,2,9,16,1,401,0,0,13,7,789,1,0,0,0,3,0,0,3,2,4514,8,0,61,11166,36,6561,67,1,0,0,0,18,1,19,29,0,0,62,3,7,0,29,9,0,3602,0,26,0,8,12,112,46,34,102,45,209,0,240,144,0,5634,2,41,33,4,0,0,0,0,0,0,6760,0,8,229,226,3,18,0,95,685,1,2476,0,0,12,0,0,4,31,15465,6,0,4,3,0,0,0,136,13,319,1,0,1,1693,52,2160,3,134,11373,54327,7376,21237,1,71,0,4,0,1,1,0,108,559,4,0,0,0,0,1,10219,31,0,0,0,2,40,0,4613,40168,2,7,432,17,0,2,0,2,0,0,10,0,216,0,0,14036,13,144,0,6682,1,0,0,41,1,14,0,1,0,3,0,4725,17,565,0,0,2,1,6800,0,1,11,3,2,12392,29,12,11,94,0,1,0,83,182,0,1538,0,4,0,2,166,186,2086,185,45075,0,0,4,0,1,387,207,1,0,110,0,7,9,70125,3,0,1172,0,24,426,30,1,0,0,6,106,0,0,0,434,0,0,19001,773,13,11,2,0,0,0,2764,0,0,0,0,3766,0,0,0,13,45,1,22,19,0,92,6834,2,3910,2,75,0,21,0,4,5,970,4,56,0,0,6202,17,19,0,0,0,2,0,0,16,0,203,0,0,0,12,0,78,54,0,58,0,1,0,5,0,4525,717,0,365,4,106,213,1,3,882,79,1,0,1,314,0,5,0,3505,99,1,0,38,1,321,0,10855,1,18957,7,0,21799,2661,15,0,9,1,0,10,124,2004,0,7,0,0,23,36867,0,9,1693,1,1,0,493,0,2,3,3,9,5,1790,1212,0,23,0,21,6,8,0,0,0,1,957,97,1211,1119,73669,0,0,934,7,0,13,0,15,5,141,3827,0,2,1191,0,5107,0,29,0,0,0,0,0,0,18,1099,0,13,1,998,1,0,3,278,448,6,0,3,0,48,0,0,750,91,0,237,5,4,0,0,0,79,0,24,0,0,0,0,24,3,5,0,0,12316,0,0,12,16,6,1,262,3817,0,1601,0,0,0,0,0,4,7,245,25,2282,12,605,0,0,5009,0,1,0,96,1252,0,384,62,2097,1,89,83,772,1612,137,0,1,305,175,1,0,33,8,1616,0,17716,2,7,5,7,20311,0,10,0,72,2362,106,3,5,3,3,180,3,3,1716,0,6,2,6,0,5124,0,0,4821,0,0,3,35566,1558,3194,0,2067,0,6,0,2,1,1,4,7,3083,0,0,2,1,0,1297,35,219,1,2304,821,0,3,0,441,2690,1,1477,0,8,2768,12,0,1,10857,125,1,0,0,4,20,0,13,1378,0,0,1404,1375,5,2,1,0,5767,0,28,167,0,34,0,0,180,4,0,10,19,0,1,4,194,0,4,0,53,0,0,0,4,2811,0,300,0,0,1,1,1,7,11,0,5,41,68,22483,43,61318,0,601,0,42,1,33,21,4,73,142,2,0,4,0,12,0,5474,0,0,2,0,0,151,0,1267,0,2,144,0,143,0,459,1,2198,1,6,0,5,233,0,0,0,2,6,0,0,2,61,0,0,0,9,0,0,0,10913,0,6,6,0,0,894,0,12600,0,7,16,1,1391,0,1,5,949,1,0,820,0,0,0,1,1010,0,8,2875,7,1,1407,420,0,1,0,2,5,4474,0,3,0,0,1,22180,0,0,78,0,0,25,334,0,0,10289,3306,86,1,0,459,8,21,102,0,431,14,0,2948,3874,15398,2,39,9,0,22,7,4,2053,0,1811,0,89414,0,1762,33,6,71,1,1,0,0,0,771,0,0,3719,0,2,996,7,1,4078,0,340,4,0,0,19,311,1032,0,451,2351,0,2128,0,0,1550,489,49,885,1,2399,3,687,46,405,4,0,0,3,0,58,1,0,555,1746,141,1,0,52381,3,0,0,37661,8645,1,3,4,1,202,851,16,0,0,638,0,0,0,0,1,64,0,0,36,7201,4899,0,84,1,1,0,2125,3,0,0,0,4331,27,1833,5,16633,0,30,124,0,142,0,0,357,1,110,2553,3800,0,0,2,0,1,1216,188,4,1,11,162,43,0,0,0,1,0,2,2,4,102,0,0,0,7,535,0,238,0,142,0,3,270,108,0,66,103,35,0,0,1855,3,0,1395,7,0,658,1057,305,10,2,0,0,1623,877,1235,7,10,16,0,0,68422,0,0,1,34811,789,0,0,1,31,1905,0,1,10,0,1,17,85548,0,9007,1,80,10,57,46,4,0,11948,502,32,38,2920,8,0,459,703,0,2,0,5,0,0,175,0,44,3,14,0,0,2,15,0,6,6735,980,3700,0,0,0,8,17,5,4,0,3,0,161,15479,26,0,0,2,0,305,7,62,0,40,3,0,6128,0,0,0,1473,9721,0,0,1,0,0,628,991,0,0,0,0,0,0,4203,0,0,1455,23,27,2,1196,1,724,11102,0,6,5804,5365,9,2,0,1952,0,0,15966,439,0,13,1092,0,3,4,140,61,0,1859,7,0,7,20,4,820,0,549,0,0,8375,1390,4,13,7,0,2,0,37,0,583,4,0,1,0,1,132,1,87,0,4364,1066,0,137,0,337,1367,6,0,330,2,6751,62,0,0,0,0,0,4439,0,26,165,0,34391,0,1773,0,0,2,2,0,96,1818,0,9,0,367,17,51,40,0,1110,0,0,20,0,0,6,0,1,2,0,17479,15,9,491,944,57,0,1,62,11068,85,0,0,187,1,101,1,32,5093,0,0,7,0,0,8,623,19,11,34,0,0,18,0,5,4548,2784,6,16,4,5196,0,10,0,1,0,1,0,1,0,0,3,0,0,0,57,1616,130,154,412,0,11,0,851,0,12237,0,1,0,1,422,0,2,0,0,0,0,191,0,0,1,0,1,0,30,0,7,0,0,0,4,1,3,382,0,82,0,0,0,0,95,0,216,597,318,0,4,89,1,0,4,7,0,0,0,35,0,260,0,5,30,2,11075,0,26,0,0,0,20,3704,9187,0,0,0,18,0,24,0,208,9,0,5,0,126,2,0,3,40,2103,0,0,1413,52,259,162,1220,5,1,466,1039,20,1,10,0,569,0,0,1,0,2007,10895,1,0,0,12,0,17,23,0,0,45,81,230,0,23408,0,174,1,4,0,262,4,3,6305,6461,626,743,0,167,535,0,0,2972,0,0,7471,110,0,0,25,13830,8799,0,0,0,9,0,21,115,26851,8128,0,0,3,19,205,0,166,0,13,0,5,530,0,4,0,0,6645,662,0,30,0,7,0,3,0,12,888,0,0,36,0,3,0,75,0,0,32,2,2,0,0,1,1,19,2,301,104,3,12953,291,0,283,2987,21,0,0,1,549,4,78,16582,1,18,4,5,9,81,3,0,163,46,1,3,215526,0,0,2,0,3,0,0,13,73,14017,44,0,1,1,48,2,4511,7,0,17643,32,33,0,0,57602,14,0,0,0,2756,0,1,10,1,6,2,1,25,1,0,4,0,2124,16,1,0,1,32437,0,8,15,3647,0,750,4,5,1,0,0,0,1,20,2,390,746,3,0,1,0,1,0,137,8,1,148,0,0,118,244,0,69,0,0,0,0,1654,3,0,0,5381,0,4,152,0,185,0,0,1,2,4,1193,16,32,0,28,0,6051,11,40,1,3944,0,23,0,42031,0,0,3149,0,0,0,2,21833,1,1,53,1,1293,104,0,0,0,0,0,0,4205,0,20,21,9934,0,26,4959,0,0,0,0,0,60964,0,0,12,169,20814,118,0,1033,0,0,0,10,112,0,224,0,163,31,1216,16367,0,74,0,0,1,4,0,19098,0,0,6,0,1517,1,0,10,7,0,1,1,50,0,0,0,26,3557,189,4,1,0,152,159,1057,5,0,0,2,0,20,0,1,0,254,1,1772,0,0,27,0,27,8134,1,2,290,3230,0,0,239,13,0,0,0,0,2,1,1,1,0,0,2,0,48,5,270,2,0,78,1,73,3,1,85,6,0,0,0,1,58,26,4,4,40,0,0,0,999,0,342,540,0,0,131,4409,0,0,104,0,0,4723,745,0,2,0,4,1,4,0,2597,1,0,27,4,28,1,391,0,2,2,0,0,0,5863,1504,0,134,198,3,2222,8,5,0,23,5,144,51,2866,16,41,0,3,9,0,2,0,277,0,27838,8,0,2,0,71,0,0,150,0,469,7029,1647,1468,13,0,0,142,1,2226,62,23312,0,15,387,12552,0,1,0,2,40,3,188,0,0,2,7232,5068,0,897,0,0,3,139,1,0,2,2,3,0,188,1,0,0,6,0,1,0,4,0,4,1,0,0,1,2,5372,207,4641,0,6401,0,0,224,2822,55051,59,0,195,0,2602,0,3,3,1769,1,412,0,0,75,0,5829,4093,0,0,24,1421,181,3172,0,4513,42,46,0,124,2655,0,527,102,0,24,3876,17,0,18,176,2399,1,0,3,0,0,0,0,7,1,0,1278,304,2780,0,140,5,1,77537,0,0,3722,0,3,244,1,3,1,2,75,0,1,33,191,987,0,2,1,0,1,28,3,0,27,4,1892,0,2,2408,309,6,25,2,0,7,53,0,1024,336,4,44,0,0,2393,43,1,2,25,0,0,6,0,1872,32,0,79,0,47820,10,2,0,0,3,0,22,0,0,31,3,232,0,6564,131,1218,0,2,69,29,10,8,0,0,64,87,0,11,1667,2,8,607,0,0,0,0,25,0,2747,0,23891,7,4,0,0,211,1,2,5,11,0,45,0,0,0,0,20,48,0,0,0,0,1,489,152,61,55936,7,0,75,0,398,2990,0,0,12,9,0,0,81,8155,1,0,0,4,33,36,2071,0,58,60289,28,0,55,24531,1,0,0,28,0,0,0,0,4,0,5,0,2292,0,0,0,10094,340,5,0,9,0,90,14,164,0,37,5,1,361,0,1072,2,8,7090,0,0,2,28381,107,7,0,3,298,0,0,21827,0,0,0,4383,17,3,1,8,228,68,0,0,116,0,0,528,5,0,0,633,0,0,2,17856,0,663,2,0,9611,3,2,789,0,1,0,192,1,11993,213,125,8125,748,3,0,0,0,472,0,0,5,4,0,13,9,1,0,0,0,2,1,9596,0,0,0,591,2,0,866,9878,1,7,14,0,183,2,0,35632,15,0,14,80271,2,9519,323,2,1,269,494,56,0,1,0,25,1111,5,8392,33,19,31,1109,14,1,8,3,1,71,60,0,169,2,4,0,8362,0,0,196,11,0,0,509,4,1671,64184,5,0,0,0,13152,980,1,25,0,0,1,2283,1817,5103,14,500,380,518,18,2,1,0,54,17850,140,548,46,428,1,2521,823,491,639,0,0,0,993,3,0,19,0,0,0,51,7,8,191,36,13,4,0,1,0,763,3374,0,98,387,805,0,0,0,5629,6,0,0,0,4976,8,51,2,6,0,38848,3,15,7013,0,0,59,0,1,0,0,1,0,18931,0,8,10,0,27,0,1,5,0,7,0,561,0,0,0,0,0,420,8,8134,1,3269,7,0,210,1,12,2377,0,5665,2,0,1,212,5,0,0,35,378,0,157,0,10028,958,61,0,48,0,17,0,94,0,7971,0,1886,12917,0,0,0,439,1,0,32,0,4,13,0,2,12,24,1,0,116,34,0,2,19,0,0,13,1,1,0,1,0,123,8,0,0,0,956,0,0,903,3,576,86,0,51,0,2,0,7,0,4,0,141,18687,25,3,0,8,20378,3088,1287,11480,0,34516,22,1,5,50,1682,11,0,2,5766,9908,3590,0,0,0,92,0,323,0,1,4862,1,52,0,0,6,0,3,77,2033,1,3647,27,45,9,0,68,3,0,0,3633,7,0,0,0,29,105,0,3131,20,1,0,0,47,133,0,1942,0,0,1,0,1,9447,3,1543,66,0,1,1,0,21,33,0,12,1,436,0,0,0,2,1,0,1,0,37908,0,34,21,21,1,2369,18,298,0,3,391,0,1,5455,0,0,0,0,42,19,1575,0,20,14,19,0,3,14,0,0,0,0,4,11,6,50,66,1,0,1152,0,53,4260,0,0,3,0,0,0,442,0,6,224,1,0,0,15,19,1,0,5,28,461,0,0,0,0,4,0,13759,0,0,11,0,0,3974,12,0,3,3,276,3316,3,4,102,0,11,0,0,0,0,34,711,81,62,19074,0,0,0,818,0,0,86392,40,0,4377,27,11,36203,111,11198,57,87,0,0,7,0,0,65071,0,0,37021,11,368,5231,155,1,0,0,0,0,0,3,752,0,7,0,0,0,0,0,1360,1,0,0,5,1460,103,5,0,6,5070,0,79,0,0,46,0,0,2100,5,1,0,0,3,0,1,0,2,0,1,0,20869,0,3,0,1,0,0,0,2722,0,0,2,3,0,2668,53,915,24,3,0,0,10899,1862,0,110,0,0,85,40,1,3,0,0,0,0,0,0,72,20,0,4,0,105,4391,0,1,4,0,0,0,0,0,26,2849,2189,147,12,2,1237,24,0,113,247,3,33,0,0,6,0,11,0,1,263,0,36,1,525,17,0,481,0,1892,0,4087,103,838,2,0,2,0,0,1174,301,626,0,768,0,0,0,11531,0,3,564,0,0,2,1212,6398,6392,0,1487,0,94,8951,0,12,873,0,1,0,0,605,0,0,0,2404,103,0,190,0,2,0,0,0,1,61,0,0,0,0,0,82,0,1101,0,4368,12,6041,0,9,12,0,1,0,3,0,0,148,356,0,168,3,6407,0,97,1,2,1,8,1,0,1,6,0,1,0,0,2,336,0,21,0,31,6,0,0,0,0,20,2,0,13355,0,114,4,0,0,0,3,0,0,16399,3338,353,12,0,6,85,0,0,490,3894,64,0,6717,1473,8281,0,0,0,162,70,1,1,24,832,1,250,0,31,0,0,6,2,0,1,0,6354,1,0,0,0,21,213,0,38,7,4,0,15,85,3564,18,6,17,0,16,18,0,2,0,4,2682,825,0,410,0,0,1,4,3,21,0,0,0,350,20,0,0,4,0,0,462,0,0,11,2,0,2,2735,1759,3,0,247,2446,0,0,13213,0,0,3,1,7,2376,986,15,13,0,0,13766,1802,919,3,39,0,0,0,1318,0,0,143,3,5,38,14,0,9168,1890,3421,1543,246,0,1073,0,0,0,37,2,0,0,474,19,0,5,0,6,0,21,1,436,0,0,19,1,0,0,0,0,1,92,5,0,0,0,0,0,193,7,0,220,26,0,1027,7,975,7,0,60089,36,38460,1,0,7953,0,3,1,0,1917,9,3639,4,5,3,0,0,0,1,64,1,0,9,2,13,265,11153,0,373,0,0,2204,23,145,0,0,18,0,0,0,0,0,1223,25,0,16,5438,6,439,0,5,0,0,14,121,0,3,4,767,7,0,7,1,2,20,46,661,1,43,22072,2,0,1,0,60,0,0,7,16,920,2,0,0,13719,80,1,184,0,80,0,1,39,0,13,0,5,76,2,0,509,0,32,19,0,0,0,118,0,0,2,36,5482,164,0,23,6502,742,483,4421,314,0,2924,0,0,0,22,0,1,31,2,0,29840,8,0,0,64,0,1013,37,3,0,0,4,0,5,388,235,258,267,0,4,6,0,543,0,0,0,0,2362,21,0,0,5,0,0,1,680,15,847,0,2,0,62,0,0,0,21,47,0,0,1568,0,1,0,10,0,11,370,0,152,2,0,0,0,0,3,42276,0,4165,0,22,139,0,0,132,4092,0,0,8248,0,305,0,0,0,0,983,5,1,0,0,33,9,13580,6,3,1,4,1,4443,0,1,32,119,0,0,343,30642,912,0,1,23,1,19250,4,0,13,58,187,0,0,599,56,3531,0,14,2,0,0,2,0,0,6,0,2,12,1,13,0,25,6,0,18,0,7,1573,1,21,1440,648,1,22,1,0,0,8984,476,0,0,161,4,3,0,0,21,14,65201,1325,0,3160,4071,2,0,6817,0,0,37,2,0,7,54,653,1,0,0,0,2,30414,287,4,0,1820,53,2851,0,2,0,0,0,1,11610,37,0,0,1349,0,1,149,39,0,0,0,36,77,0,0,5,106,0,206,4,782,0,0,1,3541,2989,1,0,0,415,0,366,0,0,0,0,7,7,8,5,0,9,14,6,3,7,17,0,423,0,216,0,383,63,478,0,10,1,1050,0,20,0,0,0,0,0,1647,0,0,34,0,2,0,1083,139,63,2219,367,7,3,37,0,5797,0,0,0,0,50927,15,0,0,36,0,135,236,0,5,55,31,0,29,0,2,0,1,12717,0,804,175,0,3,1732,0,0,0,0,2,1,1821,0,0,3327,0,416,0,35373,7,0,1198,0,0,3,17,944,1,19,51,1,2046,0,49,1,0,1,1517,24195,3237,0,0,2,1,0,1,9,0,96,0,0,0,4,0,0,1,5,0,8,5,0,27,25,0,4,16013,12516,0,7,2491,1,1,0,3,44,0,3630,1869,87438,0,205,0,171,39,9,0,3,0,41,2,840,95,0,12,0,0,0,12536,2133,2112,48,1,6,9,8,128,3353,2,0,0,4,0,46,0,9,0,4,157,0,0,14,1,44,0,0,122,3,0,3,6082,3,0,0,1,0,490,2755,192,149,0,1134,0,1643,0,0,12,0,2,1,149,9345,253,6988,712,6,1,0,0,21,6942,169,13,1274,0,5,13,83,39,323,0,1,0,4,0,0,0,0,31,13,1,23,1,4,1778,10,2,0,761,4,25,2,30,1,22427,58,120,10034,0,10,0,35371,0,7,2485,165,7,5212,9831,29,0,0,0,0,2843,32,6,25,3,2,6,1,29,175,38,9773,101,10,72,44027,4,303,0,184,7,155,1047,0,4,12,6,2,9022,22,67,233,24,4,2,0,0,2953,73,3,0,2169,12,0,0,0,2,0,0,0,1,0,41,0,8,0,0,7,0,96,67,0,0,2,0,126,0,3943,15,2267,292,15,0,0,0,329,0,17,90,68,3,1288,0,9,11,0,2194,780,25547,1,177,0,0,0,0,0,0,2,4870,0,4169,142,855,630,469,81,0,2,4961,0,2,719,0,4259,0,4,0,174,0,0,14,0,0,37,0,1,0,16938,468,96,0,3,0,3000,2,0,519,11,187,1528,0,7948,5,0,0,111,1,0,184,0,0,1,7943,1,0,0,3866,7,16,1,1,4,17,0,0,0,25,3,37,1,5,9,0,63,0,106,1040,426,0,13,1,1,0,0,0,0,664,64,0,38,38,7778,3,13338,1733,1,0,130,264,0,0,12,0,21,599,0,3,1,563,14118,755,12,328,0,1071,0,905,0,15,508,673,0,325,9240,4,0,1,5246,4,200,0,97,47,17701,55,217,35,3,5958,3065,3,0,36,212,2,0,26,45,0,1,1491,1,0,7,13,2,0,0,3,1,54,2125,0,88,8,134,0,25423,0,0,1,0,0,0,1249,135,0,0,50,1,0,2,3909,5,167,0,0,4,4,0,12909,3,0,10,71,831,336,4,1678,0,0,0,1,406,1,0,7,9,201,1,3168,3,6160,102,6213,1,306,0,0,74,53,0,7271,3293,91,0,0,12,0,22,1712,25,0,1,0,328,10,7,552,3,6,16,24,18969,1,0,11,35,10428,0,2,3694,0,0,1,106,1,16,1,238,5,0,9,3,5,77,0,6,1,90,0,1,3,539,0,0,0,0,0,48,323,0,0,98,0,4,2,7,1793,5,0,1,24,0,760,23,10,1,0,610,18,1,888,572,0,2,3405,65083,207,64,0,0,6,0,379,0,6,3,9,0,3244,0,125,116,0,78,0,0,0,0,4,38340,14,0,0,9,2,12980,316,0,0,521,0,506,3,124,8,0,66,148,0,17,1,1,2,598,3086,0,0,56,820,0,0,89,1,0,0,0,0,0,12,0,1,32,1,0,43,546,0,849,0,85,5620,0,522,3,0,2,15,0,0,529,0,0,77,63,1,0,0,0,70,312,0,2028,677,1,169,0,4,0,47,1298,1623,11,331,0,784,277,0,5,3,0,898,4808,2,12,0,40,5,2197,358,26,1,236,2,2,2,3406,6,22844,12428,313,0,189,5,0,0,2,8290,3327,3,8,51,1,3724,28177,559,47,0,3,2,4,0,1,20,0,0,0,22,0,1839,16,0,3,78,0,2,0,1,7,1,0,0,423,0,0,1191,29,1,274,0,0,94,13,70,0,4079,0,96,0,5209,0,2570,0,0,552,933,9,9,583,2,0,0,0,544,0,0,32,0,1673,0,0,577,7,12334,100,23,1487,272,0,18,14,13,41,0,4,31,892,0,698,14,5143,741,8,0,352,0,0,1,0,10,4,0,0,32292,366,2,0,45052,2,1,0,40,0,0,0,1,1,0,2,13,5,4,0,4883,4,134,199,4877,4,0,24,1,0,92,0,0,174,0,10444,0,2653,1,0,1,2,190,7,8815,0,0,24654,8,2460,0,0,772,730,5,6,80,0,0,5,0,25,95,1,3,13,0,0,4,2,0,80,107,2,0,0,0,887,0,1,91,522,0,3,1,3,0,3,16477,1,10368,1,214,57,126,11397,4,249,273,0,8,0,2,203,10,7,12,72,67,16,55,0,0,2,574,0,467,20,0,16,4,1,1881,2597,37,285,2191,466,62,0,0,0,0,0,12,0,1874,0,1,5,259,1,0,0,5423,1,3,744,113,7,56709,0,37,1,0,4,1,16,1,0,12,3491,2,0,18,0,1395,154772,0,1780,65,68,0,135,5362,1,13,16,0,0,1,0,131,0,17517,92,14,1,0,715,0,15,1086,7337,1,319,0,30093,1,4,1016,0,9,17,0,1,18,42,0,0,0,1,2310,1,0,1,0,383,113,4,0,18,0,0,0,0,0,4828,0,6,0,3330,3224,64,4646,0,0,635,0,1,0,232,0,120,0,2,603,7,0,12763,608,800,0,11233,0,17,0,0,1020,6,5,1,1,0,37,0,1,413,1604,1,20,0,4,0,1,360,27,9629,0,0,0,0,2,7627,372,0,1,1,108,0,2,200,0,0,1080,65,0,14841,642,2,7988,77,2,1,4,3,0,261,178,0,0,0,0,2,100,9,13178,565,3,13,22,3,0,104,1,6,1,1,0,915,9812,2,2,3,31,0,3,1175,0,1,6,0,6,13,3643,7,0,10,462,4957,1378,44,0,1239,1,2469,88,218,0,0,3,2,41,128,4941,29,0,1,0,5,22986,0,0,9,0,4607,0,0,3857,2476,23,196,0,6,0,0,4846,4,55,3,1,28,4,3,6969,18,4199,0,0,242,0,0,31,2,14,0,0,1691,0,4,76,0,0,0,16,11,0,51,277,1774,7,0,262,0,768,1668,0,0,1934,0,11,47,57,3788,368,1,163,22,22,3,0,0,0,0,0,1,112,97,0,14,0,0,15,0,0,8,2,37,0,0,12,0,444,0,0,5,0,42,1304,0,0,20,2,0,0,0,753,0,191,32,0,4,0,4,0,206,165,4,3,1,310,0,5,0,0,0,4,26250,5,70,0,58,17,0,0,59,0,164,483,0,0,307,1,0,1,0,12,3,0,27,0,24,1307,126,936,4,8,0,0,0,11034,801,0,9064,1,0,2,1141,0,0,1,0,0,5,0,1,0,0,584,0,11420,1,6,807,0,0,4,2,901,50857,0,18,0,1770,0,0,0,53,1791,9665,57475,17517,0,1,0,355,0,97,7461,2662,0,1,1,0,0,664,143,1338,69,0,0,20,14663,0,2,582,49,0,2,7,29,1,2,574,0,5066,1335,3,0,47,2360,2100,2,694,0,0,217,4,70,0,316,0,2,10969,1456,3,0,0,0,2,37,2,52,33,1,431,15930,13,18,0,1,0,182,0,0,1179,2,0,0,334,2,0,1,2534,1,6,316,12417,2,0,0,1,6,0,79,1,1,114,962,122,11,1364,377,0,0,0,1,10,0,0,0,29,7587,1946,697,144,18,0,3,0,34530,0,167,0,3621,4,1,0,0,0,2,0,8,0,0,2,14,0,0,10,0,1,231,0,0,936,65,1,35,2,77,70,18,1,0,0,0,422,1,18,6520,10,2,0,9315,51,0,541,0,0,79,4,208,6106,5206,2,0,1,43,5,11,0,0,135,2,0,7,0,4,499,5,9636,5,0,3,0,0,3811,4901,6761,12,1,62,6941,0,869,23,4,83,9354,27,0,71,14,211,0,33,6626,12,10924,8677,3031,36780,1,1615,2735,513,0,54,2,608,202,2844,2,0,8,0,1548,0,0,19,3,1,0,1,3,0,474,0,7,21374,12,4,13,115,22,3,4,1,120,7734,293,74,4,20,0,2,103,0,0,826,8,7,0,8,20557,124,0,0,0,0,0,10864,7397,0,16525,225,0,379,11,423,365,0,2,324,13,59,67,6,18,2,4,2,1,11,0,0,0,0,955,0,0,0,11,56,15,0,0,0,0,171,3838,197,0,2,1253,0,0,0,7513,0,58,138,14,3577,3034,7,0,2,0,1789,9,313,19,0,0,1624,0,0,0,4548,2,0,0,1444,0,0,0,394,15622,2,0,0,8317,1,17,1333,26,116,1,2096,30,19,265,0,1,7123,0,470,2,0,0,1,176,8824,1558,52,167,183,0,0,38,9,1,3923,0,2038,0,1,0,1,0,566,0,1,0,30,1019,0,0,7770,118,2,0,134,2,0,0,0,0,0,31,3,0,14,0,201,9510,0,0,238,0,32,0,7,18308,933,22,4,10980,1,0,15,74,945,0,39757,12,16,86,2,7,1,0,2539,0,0,0,128,1260,0,1868,1211,0,0,6,2164,0,3,1374,0,0,0,9384,0,2614,0,130077,1,391,0,1,17,0,337,0,335,1,1107,59569,4,0,11,140,3,2,2,4,0,0,0,11,23,1003,1,0,0,0,0,1,918,0,3,1,0,8,1,0,2,0,0,0,0,0,38,0,77,0,242,27777,16,19,19,1,13881,17,0,0,1212,5259,0,0,5,7,1,444,0,37247,3019,129,0,20934,0,4506,24,21,0,0,11,19690,0,0,0,21423,7,0,0,254178,0,79764,0,0,1,52891,0,171,62,136,95,2,638,17,57813,0,9,0,4098,262,3543,807,309,429,2,162,0,0,0,45,68145,2,146,5209,3183,639,144810,26646,52,2,36,0,1367,2,2214,0,20764,9,110,0,0,461,1,33,18,0,0,0,4,204,0,208,0,0,1842,2,0,241,1521,0,0,0,216,0,768,0,116,95,155,184,182,3,5,0,0,1214,0,5,2,0,10,0,5402,19162,32,5,72,2,21815,0,0,0,14536,0,0,15330,1,5,1,1,137,203133,62,1,992,99855,4,0,0,0,0,8,1,102673,0,2,157,1,1,0,11516,0,630,0,1,77,0,0,2,0,49,165,10,4041,29,63821,2,3,0,173711,0,0,0,0,4,1382,8,1,0,0,197,31366,1,104,0,63,0,0,112515,47,12,0,0,38,2137,25551,10617,1421,8,19,0,0,1,5,1,13,6,0,4506,0,0,0,80180,6,24165,831,0,0,0,100,2,33,1703,1116,8,3,0,0,1,868,716,7986,22,0,5415,57,18,17,1,12,0,30788,0,0,0,800,120,0,85,67,38945,29287,59,21,2346,0,1,4,0,4,154,107256,0,33737,7293,79,0,0,0,2255,0,21970,49028,369,595,1092,2798,0,3704,82,0,397,1,0,0,509,0,61,0,0,348,21,0,0,2826,4,0,1,104,348,0,0,0,0,0,0,2,2712,8516,9085,977,26,0,3898,14,3936,0,0,0,0,6126,3,0,4187,39952,55214,0,173,1,62,18,23,4,0,68,0,0,12423,32,0,0,1,0,12,0,0,0,3142,0,0,511,57,233781,57,6507,4518,5,21109,320,49,263473,16,0,0,0,0,12,72,1,3,13,11993,220511,6448,758,294,8,183,0,0,0,0,0,0,159,147770,77,0,22,93,0,473,32344,0,4,0,0,6,334,0,89456,0,0,0,1,16860,0,0,0,0,11,3,5,0,0,0,3166,6791,0,0,4847,33,0,46,0,28565,0,0,18,9,172,0,2810,5,37,0,0,38,0,2,13,33096,4173,18,279,88,0,15660,0,5304,0,0,3578,0,2,28,0,1,87,3,0,265,86,1,0,8274,1,5,0,175280,0,0,22,0,30,313782,0,0,11,125,0,36,0,1502,0,1,34489,2108,0,0,1,0,74,1,20398,163,203733,1,89,41724,375,4,63,5,0,0,32033,0,0,0,67170,0,11,0,0,6,33,0,1,1,0,2,55786,66,1,6,77,3,2,0,94,7480,0,0,40905,55743,73449,0,0,10,0,0,240,0,0,0,4921,0,6005,1,151,5,7715,3,14233,0,3156,3,5,0,0,6,189991,2990,8,0,71802,64401,145,79,41,0,0,1534,30458,0,0,2,0,0,1,4,2,0,30792,1,0,1,39,0,1,8,745,0,0,24903,7,3,51,0,624,0,3,1344,12263,0,0,84,0,0,23816,0,516,0,0,633,0,69,0,0,5,0,31696,10793,14734,8125,67,20,0,0,14,0,0,0,1,1,37,8236,0,5,0,12,6,14461,11,0,700,0,0,0,26040,0,0,0,1374,111,17910,325605,0,31,0,341,12,0,53,0,228802,0,26,9,8892,2,0,1,8,0,0,0,6,0,0,0,1,10,0,29,12,14,45,10,35675,0,1302,0,0,0,23168,3,0,1,22961,0,306,0,126064,0,0,1231,2,81,0,0,0,4,1,21297,0,34,3,0,0,54,1,61,40,112371,9,0,287,0,2814,0,0,0,1,46,27,78,0,17412,0,2257,0,2,87,692,23844,58,0,17,23,0,0,1534,1765,0,0,7,0,0,499,0,0,0,0,27889,1,1911,640,0,1,13,0,0,4,37,1,33800,0,0,211,93007,3,121,12,18,0,1033,172,84,5,14,2227,47,0,27,0,0,1,95,0,0,140,0,167,14,1,616,0,13,1,1,1,87,163,23386,0,0,3,44,391,340,8,0,60015,0,0,1120,85,0,0,0,2,78,6145,0,1,0,0,30428,10,100205,0,2825,134,0,78,11399,1,156407,65726,3,0,0,0,0,3,0,84996,0,54,0,0,82201,1,27079,0,12701,1,0,2763,542,0,63,0,5365,258,1702,0,18,22555,654,0,1050,27,74577,918,11,1,0,0,79025,0,0,0,3346,0,223,7992,0,6918,59,0,42,0,0,0,0,0,0,2,0,40,0,0,0,0,0,3,0,19,16,2,1575,155,2953,0,3,0,4254,0,9,1,0,2503,12,33,0,142,284,0,2011,58,115,0,15,99,0,0,3,0,263,27,0,0,103758,0,1,0,0,0,40,0,3,0,31,1,0,1117,68,71,0,110,10,4,7726,0,399,90,0,0,0,0,5,1,0,40,1,677,3910,0,544,0,3,1075,0,8,7,3213,190,14503,34456,2,355,836,0,1769,0,39,0,961,122,1,332,0,30,545,5066,0,32,0,441,0,0,2,23,0,2884,0,276,0,0,0,1,10628,5343,148,0,0,40,1,102,1,44,0,3,0,711,1059,3,27,2,0,0,4,12013,230,0,210085,14,12,692,355,8,0,0,14,1434,0,0,3,211,0,6697,4,1,6421,0,18980,0,0,8,45482,4250,11,891,17,0,131,26,3394,0,13,0,10909,0,335,7920,0,0,0,2115,13237,4,0,6,2773,2,0,333,0,0,0,0,51,10948,1051,0,195,10,0,0,31,3402,0,1,0,10878,492,0,1,0,4324,0,0,0,142360,0,1,0,134238,2,227,63,22852,0,0,167167,2,279,1,0,7,50837,2,32,0,3085,0,250499,0,9,15,5,147,42,0,6,0,0,0,1972,28485,0,5,57,14858,64,0,24423,0,65284,0,0,0,3,0,0,0,3132,38,49,829,263,0,320,69,0,0,1098,0,14,9753,0,81058,0,0,1007,262800,0,396,1,0,45,58779,0,0,0,4640,4,0,7,4,2227,0,28,82,1115,2,0,297,0,0,94,3,6,0,60491,0,10224,17,0,0,575537,0,2,1,0,0,386,0,0,558,1405,0,61,0,0,4,3001,0,4,97503,1,0,21,3,2,122,0,0,0,0,3121,0,19,1,341,8,6,3,592,944,8750,10200,180,0,3515,2229,0,0,0,0,8,0,15900,81,3,64481,4274,4812,29,2,38068,0,17,76,0,42538,2,2701,2760,0,314,92013,2,0,516,0,3,9,1,34,0,10,0,0,37,0,44178,0,0,6756,7149,1285,0,0,2250,10,18,2681,9,0,0,1,3746,0,0,0,5,1601,0,0,0,0,220,0,1,109,11,1,90,0,12,2807,7,10,49,8987,23764,1,5,0,0,6194,0,7,0,1,4,1,42335,3,0,0,0,1,49,0,5,0,600,0,2,1,0,9,111,53885,9,60,0,0,48,6,1,0,359,1,322,143389,0,10,4,3,5,438,13506,377,12,7,149,0,0,2,12,0,158,1,283,0,0,3730,248,0,553,2,1221,2,224,15533,0,69117,3,0,7,0,0,1052,226,5,0,14,3,5,2,1019,200,6,58,0,5,0,57,57611,8,173649,5,0,334,0,1,13,2,79,0,47,4885,0,138,0,2,214,7,43,7986,1,2117,14890,1263,39,0,4,0,4,2092,12,1362,40,0,0,0,283040,114,535,0,0,24783,0,121040,4,47,1,1,2,1,87,19,0,18,19,0,2,3,18,0,24532,0,1,5,1390,6690,10,10,3992,0,0,0,1,16752,0,1,13,0,0,48,1,0,0,60,1,6365,489,14990,0,7,1,626,21386,1606,47,5,0,148,103,0,5,0,0,10,72,2777,0,62,7477,0,486,1,0,24,41942,0,0,853,488,119,245,1,77004,65,0,0,74931,3,0,1563,0,4,0,2958,0,0,4,1,0,453,338,14718,183935,0,0,51,77741,102,1340,2,0,0,39,41,0,2,0,78215,0,0,0,17,2,26,2,0,2,1,130,1588,578,254,1,0,0,0,80367,1,0,47,408,68,0,22,2,0,28,241,9,0,3,2392,7,0,0,167,0,112716,0,0,0,5186,1682,1,0,0,0,0,121,6121,0,0,0,0,0,5015,0,0,67565,4,0,50,335,590,2,420,9,17554,0,7271,0,145,67,326,125,1,0,0,0,0,109,5,25640,0,11,17,1890,0,1,0,204,1,2750,10602,10497,9551,0,89977,0,383,2329,0,32,0,90,0,10,22,392,2,1,2335,15,3250,235016,0,0,0,9,0,395,3,12085,15,2,19,1,1,0,0,119,0,295,18,1,40,3248,2558,1,1001,17218,29200,5,0,0,0,1789,0,0,1,1,434,2,53,44716,0,126,1,15132,214,3259,12,0,16225,0,0,1,0,120,152852,0,176,290,1,48,124,6571,0,0,186,9499,0,0,2,15461,328,0,1045,33154,0,3,0,32,1,3830,6,39,2678,1,0,0,2,105865,3,0,1,0,25718,10,152,1,13,1,1,0,474,8,5,623,0,0,38,0,0,282,2,0,0,220,1,31,4350,133,0,3,11,99417,25513,1,1,2,101,0,17,2,263,57135,0,0,0,860,0,0,218,3,33672,2479,127800,2,0,0,16644,0,0,0,33,51368,0,33,77,3,0,1,1,1,37,0,1,9659,0,15,0,0,7406,0,5,0,0,171492,115,48,0,13803,262,66,49320,0,37,6,0,9,156,181,0,0,8,1,0,0,1069,39,2,6,35,0,487,0,0,990,0,54160,0,0,955,0,0,425,184,14,0,476,0,59,0,0,535,295,877,0,1,0,1,5410,86,3,0,1202,0,1458,8180,279,0,7,4,0,10592,82,18608,6884,5,61,44283,495,0,0,1,0,4,28,0,4,0,2,28,0,0
0,70,0,0,10,0,0,5,918,0,0,9,0,0,176,18,1,0,0,1,205,4053,2258,0,0,0,0,197,0,0,4,0,2,0,936,9,0,0,0,0,209,0,0,8,17,0,0,0,0,0,0,517,153,32,57,0,0,174,0,3,1,1577,0,365,0,0,0,0,80,53,0,1036,267,2,298,3,0,0,2,0,1,0,21,2,901,0,0,0,0,0,56,0,0,0,0,0,0,0,0,4077,1,0,0,0,0,26,0,9,10,0,0,1,1965,3029,0,4789,145,4,0,16,0,3,39880,4,30,0,288,0,141,1159,0,0,0,0,0,58,0,0,0,0,11539,0,0,128,7504,2,0,0,2,1,1,0,0,0,2506,0,0,0,938,0,0,0,0,0,2,0,0,17,0,937,0,0,990,97,0,1184,10,23,84,822,0,0,0,0,0,41,419,2093,1,7,0,43,0,0,0,0,0,356,0,40,0,33,38,114,42,0,106,0,1,34103,6,0,0,3,19,0,5,3,0,0,3,0,1,0,299,367,36,13,0,0,0,0,0,7811,542,0,0,0,76,0,0,3217,1,1,0,0,748,0,355,0,0,0,0,12,0,29,9894,0,363,66,1,0,68,0,6356,1,2339,0,0,1,0,12,2,0,15,2,8,0,0,0,0,0,0,6,15,0,0,0,0,207,99,1,49,3,0,14,17,0,7,0,4,5,2,0,1,214,50,7,0,14,2639,4,0,0,0,0,0,1,1,6,0,539,749,3,0,7,87,0,49,10,0,0,0,3,51,0,2,676,17,0,0,0,0,1441,0,0,0,0,0,0,828,1,6225,1,0,12,278,107,256,0,472,14,0,28,1960,508,0,0,113,5822,8302,21,37,4079,7285,0,0,0,23,4,0,3,0,0,4,11,0,0,171,16,61,0,0,0,4,0,0,1038,1,0,24,0,1,4,3,0,507,412,2,3,0,0,0,0,0,5,0,0,1,0,9,0,0,0,16,1414,527,55,1898,0,1,0,4251,43,0,0,0,1,0,130,23,0,0,0,942,0,0,0,0,2,2,0,0,0,913,0,0,13660,0,0,39,5043,0,0,0,36,1,4136,31,17,6,1238,29,0,0,2142,0,5634,7,0,0,9,0,0,4,0,65,0,0,0,26,5,0,3,0,0,110,0,213,0,0,0,0,6,0,0,0,0,0,0,0,0,1,56,0,26,0,3,0,0,4,29,515,161,0,0,0,0,18,12,0,0,1170,4055,0,0,0,2751,0,0,50,0,0,1661,0,0,0,0,6,86,0,8,13,41,112,570,180,0,0,69,0,14,0,0,146,44,0,51,479,0,24,1,1,0,0,1,13,0,2,2,0,0,28,13,0,315,0,0,149,2772,0,0,308,1,0,0,0,1,0,8,16,456,0,0,0,236,0,4,1,23,0,0,1,0,27,661,0,0,9,1253,0,0,0,82,913,65,0,0,808,0,2,441,0,0,253,100,0,2,0,0,0,2,304,0,120,0,3590,0,751,26,0,0,1,0,36,0,0,3,217,8,0,0,400,19,0,142,0,1003,95,0,152,2146,0,0,0,321,19,0,830,0,0,0,0,0,0,0,3,0,2,302,0,0,0,3293,0,0,0,0,0,0,4,2,0,0,0,0,162,72,12,1,0,40,120,1,0,0,1094,580,0,2,0,0,0,0,0,2,0,0,6,0,0,283,0,2984,664,0,0,1,0,0,0,86,5,0,0,0,26123,0,1020,0,93,0,0,574,0,302,47594,1,36127,2,0,108,17,1,48,0,55,0,152,0,0,0,21,1,2,0,328,1,0,188,5,70,0,0,0,0,19,0,0,0,203,0,5,1,6,2,0,1215,700,0,21,22,0,0,1012,382,0,0,348,0,0,0,0,0,0,102,0,0,2,146,148,254,17,0,0,5841,5,0,1,5,1,370,0,15,0,0,6824,6,2,0,0,1,5,0,14,6,310,12,16,3,16,8,1819,0,2475,785,43,106,0,0,19,0,0,0,0,9,0,165,2,0,0,115,0,0,0,0,1,0,2,24,0,8,1,0,0,617,0,1945,0,214,10,109,47,0,1,838,1,114,156,0,0,216,1916,0,5,0,5,0,40,0,1,0,0,6,7,1,31,0,0,2,0,0,0,1,0,60,0,0,0,23,0,0,29,2,4,0,9,1764,0,2,0,1117,0,0,3869,0,11,1,94,0,12,2,0,0,4,2,18,0,3,5,34,0,0,0,11,7,0,0,0,0,48,0,1265,1,4,101,0,0,0,6,9,43,0,0,1,0,0,21,0,4,542,1102,4258,0,0,36,121,1357,0,0,882,582,106,0,0,60,0,0,1,0,114,0,42,0,14429,0,14,10,37,0,0,0,8473,0,0,930,2927,0,3312,0,0,189,8146,0,247,0,52,0,1805,1,0,0,0,1,6,0,8090,543,0,34,0,0,3320,0,0,0,1699,36,0,39,0,0,0,16143,0,0,7,497,78,0,3,369,281,0,0,188,1,0,0,0,14,6194,0,13,0,0,434,0,496,0,0,0,27,8,673,14,26,0,83,0,26059,282,2,1122,2000,0,1,0,1496,0,4,0,0,0,413,0,0,93,3274,0,0,414,384,0,3,126,77,1,0,0,0,0,0,0,0,0,952,81,10982,30,0,4,1,0,0,2,4,0,8,4866,37,0,0,0,1793,0,0,2629,0,0,0,13,149,0,0,2,0,2507,0,0,0,0,4262,0,137,1,201,0,0,370,0,233,695,0,0,0,0,0,355,234,0,0,135,0,29,0,0,1269,2404,1,18,795,0,0,13,17,5,0,0,0,267,0,2,15,4,0,3,0,0,1,0,1,15,0,502,0,26,0,0,33,3,0,1,363,0,0,0,0,0,41,3205,0,3148,1723,8990,0,850,0,0,0,0,1,1,0,2,2,0,0,0,0,119,0,0,0,0,5,0,0,456,1431,0,7,7,0,15,0,0,14,66,19200,57,513,1705,0,1,15,10,0,11,245,0,0,2,41445,203,24,1,77,0,0,0,1,0,0,0,0,0,1,94,0,0,6592,6,0,0,0,0,2,0,20,570,146,42,4,34,0,82,0,1,0,226,44,0,0,223,2,57,0,0,0,0,0,0,0,0,1661,1,0,8,311,0,0,0,0,0,0,0,1,1,1336,1247,0,0,141,2,0,0,0,0,0,9,0,0,0,0,2,0,0,0,0,6,57,0,0,215,67,0,97,260,1,0,8,465,0,1,5515,0,0,0,14255,18,0,0,0,0,0,502,0,0,0,0,0,71,3,0,3443,0,67,0,9093,0,3,2313,530,64,5,8481,0,0,252,24,0,6,1,4,644,17,3,0,0,5666,0,0,0,0,0,0,51492,997,0,31,0,0,0,5,0,0,0,1175,4,10,73,0,0,0,278,329,3492,0,5,25,1059,0,19,9980,0,0,0,0,0,0,0,1449,0,0,0,0,0,1,4,0,0,0,1,219,11,0,19,0,2126,1,0,317,35,0,979,0,0,0,0,0,0,9,1,3,0,0,112,0,0,28,0,353,0,996,1019,0,0,38,43,5,0,10,0,0,47,0,37,5,0,0,0,0,1,0,0,0,0,1,0,22,0,1209,0,56,0,0,1,448,12,0,2,0,0,222,0,0,0,0,0,0,1,0,4063,0,25,0,0,0,2033,2,0,0,2,0,1154,0,85,5,0,0,32,0,0,42,0,11,0,0,3,0,11,2355,1108,26,29,0,0,41,0,2503,8291,0,0,0,0,0,0,0,405,0,9197,5,9,0,0,0,0,0,173,118,0,0,1,0,1070,1,116,322,0,2,0,0,4,0,2843,0,1,10,8,0,0,0,163,466,1233,1,198,0,3504,0,267,0,0,0,0,0,0,2,0,0,0,0,24,0,554,0,369,29,0,0,0,279,0,0,0,1762,0,41,0,15,1080,0,0,69,0,23293,0,0,0,0,3,0,0,0,0,0,67,6,0,0,0,0,0,0,0,23,0,1,745,18,0,586,13,1,0,9,0,18441,0,0,0,292,39,25,0,0,0,8,5,0,2,5,0,0,3,0,28,13940,0,0,0,36,1184,1688,0,1,29,43,0,0,0,0,0,0,203,0,0,0,0,0,0,0,0,0,0,8,1,0,0,42,0,1115,5981,0,484,1,0,413,0,14,162,0,38,0,0,0,0,0,66,0,236,0,1694,4,0,0,0,24,741,0,0,3905,0,252,0,14,18,1962,3,2068,634,11113,1188,1011,2,7420,0,9,0,3,0,0,2,0,0,0,0,0,147,3863,0,0,0,0,0,3,163,0,0,0,1,0,2,0,4,0,0,0,50,0,0,33,0,0,0,1,0,0,555,0,0,81,1207,0,493,3,10,732,0,0,0,0,2,0,0,13929,0,0,1,52,1,1115,195,0,2,0,0,0,69347,595,0,0,21,0,0,5,0,0,9,0,15,0,9,7,3065,0,0,439,0,43,1,0,0,19,0,0,0,44,0,0,0,356,44,0,0,0,0,4544,2419,0,0,19,0,1,0,6,0,0,4226,2,202,0,3,0,2107,0,0,0,10,2,0,0,0,229,4,0,1,0,0,0,0,0,0,0,0,138,1,2138,0,2,26,0,0,0,0,0,0,1,0,0,1,43,0,76,327,13,0,1717,5572,23,557,0,0,0,0,0,3,5,0,0,764,6553,1,585,209,427,3,350,3629,0,0,0,0,24,22111,0,13,0,0,3498,763,0,260,723,22,1038,84,40,792,0,0,0,0,6,0,126,0,16,299,0,152,13,0,2,200,0,40,2,0,2052,3059,0,0,6,0,2,0,3,0,0,87,0,29,0,0,0,0,3,1680,0,2,0,0,0,5,1,0,3,0,0,3616,611,0,1,199,606,0,100,0,18,0,0,190,0,8,0,0,13483,519,0,585,2,40,0,2,330,0,0,3506,25,0,46,653,0,0,0,0,25098,118,0,602,0,1,7,0,163,6461,0,0,4,0,2,0,0,0,0,0,1190,1641,9,1,4849,0,6,97,0,0,0,0,1946,0,0,0,0,0,0,422,2,0,1634,0,0,0,24,12,0,0,2,1,0,1,10,88,0,0,0,0,5,21,0,0,405,0,0,141,0,30,648,0,0,1606,10917,314,0,3,0,59,0,0,0,0,0,1,29,0,36,0,1,0,4,0,1756,0,0,2054,0,21,0,54,1,20,2,49,0,0,0,5,0,0,0,6,0,1471,6,0,1,197,23,12424,256,13,7,5253,0,7,0,0,3,29,0,56,6,2,1,0,27,0,0,7615,0,0,5,0,0,0,0,49,0,22,0,102,0,0,0,0,0,0,0,0,0,0,0,192,316,140,0,424,969,0,420,0,107,145,0,1805,0,1,0,136,0,0,0,13,125,0,1151,3,0,124,0,0,13,120,249,0,0,0,0,0,38,9,125,0,151,0,106,0,2,0,1134,0,5,50,0,16,1,3628,0,34,1490,0,2303,0,3,0,1,0,0,0,83,1549,117,0,0,1043,0,4262,0,23,511,1,204,0,44,0,9,2,87,0,3,183,0,3917,1,24,0,0,0,0,0,0,0,0,0,11,0,9057,0,0,29,0,0,370,4204,0,0,1,2,0,55,0,0,0,0,0,1,2,0,0,2521,0,0,0,0,0,0,0,0,0,0,1467,0,0,0,2,0,11,0,0,258,1,106,0,0,23,0,10,0,0,5,0,0,0,127,586,0,0,39,41,1,0,0,34,1262,1,5928,1,1980,20,1257,27,0,125,0,0,0,0,4,0,485,0,0,24,2810,2,204,0,1,76881,0,1,38,0,2,0,1,3547,15,0,0,1,1,0,8375,0,3,1,3,243,6222,0,3351,0,0,0,12,4,0,0,0,441,0,931,1,1,323,0,4,14275,25,0,0,3,3,0,4,82,492,0,2,9738,1,34,760,0,0,1,19,0,0,0,0,46,0,1,0,137,0,225,0,0,7,0,0,0,60,0,481,0,46,0,110,0,21,0,0,0,0,0,1,0,64,1215,207,0,621,8,4,0,0,0,0,0,0,0,36,17,0,1,93,1,1074,1,0,8,1327,0,0,8,5,0,642,2145,0,3,0,9,0,0,0,71,0,0,0,0,0,4,74,51,0,8099,0,0,0,38,10,60,23,0,1,10,0,0,1,29,2,701,0,727,0,249,0,71,2,91,0,1,275,9,122,0,1,0,18,0,0,2,3166,0,0,0,0,4,0,0,376,288,1545,0,0,18,0,0,4,0,1,0,0,1,0,810,1,89,2381,0,1,0,0,3,1,470,30,0,0,0,238,2405,0,90,30,7854,0,1258,0,1,0,82,67,1,0,91,3562,50,0,143,1,0,4,2684,15,0,0,7,3086,0,0,20,23,2,0,0,0,0,0,7205,0,8,0,0,269,82,0,0,211,0,190,20,0,3405,0,0,7435,0,95,0,0,18,22,0,2,0,67,0,0,0,0,1,0,20,0,0,0,33,0,2,0,0,407,2,18,5,744,0,52,0,0,0,105,305,24,0,0,0,0,0,0,133,0,0,35,0,16,0,1027,0,0,1,318,0,0,33,0,0,1753,0,14,1,12,37,22,0,1,0,0,0,0,0,9,0,0,4,1,0,87,0,1,75,10,4804,63,1,0,0,1476,0,0,13,0,2,0,0,0,81,0,714,0,17950,0,363,658,0,0,0,0,1,0,0,0,0,392,32,12,4,0,5685,0,0,188,6,268,0,0,1,0,404,0,0,10020,824,1,0,95,0,191,0,0,46,1,677,0,0,0,0,0,0,0,1,6875,0,0,646,0,45,0,0,0,5111,0,313,0,0,0,78,0,0,218,1,1,3210,1621,1,715,0,0,0,0,0,0,0,0,2,0,20,0,29,0,0,10,0,36,6,0,0,0,0,1,2,413,11,20,0,3,0,0,33,0,90,0,1,0,0,4,1,0,0,0,2888,0,0,7,0,0,141,0,0,0,0,0,215,0,0,0,0,0,18,0,9928,53,0,3524,0,0,26,3,1,0,0,0,11,10,0,6,0,0,0,5,0,0,0,1,10,1,0,4,26,0,0,0,0,241,0,8,0,0,1480,0,0,3715,0,976,137,484,0,0,0,0,0,0,0,0,1,0,596,0,0,0,0,12,0,38,0,0,18,12,200,0,321,0,0,1,0,25315,0,0,0,0,0,114,1,1,396,106,0,0,0,0,0,0,0,1,3,4,0,12,0,1367,0,0,0,0,0,5579,0,0,2,0,4,1,147,413,0,32,0,0,19,15,1611,0,0,0,4,46,0,49,136,71,1,6,0,0,0,0,9,64,0,546,0,0,0,0,346,2,0,349,0,0,2,138,5,0,0,408,1,364,5,2,0,0,0,0,655,0,2,99,0,0,0,16179,1,0,0,0,0,0,0,1,982,576,0,0,0,0,2,0,0,32,2093,4,3,5,367,6,10,6,299,0,2,1,11881,0,13,5,0,0,5,0,0,0,0,34087,14,87,9,0,0,60,296,0,0,1,0,0,271,0,0,0,481,3,0,0,3,2466,1853,915,347,0,0,0,14,0,4,739,0,3,0,0,0,0,0,0,0,466,1,1,9,128,54,0,0,0,0,0,397,1081,0,0,86,2830,80,0,2,0,0,38,0,0,0,1145,6,0,0,11371,4,1105,0,175,0,1035,6032,0,0,0,0,0,0,4,0,0,0,32076,23,3,0,1080,0,4,10,1560,1,0,62,0,0,1,0,2,10,4095,0,7,0,0,3,0,0,0,0,111,0,1,3,1055,0,0,1,7,1,0,0,0,0,175,0,0,0,0,0,0,0,0,0,0,12890,0,5213,0,5708,80,0,0,216,100,0,0,0,0,1,73,0,0,58,0,56,0,64,0,10,0,81,1,0,39,0,0,152,0,0,4,0,56,0,683,0,1,0,0,0,81,1,123,0,0,0,2184,0,12,275,2597,0,0,18,53,0,0,0,0,0,2,0,0,8,7241,0,0,199,0,2,280,0,0,4217,23,2,0,0,15213,1940,0,17,2333,0,55,4740,0,0,4,0,0,6484,0,0,0,8,5059,18,31,4,0,0,316,172,1,135,17884,127,161,28,833,51,1322,1302,1238,0,0,1,0,12,49,0,0,2,2410,80,4,259,0,0,238,0,0,16,0,0,0,4439,14,0,14502,96,71,0,0,3456,0,0,689,0,0,2764,0,0,0,2,0,7,2,0,0,251,0,0,0,0,2,4,0,14,921,1,0,0,42,10,0,0,19,99,2212,279,0,274,0,0,172,3,0,14209,0,0,20,0,0,387,2,0,0,7,6478,751,0,0,1416,0,7698,0,0,463,9,0,61,0,0,0,0,0,0,111,621,0,4,21042,8803,0,0,0,1,515,0,3,0,718,15,0,0,0,0,0,0,0,0,0,3550,0,110,4926,0,2,0,0,1,0,7,0,0,0,0,1,0,80,52,35,0,0,204,0,1,1,1,6680,0,0,14,0,0,0,0,15243,49,0,172,26,0,3,0,1534,27,13,3,3,0,0,0,0,52,632,31,1182,0,2,6,0,16,7,0,61,0,24,0,0,46,85,0,0,0,0,0,197,0,10,0,620,34,0,24,2,0,0,0,0,0,6,0,0,0,0,1332,0,154,90,1908,0,0,0,6,0,1589,0,0,3,0,0,1,0,1,0,0,109,3,1286,0,0,0,0,0,0,0,4485,0,240,1716,86,0,1,0,0,0,115,0,10,0,0,24,0,0,0,0,0,968,4,0,0,1,0,1,0,0,170,0,0,58,15,816,985,1,3,0,0,57,122,133,9,0,0,1,1765,4,134,1,10,0,0,7,0,0,3,0,0,0,0,0,6,0,0,0,88,16,0,0,0,60,0,1,0,0,0,0,0,19,0,0,1,11,0,11,0,8,5151,19,0,1135,382,0,79,3917,38,0,239,0,0,0,0,0,0,9,0,0,16,691,4209,0,2017,6112,2,0,191,0,970,3,0,0,34,2074,1598,1,0,830,0,0,133,0,10,53,9,1,1676,12083,0,0,0,0,0,16,0,635,0,0,0,0,0,0,81241,234,459,861,0,0,6198,277,0,0,0,2,0,0,13422,7199,1,0,0,0,11,0,0,0,1119,4,0,0,0,5,3,6,14,0,1,0,0,152,0,0,0,0,26175,0,0,0,0,568,0,677,0,0,88,0,0,57,0,63,15,0,0,0,0,0,2,55,0,8,1285,38,0,1,0,212,0,0,12631,39,5,17,0,0,1113,0,0,0,0,575,0,0,0,0,0,0,666,0,12,784,7265,0,0,31504,0,2,0,584,1,326,62,159,0,0,637,201,0,11,854,502,482,9,0,0,5,34535,1558,0,1365,0,0,3,0,0,6,47,0,0,0,0,4,0,1,0,0,11,0,29,0,0,55,0,0,22,18,137,0,6,1,2,44,110,0,27,0,137,0,0,6,304,0,0,12,0,0,18,0,10,0,0,0,27,0,429,352,0,0,0,0,174,1,0,9,1239,1131,0,4814,0,0,1,0,0,0,220,1,0,1380,451,0,1,662,0,0,10,291,0,0,0,0,1,0,0,2,4,0,5,0,0,284,486,0,0,42,0,0,20923,0,2,0,0,984,0,46,0,0,0,0,0,0,0,0,0,753,0,0,218,0,12,354,0,0,0,0,0,0,0,338,14858,5276,0,274,0,0,829,35,0,1,29,590,0,2506,46,0,125,0,0,1425,0,0,0,0,0,0,0,0,0,0,95,0,9,0,2358,0,6189,183,58,6871,0,0,0,0,0,0,0,0,119,4,0,589,0,0,0,9,0,118,430,0,0,0,2,1,18058,0,0,0,0,6,0,0,0,0,0,0,4,0,0,0,0,250,0,0,0,0,2839,12,5098,1,2,30,22,1547,0,1142,0,734,0,0,0,242,238,0,0,0,2,1894,1,0,0,0,0,0,1,272,767,11,220,0,757,248,0,0,0,0,154,0,0,0,0,0,30,0,0,2507,0,0,27463,0,0,0,0,1,0,0,1534,0,2,7,85,0,2375,1484,0,0,0,0,8,0,24,0,4,8,271,11242,0,0,0,1881,147,0,0,0,0,0,0,0,0,0,0,0,0,1,0,0,0,0,0,0,76,1,5362,3,4401,4184,3,14,0,968,1,1815,0,0,0,1,8,2,10,0,0,1,0,0,3,0,0,0,0,131,10,0,560,39,0,0,253,2,260,6812,129,0,2945,2,0,0,24,8,0,0,67,0,0,0,3,0,8,67,0,0,1,0,0,2933,0,0,336,0,0,0,0,2522,0,0,0,0,0,0,0,0,0,25,0,0,0,3000,2185,1,1,8280,0,0,758,0,3814,0,678,34,0,0,3264,0,0,0,25,0,300,3,226,0,0,0,6,430,0,0,0,14,172,0,0,0,30,0,209,0,0,49,1,0,94,7457,0,238,7,0,3,184,0,3,0,0,5,3839,0,0,0,0,0,0,0,0,0,0,301,0,0,0,383,0,0,18,183,0,3218,0,0,0,371,0,52,0,18,0,0,0,0,0,0,1419,4,0,5148,2,1,821,0,1173,0,13965,0,0,0,128,122,0,128,0,0,0,0,4,0,0,1,2,0,0,63,634,0,61,0,0,755,25,7,0,3472,581,2,0,242,0,0,7,0,0,362,104,0,0,0,62,471,165,0,3,0,757,215,0,0,0,47,118,0,0,0,111,0,0,0,0,568,1588,1,11,922,0,0,0,0,0,1638,165,0,0,0,573,1089,0,28,0,0,4402,0,0,0,0,0,1,0,8,0,1049,0,0,0,439,3,1,0,579,1,28,0,0,142,152,3,0,0,0,0,1,0,0,11054,0,0,0,16,0,1,108,0,6699,0,440,14,10,0,0,0,0,0,197,0,0,883,0,0,21,0,207,0,35,0,0,3032,0,93,8,177,0,9887,8,110,3,6,4,11,229,1,0,0,9815,578,0,1830,0,0,0,37,0,0,0,0,2,4,3,8,2996,1,29,49,147,0,3,9,0,1318,10,7,2,1,9651,26,0,1,13,0,42,0,10,4,397,1,0,0,67,0,1,9,0,0,2,0,0,0,35,0,1,78,0,47,0,0,2038,0,3756,0,0,0,0,0,13926,0,0,0,1608,0,1,0,0,0,760,0,0,4,215,0,1,193,9294,68,0,20,1,0,2060,0,0,8,0,0,0,5,0,10,14,188,1,0,1082,0,458,6634,190,10,0,5,0,0,4,16,2158,0,0,0,0,35,0,913,2,86,0,0,9,0,0,0,965,642,0,1338,0,0,0,309,0,0,0,0,0,0,0,0,0,0,0,0,32,0,0,0,16,0,0,0,535,0,0,31,0,511,185,2,0,0,0,395,0,0,19,1657,7866,37,45,5,1,7,0,35,3,0,0,1753,0,34,85,0,0,8,0,225,0,2,0,1,3839,0,0,4,279,15,0,0,0,0,1,0,0,0,1,0,10,112,0,0,0,17,6191,0,124,0,0,0,5,0,23,233,112,0,752,2,4,0,48,0,0,0,295,0,0,0,2,0,88,1,203,0,11303,0,664,0,0,1,14,0,1071,0,0,0,488,1,0,11,0,382,0,0,0,0,0,27,615,2740,1,4,0,0,0,261,0,1739,1,53,151,0,41,1,173,0,0,0,0,18,2,12116,3,0,0,0,0,84,179,0,0,29,0,0,6113,0,27479,0,0,14,0,0,113,0,1,1275,1208,23934,0,167,323,0,0,0,0,0,153,0,21,3283,0,0,0,0,29,0,0,0,4,0,0,0,126,3893,0,3,127,0,703,0,0,0,0,62,210,0,0,0,11,0,9,40,0,93,12,0,0,0,0,0,0,5733,0,0,1025,1,0,0,0,0,264,1,4,0,40,0,10,8,3,1,0,801,0,0,5,108,0,0,0,402,0,1,5997,0,432,18,148,1565,3,2968,0,220,0,0,11,0,3097,0,0,0,0,77,0,0,1,0,0,0,955,0,227,233,5,0,25,1,0,0,0,0,0,69,0,0,1,3086,2912,0,0,1,0,3,0,0,0,0,0,0,6,0,0,0,6,0,114,0,0,0,5,18,0,1,0,0,190,32,92,0,7575,15,0,0,0,3173,0,1,0,0,0,0,74,0,1,0,1,21,0,0,0,8,3733,954,0,4385,0,0,4,0,218,0,0,0,0,0,179,26,3128,1,0,0,0,8997,2,0,1,5,55,0,0,0,4,0,1529,0,0,298,0,0,0,0,0,0,0,0,0,0,0,0,996,4422,0,0,0,0,0,0,530,247,0,231,0,0,0,0,24,0,0,0,0,0,0,0,0,0,21,0,11,0,122,0,163,17,0,227,0,156,12,152,0,0,0,0,721,0,0,1,102,0,25,56,0,477,4,1219,0,0,0,0,0,34,110,0,0,0,0,9,0,17,5,0,0,0,2,0,0,0,4,0,413,301,511,25,0,24,23,754,2,0,4,0,0,3,0,0,222,8,0,264,24998,10,3,0,1635,7480,816,5728,353,0,0,0,0,0,7,3501,0,0,0,8386,0,2,2,0,0,325,0,0,0,2376,111,1,170,1224,0,4,0,0,2,49871,5,2,0,0,3,0,1,0,0,6,29,0,0,0,6,1,52,3,1,0,0,348,2073,0,0,0,2162,0,0,0,0,36,8,1479,0,0,0,3,2746,9,280,2386,4,0,819,197,0,72,0,0,418,0,78,33562,0,0,35,0,226,0,0,0,0,0,0,5,0,1,29,0,0,0,2996,31,0,0,0,2,0,0,0,4,0,1,677,539,0,2,6,122,0,0,4,0,0,0,0,1,747,5095,1,2,0,2,0,0,0,0,3,0,5897,0,1729,33,4,0,5,6,0,7898,3856,26,0,0,0,205,552,0,0,0,0,0,0,5,0,0,168,870,2,0,0,0,0,0,0,1064,0,0,12,0,2,3684,0,0,704,42,0,478,0,0,1,5,0,0,0,0,237,984,933,613,0,2264,2,0,7,4439,0,0,2,0,2,0,0,0,6,0,15,0,0,118,14,0,0,1,0,258,30,0,0,0,507,0,0,0,6,157,1080,0,31,360,0,0,1311,12,4484,0,573,0,0,5,0,0,0,9542,84,0,0,0,0,0,2654,0,0,0,0,30,1,0,0,1953,0,0,8,0,21,0,6,763,1,262,0,0,0,0,2,17,0,442,0,54,0,0,598,39,3911,406,0,3,2,3299,0,0,0,11,0,1,0,0,0,2218,0,1,0,0,0,0,0,6,39,0,9,0,0,619,0,0,0,0,48,0,35,0,37,452,0,0,11026,1730,0,0,0,0,7517,0,1773,297,0,0,14,0,0,258,10,86,0,1,18,0,107,199,0,0,0,0,0,0,0,0,3982,0,0,0,173,126,119,699,6,54,1638,3,0,0,0,0,0,0,0,3,5,4,0,0,0,0,0,468,0,1,0,0,361,2,0,8,4,1686,0,0,0,1,18,0,9,0,0,0,0,352,0,0,113,0,6,0,0,0,0,0,0,8,0,1,0,2,13931,0,0,5,1,111,0,0,247,0,0,0,0,0,5112,0,30,0,4686,0,0,0,0,67,0,5342,3247,0,3,2706,0,0,143,0,0,963,0,4771,243,0,111,0,574,9,1,0,1,0,42,0,1,118,0,0,15,0,3037,1,0,0,1,7,2,96,0,5927,17,0,0,135,34,0,0,0,0,8,998,0,5616,1514,0,104,0,0,520,0,0,0,0,5969,2553,0,266,0,325,0,0,19,0,0,17,1,0,0,0,1,82482,305,50,35,0,0,0,0,0,16,0,1,195,0,0,0,0,0,605,1,13651,160,5,0,9,0,5,0,2,0,0,0,250,0,342,30,0,0,0,0,15060,211,1,5,0,0,0,13956,410,0,7,716,0,0,2813,150,0,824,0,9,0,43,0,0,4508,25,6,0,20,5025,1124,17,0,32,355,0,0,72,0,4821,1,0,0,1,0,8,4835,42,0,0,0,2871,0,3476,1,7,0,0,19,0,1285,0,0,9,72,0,0,0,9,258,10,362,19,1103,0,0,5349,959,0,1,4027,0,0,0,3,0,11750,0,0,57,0,0,0,0,2,3,0,844,17,0,0,0,0,7,266,0,231,460,4,0,0,592,108,2363,0,21434,7,586,0,0,25623,0,36,0,0,35,1630,5480,1,1,3,3,0,5,14,0,0,0,163,379,24,0,24,88,0,142,0,0,48099,0,3,563,10743,0,7,0,14,2856,0,15173,0,26,2,0,0,2,0,33,0,463,6003,66,0,0,0,0,0,0,0,11,0,1489,4,2,12,0,0,20,1,0,0,0,12025,1,0,0,0,0,191,0,0,2,465,3,0,0,0,0,0,0,130243,872,1,0,200,12878,8,385,2,1766,149,1009,0,0,27,0,3,0,0,0,18,0,0,0,0,0,0,1,1,4386,0,3,0,0,0,0,0,0,0,5,2512,516,5,749,15,2,0,10,0,1,0,0,0,0,3,0,0,8,410,318,0,994,757,0,0,0,7,2,0,0,35,0,7,0,0,0,0,7,7,11009,171,2,176,6,0,0,0,1,0,675,0,0,0,1,327,0,22,1154,0,2,60,47,0,2,127,0,0,1,0,1,1657,0,0,7,20,9,2812,42,2,457,29,6,4,414,724,1,0,2,0,0,5,0,0,188,24,0,30,0,8,0,5118,1,0,0,1,10,0,0,1744,777,599,0,0,331,0,0,4,393,385,7,113,0,0,13,0,0,0,169,14,0,0,0,0,0,84,743,1605,3,0,0,0,715,0,0,0,283,0,76,20,473,0,0,0,933,0,0,0,2429,0,8,1,0,0,35,0,1,0,0,0,13608,0,0,0,4,0,272,35,0,0,90,3615,1659,0,0,5312,163,7962,22,427,0,1811,29,724,0,22,0,0,1,0,1,2,0,0,226,2,26,0,8,32,0,2,0,178,158,984,11,0,0,4,183,0,0,590,7251,89,53,18,0,0,0,0,0,3,3,2,0,0,0,116,2609,0,0,0,2,0,0,18,0,0,0,0,0,2,0,10,5,0,46,0,0,0,19247,0,0,11,5,130,2,0,791,1372,543,0,0,0,0,0,0,0,9,680,0,1,0,88,0,0,1783,4,1,0,0,608,0,0,0,0,0,0,0,0,13,3035,0,13,221,8,0,0,0,0,0,0,105,12,0,0,0,26,96,0,0,0,2,2,33,0,0,4,0,0,0,14,2,339,3,86,0,548,22625,0,131,3,0,1,0,0,0,101,106,73,0,0,13,0,215,21379,778,0,0,1274,0,0,0,9,4118,9,40,354,0,6,16197,0,14163,0,240,863,0,15,0,0,1,0,0,0,0,102,0,148,0,0,2466,0,40,23,3833,578,788,0,5,0,0,0,0,0,9,0,37,0,0,0,0,0,36541,0,0,0,3424,0,0,1,0,146,0,0,124,1,2,0,0,0,21,16071,2,0,0,0,0,3153,0,318,6,226,1,17,0,0,0,0,0,0,0,0,0,2900,0,1972,0,3,0,382,23,0,0,0,0,7,0,0,168,0,222,0,139,0,0,2570,0,0,22,0,90,34,0,0,2,0,6,44,7,0,0,0,93,0,69,0,0,0,24,0,54,0,2,11,0,0,0,151,0,25,2,0,1,0,0,0,0,818,0,0,2,0,142,0,345,0,1786,0,490,0,1,0,0,603,0,13,0,0,0,2,0,0,0,0,0,12912,0,33,6,1,345,5,0,9928,2,0,2,0,23,172,0,0,0,0,0,50,25,0,0,0,17,31,0,1,0,0,0,2,3,0,965,0,157,3,925,2,2,0,5,0,630,0,135,0,1737,0,0,0,0,89,0,0,1,1,0,2,11,0,0,10,13928,247,0,2,6,6,130,41,62,0,0,0,0,10,0,0,247,20,0,0,2543,536,1,0,0,1,0,317,12,0,26,24692,0,0,0,1816,3,13,0,0,3,1,3011,0,0,29,0,4,1,562,0,1118,63,0,104,670,27,0,3,0,0,0,15,415,0,445,6,0,0,0,0,0,26,4,1,0,0,0,1733,0,0,0,147,0,0,0,0,0,0,83,135,0,2,1335,0,0,0,0,0,0,3,0,0,0,0,204,1164,0,27,0,0,5,1,1,0,0,0,0,99,0,0,0,0,0,0,0,1301,0,164,0,0,4883,0,0,2237,0,8766,4,45,0,6518,2,0,0,0,0,0,0,0,3153,0,0,0,0,0,94,28,0,1,6318,0,9,0,2,1277,0,5,0,1000,2647,1650,0,4,36,3,133,0,7950,0,1,293,0,0,83,0,0,0,0,0,3,0,0,0,0,120,193,3741,0,689,0,6232,0,0,0,11739,0,1,0,0,0,0,0,92,65,0,1217,0,0,4,0,0,0,10,920,0,0,0,3952,0,409,42,22,0,0,0,0,0,68,0,0,0,0,0,34,0,0,2,0,0,0,1,0,869,3,0,0,0,7445,103,0,0,0,23,0,0,0,135,0,66,0,0,493,0,946,0,0,432,0,3203,0,0,0,0,0,0,0,0,0,0,0,0,52,0,0,0,2,0,0,0,0,27,559,0,3,0,7,14,0,35,75,528,15,0,171,2,3,14,0,0,0,2560,61,12,46,0,0,1,0,0,0,383,1,1,1,0,2,1022,1329,15,2639,0,9,4283,26,0,0,0,0,0,1,0,787,0,0,0,0,0,1,0,743,0,44,0,0,0,1,5576,0,0,0,0,0,852,0,3,0,0,253,28,0,4,0,0,0,0,6,141,0,19,0,2,0,0,0,0,2,75,0,0,0,1627,17,658,0,0,0,277,0,0,38,1,0,0,0,7,113,0,0,15,360,0,4,0,0,0,0,0,0,18,1,2267,10,0,1,0,0,0,0,0,227,0,0,66,1,0,0,0,0,0,18534,0,2496,0,0,0,0,45046,1,0,0,983,0,18527,1,3186,0,1,2,0,156,13,0,1,0,1,0,0,0,4,0,0,0,0,0,6600,0,0,0,0,4,0,0,1,2,0,2345,0,8072,0,1,0,0,0,4,0,0,0,1,6,0,1132,894,0,0,0,0,21,5300,512,221,6,0,0,135,1,49,0,1,131,3240,0,1,3,4,0,0,0,34,0,0,114,4418,9924,713,0,0,0,0,0,0,1458,3,0,0,0,42,0,17,0,0,525,5,3,1,0,0,36,0,31962,5,7,0,0,0,19009,0,0,0,3,1,3683,0,0,2013,1,16,0,7,5430,0,5,6,5,80,666,0,0,4327,0,0,0,1740,12,0,669,0,18,0,5190,0,0,0,0,0,0,0,0,8533,8,0,207,0,0,0,0,8952,0,0,0,0,1,0,70,0,0,1784,0,3,0,0,0,0,0,23,24246,0,0,313,0,16,1,0,9,7514,0,1,66,23,30,19,0,3,0,9,0,0,2077,1,706,1753,0,165,0,0,0,6604,1,179,0,0,3,0,10,0,6,1,171,0,0,1,0,0,2,0,0,9,3,0,0,1,22,1,2,0,0,1357,0,0,713,44,2,2,14,0,6,1611,0,0,0,0,0,0,107,0,47,252,30,0,1,0,264,91,0,1,69,0,49,5,1386,2,894,0,16,43,585,0,0,401,3,0,0,1,448,2757,0,1,0,0,1,0,23,0,1027,0,0,4,2754,855,0,6,2,0,0,8779,0,42,728,59,8915,1,4,5,3,236,1,0,0,0,0,0,0,0,256,0,361,0,626,46,587,10613,2320,16,224,6528,1,0,0,5,398,0,0,6,10,968,0,498,1,243,0,6281,0,1849,0,0,0,0,1,0,27,0,14,690,0,0,8,0,416,0,0,1,580,0,0,3,0,0,0,4,28,0,111,0,0,48,0,0,0,0,4,0,0,0,618,0,1,3,0,1,1303,0,2,0,0,310,11714,0,0,91,0,0,13,3,0,8,0,0,0,4051,0,292,54,17,0,4,34,26200,3,12,0,1,0,426,11,0,4,0,2005,10,0,0,18,0,48,0,0,0,0,1,0,6,354,0,14,2154,0,0,58,0,15,247,0,3,6275,0,133,0,9539,0,2234,2095,0,1406,0,3,0,0,0,88,0,0,24049,0,0,0,2617,0,0,0,3,0,136,0,0,5,0,0,111,0,0,240,261,0,0,1,0,0,12,3,0,0,4739,0,577,0,0,0,0,0,18,2306,1258,0,1,0,0,0,0,0,5808,1,0,14,16142,0,0,1,0,0,8,2,0,0,65,0,0,0,203,0,0,0,0,0,1269,0,0,0,0,0,0,0,3517,2,1993,0,46,205,0,0,14,5,4,0,0,0,1,859,0,0,0,1142,1,0,0,10,1,3,0,32,0,0,0,1204,0,1,3,0,0,0,0,0,1,0,0,2350,33,0,0,2,8,0,376,1,6,9,707,44,0,0,305,0,0,0,0,0,0,0,9,0,0,0,107,0,4,0,5,0,0,220,4,0,4136,0,8,36,5,0,0,0,0,0,0,1,0,0,0,1033,0,0,2290,82,1,0,40,1,0,0,0,1294,112,7,369,4,0,2125,0,60,599,0,45,8,0,0,0,1,0,0,0,0,3,0,0,2,2,1,1343,0,9,1509,6788,0,4,339,39,1,0,46,69,107,0,0,7,0,37,0,318,12,10,1454,0,0,669,32,153,1619,0,679,36792,0,0,33,0,0,322,394,16,140,226,0,1,1,0,142,0,102,0,26,23,0,0,0,0,3350,0,0,3,0,0,3624,3074,3660,0,1,1353,0,15,0,0,36,0,0,0,0,0,1,1,0,0,26,19,0,5105,0,2,0,0,0,12,1,3914,0,0,0,31,85,9,3,0,0,1,2683,2,3,8,0,1,0,2,0,0,217,1,0,14089,29,140,197,41,5,6,2,154,167,0,0,6,0,16,810,0,0,0,0,0,2312,1,0,238,0,0,9,0,0,45,9,0,0,0,107,0,114,2982,5,322,0,0,275,0,0,0,0,1096,0,3,0,2,0,0,1100,0,4609,2,0,0,0,197,0,0,744,4029,0,6095,100,0,9309,0,0,0,0,0,0,0,0,0,2,0,143,139,0,65,0,15,0,0,0,0,27,0,0,0,0,0,0,86,1200,0,0,0,0,0,0,3,13,0,0,26,0,0,5,0,0,0,0,0,0,196,58,0,1,0,1,18,1184,0,0,3,0,0,0,0,0,0,0,0,2,0,0,4,3,4343,0,0,0,21,0,20443,30,1,0,0,3612,4,1747,1992,0,0,0,0,12,0,0,0,0,11,9,0,236,1401,0,0,0,0,2,0,1,0,0,1,11,0,41707,26,7,26,74,12979,13,1,0,0,0,0,3,0,0,0,38,0,0,4,14,0,0,0,0,1064,0,0,0,4602,7159,11245,0,2,27869,0,0,0,0,1349,0,0,0,0,0,1,0,0,1,28,0,0,13,1,215,0,0,0,0,0,13,4,10855,0,0,1,25,11,68,95,0,3104,0,0,0,0,1,0,0,11,0,0,4738,0,0,33,30,47604,413,2,124,3,0,0,0,0,315,0,0,0,0,88,0,13,0,0,0,9183,0,0,956,0,0,0,2,0,0,0,0,0,0,0,1,0,0,0,1,2,2,0,144,0,0,2208,2,0,0,0,0,0,315,71,7,1,824,0,0,0,0,0,21,13,0,0,382,540,0,1,0,6,0,0,1,0,0,0,0,29,7043,0,214,4,0,0,1,0,0,1,352,0,1,0,0,5,0,10,2,0,31070,0,0,119,0,0,0,1,9,7899,0,17,10,0,0,0,0,121,9,4255,0,731,0,2,1,0,96,0,0,6,0,0,0,1696,0,0,0,735,2,0,0,142,0,369,0,0,16,0,0,13,0,590,10,0,492,0,132,9,0,1,0,9,0,1403,0,392,1,0,0,875,12,0,0,4,1,0,5,0,255,0,0,48,0,0,0,464,9,0,0,0,846,1405,2,0,0,0,0,80,56,0,0,0,0,30,0,1,0,2844,0,7,0,7360,0,0,0,0,25,0,0,1903,531,60,0,0,1,0,12,11,0,0,0,53,31,13,0,0,1,436,0,1,0,0,157,0,5,0,2642,2,43,1,0,0,2,425,0,1,0,0,0,0,0,5,1,0,1187,32,0,3,0,9,0,511,2,155,4557,0,0,79,4,3,0,5,0,0,0,0,0,0,14,963,0,0,19,77,0,0,10464,71,7459,0,1689,1,1,13,0,0,0,43,1047,1,0,0,0,0,0,25,7,0,1,0,549,519,2329,1048,0,0,0,449,2,2,0,0,0,0,0,0,1,70,0,0,291,848,0,31,0,0,2091,2,2,0,72,13,436,0,20,0,4,0,0,0,0,0,116,1,0,16,44,0,10261,3482,0,445,285,2792,0,5,0,12,673,0,0,0,2605,1,3,1,0,0,1,0,12,1405,0,10,0,1083,0,1,2,3519,0,103,7,0,0,0,0,0,8,0,2,0,325,70,0,25,0,0,729,0,0,961,1,0,4,0,6,0,0,2152,3,2,9,0,0,0,0,796,28,3939,52,0,0,2329,0,60,56,0,0,2,206,0,0,0,19,0,0,0,0,0,0,1105,0,1,0,105,21,0,3,0,25,69,6,0,0,4,0,67,0,1,8,0,0,0,1,0,0,0,0,4,1,3,3,43,0,47,0,1,23,413,0,3174,3,0,756,0,45,0,70,11822,0,2701,0,0,1,244,0,0,0,5,0,0,0,7638,0,0,0,6322,0,0,0,2,0,1,0,1,18,1214,0,39,0,0,56,70,0,32,1807,1,0,0,0,0,0,0,102,0,10317,1,0,1,0,0,0,0,0,0,0,0,0,37,10089,4115,0,0,3,0,278,233,0,4460,49,0,0,0,0,0,0,0,0,0,1,0,0,0,677,2,1,7,5448,0,0,0,659,0,0,0,0,1,0,0,1671,16,573,1,0,0,0,0,0,147,0,14,1,0,28065,0,0,442,91,0,0,6,218,5,0,0,0,0,368,1084,1239,21,58,0,3,0,2733,0,0,1107,1,0,0,141,9,0,0,0,0,0,255,0,126,0,42,2788,2,9,149,181,0,0,12,1,0,0,0,3,2402,10168,38,0,0,1,2,0,1,0,0,492,0,0,0,1,145,225,49,16,0,8,543,1657,0,0,0,0,0,0,397,1011,164,413,418,5,0,3,0,113,6,0,0,336,4,0,0,82,42,0,0,0,0,71,5,0,0,0,0,1,0,0,0,0,0,8486,4,0,0,0,36,0,22,0,1,1,0,17,0,119,0,0,0,0,0,4,0,313,2,0,0,5,2,0,0,0,0,67,0,3,766,189,0,0,0,14,13,2,11188,0,0,58,1,10,0,0,0,1,0,0,1956,0,13,24,0,14,0,1115,0,0,8,0,1,53,13831,0,0,0,0,0,0,0,0,0,0,0,4,6,0,0,11,3913,0,0,0,0,0,522,0,23600,6180,7237,0,5,0,0,0,4,6446,0,6,25,257,0,0,54,1,1,0,108,2,0,0,0,0,4,0,51531,0,414,82,0,2,5815,0,634,1364,1,5936,0,17,0,173,212,0,0,283,1,1,0,0,0,0,1138,4,1,79,0,2,0,0,165,103,1,24,0,0,173,0,0,0,0,0,774,1,0,31,34,8,0,208,6,0,0,9,0,0,7053,277,3,48,1,5,0,0,1,0,381,0,0,561,0,3215,7,0,0,74,1,0,0,1,1,12,0,1,0,0,495,0,0,0,0,0,0,0,212,1198,403,20,37,1909,13,0,0,2504,0,0,1,980,0,0,484,0,0,3468,667,1,0,1,541,1,17,1,1,0,0,2557,0,5,0,0,31,634,0,0,18105,1,0,0,0,0,0,0,1,0,224,393,0,0,39,0,2,0,13,0,0,0,0,36,0,33,0,561,0,31,1,0,14,0,16,0,0,0,0,264,0,0,0,994,396,31,1,0,212,1854,2155,3,0,18,0,77,0,10,27,0,30,424,0,0,0,1784,0,0,825,60,0,0,22,398,10,411,0,0,0,0,2,0,0,4,0,101,0,5,0,2,0,330,0,1186,0,23,0,215,0,12,0,114,2653,0,585,37,0,1658,0,25,4,0,1003,0,125,87,2,4,1709,0,0,0,0,110,1299,0,0,272,13,0,0,0,1194,0,1,3640,91,0,7,24,204,0,110,0,0,4,1017,0,14,0,0,0,0,421,0,0,6,0,0,18,0,0,0,0,80,5,1,0,0,0,0,0,0,157,0,58,0,6,15,1,13855,3,0,0,2195,240,415,87,34,0,266,0,272,718,0,14,0,0,6706,0,3821,0,0,0,0,0,79,1,719,0,271,0,580,0,0,53,0,0,24,308,0,0,2,9,0,0,44,0,7,487,0,33,15,213,0,0,773,0,10,5,0,0,1,0,4642,573,0,128161,266,0,6,1,911,0,69,40,0,0,0,23,2,0,216,2608,0,0,0,0,1,6282,2,129,2,47,0,0,1964,0,250,5,0,143,0,0,1102,0,41,0,6,143,0,8,0,0,2208,0,9,2,8846,20,0,0,187,49,59,3,1115,0,2947,15,322,0,99,0,290,0,0,0,12,82,15,7,0,285,0,0,24,0,3,8,17,5,1,703,0,0,0,0,0,15,0,2,0,3,0,0,19,1,0,21,0,2,31,152,0,0,0,0,0,0,0,257,14,10291,0,0,0,0,1,103,0,0,2366,1,0,557,6295,560,0,0,6018,0,0,10,27,0,1161,0,63,4,496,1,459,20,111,0,0,9,0,18,0,23,19,53,0,411,0,0,0,2,0,0,0,0,0,0,0,0,0,0,2,0,0,4954,0,1,0,1,3120,0,28,0,0,0,3,2796,0,7,2,0,0,0,42,45,0,0,4,0,3,0,44,0,0,0,4,0,0,0,0,0,0,4,775,0,18,2784,0,0,1159,49,0,220,9,0,17,13,0,0,295,0,0,0,0,0,1,0,0,0,0,0,0,0,4,0,0,0,0,0,0,0,32,0,991,0,0,1080,0,4,0,0,0,10,0,927,22,0,0,0,81,0,149,0,5,0,0,0,73,1,0,9514,0,0,1336,11247,395,0,2,5,142,0,0,1,0,0,41,0,0,0,0,0,158,0,2,1157,0,0,2,2,281,0,370,0,8,1138,0,23,564,215,136,0,0,0,0,11909,36,6453,0,0,0,0,6,1,0,0,86,181,0,207,95,0,40,44,0,0,0,108,0,0,29,0,0,0,0,4,79,3514,3768,1564,1315,38,11,0,0,0,7,0,362,1,130,0,47,1968,32,9,0,130,0,7014,0,4698,4,6,3933,0,4,0,2859,13,0,11,0,0,0,0,654,2005,9,0,2,12,0,418,0,1,13,0,0,3,78,22,3,0,0,0,2,0,0,0,0,1,0,1,1,1481,154,0,0,79,2,361,0,0,0,0,0,0,0,0,6,0,696,0,0,259,0,0,33,0,0,744,10,1,87,0,6184,8,0,0,0,0,3,668,37,8998,0,0,6217,4,1,0,0,0,13,4291,0,1067,0,4,0,12,0,0,0,20,201,108,20385,0,0,5,1031,0,0,6,5,150,0,0,0,0,4797,3,2,0,0,1,0,0,34,0,0,10,1171,78,0,0,0,2,9,0,0,0,229,3493,0,0,0,19,88,1149,2,0,0,0,3,0,0,0,0,1,0,0,0,0,29,0,0,408,1,24,0,658,4,2680,4955,2,0,0,0,0,0,34,0,153,3342,0,0,1516,151,231,934,0,0,0,0,1,1,0,1,0,0,2,0,0,18,148,0,266,0,0,51,12377,0,1073,4,5,147,9,41609,4928,8304,327,2,0,0,0,0,8,303,10,0,0,1,0,0,0,383,0,0,5,5350,0,0,28,0,0,195,14,221,1,0,0,2577,15,0,0,131,16,0,981,3702,14,2,13,0,0,24,0,0,0,289,2,25,0,8,0,0,0,2341,0,2727,0,14,26,904,0,12,0,3638,1,1237,0,84,0,8,0,2,0,0,124,0,143,0,0,0,0,8797,0,0,0,0,0,0,244,0,0,0,0,188,0,2,0,0,0,0,6,1,0,0,0,0,18736,0,0,70,233,0,98,192,0,16,0,0,0,0,553,14,32,0,0,575,2637,17,3,43,1,0,8,0,243,0,3299,0,0,1575,0,1202,0,0,0,157,104,0,25870,2,18,0,0,6,36,5,1,66,11,0,56,0,0,4736,0,0,0,4,2,22,0,53,31,1,0,0,0,0,0,1213,4,6534,211,99,5246,0,26,1,0,0,0,1811,0,14300,970,0,0,0,0,66,0,34,0,12403,0,0,0,0,0,155,2,1,0,0,0,0,4087,0,149,31,13,0,6717,453,652,7,6,0,0,2,4,0,0,0,0,1,254,0,302,0,0,101,0,0,3,0,0,578,2,3419,0,0,0,0,0,0,0,7,0,226,12,8,18,50,0,0,0,0,0,3558,1017,0,138,0,23,0,567,32,0,0,2,0,1,50,0,3,1,0,0,351,10428,0,0,0,102,0,0,3936,2,0,2,0,0,0,0,154,4,0,0,3,146,10690,2499,0,0,68,41,0,148,282,11,0,0,21507,3125,2115,0,32,0,166,3,0,0,0,1,0,0,0,0,0,680,0,7,0,15,38,2,0,0,0,0,0,1,0,0,127,0,367,32,1,14,1,7,0,2,135,0,0,0,0,92,0,0,97,0,5,1,0,0,0,372,13,3,3,0,0,0,0,0,3193,123,0,0,11576,2512,0,0,0,193,0,0,0,0,579,0,0,0,189,0,447,379,0,0,0,0,9,8,0,2,0,0,0,0,0,2,6,260,0,79,0,0,8,0,8,7,0,1306,0,0,0,42,0,189,6,0,0,1068,0,0,0,2291,0,0,0,115,0,0,235,46,1,12,1,0,0,722,5,3,7,27,9,0,6,11,0,3,0,8,1,7,0,21,627,40,0,98,0,708,81,4,1,11,0,0,37,0,0,0,0,6,1,0,0,0,0,0,16,0,0,0,0,0,0,0,0,419,0,15478,0,0,1,0,1156,15,0,3,83,181,1,0,141,0,4661,0,77,0,0,0,4,0,0,0,0,0,766,0,38,320,0,0,198,0,0,0,0,0,5,614,0,0,145,0,2,298,0,109,0,436,0,15,1,18,2505,4,0,0,0,0,154,0,3,14,0,0,0,0,0,250,0,0,0,0,1,0,0,0,4,1,474,944,1152,37,11,0,1,0,0,638,0,2,0,1,5,0,1,0,6,0,2,0,0,1,0,0,1,0,1054,0,0,1,0,0,0,0,0,559,0,0,0,0,0,6,11,0,0,0,0,3,6,4966,7,47,0,0,11,3,1,0,0,128,10,11,0,0,0,0,0,0,0,52,0,0,24,0,0,10898,0,8,1,384,0,0,175,0,0,27335,1,2,0,1452,0,0,0,554,4337,0,1,1951,293,2680,0,2,3523,0,0,13,0,0,0,0,0,1635,0,5,14,0,570,0,34,183,0,1,0,2,1827,12,6,627,0,0,1014,0,0,2,42,0,26,51670,1,0,0,0,14,1,0,1,0,1,0,0,0,0,672,0,93,0,725,3,450,92,0,537,0,998,0,0,0,0,34,5,0,0,3096,0,606,0,0,0,22,0,6663,0,0,0,0,8502,134,0,159,0,0,19,0,0,564,0,0,721,19,0,0,0,2,0,0,40,0,1375,290,296,0,1526,9,1368,0,950,3,0,7,0,0,0,0,0,0,21,1,0,1,0,0,1,1260,26,0,4,0,0,9,0,764,0,707,3,1,32,1,2,3,0,0,160,0,388,255,9,0,0,0,629,36,0,7,0,0,378,2,0,0,0,9500,0,0,1,0,3,0,3,542,23,128,16,0,0,0,0,0,4,11,0,0,36,0,0,1,0,1239,0,1,0,49,0,266,0,2,0,8,4,58,0,0,17,1,3,0,236,1045,0,33,0,0,7,1,54,0,1715,4,57,14048,0,0,0,0,363,11066,0,0,0,0,335,44,70,0,66,2,0,1,0,300,6,0,0,0,0,0,0,0,0,0,69,9,0,1,0,22,0,1,0,1358,0,0,0,0,0,0,718,77,90,0,1,1,0,284,12,3,1,0,0,5138,0,0,26,0,0,0,0,195,6292,0,0,0,0,0,1,0,2,4824,0,126,8,1160,0,0,0,0,47,0,65,207,8232,0,1380,0,338,5,1,0,0,0,16,0,0,576,0,20,15,20,67,16,14,1,26,13,0,5349,3210,0,4,15,0,0,6,159,22,0,1878,0,0,17,0,0,0,0,9092,0,0,0,151,160,0,210,5,0,6622,54,0,0,1387,0,0,31,0,0,0,0,0,41,1,0,6,2,3,0,0,1,0,0,0,132,0,117,25,0,1,0,0,2945,0,100,0,0,0,18,0,0,24,0,2,922,1390,0,0,0,11,0,0,0,13,4,12,0,0,0,1967,0,0,3,0,43,2,0,21,1,0,138,0,6,0,665,0,1,24,1,0,106,0,0,0,0,3762,0,0,4205,0,6,0,139,0,0,100,9,0,0,0,0,0,0,0,0,0,7,0,0,0,0,95,3,0,0,0,130,0,4,15,0,2321,0,1279,0,0,0,0,0,0,24,22592,0,1460,0,9,0,0,16,0,0,219,18,6,0,0,2,0,0,0,104,6,58,0,0,0,58,203,0,0,4,0,0,0,895,0,1,394,1015,0,76,18,0,0,328,676,8,0,0,1,0,1,177,0,1,15,0,0,50,819,224,0,0,0,520,3,871,0,11,394,0,239,0,1,0,61,0,2129,0,46,0,0,0,0,0,0,0,1,16,0,0,10,0,0,2,0,14070,0,38,0,1315,0,93,0,28,1,0,0,18,2093,55,0,0,0,2,0,0,0,0,1,18,1,0,0,0,0,0,80,0,0,1480,1,0,0,0,8673,1032,0,305,0,12,43,0,0,1,0,601,0,58,0,0,0,3,0,51,0,0,0,0,3517,6739,0,0,84,0,0,2,3,28,0,0,389,0,0,376,1,0,0,10,6715,0,54,1006,0,9,0,734,0,0,0,0,1,0,57,0,1,344,0,12,0,85,0,0,0,1,62,0,81,0,0,1,16,0,0,3132,4,0,0,28152,438,0,224,0,0,0,183,0,0,0,6,1,0,285,208,0,0,0,0,0,3,60,48,107,1,5,21,1340,6,0,0,0,1,0,12,0,3759,51,2,76,0,35,0,0,0,0,0,30,1,0,0,0,23,0,1,0,400,0,503,0,0,5,836,0,0,2,203,9,2,0,8,6,9,242,386,2,1689,1103,0,0,51,0,0,5832,0,0,0,0,294,4,0,0,0,0,0,0,21,3893,0,0,3595,0,0,28413,11362,0,0,2,0,0,0,195,0,1,0,8731,45,2,0,1,0,0,0,1,0,0,0,2,2,0,20,24,83,0,358,0,3,0,0,1,25,0,15,53,0,0,0,3,100,0,7,609,108,6,0,0,3,0,0,0,0,0,0,0,2,113,1956,0,20,13,0,0,4,1567,0,148,0,0,0,36,137,0,0,9,32,0,11,65,9,0,0,0,0,0,9836,0,4811,18,91,144,0,0,0,154,0,3096,0,0,0,9,2677,0,364,4476,0,23,55,1,0,99,16,0,939,175,0,5,9,81,0,0,0,1026,0,34,1,0,0,0,0,0,0,40,0,4,0,0,0,0,0,0,0,2,96,0,0,10,1,0,452,0,3,4608,1419,0,0,25,568,0,0,13802,0,500,0,2,201,0,9445,1,0,0,6486,0,0,6,0,99,0,3,0,0,0,24814,1,0,0,61,3,2,0,0,655,0,211,0,0,457,0,796,0,20,5,0,0,0,0,0,0,55,0,34,0,0,0,0,0,178,0,0,50,0,0,1310,0,2,11,519,611,0,327,0,0,0,0,0,0,0,0,2,0,0,0,0,0,0,0,231,160,0,3,0,0,17,48,10,3,0,1965,3,0,8,40,0,1,2,0,0,0,2,0,170,176,0,209,0,0,147,28,0,119,0,4,4536,0,0,0,36,5,3,327,0,0,2,0,3,80,0,2,0,0,2107,6,49,0,3,0,0,0,16,6,2832,0,0,0,3277,1,14,0,80,0,0,24,1184,730,2955,5,0,0,351,0,12,893,0,0,0,0,0,0,125,0,8,0,1,0,1,0,759,2,14,0,3,0,35,0,0,0,0,3,12,742,0,0,489,1765,129,22,40,0,13,8624,138,0,161,8,1,11,3,0,1,148,0,0,0,0,0,0,2,0,0,0,8,0,0,37,0,0,0,214,340,0,3,0,789,0,0,20,0,30717,48,34,35,0,0,0,417,645,919,0,0,0,0,0,19,0,0,0,0,13,1,0,0,320,5,0,0,503,0,366,0,0,45,20,0,1,1,11,0,40,4754,785,0,278,1,38,0,2,0,0,145,0,0,22,0,3,0,73,1,0,0,0,0,0,0,0,0,5,0,675,0,0,0,0,280,138,46,0,160,0,7861,0,0,1,0,2,0,0,0,0,30,0,0,0,0,0,0,6,2020,0,36,7,0,1,0,0,0,207,0,1275,0,0,3852,1,1102,0,0,137,358,7,0,0,0,0,0,3515,0,0,0,1813,0,6,1,10,0,2,1433,0,0,0,0,1,1,1312,0,0,0,0,0,48,37,22,0,3952,4,0,0,0,771,908,0,2,0,0,2,1,6042,0,0,0,0,0,10,92,16,14,0,5,2,8,0,1,884,449,26,0,0,5245,2,0,6645,4681,0,224,0,0,0,5,14086,0,0,19217,0,8389,1989,1173,0,0,5,3306,0,0,11,0,14,0,320,1,0,3726,1069,15,0,0,48,2352,0,0,0,0,1,184,1,1,2,140,0,12,5933,0,0,18506,1286,3,0,0,0,0,0,0,59,360,1865,0,17,1116,0,24,0,50,6,575,132,20250,1,0,93,0,0,0,0,2,0,0,0,0,0,3391,30,0,0,0,0,1,0,2,1461,0,4345,0,4209,0,70,0,0,0,177,63,0,37,831,621,0,149,0,0,1,659,1529,0,25,0,0,2,0,0,3397,0,3,122,1,0,30,455,0,402,0,66,5,0,0,0,0,0,4,0,0,0,0,0,45,0,30,12,0,0,0,7,2,190,0,0,7,0,232,0,0,0,0,0,0,0,0,0,821,3,0,155,3837,1,2288,642,0,0,0,0,5,0,21,0,0,0,0,0,0,0,3,3,0,8,0,3,0,0,0,10,19,40,9,4,96,0,2,157,0,2180,0,24,2,0,0,0,0,0,0,0,3815,0,1,4,41,2,21,0,171,102,0,102,0,0,1,0,0,0,9,10460,0,0,1,0,0,0,0,45,0,239,0,0,0,22,27,150,0,28,5074,9645,4244,8791,2,32,0,1,0,7,0,0,26,362,0,0,0,0,0,0,11328,0,0,0,0,1,2,0,649,17823,1,1,237,4,0,0,0,0,0,0,1,0,99,0,0,2175,0,71,0,1145,0,0,0,85,0,0,0,98,0,0,0,780,2,13,1,0,0,0,2516,0,0,0,0,0,9343,2,6,0,3,0,0,0,10,51,0,3368,0,0,0,6,160,311,139,91,12103,0,0,0,0,0,28,65,0,0,33,0,73,0,25896,0,0,558,0,5,264,34,2,0,0,0,8,0,0,0,14,0,0,7815,152,0,2,0,0,0,0,39,0,0,2,0,611,0,0,0,0,0,1,0,4,0,0,3985,0,739,0,7,0,24,0,0,0,801,3,0,0,0,878,4,0,0,0,0,0,0,0,2,0,12,0,0,0,1,0,11,46,0,20,0,0,0,0,0,2049,218,0,170,0,104,79,8,0,118,35,0,4,0,46,0,2,0,2319,23,0,0,0,0,1838,0,2,0,5404,0,0,10094,2965,2,0,18,1,0,3,3,365,0,52,0,0,10,19735,0,0,123,0,0,0,235,0,0,0,1,0,0,10,316,0,1,0,3,0,6,0,0,0,0,50,65,86,268,17752,0,0,277,3,0,0,0,1,0,3,973,0,0,7,0,1096,0,1,0,0,0,0,0,0,1,194,0,1,2,15,0,0,0,1,633,1,0,0,0,10,0,0,8,43,0,564,0,0,0,0,1,15,0,1,2,0,1,0,6,0,4,0,0,9237,0,0,5,3,5,0,50,2924,0,1317,0,0,0,0,0,0,3,9,0,134,3,112,0,0,563,1,0,0,93,1684,0,96,0,1585,0,151,1,417,1232,1194,0,1,137,242,0,0,34,8,287,2,1158,1,3,2,2,2646,0,0,0,121,1328,18,2,0,1,0,4,44,0,2022,0,19,1,1,0,1691,0,0,127,0,0,8,7066,241,504,0,129,0,0,0,1,0,5,1,13,44,0,0,1,0,0,1429,2,159,0,398,192,0,1,0,35,500,0,320,0,0,167,0,0,0,1531,10,0,0,0,6,8,0,4,48,0,1,408,0,0,5,0,0,1607,0,21,82,0,1,0,0,9,0,0,42,5,0,0,1,15,0,0,0,41,0,0,0,0,1385,0,137,0,0,2,0,0,1,3,0,0,30,41,30015,9,52193,0,569,0,8,0,43,0,1,5,3,0,0,0,0,4,0,6194,0,0,0,0,0,20,0,641,0,0,7,0,2,0,21,1,1722,0,2,0,0,0,0,0,0,0,0,0,0,0,3,0,0,0,1,1,0,0,4465,0,0,0,0,0,238,2,7859,0,2,1,0,105,0,0,0,401,0,0,640,0,0,0,0,345,0,1,706,1,1,383,75,0,0,0,8,1,1868,1,1,0,0,0,4449,0,0,6,0,0,15,120,0,0,1093,389,64,0,0,50,0,0,39,0,71,3,0,1397,634,8518,44,15,2,0,24,0,0,292,0,10,0,33328,0,263,10,0,0,0,0,0,0,0,9,0,0,2171,0,0,1168,0,0,157,0,22,1,0,0,5,8,1965,0,0,894,0,1587,0,0,26,42,14,441,0,2110,60,1718,34,266,0,0,0,0,0,8,0,0,910,994,75,0,0,52949,0,0,0,21009,1572,0,0,12,0,66,691,2,0,1,361,0,0,0,0,0,14,0,0,13,4142,4034,0,32,0,0,0,1237,0,0,0,0,1537,1,6,0,881,0,28,3,0,37,0,0,29,1,62,646,719,0,0,0,0,0,1354,73,10,0,1,0,6,0,0,0,0,0,0,0,0,61,0,0,0,0,53,0,57,0,382,0,4,15,375,0,232,6,19,0,0,255,0,0,14,6,0,465,608,312,606,0,0,0,147,10,2154,0,0,0,0,0,31514,0,0,0,11208,216,0,0,0,2,1752,0,0,0,0,1,2,33344,0,1372,0,19,15,0,68,1,0,14229,12,1,12,3716,3,0,328,776,0,0,0,13,0,0,103,0,0,1,2,0,0,1,0,0,0,1267,2,2387,0,0,0,0,3,0,0,0,0,0,202,4979,1,0,0,0,0,191,0,8,0,42,0,0,3194,0,0,0,138,5087,0,0,0,0,0,4,274,0,0,0,0,0,0,1786,0,0,3512,0,3,0,781,0,8,4844,0,3,360,4433,36,0,0,158,0,0,10208,153,0,23,197,2,0,0,223,42,0,980,1,0,1,14,3,576,0,228,0,0,381,92,0,0,1,0,1,0,274,0,349,1,0,0,0,1,33,0,20,0,16,153,0,43,0,13,451,0,0,158,0,889,1,0,0,0,0,0,816,0,6,24,0,5152,0,526,0,0,0,0,0,8,220,0,0,0,36,2,32,3,0,198,0,0,2,0,0,1,0,0,0,0,993,2,0,136,331,28,0,0,0,4903,32,0,0,12,0,4,3,25,844,0,0,4,0,0,2,811,12,2,7,0,0,0,0,0,4488,60,3,1,4,3719,0,0,0,1,0,0,0,0,0,0,0,0,0,0,10,244,64,372,332,0,0,0,254,0,5185,0,157,0,0,141,0,0,0,0,0,0,240,0,0,2,0,0,0,17,0,0,0,0,0,0,0,0,85,0,23,0,0,0,1,12,0,118,468,15,0,1,79,0,0,0,0,0,0,0,1,0,151,0,1,2,11,857,0,13,0,0,0,1,1086,3352,0,0,0,0,0,8,0,163,4,0,1,0,53,0,0,0,0,1407,0,0,12,0,96,64,1011,1,1,89,129,3,0,6,0,60,0,0,0,0,1031,6580,0,15,0,11,0,14,0,0,0,0,47,28,0,8244,0,1,0,0,0,179,6,0,8004,1623,252,133,0,62,221,0,0,65,0,0,152,11,0,0,7,170,2375,0,0,0,0,0,3,25,9800,424,0,0,0,3,116,0,3,0,1,0,0,159,0,0,0,0,463,208,0,3,0,0,0,0,0,3,77,0,0,3,1,0,0,21,0,0,3,0,0,0,0,0,1,4,0,1,53,0,5952,105,0,681,14,1,0,1,0,1068,5,829,3904,0,20,0,4,10,1,2,0,95,95,0,2,25558,0,0,0,0,1,0,0,0,15,4884,6,0,0,0,3,0,1995,25,0,5878,10,1,0,0,1453,0,0,0,0,576,0,0,5,0,0,0,0,5,0,0,0,0,811,15,0,0,2,3833,0,5,6,601,0,330,0,0,0,0,0,0,0,5,0,69,152,0,0,0,0,0,0,134,5,0,178,0,0,170,32,1,15,0,0,0,0,614,0,0,0,3498,3,0,269,0,147,0,0,1,0,3,521,5,4,0,4,0,2402,3,2,0,316,0,19,0,6525,0,0,890,0,0,5,0,6290,0,0,19,0,34,12,0,0,0,0,0,0,328,1,0,11,3554,0,115,180,1,0,0,0,0,51553,0,0,0,110,1988,73,0,1669,0,0,0,5,359,0,9,1,13,33,1013,4968,0,46,0,0,0,0,0,11571,0,0,0,0,5728,0,0,1,0,0,0,0,2,1,0,0,20,949,6,1,0,0,68,11,607,10,0,0,1,0,1,0,0,0,11,0,2143,0,0,0,0,4,4429,0,0,106,510,0,0,29,4,0,0,0,0,4,0,7,0,0,0,3,0,181,2,181,0,0,1,0,36,0,1,7,0,0,0,0,0,2,1,0,1,7,0,0,0,78,0,24,435,0,0,60,3067,0,0,32,0,0,2034,37,0,1,0,0,0,0,0,911,4,0,7,0,4,0,228,0,0,1,1,0,0,3381,208,0,24,53,0,1360,2,2,0,2,0,166,2,839,13,10,0,0,1,0,0,0,829,0,9919,0,0,0,0,116,0,0,172,0,528,14950,14,294,10,0,0,197,0,212,17,5986,0,5,53,6965,0,0,0,0,0,0,4,0,0,0,1160,7422,0,621,0,0,0,62,0,0,0,0,0,0,95,0,0,0,5,0,0,0,0,0,0,1,0,0,0,0,3449,178,150,0,843,0,0,40,451,53860,10,0,3,0,714,0,16,0,658,1,221,0,0,0,0,4405,3276,0,0,24,1324,685,444,0,1686,37,20,0,37,733,0,4,49,0,22,1658,4,0,2,28,3396,0,0,0,0,1,0,0,1,0,0,113,335,403,0,23,2,0,26133,0,0,2105,0,3,3,0,0,0,0,0,0,0,17,375,655,0,0,0,0,0,4,0,0,1,0,13,0,1,3071,154,0,23,0,0,2,36,0,14,153,0,0,0,0,1944,3,0,3,94,0,0,3,0,1658,3,0,33,0,12526,2,0,0,0,1,0,7,0,0,52,0,219,0,3138,64,471,0,0,23,0,7,0,0,0,12,4,0,1,1902,1,3,171,0,0,0,0,1,0,267,0,749,4,0,0,0,93,0,0,0,17,0,16,0,0,0,0,2,3,0,0,0,0,0,182,139,21,2513,0,0,1177,0,131,1175,0,0,0,11,0,0,57,547,0,0,0,4,9,3,918,0,17,32592,7,0,15,1953,0,0,0,3,0,0,0,0,0,0,0,0,1283,0,0,0,204,3,0,0,0,0,28,0,133,0,11,0,0,57,0,7616,0,0,2101,0,0,0,6018,14,0,0,0,1860,0,0,18632,0,0,0,17,0,0,1,0,222,16,0,0,3,0,0,74,1,0,0,5,0,0,0,13978,0,12,0,0,1284,0,0,367,0,0,0,132,0,2241,4,0,198,60,1,0,0,0,199,0,0,4,4,0,1,2,0,0,0,0,0,0,525,0,0,0,223,0,0,2,3746,1,0,0,0,64,0,0,8319,2,0,82,28903,0,602,300,0,0,591,49,0,1,0,0,26,2115,0,2982,5,7,356,123,1,0,0,0,0,7,13,0,34,0,2,0,346,0,0,247,10,1,0,305,0,1866,27263,160,0,0,0,8717,42,0,0,0,0,0,823,17,2907,4,68,414,32,13,4,0,0,2,6075,12,219,2,5234,0,6298,64,90,31,0,0,0,169,0,0,2,0,0,0,26,0,22,10,3,18,0,0,0,0,149,3091,0,18,54,62,0,0,0,144,0,0,0,0,1091,0,1,1,0,0,11405,0,6,608,0,0,17,1,1,1,0,0,0,6841,0,0,5,0,16,0,2,11,0,31,0,92,0,0,0,0,0,33,3,2441,0,703,3,0,92,0,4,542,0,6045,1,0,0,3,1,0,0,0,250,0,109,0,5154,380,1,0,3,0,0,0,336,0,904,0,546,4086,0,0,0,508,0,0,18,0,8,15,0,0,14,8,0,0,54,0,0,0,38,0,0,0,0,1,0,0,0,23,5,0,0,0,361,0,0,883,0,243,5,0,9,0,0,0,0,0,0,0,364,11054,28,0,0,1,990,439,1065,4847,0,13991,52,1,0,26,1678,37,0,0,749,4996,2704,0,0,0,20,0,598,0,1,550,0,10,0,0,0,0,0,4,1674,0,165,0,0,0,0,43,0,0,0,1060,2,0,0,0,10,20,0,1426,3,0,0,3,30,586,0,530,0,0,0,0,0,10299,34,482,0,0,0,0,0,0,0,0,5,0,3,0,0,0,5,0,0,0,0,14599,0,24,5,6,0,240,1041,245,0,0,110,0,0,1106,0,0,0,0,0,421,684,0,0,1,3,0,0,0,0,0,0,0,0,0,15,585,0,0,0,163,0,35,9087,0,0,0,0,0,0,77,0,4,42,0,0,0,23,0,0,0,6,0,35,0,0,0,0,1,0,7673,0,0,2,0,0,936,0,0,1,0,29,10,0,0,9,0,21,0,0,0,0,0,232,0,3,7009,0,0,0,513,0,0,34485,6,0,1066,219,0,23067,8,682,40,338,0,0,2,0,0,4493,0,0,9325,0,50,1324,56,13,0,0,0,0,0,0,123,0,1,0,0,0,0,0,241,0,0,0,6,248,86,0,0,2,611,0,9,0,0,5,0,0,1421,2,9,0,0,1,0,0,0,0,0,0,0,8511,0,1,0,0,0,0,0,1147,0,0,1,0,0,476,7,254,26,0,0,0,945,591,0,47,0,0,208,3,2,1,0,0,0,0,0,0,145,1,0,1,0,37,252,0,0,0,0,1,0,0,0,5,3935,108,123,0,0,645,6,0,131,255,0,5,0,0,0,0,4,0,0,4,0,1,2,472,4,0,29,0,1321,0,1866,51,165,0,0,0,1,0,389,96,748,0,87,0,0,0,4920,0,3,181,0,0,0,322,428,161,0,1238,0,10,948,0,3,423,0,0,0,0,150,0,0,0,303,42,0,6,0,0,0,0,0,0,0,0,0,0,0,0,9,0,951,0,2112,16,2228,0,4,1,0,0,0,13,0,0,15,73,0,19,0,8351,0,35,0,0,0,17,0,0,0,0,0,0,0,0,1,517,0,25,0,0,0,0,0,0,0,3,0,0,4074,0,96,1,0,0,0,0,0,0,8117,1396,34,0,0,0,2,0,0,18,2094,4,0,2486,428,1756,0,0,0,313,37,0,0,27,442,0,57,0,20,0,0,4,0,0,0,0,4037,1,0,0,0,1,122,0,4,1,0,0,6,93,1402,3,0,0,0,0,1,0,0,0,0,354,69,0,321,0,0,0,0,11,2,0,0,0,333,4,0,0,0,0,0,11,0,0,13,0,0,0,599,11,0,0,0,165,0,0,3199,0,0,0,0,0,847,26,0,0,0,0,3774,275,299,0,191,0,0,0,414,0,0,58,0,0,13,5,0,5067,3162,2727,683,0,0,212,0,1,0,37,0,0,0,21,2,0,0,0,2,0,4,0,849,1,0,2,2,0,0,0,0,0,2,0,0,0,0,0,0,52,8,0,86,1,0,666,0,462,4,0,10574,162,11669,1,0,1117,0,11,0,0,14,3,2329,2,5,0,0,0,0,0,189,0,0,0,2,7,42,7659,0,226,0,0,105,31,13,0,0,4,0,0,0,0,0,429,21,0,26,1144,0,294,0,2,0,0,60,34,0,0,0,149,0,0,0,0,0,6,14,191,0,107,190,0,0,0,0,58,0,0,0,0,768,0,0,0,156,23,1,24,0,6,0,0,13,0,210,0,0,9,0,0,106,0,5,15,0,0,0,0,0,0,0,1,3788,496,0,3,1320,63,132,36,3,0,3099,0,0,0,7,0,8,5,0,0,10190,1,0,0,2,0,480,7,1,0,0,3,0,0,55,8,93,387,0,0,1,0,237,0,0,0,0,898,238,0,0,0,0,0,0,177,64,1989,0,0,0,14,0,0,0,3,0,0,0,13665,0,0,0,0,0,1,91,0,12,0,0,0,0,0,0,12047,0,1700,0,0,94,0,0,4,262,0,0,9789,0,78,0,0,0,0,185,1,0,0,0,4,0,9301,1,3,0,0,0,188,0,0,13,22,0,0,51,17698,396,0,0,2,0,9089,0,3,0,24,42,0,0,112,0,691,0,5,0,0,0,0,0,0,58,0,0,0,0,2,0,10,2,0,2,0,0,300,0,21,1461,292,0,3,0,0,0,4655,1047,0,0,1,2,0,0,0,0,3,8393,96,0,1833,647,1,0,2205,0,0,4,0,0,21,23,360,0,0,0,0,23,15612,47,0,0,786,1,651,0,0,0,0,0,1,6007,5,0,0,150,0,0,420,2,0,0,0,12,4,0,0,3,21,0,88,0,565,0,0,0,206,1017,0,0,0,20,0,134,0,0,0,0,2,0,0,4,0,1,6,0,0,0,5,0,281,0,2,0,29,45,394,0,0,0,4917,0,3,0,0,1,0,0,88,0,0,32,1,0,0,81,89,2,99,19,0,0,1,0,1204,0,1,0,0,983,5,0,0,2,0,45,31,0,1,18,2,0,4,0,0,0,0,9007,0,74,5,0,0,600,0,0,0,0,0,0,158,0,0,1396,2,93,0,2493,5,3,450,0,0,0,0,416,0,5,8,0,4404,0,152,0,0,0,4394,7152,6,0,0,0,0,1,2,0,0,11,0,0,1,118,0,0,0,11,1,1,2,0,9,1,0,1,9168,6467,0,0,140,1,0,0,0,18,0,181,1513,32316,0,260,0,3,0,0,0,0,0,5,0,598,22,0,1,0,0,0,3606,1068,500,46,0,2,0,33,541,1054,0,0,0,0,0,10,0,2,0,130,101,0,0,0,0,47,0,0,22,1,0,0,917,0,0,0,28,0,33,6752,5,33,0,2083,0,70,0,0,0,0,9,0,2,129,118,1566,51,8,0,0,0,9,637,17,0,368,0,0,4,37,26,0,0,0,0,0,0,0,0,0,6,35,0,25,0,0,208,0,0,0,118,0,3,0,1,1,30191,213,15,2044,0,0,0,15332,0,1,149,108,1,504,2360,18,0,0,0,0,64,2,16,5,0,0,0,0,10,101,4,214,0,6,53,18281,0,92,0,574,2,4,134,0,8,0,1,0,1623,109,208,179,3,0,0,1,0,1739,19,0,0,231,1,0,0,0,2,0,0,0,0,0,22,0,0,0,0,5,0,0,10,0,0,0,0,62,0,9,5,1351,760,0,0,0,0,325,0,1,31,34,0,88,0,6,5,0,3228,726,17349,0,74,0,0,0,1,0,0,0,192,0,28,161,777,175,300,312,0,1,1513,0,15,18,0,2138,0,0,0,2,0,0,5,0,0,3,0,0,0,3033,55,1,0,0,0,323,0,0,23,0,59,1304,0,289,1,0,0,193,1,0,6,0,0,0,2457,0,0,0,1264,4,4,0,0,2,0,0,0,0,2,0,1,0,0,0,0,45,1,2287,71,582,0,41,0,0,0,0,0,1,552,147,0,0,5,4026,0,3241,1769,1,0,23,151,0,0,3,1,4,20,0,0,0,281,457,27,5,19,0,1200,0,1400,0,0,84,8,0,83,3867,2,0,0,229,1,98,0,165,0,1256,673,26,0,0,1401,782,0,0,38,51,0,0,5,5,0,0,51,0,0,2,2,0,0,0,1,1,7,25,0,0,25,3,0,11944,0,0,0,0,0,0,976,7,0,0,31,2,0,0,3893,0,94,0,0,0,1,0,1985,0,0,3,10,79,49,2,370,0,0,0,0,67,0,0,3,0,26,0,1481,1,1786,35,2637,0,10,0,0,15,8,0,915,364,4,8,0,3,0,3,544,14,0,0,0,4,0,0,3296,0,0,12,2,11250,0,0,2,1,2052,0,3,1236,0,0,0,135,0,1,0,31,0,0,0,0,0,32,0,0,0,13,0,1,20,3322,0,0,0,0,0,660,26,0,0,87,0,1,0,0,18,0,0,0,1,0,188,4,7,0,0,21,61,0,698,891,0,0,1281,8271,65,16,0,0,0,0,8,0,4,0,19,0,1184,0,469,9,0,11,0,0,0,0,0,15563,4,0,0,0,0,401,13,0,0,41,0,1021,0,5,0,0,44,30,0,103,0,0,0,711,3536,0,0,18,328,0,0,0,5,0,0,0,0,0,7,0,0,0,0,0,16,179,0,998,0,71,1252,0,725,1,0,0,0,0,0,321,0,0,12,177,0,0,0,0,14,10,0,1351,249,0,42,0,0,0,6,1379,368,0,54,0,935,19,0,1,0,0,30,785,0,0,0,1,0,2404,25,0,8,953,0,5,0,2049,0,4256,6686,32,0,24,0,0,0,0,560,1800,1,0,33,0,4370,1262,247,31,0,0,0,11,0,0,13,0,0,0,4,0,51,0,1,1,259,0,16,0,0,0,0,0,0,5,0,0,22,31,0,77,0,1,5,105,29,0,1493,0,25,0,1312,0,3796,0,0,176,612,37,1,564,0,0,0,0,426,0,0,6,0,108,0,0,81,4,13727,1,2,924,8,0,2,0,0,11,0,0,34,58,0,300,4,1684,94,0,0,1,0,0,0,0,3,0,0,0,3885,7,0,0,17956,0,0,0,56,0,0,0,1,0,0,0,0,6,0,0,717,0,16,13,1365,0,0,1,0,0,40,0,0,4,0,865,0,6333,0,0,0,0,102,1,2412,0,0,10569,2,636,0,0,287,130,3,0,120,0,0,0,1,1,15,3,0,4,0,0,0,1,0,263,51,0,0,0,0,770,0,0,13,525,0,0,0,0,4,0,10019,0,2702,1,73,7,24,6627,0,31,57,0,9,0,0,34,57,4,3,3,128,3,7,0,0,0,15,0,52,1,0,1,8,0,504,2165,11,197,1313,670,238,0,0,0,0,0,54,0,393,0,1,7,53,5,0,0,1127,2,2,451,0,2,1315,0,15,0,1,0,0,1,0,0,1,362,2,0,1,0,412,48088,0,60,40,66,0,7,6196,0,1,0,0,0,0,0,79,0,1610,90,1,0,0,66,0,11,516,612,0,1177,0,6288,0,0,88,0,1,0,0,0,0,0,0,0,0,0,1300,0,0,0,0,71,23,0,0,0,0,0,0,0,0,1639,0,1,0,228,739,0,1583,0,0,29,0,0,0,37,0,86,0,0,3380,5,0,4429,5,401,0,896,0,2,0,0,672,2,1,0,0,0,1,0,0,61,13,1,3,0,2,0,0,17,6,1212,0,0,0,0,0,109,120,1,0,0,10,0,1,24,0,0,343,0,0,4204,932,1,1277,12,0,0,0,0,0,2,12,1,0,0,0,0,37,2,23346,72,0,3,0,0,0,7,1,0,0,0,0,62,2173,0,0,1,20,0,0,390,0,0,1,0,1,1,1328,5,0,0,342,1729,22,0,0,590,0,154,20,28,0,3,0,0,190,59,447,21,0,0,0,0,13216,0,0,3,0,2038,0,0,4503,853,0,64,0,11,0,0,2384,2,0,0,0,1,0,0,911,3,884,0,0,50,0,0,22,0,49,0,0,1096,0,0,0,0,0,0,11,0,0,9,573,1995,2,0,8,0,480,632,0,0,528,2,0,8,67,405,5,0,124,14,5,0,0,0,0,0,0,5,89,17,0,29,0,0,1,0,0,33,1,1,0,0,3,0,17,0,0,0,0,115,1045,0,0,9,0,1,0,0,18,0,65,8,0,0,0,0,0,388,38,0,3,0,221,0,6,0,0,0,0,15630,0,6,0,43,0,0,0,19,0,16,232,0,0,110,0,0,0,0,6,5,0,1,0,6,120,43,347,7,0,0,0,0,913,410,0,722,0,0,0,43,0,0,0,0,0,4,0,0,0,0,10,0,5169,0,3,15,0,0,0,0,74,27338,0,5,0,92,0,0,0,18,806,726,4962,1663,0,0,0,331,0,29,3170,141,0,3,0,0,0,21,30,1888,17,0,0,15,4188,0,0,655,23,0,0,0,1,0,0,588,0,571,578,0,0,0,1748,1548,1,42,0,0,7,0,2,0,382,0,0,457,653,0,0,0,0,0,109,0,0,4,0,125,5737,0,1,0,0,0,25,0,0,102,0,0,0,253,0,0,2,457,0,0,8,3423,0,0,0,0,1,0,30,1,0,14,35,125,0,495,24,0,0,0,0,0,0,0,0,2,654,40,962,112,72,0,0,0,4255,0,61,0,1866,0,0,0,0,0,0,0,0,0,0,0,0,1,0,0,0,0,71,0,1,21,183,0,3,0,4,38,2,1,0,0,0,62,0,3,823,0,0,0,4324,0,0,165,0,0,33,0,25,4499,281,0,0,0,23,0,8,0,0,69,0,0,1,0,0,235,1,4002,0,0,0,0,0,1249,1721,2612,3,1,7,3197,0,16,17,0,30,5442,1,0,11,1,187,0,18,3698,0,3130,857,1837,4286,0,2034,1661,332,0,25,0,419,49,65,2,0,2,0,1083,0,0,22,27,0,0,0,1,0,21,0,6,8864,7,0,27,49,21,0,7,0,143,1529,63,25,0,4,0,0,78,0,0,7,8,1,0,1,9138,13,0,0,0,0,0,335,939,0,849,26,0,4,7,308,656,0,0,327,11,9,22,0,6,0,0,0,0,0,0,0,0,0,412,0,0,0,2,132,9,0,0,0,0,35,1545,4,0,0,467,0,4,0,327,0,4,36,0,783,3154,9,0,0,0,131,1,238,1,0,0,11,4,0,0,6751,0,0,0,2504,0,0,0,612,10706,0,0,0,870,0,12,67,110,126,0,35,7,4,78,0,0,5054,0,740,0,0,0,0,115,2323,657,20,99,5,2,0,11,1,0,1805,0,1378,0,0,0,2,0,195,0,2,0,3,98,0,0,835,27,0,0,11,0,0,0,0,0,0,2,4,0,3,0,279,6894,0,0,627,0,21,0,0,5416,18,8,3,14064,0,0,7,17,291,0,3295,0,13,3,2,3,0,0,2843,0,0,0,86,491,0,800,1120,0,0,11,1340,0,0,118,0,0,0,495,0,22,0,70506,0,2,0,0,0,0,171,0,338,0,1569,18741,2,0,23,3,0,0,0,0,0,0,0,3,2,521,0,0,0,0,0,0,656,0,0,0,0,1,0,0,4,0,0,0,0,0,6,0,24,0,87,9736,3,21,1,37,6229,1,0,0,548,6485,0,0,0,1,0,508,0,31729,2140,591,3,7041,0,1328,1,3,0,0,18,969,0,0,0,1858,0,1,0,58253,0,20938,0,0,0,8869,0,86,12,6,61,0,93,6,7020,0,0,0,65,161,1140,482,61,8,0,627,0,0,0,3,7709,1,248,1339,935,78,118409,1725,5,6,0,0,3219,0,881,0,973,0,0,0,0,994,0,1,2,0,0,0,0,515,0,49,0,0,923,0,0,504,338,0,0,0,3,0,438,0,450,40,19,26,17,0,0,0,0,259,0,0,1,0,12,0,5366,11875,37,0,2,0,8289,0,0,0,1008,0,0,13874,0,1,0,0,1,71605,3,0,175,38377,0,0,1,0,0,2,0,22280,0,0,7,0,0,0,471,0,781,0,0,0,0,0,0,0,36,14,0,2311,48,21158,0,0,0,42379,5,0,0,0,0,60,0,0,0,0,38,406,0,3,0,43,0,0,33751,11,19,0,0,2,213,8519,2228,24,3,3,0,0,0,0,0,0,0,0,1956,0,0,0,5038,0,13933,840,0,0,0,3,0,2,737,773,0,0,0,0,0,84,702,214,3,0,317,9,4,3,0,2,0,7126,0,0,0,135,59,0,7,11,9980,7601,3,10,962,0,0,2,0,4,29,66958,0,26365,4215,1,0,0,0,1602,0,2730,9618,42,595,223,13,0,130,161,0,12,0,0,0,11,0,9,0,0,18,12,0,0,431,0,0,0,15,320,6,0,0,0,0,0,0,972,1191,3897,66,75,0,1632,14,19,0,0,0,0,894,0,0,96,11441,19173,0,19,0,2,0,0,0,0,156,0,0,2362,10,0,0,0,0,1,0,0,0,704,0,0,961,112,85377,70,1306,4839,0,394,250,1,178968,0,0,0,0,0,0,9,3,1,2,3145,90243,6070,37,5,2,69,0,0,0,1,0,0,2259,22083,13,0,253,54,0,5,3944,0,0,0,0,0,9051,0,39007,0,0,0,0,26107,0,0,0,0,0,0,0,0,0,0,5144,74,0,0,1461,5,0,155,0,6584,0,0,25,7,534,0,681,0,10,0,0,9,0,20,2,16618,13039,0,147,4,5,3628,0,254,0,0,377,0,0,39,0,0,10,0,0,53,135,0,0,10921,0,0,3,0,0,0,3,0,7,111053,0,0,1,79,0,69,0,124,0,0,26813,118,0,0,1,0,191,0,1483,22,119299,0,26,18049,52,2,41,2,0,0,72,0,0,0,30848,0,1,0,0,0,21,0,1,0,0,0,11400,3,0,4,14,1,0,0,14,1957,0,0,41843,41404,12823,0,0,3,0,0,64,1,0,0,4551,0,21566,0,6,0,2529,0,4862,0,1153,0,0,0,0,1,60315,354,7,0,21077,31888,108,174,0,0,0,1213,7630,0,0,0,0,0,0,0,0,0,0,0,0,0,164,0,2,0,51,0,0,9589,2,0,23,0,5,0,3,307,3057,0,0,18,0,0,19497,0,5,0,0,621,0,35,0,0,0,0,7165,21115,4773,3434,0,2,0,0,1,0,0,0,0,0,0,1640,0,1,0,2,2,10278,3,0,350,0,0,0,1669,0,0,0,146,42,3837,112034,0,6,0,441,0,0,71,3,99363,0,1,0,2477,1,0,0,0,0,0,0,0,0,0,0,0,0,4,10,0,4,33,5,2516,0,18,0,0,0,2259,0,0,48,3447,0,94,0,46963,0,0,917,0,42,0,0,0,0,0,67,0,39,1,0,0,6,0,0,1,1219,1,0,0,0,747,0,0,0,0,7,10,95,0,4965,0,17877,0,1,90,363,974,13,0,0,32,0,0,293,203,0,0,0,0,0,1429,0,0,0,0,12761,0,46,511,0,0,2,0,0,1,7,0,11812,0,0,39,12738,1,131,2,14,0,13,0,12,3,2,570,0,0,90,0,0,0,5,1,0,29,0,596,13,4,180,0,0,3,0,0,82,12,14317,0,0,0,11,70,31,15,0,13363,0,0,121,17,0,0,0,1,1,35,0,0,0,0,14148,0,10783,0,103,32,0,57,22272,0,38585,16758,2,0,0,0,0,2,0,15258,0,36,0,0,42032,0,598,0,775,1,0,347,17,0,35,0,540,320,51,0,5,11352,422,0,566,8,54795,928,15,0,0,0,18134,0,0,0,7391,0,56,833,0,481,44,0,203,0,0,0,1,0,0,0,0,7,0,0,0,0,0,0,1,6,0,0,720,7,722,0,0,0,5092,0,0,0,0,500,5,0,0,1,18,0,1681,8,35,0,4,17,0,1,0,0,76,1,0,0,60439,0,0,30320,0,0,3,0,0,0,1,0,0,946,18,0,0,119,0,0,433,0,1,86,0,0,0,0,0,0,0,11,8,113,801,0,484,0,0,189,0,5,1,7029,4,3992,6097,6,63,31,0,298,0,6,0,478,27,0,3,0,54,203,6046,0,199,0,11,0,0,4,203,0,804,0,48,0,0,0,0,3447,151,71,0,0,9,0,41,0,73,0,0,0,567,488,0,0,0,0,0,12,258,23,0,106605,2,1,829,66,22,0,0,0,764,0,0,3,123,0,734,0,0,2399,0,248,0,0,49,941,8445,7,75,29,0,71,1,1255,0,0,0,1904,0,54,695,0,0,0,1369,2680,1,0,0,1243,0,0,108,0,0,0,0,1,2748,1,0,294,21,0,0,0,51,0,0,0,1046,155,0,0,0,1669,0,0,0,35802,0,0,0,31918,0,58,851,8289,0,0,24455,0,238,0,0,1,14342,0,61,0,128,0,76079,0,2,1,0,62,0,0,0,0,0,0,226,8792,0,0,10,6001,8,0,7681,0,39300,0,0,0,1,0,0,0,323,1,6,273,192,0,63,13,0,1,168,0,1,6369,1,45302,0,0,13,96279,0,22,0,0,39,6893,0,0,0,2188,0,0,15,0,550,0,7,14,408,0,0,81,0,0,1250,0,2,0,19885,0,652,1,0,0,242344,0,0,0,0,0,602,5,0,60,166,0,18,0,0,0,1533,0,0,36193,2,0,24,0,0,19,0,0,0,4,411,0,6,0,913,4,1,1,450,136,5192,776,22,0,436,1087,0,0,0,0,0,0,8247,37,2,17766,3669,14,5,0,16658,0,1,1,0,8094,6,2057,1059,0,326,52477,10,0,367,0,1,0,0,18,0,1,0,0,14,0,17986,0,0,4387,783,130,0,0,2782,0,3,483,2,0,0,0,3592,0,0,0,1,1417,0,0,0,0,12,0,0,126,0,0,2,0,2,603,1,0,24,1123,7974,1,0,0,0,3173,0,3,0,1,0,0,19115,0,0,0,0,0,2,0,0,0,2,0,0,0,0,7,42,13262,0,79,0,0,2,0,0,0,26,0,246,40554,0,7,0,0,1,54,7159,1312,1,0,65,0,0,0,0,0,11,0,62,0,0,3024,108,0,70,0,299,0,24,22643,0,24977,1,0,0,0,0,196,59,0,0,4,0,0,7,265,35,0,4,0,8,0,83,21191,0,97601,8,0,131,0,0,2,0,3,0,3,5504,2,4,0,0,2,8,2,3624,0,298,2193,1219,7,0,1,0,0,1589,0,82,2,0,0,0,96733,1,16,0,0,821,0,110558,1,17,0,0,0,0,0,1,0,2,12,1,0,0,10,0,16782,0,0,0,590,1768,45,1,932,0,0,0,0,3360,0,0,3,0,0,48,15,0,0,13,0,1342,304,3575,0,165,3,113,6419,2431,3,11,0,56,51,0,17,0,0,7,0,388,0,1,1451,0,78,0,0,0,10329,0,0,79,45,22,42,1,21109,11,0,0,41102,0,0,12,0,3,0,3,0,0,0,2,0,3,333,4539,70547,0,0,3,55562,52,713,0,0,0,30,7,0,0,0,22855,0,0,0,9,0,1,0,0,0,4,1377,24,57,16,0,0,0,0,34172,0,0,3,81,7,0,17,0,0,14,58,0,0,0,473,0,0,0,90,0,40277,0,0,0,1319,214,0,0,0,0,0,220,1138,0,0,0,0,0,1352,0,13705,40938,0,0,132,28,43,0,253,5,33552,0,5526,0,72,34,1566,16,0,0,0,0,0,110,0,8491,0,3,2,2524,0,0,0,120,0,667,26464,79,3096,0,69415,0,222,949,0,4,0,47,0,0,0,111,2,0,1940,0,2106,73201,0,0,0,1,0,249,0,104,1,1,10,0,0,0,0,140,1,54,1,0,280,224,2018,0,19,11833,16413,3,0,0,0,837,0,0,0,0,62,2,151,13483,1,2,1,3254,63,816,5,0,5496,0,0,0,0,46,71662,0,64,73,0,170,30,572,0,0,36,4541,0,0,2,1520,27,0,466,12315,0,0,0,39,0,81,0,3,2679,2,0,0,0,31468,0,0,0,0,19683,1,61,0,0,9,0,0,9,1,7,38,0,0,58,0,0,21,0,0,0,27,0,3,6829,76,1,1,2,13497,2371,0,0,0,146,0,0,0,3,5009,0,0,0,1688,0,0,71,0,11960,33,40446,1,0,0,3424,0,0,0,6,18047,0,15,589,0,0,0,0,0,41,0,0,729,0,1,0,0,7160,0,0,0,0,63260,27,24,0,1485,195,9,3939,0,18,0,0,4,23,20,0,0,5,0,0,0,623,5,0,9,8,0,26,0,1,119,0,26794,0,0,1117,0,0,12,38,1,0,4,0,18,0,0,127,24,2625,0,0,0,2,678,110,0,0,12,1,141,44,72,0,4,0,0,6995,13,16288,3385,0,289,19506,465,0,0,0,0,7,7,0,0,0,0,7,0,0
0,144,0,0,58,0,0,41,5435,0,0,163,1,0,471,61,0,5,0,5,237,15043,2290,0,0,42,0,330,0,2,21,0,7,0,5123,9,0,0,0,0,10,0,1,133,143,0,0,0,0,0,3,427,336,121,658,0,3,955,0,18,3,3030,0,1954,0,0,0,0,488,306,0,6894,2916,58,454,9,1,7,43,0,0,0,188,55,4925,0,0,3,0,0,385,10,2,0,0,3,0,15,0,16337,6,0,0,0,0,25,0,18,23,6,0,5,11881,3420,0,2452,916,30,0,124,0,8,55001,45,121,5,1582,0,1516,2085,0,1,0,0,0,483,0,2,0,0,47140,0,0,154,12267,0,3,0,12,2,10,0,3,0,10787,0,16,0,2032,2,0,0,0,0,1,4,0,31,0,87,2,0,5210,140,13,5486,2,312,4881,5619,0,1,0,0,0,172,716,4599,1,18,0,243,0,0,15,12,0,1593,21,339,0,319,227,1900,30,0,180,0,7,64174,21,0,0,121,36,0,79,23,3,8,17,13,12,0,3072,1802,786,18,0,0,6,0,0,17711,3673,1,0,1,48,1,0,585,41,0,0,0,3375,11,956,0,0,0,0,9,3,218,26947,0,1579,196,0,1,39,0,5669,14,2322,0,0,25,0,87,64,0,117,0,26,0,0,0,0,1,0,114,16,0,0,0,0,142,57,2,394,11,0,50,105,0,6,0,75,48,38,0,0,1927,842,68,1,42,15167,6,0,0,0,5,0,42,6,123,0,452,3544,47,0,3,164,0,197,34,0,0,0,23,135,0,12,245,103,0,0,0,0,1933,0,17,0,0,0,0,2645,1,6319,2,1,214,288,1304,2607,0,3040,17,0,201,3480,4724,0,22,346,20111,38517,68,277,14865,33480,0,7,9,306,27,0,65,1,0,12,11,2,0,273,21,165,1,0,7,33,1,0,6910,1,7,28,0,0,2,30,0,2461,932,0,32,15,0,5,0,0,1,0,0,34,0,4,9,0,5,1,2323,1876,127,3559,0,3,0,12637,254,1,0,0,0,0,206,91,0,0,0,5398,0,0,0,2,70,25,1,0,0,6349,0,0,41599,0,30,280,437,0,0,0,78,2,12552,301,1,7,1088,137,0,1,12723,0,20677,81,0,0,20,0,0,1,1,291,0,0,0,129,27,0,2,0,0,93,0,910,0,0,0,2,8,0,5,0,0,0,0,0,0,1,42,0,51,0,47,0,0,6,2010,1048,440,0,0,0,9,20,64,1,1,3580,8343,0,0,0,4037,0,0,448,0,0,6028,0,0,0,0,166,467,0,51,22,291,360,2068,398,0,0,834,0,165,0,0,992,91,0,587,1018,0,334,2,0,0,0,32,29,0,62,39,0,3,272,163,1,1453,1,2,901,16035,0,0,1320,0,0,0,0,47,0,33,107,2292,0,0,0,2527,0,1,13,82,0,0,0,0,24,2121,1,0,49,3994,0,0,6,72,1654,11,0,0,4520,0,17,1625,0,0,2781,953,0,11,51,0,0,29,850,2,26,38,12382,2,2013,178,0,0,11,0,44,0,0,1,157,165,0,0,1530,78,0,603,0,4109,240,0,2294,6051,0,0,0,574,53,0,1499,0,0,0,0,0,0,0,15,0,1,1445,0,1,0,2652,0,0,0,10,0,0,68,14,0,0,0,0,1175,399,28,23,0,233,1101,147,0,0,10355,3913,0,5,0,0,0,1,0,11,0,0,0,30,0,892,0,3187,3536,0,0,31,0,0,0,55,14,1,0,0,51759,0,6455,0,809,0,0,4439,11,104,151783,1,85038,30,0,308,91,0,478,0,383,0,418,0,0,0,155,6,129,0,4731,0,0,611,1,564,0,1,0,0,137,6,0,0,429,3,0,11,67,184,11,6456,222,0,457,26,3,0,3333,100,0,0,913,0,1,0,3,0,2,2245,8,0,0,3987,975,571,26,0,0,5669,124,0,7,392,0,4143,0,84,0,0,11272,35,12,0,0,1,10,0,31,12,69,28,14,32,333,7,658,0,9363,2684,187,262,0,0,445,0,2,1,0,96,0,1902,44,0,0,478,0,1,0,0,1,0,16,242,0,553,1,0,0,3125,0,5227,0,1493,46,312,181,0,0,786,1,69,152,0,0,2304,5575,0,59,0,108,0,400,0,0,0,0,56,7,16,93,0,0,0,0,0,0,11,0,165,0,0,0,18,0,0,2,0,34,4,7,3552,1,15,0,4332,0,0,10078,0,18,0,820,0,59,15,0,0,9,5,143,0,14,63,59,0,0,0,60,33,0,0,0,0,114,2,8197,5,117,746,1,0,0,58,4,342,0,3,6,0,0,434,0,5,2013,2502,16033,0,0,46,451,4578,0,0,4231,635,341,0,0,591,0,0,0,0,45,0,96,0,75592,0,180,61,549,0,0,0,10574,0,0,2357,32352,0,32705,0,5,852,29662,0,235,0,113,1,3867,74,0,0,0,1,115,0,12911,4319,0,312,0,0,11284,0,0,0,8279,663,0,294,27,0,0,31971,3,0,58,894,250,0,4,333,475,0,0,70,8,0,0,1,82,6563,0,2,1,1,3874,0,436,29,0,0,4,59,1622,178,52,0,832,0,42233,4717,2,6021,1562,0,4,0,5759,0,64,0,0,0,2453,10,2,603,5917,0,2,4186,8001,1,1,536,11,34,0,0,0,0,1,0,0,0,3836,369,24416,452,0,16,3,0,20,20,48,0,59,13615,142,0,0,1,4929,0,0,5551,0,0,0,259,836,1,0,1,0,8113,0,0,3,0,16468,0,156,1,2327,4,3,432,14,840,1570,6,0,0,0,0,958,777,0,0,1106,0,52,0,0,6859,7200,0,269,4653,0,0,22,49,165,0,0,2,969,13,1,135,11,0,32,0,0,0,0,0,11,0,1013,0,69,0,0,133,78,0,46,3012,0,1,0,2,1,26,13747,0,10002,5870,14329,0,1621,0,0,0,0,6,0,0,5,2,0,0,1,0,460,0,2,0,0,140,0,0,755,2562,0,69,2,0,106,6,0,3,217,39014,204,872,8090,0,0,277,117,0,133,251,0,13,8,28358,665,43,8,386,0,0,1,10,0,0,2,0,0,1,272,0,0,21447,52,0,28,2,0,2,0,180,6397,1550,377,63,140,0,224,0,3,0,2276,822,0,0,608,16,18,4,0,0,0,0,0,0,0,7306,1,0,50,911,0,2,0,1,0,0,0,4,1,5703,13014,0,0,2009,49,0,0,0,1,0,34,0,0,1,7,1,0,0,0,0,139,430,0,0,1498,298,0,5,112,11,0,112,401,0,0,7800,0,54,0,47636,11,0,0,3,0,0,5588,0,0,0,0,0,513,29,0,7938,1,302,0,13628,2,230,1028,5381,139,296,39041,0,0,1107,24,3,21,8,74,242,2,50,0,0,14416,0,0,1,11,11,0,69504,1681,0,65,2,0,0,10,0,1,0,1143,27,14,197,0,0,0,1047,586,11164,0,58,333,3014,0,116,36417,25,1,0,0,2,0,0,4007,0,0,0,0,0,2,20,0,0,0,2,1477,3,3,224,37,2995,7,0,2061,27,0,13880,0,0,0,0,0,0,5,45,113,0,0,150,0,0,85,0,2009,0,8064,6386,0,0,115,307,24,10,37,1,2,139,5,250,98,0,0,0,1,0,0,0,1,0,5,0,11,0,2920,0,29,0,3,8,438,6,1,30,0,2,815,0,0,0,2,0,3,4,0,19742,0,78,0,2,9,4420,10,0,2,31,0,3097,0,674,29,3,0,220,0,0,644,0,15,0,0,16,0,51,9298,2265,319,106,0,0,143,0,10596,14491,0,0,0,0,0,0,0,6018,0,36899,18,124,1,0,0,0,1,158,165,124398,0,4,0,9649,0,1095,1743,0,1,2,0,3,0,24773,0,58,42,13,0,1,0,882,1722,2327,4,1231,0,13349,0,695,0,0,0,0,0,0,17,3,0,0,0,101,0,4502,0,1641,27,0,0,0,126,1,0,0,2598,0,196,0,94,266,0,1,40,1,38956,4,1,0,4,93,0,2,0,0,0,251,206,1,0,0,3,0,0,0,68,0,0,639,94,0,1162,129,9,0,162,0,24314,0,0,0,2869,265,272,1,2,0,17,106,1,0,78,0,0,11,0,35,38773,0,0,7,255,463,2919,0,1,14,1270,0,0,0,1,0,0,1297,0,1,1,0,0,0,0,3,0,0,51,75,0,0,22,0,5137,15968,13,456,0,0,440,0,9,133,0,626,0,0,1,0,0,4833,0,2168,0,6049,20,0,0,2,203,3134,0,1,21116,2,78,0,158,82,5337,32,5169,238,18584,1087,2192,7,23208,0,12,0,0,3,1,25,3,0,0,0,1,125,2365,0,15,1,1,0,4,1124,1,0,2,1,0,30,0,0,0,2,0,515,0,0,377,0,0,0,2,0,0,1719,0,1,788,1984,2,399,11,64,1328,0,0,0,0,1,1,0,41565,9,0,12,466,0,2312,427,0,23,0,0,0,83483,4904,0,0,41,0,0,128,0,0,126,0,71,0,19,25,12872,0,1,2231,1,41,0,0,0,155,0,0,0,142,6,0,0,1491,260,0,0,0,0,7663,3636,1,0,284,0,56,0,113,0,0,19505,1,606,0,4,0,11840,0,0,0,29,8,2,0,1,96,61,0,9,0,9,0,49,0,0,0,0,647,0,7333,1,4,205,0,0,0,0,0,20,0,0,1,32,526,0,263,1955,111,0,8129,16427,88,490,0,0,0,0,0,30,44,1,0,5451,9067,15,1199,2415,1676,116,4029,22757,0,0,0,0,74,68272,0,147,0,1,5793,6191,10,2485,898,188,1446,147,305,2328,2,0,0,0,23,1,207,0,79,1762,12,624,12,0,51,768,17,266,13,0,13772,9000,0,2,49,1,46,0,6,0,1,348,4,81,0,1,0,3,16,2881,0,63,0,0,0,24,0,0,1,0,0,16356,2832,0,15,2201,511,5,549,0,183,0,0,107,0,50,0,0,59336,1758,0,702,2,67,0,20,498,0,0,6153,52,2,689,582,0,0,0,0,64314,366,0,2390,0,36,64,0,240,8984,0,5,5,0,19,0,0,0,0,0,223,3155,89,13,22478,0,208,411,0,0,0,0,5408,0,2,0,0,0,2,1863,89,0,3614,0,0,0,73,76,1,0,31,0,0,0,59,309,0,0,0,0,13,39,0,16,2217,0,0,873,1,381,3370,0,0,2949,16476,515,0,48,1,110,0,0,0,0,0,3,215,0,55,5,0,0,36,5,4811,1,0,8322,0,121,4,143,15,225,69,271,0,7,0,18,0,1,0,6,0,7929,2,1,26,1139,63,17801,2916,81,20,8060,0,58,0,0,13,130,0,57,10,0,0,0,211,4,0,5140,0,0,23,0,0,0,0,231,0,187,0,280,0,0,0,0,0,0,1,0,1,0,0,357,542,582,0,197,7271,0,153,0,753,347,0,1416,0,7,0,37,0,1,0,455,16,0,4224,3,1,815,0,0,130,229,461,0,0,0,0,0,1116,28,1088,7,173,2,271,9,28,0,6321,1,31,433,0,2,1,34088,4,215,3294,0,6581,0,1,0,2,0,0,0,349,7560,578,0,0,1317,0,15967,0,78,2251,5,812,0,99,0,157,18,176,0,7,1228,1,2300,3,227,0,0,0,0,0,3,0,0,0,13,0,8014,0,0,312,8,0,1704,15685,0,0,1,8,0,40,0,0,0,0,0,0,14,0,0,11881,1,0,13,1,0,0,0,0,0,0,7755,0,0,0,39,21,73,0,0,1622,6,254,1,0,216,0,252,0,0,525,0,0,0,259,195,0,0,184,870,1,0,0,332,5668,0,11247,3,7713,22,6875,177,0,879,0,0,0,0,1,0,508,0,0,108,4088,0,930,0,4,154073,0,30,535,0,41,0,4,1120,59,0,0,0,7,0,20778,0,89,5,154,2485,12007,2,32784,0,0,0,26,69,0,0,1,2319,2,8653,0,12,1809,1,1,41074,462,0,1,55,34,0,32,156,446,0,13,27592,26,118,3098,0,0,12,56,0,0,33,0,400,9,4,0,874,0,1851,0,0,76,0,0,0,177,3,778,0,12,0,31,3,68,0,0,0,0,0,10,0,250,8618,438,0,1245,7,54,1,0,0,0,0,0,0,303,259,0,1,1694,0,4636,3,0,60,336,1,0,157,33,3,2588,14004,0,3,1,370,0,0,0,125,0,0,0,34,0,19,90,481,2,14611,0,0,1,418,52,362,80,0,36,64,0,0,3,56,12,1805,0,4460,0,325,0,226,13,360,0,0,3570,118,384,0,5,0,25,0,0,9,10766,0,0,0,0,21,0,0,2687,2907,3409,0,0,136,0,4,20,0,43,0,0,1,0,1666,3,513,7449,0,2,16,0,24,20,730,242,0,1,0,1611,4473,0,258,41,15600,0,7306,0,38,0,234,841,3,0,45,7525,157,0,310,7,0,19,2695,3,0,1,57,3093,0,0,28,607,3,0,0,0,0,0,10463,0,57,0,0,3056,86,0,0,2432,0,76,147,0,5740,0,0,12238,0,441,0,0,114,188,0,1,11,252,0,4,0,1,1,0,76,0,0,0,281,13,7,43,0,1312,0,276,2,2332,0,255,0,1,0,1244,244,11,0,2,0,0,0,0,3977,0,0,122,0,4,1,4016,0,5,37,3484,0,0,514,0,1,3043,30,19,16,116,120,94,0,2,0,0,0,0,0,6,0,2,99,4,7,745,0,0,566,104,6521,596,2,0,0,1757,0,1,7,3,0,0,0,1,195,0,3161,1,38242,1,5270,7589,4,0,0,2,3,1,0,4,0,2012,29,94,7,0,18110,0,52,1148,29,2830,0,0,11,0,2904,0,3,29873,4937,5,16,354,1,467,0,0,252,119,1891,0,0,0,0,0,7,1,0,9411,7,0,5371,0,213,0,0,0,24072,0,1261,0,1,0,11,0,0,928,0,1,16599,6668,4,1939,0,2,3,0,0,0,0,0,1,0,17,0,76,38,0,62,0,142,93,0,0,1,9,2,18,1727,30,110,0,11,0,4,211,2,550,0,2,0,0,0,3,0,0,0,5673,1,0,24,0,0,477,2,0,0,0,15,1360,0,0,0,0,0,124,0,20509,135,0,1029,0,0,136,1,2,0,0,0,11,11,0,2,0,0,0,69,0,0,0,18,53,1,0,54,310,0,4,0,0,1080,0,20,0,1,824,0,0,4153,0,7068,855,1341,1,0,0,0,0,1,0,0,10,0,2081,0,0,0,0,79,0,185,0,1,82,104,1042,0,987,0,0,1,1,51821,0,0,0,0,4,354,5,5,839,823,0,1,0,0,0,0,0,0,54,9,0,213,0,5057,0,0,0,1,0,24499,0,1,3,0,10,19,690,1048,0,113,3,0,61,87,2899,0,0,4,46,780,13,134,606,313,0,30,0,0,0,0,177,636,1,4163,0,0,0,0,1554,3,0,1728,0,0,0,279,50,1,0,231,1,791,28,5,0,0,0,0,1245,0,0,410,0,0,0,35301,0,4,3,0,0,0,1,3,1667,741,0,0,0,1,5,0,0,297,8470,60,1,43,297,4,6,94,1617,1,10,30,24388,0,71,37,0,1,78,3,0,0,7,74588,86,580,101,0,0,1254,2906,0,0,3,0,0,1821,0,0,0,1654,26,0,2,65,4582,2835,3202,1715,4,0,0,8,0,20,3815,0,66,6,0,0,0,0,0,0,3428,0,4,74,449,36,0,0,0,0,0,2193,12308,0,0,493,5103,241,0,13,0,0,87,0,0,0,2624,91,0,0,18214,11,1610,0,1508,1,2392,2181,0,0,1,0,0,0,16,0,0,0,31890,80,0,0,2358,2,4,53,3044,12,0,420,0,0,2,1,6,46,38855,0,13,2,6,34,0,0,2,0,912,0,15,3,2293,11,0,18,146,6,0,0,0,2,553,0,0,0,1,0,0,14,0,1,0,57082,0,13522,0,4632,983,1,0,2755,130,0,2,0,2,24,307,0,0,97,0,93,2,385,0,130,0,101,68,6,65,0,0,268,0,0,113,0,357,0,967,3,2,0,0,0,311,15,20,0,0,0,5184,0,71,1584,8663,0,0,164,33,0,0,0,0,0,20,0,0,152,9909,0,0,914,0,0,2976,0,0,15576,89,94,0,0,24674,4310,0,26,4960,0,578,11762,0,0,5,0,0,20998,0,3,0,18,14286,225,5,2,1,0,191,2212,31,325,49800,395,757,154,8588,221,2402,2851,6277,0,0,3,0,67,229,0,0,19,6816,284,37,269,0,0,1782,0,0,76,0,0,0,4509,126,0,20185,193,21,10,1,1128,2,0,2091,0,0,15953,1,9,0,2,0,71,44,32,0,717,7,0,0,52,7,6,0,34,10300,1,0,0,544,32,0,10,2,435,1595,3619,0,450,0,0,190,47,0,24108,0,0,80,0,0,5694,6,0,0,174,11070,2766,0,48,2751,4,5787,0,1,1905,57,0,256,1,0,0,0,0,0,1058,707,0,90,39331,20010,1,0,0,6,557,0,232,0,1996,4,0,0,0,0,1,0,0,0,0,33751,0,974,9303,0,3,0,0,48,0,0,0,14,13,1,1,0,1446,190,119,0,0,183,0,42,2,30,6667,0,0,90,0,0,0,0,9224,148,0,236,11,0,1,0,10904,362,87,11,8,0,0,11,0,596,3499,133,1201,0,81,7,0,112,28,0,387,0,33,0,0,151,260,0,0,0,0,0,330,0,97,0,693,300,0,134,10,0,0,0,0,0,60,0,0,1,0,4839,0,1503,92,1479,0,0,0,162,0,12361,1,1,5,0,0,26,0,1,0,0,5,9,7456,3,0,0,0,0,0,4,7664,0,2814,7844,5410,0,3,0,0,0,209,3,68,0,0,356,0,5,0,0,1,5843,22,0,6,0,2,0,0,0,634,7,0,130,376,1535,2274,0,88,0,0,116,685,719,69,0,0,0,6940,57,654,9,78,0,0,35,0,0,251,0,7,0,0,2,117,0,0,0,609,129,1,1,0,213,0,5,0,0,2,0,0,31,0,0,2,68,0,72,0,51,1873,87,0,4738,3907,1,384,11250,168,0,631,0,0,0,1,1,0,61,0,0,65,2255,20418,0,3748,26322,1,0,889,0,346,16,0,0,86,5729,1491,13,0,2988,0,0,827,0,47,945,185,53,3912,18625,0,0,0,0,0,20,0,3570,0,0,0,0,0,0,54572,862,2084,1420,0,0,22118,2894,1,0,0,2,0,0,3855,12526,9,6,0,0,13,0,0,0,1684,27,1,1,0,11,5,34,57,0,5,0,0,38,0,0,0,0,54953,0,0,0,0,4676,1,7490,0,0,139,1,0,421,0,268,102,5,0,0,2,0,0,468,0,237,4983,16,0,0,0,671,0,0,40195,208,13,95,1,5,3974,0,0,0,0,2379,0,0,0,0,0,0,5499,0,9,2684,15589,0,2,75708,0,2,0,4331,0,321,138,39,0,2,1246,4514,0,1,3363,870,2335,342,0,0,54,38794,6279,0,1893,0,0,105,3,0,45,543,1,0,0,0,0,1,0,2,0,75,0,561,2,0,235,0,2,107,495,191,0,59,1,11,58,802,0,262,0,1002,0,0,87,1525,0,0,71,0,0,191,0,27,0,0,0,443,21,667,1000,1,2,0,0,760,8,0,53,5801,1631,0,9468,0,0,12,6,0,0,78,12,0,2260,859,0,10,2788,0,0,163,994,0,7,0,0,4,0,0,9,4,0,26,2,0,2033,2046,0,0,720,5,0,51230,0,40,0,0,3604,0,225,0,0,4,0,0,0,0,6,2,11015,0,0,1222,0,21,16,0,0,1,0,0,0,0,1516,75226,33110,1,2494,0,0,2521,25,1,3,45,1628,0,6047,357,0,2192,8,0,3317,0,0,0,0,13,1,0,0,0,0,722,0,67,0,4625,7,10270,561,357,6130,0,0,0,0,0,0,0,0,467,7,0,1844,0,0,0,106,0,844,1828,0,0,1,3,3,48256,28,0,0,0,7,0,0,0,0,0,0,0,0,0,0,4,790,8,0,0,0,760,144,15706,12,2,4,90,3125,0,2276,0,1467,0,0,1,1445,1381,0,0,0,2,9962,0,0,0,0,0,0,11,1119,4150,232,2079,0,809,254,0,0,0,0,240,0,0,0,8,1,66,1,0,5114,16,0,38518,1,0,0,2,5,2,0,4589,0,8,28,149,0,24902,5146,0,0,0,0,82,0,254,13,41,117,1424,19817,0,1,3,2863,722,0,1,8,0,4,8,1,0,0,0,0,0,0,10,0,0,19,0,0,1228,4,15713,40,15116,25043,12,131,0,2400,1,3739,0,0,0,1,23,20,355,0,0,8,0,0,25,0,7,0,0,550,73,0,2327,80,0,0,94,52,285,9727,369,0,9422,17,37,0,140,5,0,2,767,0,0,3,9,0,23,430,0,0,3,0,0,13454,0,1,4793,0,8,0,0,5680,0,0,0,0,0,0,0,0,0,103,0,0,0,4378,8319,7,2,16474,1,0,2294,0,899,0,3748,288,0,0,11153,1,0,0,404,1,650,48,116,0,0,0,109,965,0,0,6,96,68,0,0,2,504,0,1259,0,0,208,19,0,944,5732,0,234,33,0,22,28,1,21,0,0,42,7417,0,0,0,0,0,4,17,0,0,0,151,0,3,0,888,0,0,39,1006,0,6041,1,1,1,82,0,170,3,42,0,0,1,0,0,0,12870,14,0,18623,40,60,2258,0,1790,0,39026,3,0,0,147,576,0,439,0,10,0,0,7,0,0,17,31,0,0,300,898,0,299,0,0,2579,104,38,0,3140,3923,14,0,1351,0,8,71,12,1,258,592,0,0,1,204,2664,465,0,28,0,3428,977,0,0,1,275,374,0,16,0,910,1,0,0,1,1239,695,20,58,5260,0,0,0,0,0,2547,1231,2,2,0,1824,8854,0,21,3,0,16396,0,0,2,0,0,0,0,26,1,1856,0,2,2,511,9,0,0,1040,1,163,0,0,346,1270,44,0,0,0,16,121,0,0,28634,0,0,0,16,0,1,164,0,11667,0,6240,219,214,0,3,0,0,0,341,2,0,5908,0,0,364,0,2179,0,171,0,0,4381,1,1007,5,395,0,15709,34,474,26,30,14,120,957,1,0,0,23286,545,0,126,0,36,0,270,0,0,0,0,67,45,3,490,3972,3,33,247,69,0,47,7,0,4811,5,57,6,25,27474,128,4,47,70,0,354,0,46,35,978,0,0,1,726,0,1,259,0,0,13,0,0,1,109,0,28,1460,0,39,0,0,2514,0,5049,0,0,2,0,0,23876,0,0,0,7358,2,15,0,0,0,2742,2,0,51,280,0,58,708,42281,552,4,40,40,0,3607,0,5,0,0,0,0,46,0,76,118,28,0,0,7190,1,638,9100,2120,26,0,74,0,3,8,75,5984,0,0,1,0,200,0,5291,18,464,1,0,16,0,0,0,1634,468,1,4878,0,0,0,1810,1,0,0,1,0,0,0,0,0,14,0,0,42,0,0,0,195,0,10,0,3816,0,0,139,0,1957,643,1,0,0,0,1789,0,0,190,7728,10592,93,146,57,0,70,0,127,33,0,0,11431,1,14,60,0,0,19,0,252,47,9,0,0,5097,7,0,23,258,153,0,1,0,0,13,0,0,0,0,0,13,174,0,4,3,322,10738,0,791,4,0,0,15,0,111,1225,815,0,209,7,5,0,401,0,0,0,1696,0,1,2,16,0,436,19,2033,0,30462,0,4321,0,1,5,129,1,8587,0,0,0,4660,15,0,20,0,339,0,0,0,0,0,56,4073,8681,0,24,0,11,0,2953,0,10372,208,615,38,0,493,8,820,0,0,0,3,161,10,22416,6,0,0,0,4,580,669,0,0,75,0,0,11550,1,38513,2,0,113,4,0,960,0,5,2949,2184,72383,1,535,107,0,0,1,0,0,427,11,676,8732,0,0,0,0,140,1,0,0,0,0,1,1,360,2476,0,29,296,0,1248,17,0,1,0,176,113,0,0,0,5,0,196,94,0,788,52,0,0,0,0,0,0,11471,0,1,2934,4,0,1,0,5,897,41,1,0,182,0,32,116,59,3,0,2906,0,0,43,722,0,0,0,1061,0,6,27165,0,991,10,767,3016,1,5907,0,189,2,3,162,0,3303,0,0,0,1,19,0,0,9,0,15,0,6522,1,1031,1693,8,0,100,0,1,0,0,4,0,40,0,0,17,11722,4076,0,0,5,0,12,0,0,0,1,0,0,43,0,0,0,1,0,115,0,0,1,69,164,7,4,0,0,403,76,461,3,43481,43,0,0,1,11606,0,16,0,0,0,0,128,0,11,0,2,271,0,2,1,49,5649,430,0,3785,0,0,1,0,855,0,1,0,0,0,934,20,16954,21,0,0,0,17571,2,0,7,11,67,8,0,4,102,0,5446,0,0,944,0,1,0,25,0,7,0,0,0,105,1,0,1958,10342,3,0,0,0,3,0,6179,75,0,529,1,0,0,3,16,13,3,1,0,0,0,0,0,0,227,0,1,0,645,0,605,18,0,310,0,641,20,173,0,0,0,0,6714,0,0,10,2286,0,111,717,0,989,29,3528,0,0,0,3,0,776,1017,0,1,0,0,90,1,56,36,0,0,0,3,0,0,0,11,4,1132,1155,2117,0,0,29,56,1365,11,0,17,0,0,6,0,0,103,18,0,1185,49059,23,8,0,3048,20837,3334,31633,577,0,0,1,5,0,63,11938,0,0,0,16308,0,5,5,0,0,257,0,0,4,12974,364,1,1269,2723,2,20,12,0,29,112100,10,30,0,0,40,11,474,0,0,102,87,0,0,0,46,0,381,0,7,0,0,122,3451,1,0,0,12705,2,0,0,0,187,19,2055,0,0,0,45,10493,43,345,6865,0,0,3376,480,1,541,0,0,751,0,70,74655,0,3,357,0,1189,4,0,0,0,0,0,40,0,1,25,0,0,0,9870,277,0,0,0,7,5,0,0,12,0,7,4266,1390,0,96,83,402,0,0,49,0,0,0,3,15,1120,16243,3,109,0,13,0,0,0,0,0,0,12141,0,7306,129,109,0,86,126,0,24156,29548,30,0,0,0,190,1144,0,0,0,0,6,0,11,5,0,1277,6784,25,0,0,0,0,0,0,8676,0,0,1,5,69,9891,43,0,1073,117,0,123,0,0,1,100,0,0,0,0,637,1432,6295,1143,0,17167,14,32,27,7828,0,0,12,0,8,4,0,4,46,0,161,0,0,125,35,1,0,10,0,1543,79,0,0,0,6249,0,0,0,1,3987,12006,0,95,227,0,0,4882,224,12590,0,994,0,0,120,7,0,0,7882,924,0,0,0,3,40,10527,2,0,1,0,515,29,0,0,192,3,0,23,11,472,0,35,3177,8,348,0,0,0,0,56,112,0,6044,0,217,0,0,1716,111,24751,4180,0,0,67,2907,36,0,0,46,5,0,11,0,0,2428,0,3,0,0,0,0,0,40,462,0,172,0,0,663,5,3,0,0,333,22,209,0,367,641,0,76,20717,6965,0,0,0,1,17746,0,6239,1315,0,0,37,0,0,260,103,98,0,11,185,14,571,171,0,1,17,0,0,0,0,0,20401,0,0,0,922,882,491,2158,43,247,4463,91,0,0,0,0,0,0,0,2,40,37,0,2,1,1,2,1636,0,1,2,7,271,5,0,59,82,9640,4,0,0,1,58,0,107,0,0,0,1,5739,8,0,275,0,45,0,0,0,0,0,2,39,0,0,0,6,26933,0,0,15,2,714,0,0,803,0,0,0,0,0,3227,0,472,0,13638,0,0,1,3,74,9,5385,11152,0,2,607,0,0,1742,7,0,2522,1,17977,2953,0,665,1,2390,208,90,15,0,0,433,0,54,727,2,0,110,0,12432,2,0,0,14,3,11,414,0,17572,54,0,0,53,150,0,0,0,0,19,4407,0,16636,12082,0,537,0,1,1702,0,0,0,0,705,407,0,844,0,3961,0,7,150,0,0,296,25,0,0,0,6,165306,1648,821,39,0,0,0,0,0,52,0,2,942,6,0,0,1,0,3464,1,17504,1459,27,0,98,10,0,0,40,0,0,0,2716,1,3241,27,0,0,0,0,51146,1427,2,108,0,0,0,31685,1288,0,58,5080,0,0,2402,1279,5,8298,0,28,0,811,0,1,4491,97,27,0,338,31241,2115,124,0,93,133,0,1,187,0,29325,9,0,0,1,1,113,17464,114,0,14,0,15640,0,691,0,43,0,0,110,0,2414,3,0,109,280,0,0,2,19,601,114,95,85,5481,1,0,2062,84,0,8,20567,0,0,1,35,1,17784,0,0,361,0,1,0,0,1,59,0,1546,29,0,0,0,14,6,942,0,2619,7144,37,0,0,3070,11,2930,1,39950,32,4601,0,0,51076,2,382,0,9,367,4145,7535,31,4,3,17,0,39,49,0,0,0,509,1339,64,0,54,1283,0,181,0,0,152754,8,44,4305,28725,0,18,3,45,7451,2,24847,2,130,7,0,1,7,0,55,0,2232,20379,68,0,0,0,0,3,0,2,19,0,3787,19,2,129,0,0,119,2,0,0,0,34487,0,0,0,0,0,857,0,0,26,1878,25,1,0,0,32,16,0,220900,3686,1,0,183,59638,2,1433,36,9985,2846,5959,3,0,89,0,24,0,8,0,152,0,0,0,0,1,5,7,31,16384,0,3,2,0,0,4,0,0,0,17,1149,901,20,3226,5,57,0,19,0,6,0,0,0,0,41,6,0,15,372,2158,0,3994,1605,0,0,0,105,0,2,1,152,0,1,8,0,2,0,23,52,28163,236,52,1048,34,1,0,0,57,0,887,1,0,0,0,1992,0,253,1918,0,7,686,185,0,34,358,0,0,0,0,4,5014,0,0,143,118,83,20021,100,12,213,96,13,17,1878,1165,2,0,25,0,0,165,0,0,244,91,0,179,0,12,0,26851,8,0,0,4,18,16,0,11914,4457,1919,0,0,1655,0,0,53,47,1415,123,609,0,0,84,0,0,0,414,3,0,0,0,0,1,161,2314,3283,1,0,0,0,2880,1,1,0,1635,0,1027,58,687,3,0,6,3340,0,0,0,6476,4,42,1,0,0,296,0,10,14,1,0,23612,0,3,0,5,0,3443,259,0,0,275,12196,4666,0,1,18523,829,17404,119,2432,7,7529,166,910,0,322,0,0,10,0,17,21,0,0,733,0,112,0,36,21,0,53,0,805,169,5689,4,10,4,2,956,0,0,4196,2963,511,231,28,0,1,0,0,0,28,12,11,0,0,1,625,1746,0,0,0,13,0,0,86,2,0,0,0,0,0,0,152,9,0,69,0,0,0,13824,20,0,81,0,449,8,0,55,4967,65,1,0,0,0,16,0,0,154,4885,0,5,6,151,0,0,864,28,3,0,0,3504,17,2,0,0,0,0,0,0,73,24501,0,87,1906,43,0,0,1,5,0,0,73,77,0,12,0,149,53,0,4,0,23,0,1944,0,7,69,0,0,0,100,7,1884,19,355,0,1913,59632,0,108,37,23,3,0,2,0,233,85,433,2,0,80,2,102,51198,1133,0,0,9530,0,0,0,5,16695,51,14,124,0,142,35920,0,52005,0,1826,1343,0,117,0,1,15,0,55,0,0,463,0,692,0,8,5709,0,201,461,28806,2167,2284,0,52,0,0,0,11,0,51,8,100,0,0,0,0,0,93459,1,0,0,7520,0,0,7,0,1242,0,1,769,4,2,0,0,0,146,32531,25,0,0,0,0,3028,0,611,14,2068,68,37,0,0,0,0,0,0,4,0,0,3402,0,10967,17,34,0,336,35,5,9,0,1,84,0,0,1188,4,587,0,831,0,0,10108,0,0,217,10,166,108,0,4,0,0,9,88,61,0,0,0,34,0,305,0,1,0,428,0,287,0,59,49,0,0,0,1156,0,11,22,0,9,0,0,0,0,5065,1,0,56,4,108,0,4836,0,2511,0,4545,0,18,0,3,2116,0,270,2,0,0,13,12,0,0,0,0,27789,0,54,31,6,161,24,0,29942,3,0,0,0,33,669,0,0,4,0,2,112,145,0,0,7,4,221,0,0,0,0,0,4,7,5,6199,6,114,11,1672,16,52,0,21,0,883,2,1064,0,2732,0,0,0,0,515,1,0,0,28,1,28,0,0,0,7,47749,214,0,8,12,29,791,110,693,0,0,0,0,86,0,0,402,116,0,0,7605,1280,28,0,0,13,1,1072,181,0,239,74069,0,0,1,2452,65,257,0,0,9,8,1014,0,0,306,1,4,0,424,4,1732,1010,0,749,1561,29,0,10,0,0,0,102,3827,0,669,66,0,0,1,0,0,65,39,11,1,3,0,7591,7,0,0,6,0,0,5,0,0,0,182,325,0,5,7487,0,0,7,0,0,0,71,0,4,0,0,819,1686,0,148,0,1,2,1,54,1,0,0,0,311,7,0,0,8,1,0,20,5675,0,1611,0,3,27833,0,0,6197,0,7398,0,95,0,21859,2,0,0,0,0,0,0,0,9037,2,0,2,0,0,471,21,0,12,28725,6,16,0,2,6280,0,23,0,5652,4639,599,0,45,21,0,724,0,14724,0,40,928,0,0,1169,0,0,0,0,0,30,2,0,0,0,613,1159,2613,0,4139,0,10267,0,0,0,18672,0,1,0,0,0,0,0,318,1534,0,569,0,0,4,1,0,7,2,4202,48,15,0,636,0,2710,518,474,4,0,2,0,0,1299,0,0,0,0,0,206,0,0,5,0,0,0,16,5,1398,62,0,0,4,5037,405,34,0,0,297,0,0,0,29,0,132,0,0,1326,0,2455,0,2,490,0,3600,0,0,1,0,0,0,0,0,0,0,0,0,127,0,0,0,87,0,0,1,0,52,3942,0,31,0,10,70,0,115,364,2173,311,0,820,9,29,87,0,0,0,6428,67,1,645,0,0,0,0,0,0,1885,2,3,15,0,10,1647,4957,48,12179,0,73,17262,86,0,0,0,0,0,5,0,2591,1,0,0,0,0,3,0,2072,0,704,0,5,0,1,6460,0,0,0,0,0,1443,0,14,0,0,1011,170,0,89,0,13,0,0,6,389,0,128,0,15,0,0,0,1,13,505,0,0,0,7589,60,3209,0,0,0,918,0,0,104,18,0,0,0,25,458,0,0,31,856,0,53,1,0,0,0,0,8,123,1,3927,52,0,0,7,1,0,0,0,3123,0,0,318,13,0,0,1,0,0,33645,3,4471,0,0,0,0,125559,1,0,0,2201,1,28235,6,5691,0,6,249,3,481,34,0,0,0,0,7,0,0,9,0,0,0,0,1,8777,0,0,0,0,0,0,0,19,0,0,6553,0,2527,0,4,0,1,0,14,0,0,3,1,96,0,2023,4143,0,0,1,0,45,17000,820,1553,6,0,0,458,0,29,0,114,784,503,0,1,2,3,0,1,2,290,0,0,311,25056,30133,3292,0,0,0,0,0,0,6872,21,0,0,0,19,0,78,0,0,1065,14,5,3,0,1,53,0,63228,61,102,0,0,0,39293,0,0,0,11,4,4314,0,0,3023,48,170,0,21,7779,11,31,167,50,138,2590,0,0,19782,11,12,0,8340,90,2,5431,0,147,0,1839,0,35,0,0,0,2,0,0,10433,28,0,2342,0,0,0,0,21051,1,0,0,0,16,0,422,0,0,4797,10,96,0,0,0,0,0,248,78432,0,0,3655,0,106,1,23,27,22394,1,1,145,54,62,525,0,28,0,318,0,0,4318,0,1430,4744,0,219,0,2,0,42760,3,500,0,9,0,1,489,3,51,3,662,22,0,2,0,0,12,2,0,82,8,0,0,4,44,18,6,1,0,12588,11,0,3161,808,22,5,86,0,43,3475,0,0,0,6,1,0,381,0,240,2179,72,0,4,0,761,377,0,22,680,3,73,5,1952,23,3126,47,137,382,2501,0,0,2276,20,9,0,4,2849,4823,0,21,0,1,0,0,151,5,921,0,0,26,14507,7217,0,23,76,0,0,11580,0,230,324,40,25038,0,17,214,6,276,0,1,0,3,0,0,2,0,2830,0,2083,1,2577,112,1056,20001,7096,131,1456,7868,0,0,0,8,2006,0,1,6,1,3273,0,597,24,326,0,8963,0,5042,0,0,0,0,3,0,110,4,141,1479,0,0,9,6,368,0,0,1,2313,0,0,12,0,0,0,1,964,0,491,2,0,680,1,0,1,0,42,0,1,1,3694,0,12,53,0,6,2307,1,8,0,0,1111,22615,0,0,1178,7,0,45,9,0,69,0,0,0,28929,3,1421,167,27,0,19,233,80916,0,115,0,0,0,4722,9,3,32,0,3453,54,0,0,174,0,82,0,0,11,0,5,0,58,1583,0,85,14913,0,23,634,5,84,522,2,19,8874,0,157,0,23325,0,3274,11467,38,5453,0,20,0,0,1,190,0,0,73119,0,0,0,3257,0,0,0,1,1,1096,0,4,36,0,0,437,1,2,464,2944,0,0,1,0,11,13,68,2,0,394,15,3126,0,5,0,0,174,1,6129,6089,0,6,0,0,2,0,0,20618,5,0,193,16427,4,6,12,0,29,58,24,0,0,256,0,1,0,605,0,0,0,1,0,1094,0,0,4,0,0,0,16,13073,0,8167,1,260,2580,0,0,138,37,13,0,0,0,0,8376,0,0,0,2167,18,0,0,215,0,22,0,113,0,0,0,2494,0,3,11,1,0,0,0,0,15,0,0,17826,545,0,6,8,18,0,2204,0,4,38,2605,8,0,0,1032,0,0,0,0,0,0,0,278,0,0,2,571,0,36,0,16,0,0,715,20,0,688,0,41,310,31,1,0,0,0,0,0,0,0,0,0,5636,0,0,1103,545,7,0,184,4,0,0,0,8129,734,6,2002,1,17,8507,0,5,3773,2,170,20,0,0,0,33,0,0,4,0,8,0,3,20,5,0,5799,4,95,6414,12757,2,7,105,50,28,1,178,463,249,0,1,40,0,62,4,936,94,110,8091,0,1,5073,381,472,6953,0,4519,96861,6,0,142,5,0,504,1305,41,143,860,0,52,1,5,2624,0,623,0,1330,373,6,0,0,0,18003,0,1,12,0,0,10170,9592,10518,0,1,1908,0,42,7,0,140,0,0,0,3,0,2,0,0,0,463,352,0,15859,0,12,7,0,0,32,7,4722,0,0,0,125,30,224,29,0,3,5,3395,0,11,68,0,7,0,6,0,3,1391,2,10,29347,115,431,400,3906,7,87,9,390,534,0,0,8,0,276,3590,0,0,0,0,0,3061,1,3,72,0,0,3,0,1,75,18,0,0,0,223,0,307,4638,149,893,0,0,276,0,0,0,43,163,0,22,3,20,0,9,2058,180,17165,0,0,0,0,2989,0,0,999,9689,0,22580,25,0,17255,0,0,0,0,1,0,0,0,0,13,0,990,368,0,436,0,208,0,1,0,0,394,0,0,0,0,0,9,771,6052,0,0,0,0,0,0,2,140,0,29,143,0,5,49,0,0,1,0,0,0,1118,282,0,5,0,1,263,2440,0,0,18,9,0,0,0,0,0,0,0,1,1,0,31,42,15968,0,2,0,355,0,38978,114,5,0,0,7488,23,1781,4787,0,2,0,0,224,0,0,0,0,51,0,0,2215,2728,0,0,0,0,18,0,4,0,0,0,44,0,28478,60,2,34,109,25804,109,0,0,0,0,1,8,0,0,0,49,0,0,2,182,0,0,0,0,6683,2,0,0,7934,12543,23845,1,6,73072,1,3,0,0,1833,0,0,3,0,0,7,0,0,10,331,1,0,4,3,1325,0,0,0,0,0,88,0,20501,0,21,0,103,60,135,452,0,6806,0,0,0,3,0,0,0,167,0,0,4919,0,0,341,22,132916,349,21,64,13,0,0,0,0,2050,0,0,0,0,428,3,27,0,0,0,27964,0,0,2168,0,0,0,25,11,0,0,0,0,0,0,2,0,0,0,1,42,60,0,2561,0,0,8357,0,0,0,5,13,0,3730,506,7,7,4437,0,0,0,0,0,31,44,0,0,2567,1334,0,10,0,67,0,1,1,3,0,10,0,101,31001,0,2488,21,0,0,2,0,0,0,771,0,6,0,1,6,0,21,56,0,45209,0,0,513,0,0,0,18,61,36391,0,185,13,0,0,0,2,707,11,25115,0,3366,0,8,1,0,495,0,1,46,0,0,0,769,0,14,0,1728,2,0,0,288,0,858,0,0,139,0,0,33,0,2200,17,0,2194,0,2500,87,0,4,3,78,0,7656,9,506,8,5,0,8534,4,0,1,76,11,1,2,0,103,0,0,597,2,0,2,631,51,0,0,0,5958,531,13,0,0,0,18,904,361,0,8,0,0,227,0,0,0,10054,0,78,0,13301,0,0,0,0,77,8,0,3187,1017,126,0,0,10,0,51,4,2,0,0,398,136,22,0,1,0,2288,0,0,0,0,0,0,110,0,5799,23,193,16,2,0,15,1558,0,14,1,1,0,0,0,7,0,0,1063,107,0,0,0,66,0,2003,0,1281,15526,0,0,527,10,5,1,3,0,0,0,0,10,0,26,3241,0,0,241,954,0,5,15738,274,44999,0,8350,7,0,118,0,0,1,135,2617,4,0,0,0,0,4,498,37,0,7,0,3418,981,5646,1811,0,0,15,720,44,23,0,0,8,1,0,0,0,321,2,0,936,2471,0,88,0,8,5543,35,18,0,468,21,3204,0,296,0,7,3,4,0,0,0,565,18,0,65,122,0,40545,5865,0,1606,2183,9359,0,23,0,2,701,0,0,2,9430,58,4,5,0,0,2,2,128,4595,0,59,11,6302,0,21,17,12540,2,63,127,0,0,0,0,3,0,0,50,0,669,1341,5,148,0,0,2899,0,0,121,4,0,4,1,10,0,0,12994,192,12,40,0,0,0,0,1540,65,1377,64,1,0,9137,0,1656,648,0,0,1,453,1,0,0,69,1,0,0,0,2,1,2218,0,1,0,54,139,0,62,0,209,287,139,0,0,15,0,62,0,1,62,0,0,0,0,13,0,0,0,5,0,8,30,78,0,369,20,0,50,2422,0,502,0,0,1306,2,303,11,272,6750,0,9472,0,0,0,476,0,0,0,10,0,0,0,16987,0,0,0,42503,36,0,0,39,2,3,0,1,51,1974,0,3309,0,0,707,105,0,64,2996,2,3,0,0,3,0,0,656,0,11567,32,0,14,0,1,0,3,0,0,0,0,0,466,17700,11435,0,0,4,4,3017,1061,3,10232,168,0,0,0,0,0,0,1,0,0,5,0,0,0,4789,3,4,64,22686,0,0,0,4875,29,0,0,0,4,2,0,9065,124,802,0,2,1,0,1,0,541,0,115,0,0,72156,0,0,622,354,0,0,9,415,42,0,0,0,0,967,2463,3440,115,259,0,31,0,7854,0,0,2221,12,0,0,230,129,0,0,0,1,0,3001,0,1813,0,414,2469,21,0,745,365,0,0,43,5,0,0,0,49,12688,36501,96,0,0,1,8,0,1,0,0,1080,0,0,0,11,406,710,26,35,0,3,1122,3313,0,0,0,0,0,0,3039,1507,374,876,2613,24,0,36,0,1245,11,3,0,1489,123,0,0,308,233,0,0,0,0,468,1,0,2,1,0,3,0,0,0,7,0,29380,32,0,0,2,534,8,24,0,0,0,1,62,0,632,0,0,0,1,0,54,0,1390,10,0,0,29,47,3,0,0,2,331,0,0,2733,759,0,0,20,1,4,14,22764,0,12,77,0,90,0,0,0,1,0,0,11837,0,66,213,0,79,1,4111,0,0,40,0,8,198,13585,0,0,0,5,1,3,0,0,0,0,0,12,52,0,0,78,29146,0,0,1,8,0,1478,0,38886,38347,4289,0,13,0,10,1,31,14503,0,257,244,3608,0,12,172,2,1,0,482,5,0,0,0,0,4,0,130746,0,5430,1556,1,26,19035,0,1908,1168,3,8675,0,53,4,33,648,0,14,1569,1,10,1,0,0,0,341,26,32,330,10,6,1,0,849,623,10,554,1,0,487,0,0,0,0,0,3077,22,0,123,269,126,0,1261,20,1,0,53,0,1,36527,1080,13,569,5,44,0,0,0,0,2141,1,0,5696,0,5756,41,0,0,398,1,1,0,5,0,150,0,3,0,1,788,0,0,0,0,0,0,0,1042,5473,3922,160,1250,3685,82,0,0,15355,4,0,0,1953,0,0,3219,0,1,1134,2911,10,0,8,340,0,72,9,3,0,0,3240,3,64,1,0,93,2249,0,0,13751,5,3,0,1,0,0,0,2,0,71,4086,7,0,241,0,0,0,99,0,0,0,0,168,0,14,0,4117,0,42,1,0,111,0,80,0,0,0,0,1405,0,0,0,5684,287,80,7,0,464,4815,5907,0,0,5,0,51,0,35,208,0,185,675,0,0,0,8818,0,0,18416,306,0,1,52,1058,261,3032,0,0,1,0,2,0,0,58,0,172,0,13,2,33,0,1674,0,8775,0,53,21,4864,0,59,0,898,10783,1,3385,427,0,7000,0,126,40,0,2785,0,173,632,56,10,7406,0,0,0,0,450,3437,0,0,1752,133,0,0,0,6186,0,6,2713,87,0,57,90,328,0,223,0,0,8,8823,0,970,0,0,0,0,1726,0,0,18,0,0,92,3,0,0,1,104,49,1,0,0,1,0,0,0,22,0,394,0,81,140,14,23911,73,0,0,13779,610,1441,454,547,0,334,0,1112,764,0,6,0,0,6191,8,28368,0,0,0,0,0,1220,1,2454,1,446,0,1903,0,0,219,0,0,22,2813,0,0,19,163,0,0,202,0,29,1817,0,463,122,73,0,2,3234,0,83,5,0,0,5,0,26972,6460,0,220115,1236,0,7,10,6189,0,553,52,0,0,2,434,54,0,1541,467,0,1,0,0,0,14057,15,853,3,420,0,0,4604,0,1246,1,4,799,0,0,2287,0,3924,3,1,193,0,521,0,0,2172,0,37,47,42911,115,0,0,509,240,166,5,6316,0,8565,113,459,0,167,0,2552,0,0,0,209,977,165,87,1,1028,0,0,76,1,5,5,188,14,0,1405,11,0,0,0,0,38,0,23,0,15,0,32,428,14,0,6,0,0,77,887,0,1,0,0,9,0,0,840,73,15523,0,0,0,1,11,504,0,0,1482,33,0,816,16501,2831,0,0,14945,0,0,117,82,0,8709,0,268,0,1342,9,732,36,230,0,0,37,0,92,0,15,46,454,0,2672,0,0,0,37,0,1,0,0,0,0,0,0,0,0,21,4,0,29753,0,10,0,35,6653,0,363,0,2,1,4,8199,0,33,9,0,0,0,120,28,0,0,1,0,5,0,440,1,0,2,17,0,0,0,0,0,0,9,2167,0,239,6165,0,0,307,196,0,1199,6,0,6,385,0,0,3405,0,2,0,0,0,5,0,2,0,1,0,0,0,23,0,0,0,2,7,0,0,208,0,1562,0,1,4528,0,24,0,0,0,35,0,2634,204,0,0,0,840,1,216,0,21,0,0,0,769,19,0,7887,0,0,4365,20345,2749,4,20,8,1606,0,10,0,16,1,31,0,0,1,7,0,369,5,18,1904,0,0,5,22,1412,0,2989,0,5,2502,2,485,666,1400,371,0,0,0,0,18770,514,11567,0,0,0,0,65,3,0,0,22,176,0,2370,544,2,42,84,0,0,0,645,0,0,240,0,0,0,0,10,95,21334,5752,3132,1870,108,96,0,0,0,173,0,896,3,954,2,155,5856,112,11,0,179,3,30193,3,8532,3,14,4945,0,9,0,4769,83,0,52,0,0,0,0,1594,2965,81,11,4,60,0,1612,8,6,6,0,11,18,387,176,14,102,0,0,9,1,0,0,0,23,0,10,5,4718,539,0,0,325,10,4154,0,2,0,1,1,0,0,0,196,0,4002,1,0,2504,0,1,188,0,0,5538,135,8,265,0,11560,589,0,0,0,0,29,774,310,27552,0,0,6491,31,0,0,0,0,137,9413,0,4214,0,5,0,59,0,0,0,515,437,1504,32683,0,12,2,3884,0,0,51,19,147,0,1,0,0,8896,7,4,0,0,2,0,0,120,0,0,46,2160,164,0,0,0,8,8,0,1,0,825,3864,0,3,0,321,502,1775,4,0,0,0,33,1,0,0,0,0,0,0,0,0,77,0,0,1018,32,123,0,668,9,8165,20104,61,1,1,2,122480,0,148,0,487,7955,0,0,1920,385,199,6290,1,0,0,0,1,6,0,2,0,0,1,0,9,141,564,1,337,0,64,936,9448,0,1411,41,10,4317,20,27818,1652,15048,4735,8,0,0,0,0,6,974,45,0,0,3,0,0,0,1729,15,0,94,4341,0,0,274,0,0,507,263,248,12,0,0,6921,113,0,0,47,202,0,1260,14406,61,7,87,0,9,223,3,0,0,452,39,46,4,0,0,0,0,10596,9,4906,0,56,550,2368,0,104,0,6848,7,3424,0,281,2,6,0,10,0,0,2528,0,431,1,0,0,0,20816,0,0,2,0,0,0,2477,14,0,0,0,868,0,19,16,0,0,0,1,0,0,0,2,0,27946,0,0,266,1907,0,142,179,0,43,0,0,0,0,476,80,178,0,0,3930,2555,163,5,82,1,1,104,0,231,2,20910,0,15,3081,0,1418,0,6,0,1108,984,1,42211,3,314,0,0,37,115,55,3,94,179,1,1436,0,0,6691,0,0,0,1,11,76,0,466,213,28,9,1,0,0,0,2810,16,21259,221,289,14078,0,20,14,0,0,9,4942,0,36850,2041,0,0,3,0,278,1,1067,7,35951,0,0,1,0,0,434,6,0,0,0,0,4,7884,0,446,388,103,0,11123,697,360,29,2,0,0,18,49,0,0,35,0,0,2807,0,2000,0,17,1358,0,2,44,1,1,2745,0,7980,0,6,0,0,0,0,0,35,0,1389,75,100,324,1157,0,0,134,0,0,6221,7535,5,520,0,49,0,2439,233,0,0,23,0,1,112,0,3,12,0,3,2880,28834,0,1,2,2818,1,2,2443,51,0,7,0,0,1,0,1752,107,0,0,33,518,37160,1472,0,0,86,167,0,251,940,1,0,0,34523,8014,12609,0,6,0,902,5,0,0,0,14,0,3,0,0,0,5103,0,9,10,138,335,21,0,0,0,0,0,2,0,0,41,0,1407,42,53,191,5,30,0,1,453,0,0,0,0,996,2,0,1015,0,16,4,0,2,0,2190,5,62,7,8,0,0,0,0,25977,233,0,0,27357,9468,0,0,0,1534,0,0,0,0,4767,0,0,0,2537,0,2206,3033,0,0,0,1,57,12,0,123,0,5,0,0,0,65,31,1239,0,452,1,0,22,0,105,70,0,13101,1,0,0,106,0,391,11,0,0,3236,1,0,0,2454,0,1,0,330,11,0,118,155,0,48,8,0,0,4432,24,12,43,33,269,0,14,57,3,4,0,202,16,78,0,82,1318,225,0,416,1,2246,158,17,4,5,0,0,222,0,0,0,2,85,0,2,0,0,0,0,25,0,0,1,0,0,0,0,0,1407,0,20407,0,0,0,0,2477,49,0,2,97,1585,6,0,196,0,9265,0,104,0,1,0,13,0,0,0,3,0,1723,0,50,1411,0,0,1748,0,0,0,36,0,35,4129,2,0,879,0,0,1651,0,412,1,1127,0,9,4,48,4458,43,0,0,0,0,55,0,18,51,0,0,0,0,1,842,7,0,0,0,22,0,3,0,34,0,401,1334,5992,122,29,38,112,0,0,2009,2,16,0,2,13,5,4,1,75,0,18,0,0,0,0,0,12,1,6204,0,0,19,0,0,0,0,11,2162,1,0,12,0,4,56,101,0,1,0,0,72,62,22503,15,39,0,0,45,18,11,5,0,715,107,878,0,0,0,0,0,0,0,345,0,0,239,1,1,37869,0,79,15,323,4,0,592,0,0,6500,6,2,0,3338,10,0,0,1913,22943,0,6,3924,405,456,1,5,819,0,2,40,0,3,0,0,0,661,0,32,116,1,1606,1,50,208,0,2,0,1,6168,18,3,434,1,0,1995,0,3,14,111,0,140,68811,151,0,0,1,60,0,0,9,0,15,0,0,0,0,2403,0,604,0,4867,7,1642,25,0,818,0,2509,0,0,0,0,183,15,0,0,6696,0,533,4,0,0,472,0,5402,0,0,0,3,39593,240,0,552,1,0,159,0,0,1292,0,0,1104,169,0,10,0,9,0,0,37,0,214,693,2033,0,8009,35,4485,0,2829,9,0,71,0,0,0,0,0,0,222,5,4,1,0,0,0,5617,257,13,47,0,0,1133,0,1254,0,3373,13,1,249,21,2,2,0,0,183,0,204,2743,58,4,0,0,1078,3,0,52,0,0,1072,23,6,0,0,7895,0,0,0,0,1,0,22,1881,170,404,23,4,0,0,0,1,18,227,0,0,255,0,0,13,0,1694,0,2,0,108,0,1053,0,10,0,73,49,358,0,0,167,0,8,0,308,1544,0,14,0,0,7,26,198,0,13960,70,828,37892,0,0,2,0,2306,39242,0,0,0,0,128,316,120,0,25,2,1,1,0,2971,19,0,0,0,0,0,2,0,0,0,433,100,30,0,2,62,0,0,0,11418,0,0,0,0,2,0,1768,192,330,0,4,15,0,437,82,18,21,0,0,23909,6,0,106,0,0,0,0,1044,11855,0,0,0,0,0,16,0,15,6752,1,1036,40,6555,0,0,0,0,262,0,754,649,19605,0,6305,0,1699,8,2,0,0,0,21,0,0,6687,12,187,88,109,1318,36,111,2,119,27,0,9578,5625,5,4,55,0,0,120,1357,42,0,2735,0,0,239,4,0,0,0,22147,0,0,0,52,487,0,98,17,2,9178,30,0,0,2609,0,2,200,0,0,0,0,0,166,15,0,29,29,27,0,0,8,0,0,0,752,0,893,626,0,24,0,0,6320,3,558,0,2,1,151,1,0,150,0,11,8532,4603,0,0,0,112,0,0,0,49,78,83,16,0,0,7901,3,0,15,0,288,18,0,162,2,0,911,0,31,0,1899,9,9,208,50,0,524,0,0,0,0,12003,0,0,6004,0,25,0,924,1,0,336,61,0,1,0,0,0,1,0,3,0,51,0,0,0,0,295,1,0,0,0,820,0,3,231,0,6595,0,3445,0,0,0,0,0,0,155,26327,0,2402,0,149,0,0,347,0,0,1156,161,72,0,0,26,1,13,0,200,34,34,0,0,1,24,218,0,1,15,0,0,0,5462,0,30,612,1452,0,610,69,2,2,1459,868,40,0,0,0,0,2,708,0,1,251,3,0,77,2076,3019,0,4,0,2071,8,1468,0,218,468,2,548,0,2,1,443,0,1217,5,233,0,0,0,38,0,0,0,2,200,0,0,86,0,0,0,0,50713,0,142,0,2203,1,529,4,24,11,0,0,92,5369,165,4,1,13,55,0,5,0,0,9,37,3,0,0,0,0,0,389,0,0,2743,11,0,0,1,15874,11911,1,437,0,69,374,0,1,3,0,725,11,404,2,0,0,37,0,192,0,2,0,0,1173,4084,0,0,451,0,0,0,34,169,0,0,614,0,0,1926,10,0,0,82,22788,0,316,8381,0,67,6,940,0,0,0,0,1,0,20,0,0,895,0,36,0,190,1,0,0,7,260,11,498,0,0,52,17,1,0,6584,12,0,0,39214,1293,0,450,0,0,13,157,5,0,0,52,9,0,757,1669,0,0,0,0,0,17,726,33,997,7,74,61,2822,13,0,0,0,0,29,64,0,4348,179,9,709,0,108,5,0,0,0,0,342,0,0,0,0,52,0,2,0,2689,5,1828,0,0,10,1246,0,0,1,659,10,23,0,73,59,68,1212,2039,8,8178,1878,0,0,21,0,0,19993,0,0,0,0,1529,2,0,0,0,1,2,2,143,11358,0,0,870,0,0,38840,30051,0,0,7,1,0,1,1484,3,2,0,20257,355,42,0,1,0,0,0,10,0,7,0,77,0,0,179,66,479,3,975,0,4,0,0,4,81,0,82,383,0,0,0,9,862,0,22,693,109,17,0,0,11,0,6,0,6,5,0,1,0,224,9317,0,13,58,1,0,14,6884,0,180,0,3,0,106,546,0,0,206,42,0,47,510,33,0,0,27,0,0,22599,0,22578,54,488,175,3,0,0,313,20,7464,0,0,0,45,19413,0,1718,25762,0,278,795,0,0,526,462,0,5640,671,0,16,116,593,1,0,0,6970,0,62,30,0,0,0,0,0,0,201,0,62,25,0,0,3,0,0,0,89,426,0,0,16,48,0,463,0,27,4483,8971,10,0,167,2194,1,0,13626,1,1316,2,9,703,0,29008,18,1,0,42875,0,0,7,0,747,0,30,0,0,3,47816,4,0,0,532,58,67,1,1,2170,0,1363,0,0,229,0,1279,0,72,8,0,0,5,0,1,0,396,0,312,0,0,0,5,0,2451,7,0,984,9,0,4452,1,8,67,448,3093,0,3520,1,0,0,0,0,0,0,0,6,6,0,1,0,0,0,0,722,125,0,12,0,0,1095,45,104,0,0,5381,18,0,37,42,0,16,17,0,3,2,33,0,590,2231,0,583,0,0,214,154,0,337,0,7,24204,0,0,0,1216,17,5,2027,0,0,12,4,15,427,0,22,1,0,13494,2,1136,0,6,0,1,6,148,0,20212,0,0,0,11317,0,140,11,406,0,0,138,5734,3550,4468,7,0,0,650,0,104,1148,0,0,0,0,0,0,473,0,28,3,2,0,10,24,2207,8,110,0,27,0,397,0,0,2,3,29,81,3501,8,0,7605,7480,494,102,59,0,19,15949,2432,4,476,8,25,219,7,0,1,829,0,0,0,0,26,0,7,5,0,0,13,0,0,380,0,0,0,1801,1256,0,4,0,950,0,0,6,0,23079,176,195,258,0,1,1,419,2688,163,0,0,0,0,0,56,0,0,0,0,230,4,0,0,888,11,0,1,1365,1,2985,0,0,330,101,9,0,20,71,0,255,12026,4256,0,3529,4,217,23,0,0,0,3196,0,0,82,2,14,0,76,3,0,0,0,0,0,0,0,3,149,1,5208,0,0,0,0,245,1522,308,0,911,0,12710,0,3,1,5,20,5,0,0,0,184,1,0,0,3,0,1,90,819,0,236,9,32,2,0,0,0,775,4,5100,0,0,35295,0,3283,0,2,409,3108,6,0,0,0,0,0,4775,0,2,0,6683,1,1,28,4,0,8,7307,0,0,0,0,0,3,3307,0,2,19,0,0,158,328,208,0,6548,2,0,0,0,3677,1009,0,19,0,0,22,13,10794,0,0,0,1,0,1,203,9,19,6,50,14,7,0,2,3696,2360,35,0,0,17183,14,0,12627,7415,0,1962,0,0,0,78,34631,0,0,39096,0,3819,3386,3084,0,0,3,19652,0,0,1,0,90,0,2045,2,0,12699,10220,48,0,0,370,7730,0,1,10,0,0,1379,13,26,13,586,1,116,15167,0,0,42989,3286,64,0,1,0,0,0,0,480,1022,6136,0,86,2113,1,64,0,60,56,5202,37,31876,1,0,575,3,0,0,51,1,0,14,0,0,0,6242,211,0,6,0,0,2,0,29,11478,0,25566,0,7447,0,367,0,0,0,453,4,4,105,1446,4442,0,384,1,0,0,3277,6430,0,408,0,0,48,0,0,12145,1,3,495,34,8,127,1511,0,928,0,445,42,0,2,0,0,5,15,0,0,1,0,0,449,6,79,143,1,0,0,113,44,256,0,0,29,1,1479,14,0,0,0,0,0,0,0,0,3295,35,0,290,4549,4,7974,7331,0,0,0,0,4,0,377,0,0,0,0,1,11,0,1,4,0,40,1,3,0,7,1,10,166,818,19,1,569,0,2,1147,0,3627,15,244,38,0,0,0,0,0,0,0,14211,0,1,36,235,12,2,0,124,629,0,64,0,0,12,2,0,8,45,26490,0,0,22,4,4,0,0,84,0,878,0,1,0,4,735,140,0,138,19691,52857,22969,11713,6,548,6,0,0,44,1,0,45,4744,1,21,0,0,0,0,19987,9,0,0,0,3,0,0,1089,47052,11,0,722,8,0,1,0,0,0,0,4,0,242,0,0,3846,3,175,0,492,0,0,0,710,0,1,0,963,0,0,0,1447,25,76,6,0,0,19,5187,0,1,0,0,0,42754,0,45,0,9,0,0,0,87,18,0,7505,0,11,0,6,340,3765,173,140,18764,0,0,7,0,0,127,160,0,0,103,0,246,2,51117,0,0,1926,0,52,2215,572,1,0,0,2,174,2,0,0,30,0,0,13354,883,0,12,1,1,0,0,37,0,0,76,0,615,0,0,0,3,7,20,0,6,5,0,5705,1,751,0,50,1,70,0,0,9,2212,13,2,0,0,1526,1,2,0,0,0,0,0,0,25,0,131,0,0,0,7,0,87,236,0,156,0,0,0,7,0,3390,2368,0,2028,0,403,484,1312,1,202,262,4,113,0,332,0,14,0,3120,98,1,2,1,0,13250,0,0,0,8202,6,0,13458,6569,30,0,372,0,18,20,2,1463,0,532,0,0,5,23172,0,3,373,0,3,14,1583,0,0,0,5,2,0,27,631,0,0,0,24,0,23,0,0,0,0,62,1099,715,650,12693,0,0,498,20,0,0,1,3,2,3,1926,0,2,5,0,1703,0,2,0,0,0,0,0,2,8,343,0,11,2,52,0,0,0,11,5447,8,0,0,1,57,0,0,108,179,0,5111,1,4,0,0,28,33,0,35,25,0,0,1,153,42,1,2,0,42485,0,1,57,4,37,0,257,11160,1,5005,0,0,0,0,0,4,47,19,15,62,35,696,0,0,1523,17,4,0,1140,8478,0,571,0,7514,10,701,12,1733,8796,13081,0,0,702,2495,2,0,334,186,351,11,3758,1,39,9,40,3624,0,0,0,695,4307,89,7,4,0,0,3,100,0,11986,0,35,2,13,0,14807,0,13,438,0,0,97,12586,676,1829,0,536,0,0,0,2,6,105,3,22,83,0,1,1,3,0,2107,5,861,0,1536,1447,0,0,0,45,377,0,1562,0,0,766,3,4,0,1814,242,2,0,0,54,27,0,30,155,0,204,1006,1,0,76,0,0,6509,0,154,1265,0,21,0,0,0,0,0,340,17,0,0,8,152,0,2,0,371,0,0,0,0,2794,2,1830,0,0,5,0,0,30,6,0,0,398,314,86436,44,130743,0,4149,2,82,0,126,0,0,52,16,4,0,0,0,33,0,20424,0,0,2,0,0,12,0,3256,0,1,8,0,4,0,106,0,8429,0,7,0,1,1,1,0,0,0,0,0,0,1,2,0,0,0,0,2,0,0,14762,0,0,7,0,0,2166,2,45577,0,12,6,1,300,0,0,14,496,0,0,2256,0,0,0,0,305,0,9,2724,0,1,816,55,0,1,0,188,10,4446,0,1,0,0,0,5152,1,5,63,0,1,159,412,0,0,3202,78,548,0,0,343,0,0,194,1,585,50,0,2981,6834,24031,140,94,36,0,2,3,4,933,0,9,0,63062,0,493,109,12,0,1,0,1,0,0,8,0,0,3570,0,0,1070,3,5,469,0,4,2,0,0,0,19,7632,0,9,6205,0,3498,0,0,33,47,108,617,1,7845,402,4932,103,1562,7,1,0,3,0,55,2,2,8449,3864,339,0,0,191889,13,0,0,33803,4641,0,4,72,1,485,5792,7,2,40,1175,0,0,0,0,0,58,0,0,160,19777,5972,0,252,0,10,0,6504,2,5,0,0,1975,4,5,3,1160,0,4,2,0,96,0,0,59,3,211,3287,820,0,0,1,0,3,7685,122,79,0,14,6,25,0,0,0,2,0,0,7,22,996,0,1,0,9,216,0,1173,0,5534,1,56,7,3706,0,1103,7,62,0,0,3224,0,0,35,143,0,755,1234,3973,4607,0,0,0,578,19,8113,1,1,1,0,0,63050,0,0,0,26178,2148,0,0,0,1,8382,0,0,0,0,5,20,60469,0,3387,0,122,146,0,583,0,0,41360,38,4,95,27493,23,0,1750,18832,0,0,0,66,0,0,154,0,1,0,29,0,0,10,4,0,9,5393,32,7399,0,0,0,0,0,0,4,0,0,0,7168,11853,0,0,21,1,0,715,9,29,0,506,0,0,6361,0,1,0,883,6953,0,0,1,0,0,0,1950,0,16,0,0,0,0,7600,0,0,11462,2,2,2,3579,0,12,9702,0,71,441,7773,93,8,0,681,0,0,21268,612,0,95,444,0,19,1,894,221,0,2603,11,0,11,12,12,3772,0,841,0,0,509,254,0,22,1,0,8,0,3834,0,3018,2,0,0,0,0,90,0,167,0,40,785,0,49,0,34,860,0,0,2164,11,3638,2,3,0,0,0,0,946,0,115,187,0,6440,0,1131,0,0,0,2,0,49,411,5,1,0,69,4,183,23,0,275,0,0,50,0,0,3,0,0,5,0,531,2,0,423,935,436,0,2,1,6873,160,0,0,52,0,1,3,20,782,0,0,34,0,0,31,3272,172,6,55,0,0,4,0,1,13293,9,11,11,10,17869,0,7,0,1,0,0,0,11,0,0,9,0,0,0,44,642,218,786,181,2,0,4,789,0,17228,0,528,0,0,864,1,1,0,0,0,0,2246,0,0,1,0,0,0,118,0,1,0,0,0,1,6,0,212,0,100,0,0,0,2,28,0,430,1903,125,3,4,454,2,2,1,26,0,1,0,4,0,1150,0,18,3,46,1504,0,101,0,0,0,13,2578,6641,0,0,0,1,0,34,0,1129,9,0,4,0,96,3,0,0,0,7141,0,0,19,0,562,283,1935,2,9,458,442,5,0,12,1,213,0,0,0,0,3440,13121,0,80,0,111,3,34,1,0,0,5,205,105,0,20255,0,10,0,4,0,522,51,0,20518,4414,46,992,0,932,1258,0,0,165,0,0,95,45,6,0,4,25,1611,0,0,0,8,0,42,16,4905,504,1,0,1,14,428,0,1,0,3,0,0,665,0,39,0,0,425,908,0,104,0,13,0,1,0,30,114,0,0,16,0,1,0,261,0,0,4,1,0,0,0,0,2,50,11,14,210,1,9236,744,0,941,66,1,0,0,1,5981,21,9544,1423,0,10,0,119,12,5,26,0,13,179,0,6,47147,0,0,0,0,0,0,0,0,68,21060,4,0,0,1,29,0,6144,454,0,9545,23,3,0,0,505,3,0,0,0,2701,0,1,52,0,2,0,0,16,0,0,2,0,2914,202,0,0,38,11417,0,297,47,3149,0,1178,4,1,0,0,0,0,0,50,0,151,412,0,0,0,2,0,0,320,51,1,314,0,0,1287,74,26,208,0,0,0,0,2032,5,0,0,4057,29,0,2478,0,1447,0,0,1,9,45,1106,2,9,0,62,0,1220,1,0,0,488,0,167,0,5333,0,0,5536,0,0,13,0,6071,17,0,4,0,57,54,1,0,0,0,0,0,874,0,22,45,5072,1,955,790,8,0,0,0,0,131445,0,0,3,306,5393,176,0,3394,0,0,6,10,2035,0,6,3,34,186,4545,12152,0,455,0,0,0,0,1,20180,0,2,0,1,26962,0,0,5,0,2,0,3,41,2,0,0,91,2910,50,0,0,0,418,48,2187,180,0,0,3,1,23,0,0,0,4,0,10455,0,0,0,0,19,15114,2,0,520,1917,0,0,136,430,0,0,0,0,28,0,11,0,1,0,8,0,1233,13,1794,6,0,11,0,361,4,2,53,0,0,0,0,8,10,19,8,0,49,0,0,0,167,0,14,767,0,0,155,12379,8,0,83,0,0,4454,30,0,0,1,2,0,11,0,5451,13,0,19,2,101,0,771,0,2,10,0,0,0,22695,351,0,229,245,0,2833,13,4,0,13,22,448,9,2713,69,50,0,0,1,0,1,0,5891,0,27683,19,0,1,0,2000,0,0,2096,0,1656,24460,9,1942,64,0,0,1404,0,1443,160,17050,0,1,300,10629,0,0,0,0,27,0,0,0,0,0,3726,11809,0,1837,0,0,4,115,7,0,2,0,0,0,1173,0,0,0,144,0,2,1,14,0,1,11,1,0,0,3,9716,1221,199,0,1590,7,0,126,1156,196538,42,0,0,0,690,0,63,2,2416,1,1570,0,0,0,1,17478,3309,0,0,25,3571,5385,316,0,2753,552,86,0,108,1452,0,0,61,0,251,6521,45,0,7,205,7664,0,0,0,0,0,0,0,10,0,0,451,4195,697,0,58,6,2,41656,0,0,3682,0,79,2,6,0,0,4,0,0,1,89,1904,3788,0,0,5,0,0,6,0,0,9,0,8,0,37,7067,1966,1,65,0,0,0,46,0,21,726,0,0,0,2,2588,56,10,34,186,0,0,1,0,874,6,0,312,0,9327,1,1,0,0,3,0,59,0,17,669,1,697,0,10029,617,2205,0,1,215,10,30,0,0,0,36,5,0,8,12269,11,2,1227,1,0,0,0,3,1,573,0,1003,98,2,0,0,906,0,24,0,251,0,162,0,5,0,0,16,26,0,0,0,1,0,298,224,99,1514,3,0,12662,0,720,2111,0,0,0,245,0,0,28,538,1,0,0,25,232,1,3516,0,132,59300,11,0,68,626,0,0,0,55,0,0,0,0,0,0,2,0,1696,0,0,0,437,2,0,0,1,0,531,0,1497,0,4,0,9,193,0,20562,1,0,9267,0,0,0,5391,91,8,0,0,10883,0,0,57641,0,0,0,10,30,3,2,0,757,187,0,0,12,0,0,277,0,0,0,13,0,0,1,51137,0,16,0,0,2884,5,2,2821,0,1,0,1105,0,7753,21,2,211,405,43,0,0,3,1879,0,0,2,18,0,5,47,0,6,0,0,10,0,413,0,0,0,543,0,0,7,6385,6,5,0,0,469,0,0,62246,4,0,801,54101,0,555,1649,0,0,4547,534,8,2,0,0,252,4064,0,22079,115,42,4095,618,1,0,0,0,0,4,53,0,90,0,6,0,170,0,0,2139,103,0,0,1183,0,12757,38229,583,0,0,0,20204,17,0,3,0,0,0,2205,33,15456,12,90,3373,6,89,80,3,0,16,26799,219,953,118,15666,4,40002,302,439,141,0,0,0,550,0,0,24,0,0,0,152,0,145,69,6,114,0,0,0,0,838,10058,0,76,192,363,0,0,0,31,0,2,6,0,1924,0,6,7,0,0,22864,1,29,1243,0,0,139,49,5,0,0,0,0,36444,0,3,63,0,205,0,32,120,0,564,0,156,1,0,1,0,0,11,15,6139,2,1150,0,0,903,0,38,3124,0,11775,0,0,0,5,0,0,0,2,1629,0,14,0,11270,1253,3,0,15,0,0,0,2092,0,1927,0,2008,10868,0,1,0,907,0,1,98,0,2,244,88,0,48,96,38,0,236,0,0,7,243,0,0,1,0,9,0,7,0,261,53,0,3,0,913,0,0,4921,0,1794,63,0,105,0,0,1,0,0,1,0,2369,20239,249,0,0,13,3120,1340,2075,17101,0,17243,423,8,140,58,8972,375,0,0,2712,7494,8893,0,0,0,193,0,1498,0,6,1542,0,143,0,0,10,0,0,2,1421,0,504,0,3,3,0,566,36,0,0,2619,3,0,0,0,21,118,0,6899,20,0,0,7,135,4209,0,330,0,0,0,0,2,50499,94,2022,3,0,3,3,0,1,1,0,18,0,8,1,0,0,17,0,0,2,0,26179,0,1,138,62,0,101,1723,1060,0,1,345,2,0,1707,0,0,0,0,0,6090,2294,0,0,0,17,0,0,0,0,1,1,0,1,0,208,6932,4,0,0,619,0,334,14581,0,0,0,0,0,0,500,0,60,189,2,0,0,14,6,0,0,63,2,756,0,0,1,0,27,1,4953,0,0,2,0,1,4273,3,0,55,0,283,6,6,0,167,0,47,0,0,0,0,16,74,0,18,36401,0,0,0,581,0,0,38314,73,0,1957,656,2,40494,13,818,139,1388,0,0,7,0,0,2281,0,3,29102,20,54,5029,134,0,0,0,0,0,0,0,24,0,15,0,0,0,0,0,1700,3,9,0,64,1188,1243,0,0,13,1676,0,157,0,0,10,0,0,1420,44,50,0,0,7,0,0,0,22,0,0,0,10081,0,10,1,2,0,0,0,2192,0,0,7,1,0,340,69,853,192,0,0,0,2105,1707,0,764,0,0,1418,0,0,0,0,0,0,1,0,0,1235,9,0,0,0,334,640,0,0,0,0,1,0,0,0,9,28738,385,40,0,2,669,20,1,844,528,1,33,0,0,0,1,3,0,0,4,23,7,5,4063,19,0,35,0,3103,0,1122,662,196,18,0,4,0,0,2180,169,1634,0,830,0,0,0,16044,0,90,914,0,0,0,502,789,135,0,5635,0,309,199,0,78,1777,0,0,0,0,9,0,0,0,117,118,0,30,0,0,0,0,7,0,0,0,0,0,0,0,76,0,2878,0,4407,33,9224,0,19,19,0,0,0,46,0,0,251,233,0,137,0,21640,0,189,0,2,1,283,0,0,2,0,0,1,0,0,21,767,0,431,8,4,0,0,0,0,0,7,1,0,16254,0,490,1,0,0,0,0,0,0,14230,5931,298,0,0,1,2,0,0,27,11860,50,0,2793,903,2393,0,0,0,1649,758,0,0,259,3365,0,161,0,73,0,1,42,0,0,0,0,12441,85,10,0,0,5,263,5,47,5,0,1,32,1113,9014,127,6,3,0,1,6,0,2,0,12,1066,384,0,1039,0,0,0,1,219,0,0,0,0,3966,6,0,0,0,0,0,6,3,3,96,0,0,99,862,8,0,0,0,362,0,0,635,0,14,1,0,0,4208,1,34,0,0,0,16292,1449,1002,0,2871,0,0,0,2379,0,0,708,2,0,164,8,0,1695,13242,7331,1118,0,0,853,0,0,0,7,0,0,0,91,21,0,2,0,63,0,109,0,8546,3,0,31,18,0,0,0,0,0,14,1,0,3,0,0,0,438,85,1,14,1,0,2524,0,2436,11,0,19628,397,22940,2,0,752,0,111,0,0,1,38,4613,16,290,0,0,0,0,0,1417,0,0,0,20,22,829,19563,0,644,0,0,300,329,210,0,0,13,0,0,0,0,0,2415,248,0,11,1667,0,587,0,12,0,0,1357,356,4,0,0,571,5,0,2,0,0,22,64,471,0,543,2613,0,0,0,0,197,0,0,5,0,4557,1,2,0,35,250,9,127,0,25,0,1,22,0,1357,0,0,64,0,0,1040,0,7,384,0,0,0,0,0,0,4,1,6777,4901,0,0,5595,430,117,28,7,0,25194,0,0,0,82,0,124,10,0,0,29332,2,0,0,26,0,3110,36,6,0,0,13,0,0,41,3,443,3026,0,1,10,0,175,0,0,0,0,1136,1356,0,0,0,0,0,1,1415,988,15368,0,0,0,79,0,0,0,38,1,0,5,36785,4,2,0,0,0,7,38,0,102,3,0,0,0,12,4,8939,0,9973,0,0,592,0,0,53,752,0,0,36591,0,115,0,6,0,0,145,1,0,0,0,0,0,49848,43,38,9,0,0,568,0,0,28,72,0,0,279,20900,1917,1,2,1,0,21839,1,39,2,118,161,0,0,1078,2,923,0,22,1,0,0,0,0,0,344,0,2,26,0,13,0,108,7,0,6,0,3,1232,6,13,2305,404,105,35,0,0,0,13835,5433,0,0,1,2,0,0,0,0,7,15763,347,0,1838,612,0,0,3316,7,0,6,0,0,10,15,523,0,0,1,0,117,15420,233,0,0,1325,1,1065,0,0,0,0,0,17,22878,2,0,0,294,0,0,1789,1,0,0,0,117,1,0,0,15,240,0,211,6,1590,0,0,0,1177,2599,0,0,0,180,0,663,0,0,0,0,26,0,0,58,0,0,18,1,0,0,18,0,1702,0,14,0,55,219,3177,0,10,0,25620,0,21,4,0,30,0,0,166,0,1,602,9,14,0,443,383,19,258,16,8,0,1,0,3019,0,7,0,0,105,35,0,0,63,0,578,197,0,4,134,2,0,32,0,0,0,0,21190,0,79,6,0,0,666,0,0,0,0,0,0,525,0,0,1902,14,314,0,1259,61,62,3814,0,0,0,3,371,0,77,3,0,12700,0,1073,0,0,0,4714,8012,21,0,0,3,0,0,21,0,0,6,0,0,2,2275,0,0,0,433,0,2,8,0,52,59,0,0,20879,9769,0,10,136,36,1,0,0,62,0,533,7985,60211,0,875,0,2,0,0,0,0,0,21,0,5733,187,0,4,0,1,0,13493,1850,1758,228,0,7,24,153,5120,2962,3,0,0,1,0,40,0,2,0,2222,360,0,0,25,18,511,0,0,304,2,0,1,2479,0,0,0,378,0,217,43970,72,143,0,11326,0,40,0,1,21,0,50,0,2,182,712,2805,302,113,2,0,0,110,1295,105,0,1100,0,18,27,53,5,0,0,0,0,0,0,3,0,0,8,262,0,6,0,3,471,0,0,0,248,0,36,4,11,6,86176,1376,34,12720,0,1,0,19955,0,21,378,230,1,1127,3526,3,0,0,0,0,14,5,453,19,0,1,0,1,89,581,19,89,0,61,298,35520,1,289,1,6157,0,156,152,0,87,5,13,10,4754,199,1378,384,31,1,0,6,0,3691,236,29,0,1392,33,2,0,0,0,0,0,0,0,0,31,0,3,0,0,48,0,0,1,0,0,0,0,364,0,17,63,1221,950,16,0,0,0,1188,0,22,123,1580,0,334,1,15,52,0,10483,5382,31743,0,560,0,0,0,1,0,0,0,808,0,7,1066,1337,1263,2406,2599,0,14,2672,0,71,64,0,10319,0,0,0,3,0,0,8,0,0,1,0,0,0,6913,398,7,0,0,0,99,0,0,79,3,31,3574,0,210,1,0,0,1132,7,0,14,0,0,0,5385,16,0,0,847,29,34,0,1,7,3,0,0,0,13,1,1,0,0,0,0,284,66,376,351,950,0,470,5,0,0,0,0,0,6454,714,0,16,36,9208,4,13378,13068,8,0,19,1024,0,0,15,0,86,28,8,1,1,1239,1028,28,175,31,0,6047,0,6337,0,0,133,7,0,921,9924,10,0,0,945,0,851,0,2477,0,2312,8867,53,10,60,10079,2005,1,0,61,310,0,0,11,106,0,3,192,0,3,7,0,0,0,0,3,4,98,15,0,0,153,5,6,18907,0,0,0,0,0,0,4535,15,0,0,344,18,0,0,4961,0,552,0,0,1,2,0,4185,12,0,31,84,1235,83,49,968,0,0,0,10,444,0,0,7,2,40,0,9272,19,7438,280,7544,0,64,0,0,174,78,0,2586,307,0,222,1,24,0,14,1010,12,0,0,8,9,25,2,32858,0,8,222,9,18036,0,0,49,3,4795,0,105,4348,7,0,3,414,1,8,4,60,3,0,2,0,1,45,0,0,2,143,0,1,329,32966,0,1,0,0,0,7025,131,0,0,576,0,9,0,0,7,4,0,10,14,0,679,4,34,3,0,27,880,1,3291,4187,0,18,2338,17054,219,76,0,0,0,0,4,0,87,0,118,0,5949,0,3925,5,0,198,0,0,0,0,0,50973,31,1,1,0,0,739,16,0,0,523,0,5522,0,9,2,0,435,120,0,23,0,1,1,5324,8737,0,0,65,706,0,0,0,79,1,0,0,0,0,19,0,0,0,0,0,101,468,0,6935,0,38,3597,0,2788,1,0,12,0,0,0,2508,0,0,84,1167,0,0,0,0,63,46,0,4983,275,18,115,0,0,0,39,9475,1164,0,367,0,3096,61,0,13,4,0,25,3043,27,10,0,6,0,11480,26,3,91,7610,0,213,0,4273,1,9524,9488,252,0,71,1,0,0,1,526,1858,126,2,325,0,11241,293,44,75,0,0,1,72,0,0,64,0,0,0,19,0,1633,2,30,0,3504,0,88,0,0,2,0,3,1,0,0,0,73,163,0,352,0,1,340,553,110,0,3437,1,71,0,4963,0,10043,0,0,727,2381,1043,0,1881,0,0,0,0,624,0,0,11,0,408,0,0,79,1,41622,2,1,1494,6,0,13,27,5,74,0,0,370,94,1,1519,89,6301,460,3,0,1,0,0,0,0,35,0,0,0,11440,4,0,0,37949,0,0,0,89,7,0,0,1,0,0,0,0,69,5,0,1302,1,139,75,2423,0,0,13,0,4,135,0,0,15,0,527,0,42146,0,0,0,1,767,0,6878,0,0,15345,40,1009,0,0,874,784,0,0,276,0,0,7,5,5,127,0,0,29,0,13,0,19,0,3503,166,0,0,0,0,4912,0,6,128,2501,0,14,0,2,32,0,16925,0,3587,0,506,2,43,2976,0,65,81,0,60,0,0,125,979,9,7,1,541,11,23,0,0,0,97,0,265,109,0,1,46,1,1154,5346,42,3172,1886,4951,775,0,0,0,0,0,171,0,1474,0,5,93,133,22,0,0,1661,12,13,1648,7,27,407,0,62,0,0,0,7,2,0,0,1,1288,6,0,3,0,1480,37448,0,278,175,44,4,9,20110,0,16,0,0,0,5,0,198,0,4526,449,14,2,0,229,0,44,1167,667,0,4366,0,11948,0,0,139,0,8,0,0,0,1,12,0,0,4,0,7356,0,0,0,0,665,209,0,0,5,0,0,0,0,1,3012,0,2,0,1195,1382,79326,3123,0,0,13,0,1,0,135,0,678,0,0,33177,0,0,7707,6,1238,0,2158,0,3,0,1,994,12,2,5,0,0,0,0,0,428,116,3,27,0,12,0,0,119,23,2847,0,0,1,0,0,131,880,0,5,1,17,0,5,14,0,0,1304,2,0,3127,5874,1,323,35,0,5,4,0,0,1,122,0,0,10,0,0,13,16,60276,355,0,72,4,12,0,42,23,0,2,0,0,313,12462,1,0,1,438,0,0,473,0,0,2,0,1,10,6637,6,0,0,4363,7304,27,2,0,976,1,392,134,86,5,150,1,0,1376,110,1375,208,0,0,0,0,33091,0,0,3,0,1290,0,0,10980,471,0,233,0,120,1,0,2286,1,3,1,0,0,0,1,1094,2,1384,0,0,339,0,0,226,2,146,0,0,2067,2,0,24,0,2,0,305,1,0,12,5094,3255,34,0,19,0,2802,2637,0,0,1882,21,1,4,411,1355,5,52,28,125,4,1,0,0,0,0,0,6,144,111,0,4,0,0,67,3,0,342,69,0,0,0,41,0,21,0,0,0,0,1271,2994,0,0,51,10,28,0,0,63,0,330,29,0,1,0,0,0,3216,158,0,27,0,2547,0,17,0,0,0,0,32864,1,36,0,313,0,1,0,62,0,98,484,2,0,1041,0,0,1,0,23,95,0,1,0,72,306,112,371,21,5,0,0,0,2177,1593,1,1384,0,0,0,117,0,1,0,0,0,15,0,0,0,0,45,1,19800,0,3,13,0,0,5,1,273,6819,0,3,0,347,0,0,0,78,2430,1434,6758,4902,0,0,0,1768,0,152,16626,2829,1,1,0,0,0,21,58,2994,71,0,3,62,3275,0,0,4679,463,0,0,2,12,0,0,1883,0,1719,2224,5,0,0,1472,9966,0,70,0,0,1,0,4,0,158,0,2,362,3146,1,0,0,0,0,48,0,0,32,0,494,19436,0,67,0,0,0,43,0,0,397,0,0,0,1071,5,0,2,2448,0,0,29,13494,1,0,0,0,15,0,342,7,0,8,9,100,4,1256,67,0,0,0,0,1,0,0,0,0,1432,20,8658,982,1562,0,0,0,12645,0,409,1,4425,1,1,0,0,0,0,0,4,0,0,0,6,0,0,42,0,0,381,0,30,55,385,0,17,0,32,250,1,1,0,1,0,375,6,13,2938,4,0,67,8581,0,0,728,0,0,108,0,13,25350,1310,0,0,0,107,0,58,0,0,155,6,0,11,5,1,631,6,15392,3,0,1,0,0,2344,3223,2465,63,15,70,8903,0,14,212,1,267,1926,19,0,45,1,1094,0,164,18860,0,13806,3209,3785,13871,0,3679,8980,931,0,255,4,4334,408,66,8,0,15,0,1975,0,0,109,400,0,0,4,0,0,216,0,34,11646,5,4,507,143,435,0,406,0,230,2942,610,81,1,18,0,6,437,0,1,18,68,0,0,1,25569,53,0,1,0,0,0,194,2821,0,1209,283,0,5,49,342,2981,0,2,3947,86,21,178,0,21,1,0,0,1,1,6,0,0,0,469,0,0,0,2,584,104,0,0,0,1,783,2882,30,0,1,783,0,27,0,222,0,0,386,8,1264,25167,49,0,0,0,894,1,943,11,0,0,27,10,0,0,13306,0,0,0,14199,0,0,0,6283,26491,4,0,0,130,0,67,108,1419,300,10,144,17,19,262,0,0,9506,0,7645,0,0,1,0,279,13061,40,418,188,6,48,0,211,16,1,3246,0,5356,0,0,0,15,0,4914,0,13,0,9,86,0,0,1845,9,0,0,19,1,0,0,0,0,0,9,56,0,86,0,2605,11125,0,0,3502,0,123,0,0,17735,21,57,5,38848,0,2,19,124,1242,0,11052,0,22,6,2,33,0,0,5358,3,0,0,637,2150,0,1707,1763,1,0,40,4563,0,22,965,0,0,0,458,0,56,0,85473,0,5,0,0,0,0,667,0,2354,1,12335,29402,64,0,131,3,3,1,1,0,0,0,0,14,0,678,0,0,0,0,0,0,4168,0,12,0,0,37,0,0,6,0,0,0,0,0,84,0,273,0,388,27126,8,272,1,1116,14617,13,7,0,1824,21580,0,0,0,7,0,1605,0,55075,15002,4244,19,5607,0,1713,7,17,0,0,50,172,0,0,0,3046,1,0,0,218735,0,23661,0,0,0,24397,2,775,169,1,1410,0,575,61,11697,0,0,0,56,274,4744,1049,908,13,2,6139,0,0,0,14,7337,3,714,13856,5926,875,254784,5605,98,102,24,0,14783,0,1108,0,1700,5,7,0,0,3205,2,8,15,0,0,829,382,4751,1,224,0,2,2400,0,0,4863,1004,0,0,0,5,0,1184,0,7233,317,1,186,152,0,0,0,0,1543,0,0,0,0,110,0,9046,36481,333,0,2,0,20675,0,0,1,1169,7,0,65060,0,65,0,1,0,93245,17,0,92,41163,16,41,0,0,0,5,0,59861,0,0,0,0,0,0,1203,0,2251,0,0,0,0,0,1,0,481,1,0,4425,500,56677,4,0,0,62231,5,0,0,0,0,69,1,0,0,0,108,4689,0,4,0,269,0,0,47819,33,130,0,0,1,900,15011,15730,15,6,2,0,0,0,0,0,0,0,0,7599,0,0,0,18375,2,15058,7516,0,0,0,57,1,11,2152,8177,5,0,1,0,0,213,6108,1393,9,2,870,89,121,68,0,8,0,2419,0,0,0,487,185,1,17,14,30774,1287,19,118,2852,1,0,4,1,20,48,125658,0,41876,9388,16,0,0,2,15369,0,5559,19016,712,2028,1050,47,0,293,3282,0,122,3,1,0,143,0,258,0,0,13,12,0,0,2594,6,0,0,89,2034,81,0,0,0,0,0,0,1936,3333,5443,984,694,0,7668,36,135,0,0,0,0,1951,0,0,158,32804,17109,0,44,0,6,22,22,3,0,301,0,0,7167,139,0,0,3,0,7,0,0,11,3007,0,0,5306,1270,190142,348,9553,27866,0,139,296,14,256635,0,1,0,0,0,1,14,51,2,1,8561,192411,22925,8,38,1,318,0,0,0,487,0,0,6669,25948,200,0,2790,277,0,3,23988,0,0,0,0,12,54433,0,82686,0,1,0,0,105376,0,0,0,0,0,0,2,0,0,0,34848,383,0,0,936,33,0,26,0,8577,0,0,217,28,4496,0,7100,0,34,0,0,118,1,33,0,51166,25352,3,85,12,1,20228,0,917,0,0,2161,0,9,497,0,0,12,0,0,228,907,0,0,36291,0,0,1,0,0,5,30,0,63,146114,0,0,10,644,0,1614,0,228,0,0,60348,367,0,0,7,0,211,0,1303,137,239006,0,54,54896,266,100,210,13,0,0,61,0,0,0,60512,0,26,0,0,7,142,0,14,0,0,2,38945,5,0,177,51,3,0,0,165,6232,0,0,122448,183547,44826,0,0,4,0,0,344,0,0,0,6523,0,147560,0,14,1,3218,1,17099,0,4156,1,3,0,0,5,170889,2136,163,0,33010,104971,1260,801,5,0,0,5818,12413,0,0,0,0,0,3,0,0,0,0,0,0,2,2937,0,0,0,207,0,0,17642,1,1,77,0,17,0,11,464,7582,0,0,34,0,0,53076,0,4,0,0,3579,0,357,0,0,3,0,11271,60945,14136,13648,0,105,0,0,7,0,1,0,0,0,0,8225,1,14,0,4,0,79503,3,0,3040,0,0,0,6312,0,0,0,986,99,10576,285033,0,36,0,5298,2,0,1075,24,220962,0,24,1,16563,0,0,0,7,0,1,0,0,0,0,0,2,0,110,103,0,76,92,463,823,2,238,0,0,0,182,1,0,311,7529,0,511,0,156351,0,1,1576,0,973,0,0,0,0,0,0,0,349,17,0,0,19,0,5,4,3263,4,0,1,0,3420,0,0,0,0,42,22,1770,0,18513,0,116381,0,1,1787,785,969,111,1,9,413,0,0,911,533,0,0,0,0,0,17655,0,0,0,1,36155,2,40,3459,0,1,7,0,0,7,50,0,24315,0,0,136,37068,2,484,0,101,0,85,0,220,190,9,2706,0,0,1188,0,0,0,40,42,0,148,0,6798,108,19,1028,0,4,12,0,0,193,32,38390,0,0,0,62,799,210,137,0,23544,0,0,46,18,1,0,1,1,3,201,0,0,0,0,247,5,10526,0,111,218,0,252,54940,0,90453,43825,17,0,0,0,0,46,0,6310,71,389,0,0,87237,0,207,0,1333,0,0,79,5,0,50,0,196,2307,262,0,58,11451,3670,3,2166,20,125771,1804,79,0,0,0,28641,0,0,0,11057,0,355,2671,0,1741,629,0,1595,0,0,0,23,1,0,18,0,52,0,0,0,0,0,0,0,28,3,0,789,30,1978,0,2,0,29997,0,17,0,0,2664,115,0,0,6,182,0,8465,0,80,0,49,10,0,4,0,0,714,1,0,0,83003,0,2,160530,3,0,23,0,5,0,1,0,0,886,66,2,0,233,7,2,1443,0,6,976,0,0,0,0,2,15,0,122,17,2,2412,0,5131,0,0,1332,0,91,1,26923,63,19716,12202,268,761,152,0,1252,0,45,0,2360,150,0,6,0,1617,724,18733,1,491,2,3,0,0,3,5712,2,1452,0,308,0,4,0,20,13548,32,271,0,0,50,3,170,0,226,0,6,0,2999,4049,0,0,0,0,0,158,143,262,0,283299,29,13,7848,416,25,0,0,1,5935,0,0,5,482,0,1593,0,0,4293,0,134,2,0,1525,3094,31112,5,283,214,0,708,7,8969,0,0,0,4817,0,137,1148,0,0,0,3727,2287,17,1,1,36654,1,0,779,0,0,0,0,7,12284,0,0,1638,782,0,0,2,46,0,0,0,1985,980,0,0,0,4886,1,0,0,50755,0,0,0,37167,4,65,520,23401,0,0,17510,6,530,6,0,1,36602,1,1307,0,41,0,246679,0,40,3,3,399,1,0,0,0,0,0,1345,29932,0,3,16,9191,8,0,50439,0,73543,0,0,0,0,0,0,0,1679,3,69,382,1732,0,181,33,0,0,22,0,15,10074,107,64150,0,0,4,173039,0,152,0,0,693,0,0,0,0,5145,0,0,65,2,2943,0,42,35,1924,0,0,274,0,0,11550,0,10,0,47687,0,2060,6,0,0,405586,3,0,0,0,0,6443,0,0,302,862,0,64,0,0,0,3348,0,0,64940,32,0,222,1,2,0,0,0,5,1,3232,0,96,1,1182,9,1,29,2299,1849,8923,1820,321,0,1567,1637,0,0,0,0,0,0,22604,469,13,55006,4412,22,15,1,39756,4,16,11,0,27067,91,10901,1035,0,834,89910,259,0,1569,0,0,6,0,69,0,6,0,0,88,0,14229,0,0,20771,4975,237,1,1,16528,0,49,299,2,0,0,0,18655,0,0,0,0,1947,0,0,0,0,21,0,0,1249,35,0,9,0,8,940,2,1,410,2378,25080,0,0,0,0,14079,1,0,0,10,17,0,61773,0,0,0,0,1,1,0,1,2,0,0,8,0,0,199,269,31193,26,1680,0,1,8,0,1,0,41,0,529,62397,0,46,0,1,14,256,18595,9037,152,0,102,0,0,1,2,0,363,3,550,0,0,15163,905,0,479,6,706,9,459,113841,0,52061,2,0,0,0,0,656,50,0,0,40,0,2,52,1094,1,0,275,0,140,0,555,52622,3,140097,74,0,1133,0,2,8,0,13,0,8,13230,14,18,0,2,6,76,23,16294,0,814,2541,1368,7,0,5,0,0,5077,0,485,4,0,0,0,82924,47,47,0,0,3371,0,170978,6,40,0,0,0,3,8,4,0,4,77,6,0,1,134,0,107398,2,0,0,2880,2996,258,0,3967,0,0,0,0,9650,2,0,15,0,0,443,3060,0,0,52,0,9423,603,16107,0,1814,19,1471,20161,20017,47,96,0,325,41,0,230,0,0,0,0,2330,0,3,5932,0,12,2,0,0,9629,0,0,322,82,96,47,6,56981,15,0,0,60920,2,0,42,0,0,0,9,2,0,1,3,0,4,6250,12927,138416,0,0,1,92428,294,1000,1,0,0,98,115,0,0,0,63248,0,0,0,31,0,5,0,0,0,2,11765,17,173,79,0,0,0,0,70864,0,0,18,442,70,0,138,0,0,128,421,1,0,0,2078,3,0,0,517,12,83113,0,0,0,2595,339,1,0,0,0,0,1634,637,2,2,0,0,0,7780,0,60015,57245,1,0,72,150,504,0,2275,7,85479,0,32094,0,92,99,14465,75,0,0,0,0,0,754,0,59475,3,57,12,27692,0,0,0,1263,2,3620,103961,1021,11684,0,177318,0,2531,3553,0,11,0,356,0,0,0,1161,17,0,5978,0,7722,160689,0,0,0,15,0,1625,0,90,38,89,32,0,1,0,0,149,0,293,7,1,248,973,1122,0,17,30038,50386,4,1,0,0,3922,0,0,0,0,539,8,1755,40840,0,1,10,12099,340,2048,9,0,15153,0,0,0,0,222,208441,0,174,469,3,1060,62,1644,2,0,251,33838,0,0,0,4404,27,0,4035,15878,0,11,0,603,17,374,0,8,4616,31,5,1,0,79297,7,0,1,0,94947,9,559,0,1,30,0,0,131,6,8,87,0,0,984,0,0,12,1,0,1,50,0,5,1185,35,10,0,9,16959,2832,1,0,1,394,0,20,0,0,17165,0,0,0,21416,0,0,364,1,36582,324,20166,11,0,0,2902,0,0,0,19,38092,0,6,1682,0,0,0,0,0,273,0,0,2304,0,1,0,0,13252,2,1,7,0,108198,414,189,0,420,1848,4,589,0,487,9,1,32,47,19,0,0,107,0,0,0,1523,58,2,298,38,0,90,0,12,391,0,55281,0,5,9945,0,2,12,442,1,0,35,0,51,0,0,690,282,22531,0,0,0,1,3842,584,0,0,30,0,47,0,354,0,112,1,0,20343,102,26990,5628,1,1175,32549,3543,0,0,0,0,95,1,0,1,0,0,32,3,1
52,1185,424,40,1499,9,13,1601,2940,68,10,3340,47,123,7772,580,65,860,6,4123,835,1354,503,36,43,183,0,11184,177,3302,3704,5524,2826,7458,28777,354,66,428,108,81,787,111,99,6458,8279,4235,5001,27,291,6,1756,776,4633,2978,5787,63,199,686,73,4099,3411,503,2020,9227,0,29,201,289,12782,2964,255,9879,1371,3560,1154,1322,98,994,2789,49,337,77,7859,26025,5106,10,234,1382,2737,2,1727,147,2072,160,19,39,249,68,5,18159,124,2341,63,70,243,2428,0,458,1736,215,919,914,7082,991,10,5751,3222,1922,4,8256,924,7385,607,6392,100532,71,3846,70,7992,285,50,126,398,249,595,1100,336,763,10,229,11246,53,14,21690,2125,2135,485,21,265,283,190,609,593,82,32683,83,78,18,23137,288,2926,25,765,81,1062,526,675,3724,11,46875,446,54,27917,6494,1851,7573,274,1355,3200,12106,69,2199,49,346,11,108,2570,2722,362,809,3915,472,140,16,213,124,190,3337,1185,814,0,7238,17921,2364,5040,0,499,56,165,100820,976,90,60,437,1867,1,1822,3811,5400,112,221,663,146,21,3137,1754,4050,2492,17,16,727,37,1,638,2638,478,115,10,989,167,59,3678,3244,3922,0,7,3284,3164,730,34,20,97,6,6860,2459,9084,44392,638,15346,4109,120,353,1862,86,5920,6251,454,36,63,1229,38,3215,13850,270,4202,1521,519,66,22,344,143,828,70,619,10301,3457,147,13,101,1004,1801,412,6046,3745,5618,784,10851,79,444,82,3752,3291,8615,3,459,22979,10576,1936,11764,3998,12455,1083,12,0,2207,49,27,843,617,135,115,7201,3894,7411,63,4500,9365,10,3782,551,248,0,1826,2620,16936,7,1393,1146,2629,0,723,9,175,774,4282,481,13,110,1336,0,6385,6399,4355,190,42,7140,1507,23311,1513,11,13010,1227,4,608,2914,2182,13,747,3423,17878,9324,1740,3475,21931,12220,0,1325,518,49770,3706,263,604,135,25,291,1778,69,3846,284,1246,725,72,40,1325,10377,722,0,1931,2219,538,2529,17,3,82,829,120,3199,5738,2906,1482,1448,54,730,1,27,2014,45,1636,4357,27,170,1677,246,2369,2172,1488,7536,2689,133,193,1014,39,10873,31844,56,154,0,230,0,2765,1333,10,119,19,2206,38,47,167,98,245,27649,145,26,5,5379,36,259,1556,1,1252,11281,482,5,20,669,1937,224,19547,2466,2142,785,2828,5189,66,201,1698,288,3076,291,115,1647,4018,186,75,3464,29,12388,0,1387,131,222,468,1,517,364,444,3714,29,6845,12,1116,4,1058,713,1319,2302,535,119,180,146,2989,492,91,14751,350,568,14,7521,11,197,435,55,138,2795,0,15,44,7,976,1592,73,387,17430,1830,38,23,54,26005,8,139,34298,6251,126,2633,105,1237,127,59,220,4376,20,893,3144,13877,2428,4675,5982,0,3,222,0,3895,2555,325,6913,1176,54,12122,958,577,5289,997,3620,31,211,565,2765,44,6243,2507,9,1298,7422,1341,692,8273,236,6369,15398,544,140,6,3048,359,0,274,43,274,2,6702,3287,27100,19,0,4,901,7,10100,1766,5184,1537,191,90,78,12998,2239,86,79,685,762,2,8,717,2716,2705,15092,207,49,2439,142,3654,2815,18,18,403,1111,628,52454,490,90,73,5978,744,50,5519,571,2311,378,13769,12785,108,197,1011,9,354,581,5,3074,4884,24434,141,21,9061,244,2175,1703,85,2727,398,17293,26032,37061,9,38,9,585,1163,292,14471,293,50,89,115,1,83,61,1268,82,2661,17386,112,4390,79,2040,110,13,1,4006,31,13,8229,874,0,107,4,0,5754,36046,625,285,11,2633,3149,233,48,13,2657,2587,116,5271,0,262,0,3266,295,2249,894,502,337,1572,196,187,376,2933,28027,5,0,7666,243,0,165,13135,1310,501,77,16,51254,87,895,382,2251,56,308,13403,412,938,3632,14176,20828,4928,211,1782,2471,110,173,96,18661,8,1358,10,141,12,7921,100,4093,7028,8220,515,65,276,4252,7975,4,4060,7,33,1637,6936,16,2,857,1376,13,4361,1867,218,1579,6773,679,30,1765,2079,187,301,448,769,65,1224,6629,237,2896,93,106,31,779,3411,13465,27,390,404,7319,8204,2678,187,189,6208,1236,19,908,5184,959,12121,594,5599,159,2019,23213,2746,7300,1064,0,6460,127,0,6892,1804,4673,5237,370,455,3161,413,224,18,56341,1453,8118,1227,8,66,284,20,99,148,966,14275,1812,16450,207,2,49,1311,194,403,307,35,17421,23,949,2334,0,1311,14162,76,1,4471,161,13128,260,3723,3104,11595,9143,171,215,1366,1732,4843,206,0,398,14924,1149,121,3784,202,1625,170,27524,0,292,225,5699,7192,9861,177,6589,2084,5541,267,3,3385,8,1157,34,3298,1542,2,128,159,45,105,147,9881,286,150,150,5919,704,109,230,3674,46,43,7639,198,672,1871,23252,529,9266,114,81,724,2903,3885,323,156,8821,2692,651,22,20,39,9710,656,20,994,44,48,1950,1038,5684,603,1787,24228,69,169,56,418,1313,2,101,433,5878,52,127,1216,8,2505,15519,3824,19480,53,56,11367,3225,10436,246,35,16081,46,13055,8,110,20796,468,109,591,258,2030,23,134,0,57837,54,3714,2471,1680,21,231,11,3749,0,33,2836,2423,303,8193,9,953,91,7255,0,17619,142,285,368,770,12207,1325,811,365,272,308,12608,12698,17848,58,897,1637,9,78848,103,73,55,10343,900,562,14101,30306,83,89,1378,6302,38,1726,5276,4783,93,17539,736,991,37,109,5222,1482,308,21,1160,3043,3355,164,292,501,547,8888,1,3133,8161,208,18,10882,53,59,5317,5146,1460,7307,54,37438,8220,23439,12982,1030,0,2370,362,2977,405,6465,33,0,138,12592,1085,59,4726,11074,640,498,9029,9059,552,213,11362,178,7727,59,92,14,86,20566,233,1026,4,8677,12135,20437,5766,0,229,5889,0,551,813,3544,1,10395,10474,7760,479,2137,643,8458,25,0,2124,167,8,220,2155,16244,2573,54,176,1,11510,53,303,478,32,18562,67,1274,1263,33834,2474,612,1231,5214,474,1929,463,20,31,215,1,3535,6052,102,159,2684,728,0,250,376,10272,2717,4860,6011,3370,58,2690,1907,1773,5975,0,69,245,3116,3255,3822,11859,410,103,238,8,387,22,0,362,5574,1,3910,0,7476,693,11,20818,5007,11,9734,7045,6,39,30,171,31,911,29926,22,1270,2556,3781,122,250,171,193,144,4,762,41,209,5769,1146,38,854,2668,188,38538,53,5463,197,173,6254,188,15,21069,644,341,135,560,97,635,14,93,2354,11442,576,3826,6121,17513,44,924,23995,8270,488,3601,2393,88,7916,3029,29079,1075,16988,9675,12370,414,1,1110,582,2,172,135,839,57,109,3565,170,0,15696,881,8,10651,552,0,2153,72,945,19755,14122,4306,2687,1352,0,234,0,7766,103,13366,4695,660,15,20933,4619,256,2896,24,894,541,322,6,118,3147,7951,2220,58,10679,7190,20,2130,53,634,58,171,12,3466,184,17978,1061,14,25,568,2268,168,161,57,2212,231,214,92,4,160,378,1413,20,155,389,0,1842,33648,21,19,8311,24487,178,1961,570,300,2,4039,3437,383,117,13037,315,1481,1678,25346,1899,444,152,4185,63,0,45,160,324,2,41,600,3638,4580,81,2862,1319,6137,62,5234,18,15329,1933,52,3807,957,9922,56,0,4613,569,69,2023,2894,2383,5183,1601,2264,40,232,6436,839,29,263,836,530,20,449,29134,224,11165,2017,1,8,7510,12,335,3,2745,843,3528,2696,13,264,352,8532,63,13408,184,404,34316,1415,290,4281,7783,1227,31,66,0,128,118,34,1442,71,30,96,9,342,6872,322,179,35,89,22,442,3000,2245,8722,1962,882,116,1187,6567,1108,64,2888,0,116,0,75,8,3,1535,5824,4933,0,44,1170,51,3,1351,23,3234,11574,5453,1078,81,1,5098,6189,2378,2803,879,207,112,8697,3138,23936,493,38,74,4,122,2441,82,46,136,143,13048,44,0,111,9209,1,2642,3,650,12008,4054,709,2933,584,47,537,3444,698,1245,28,1322,57,209,125,0,20958,62,8623,243,202,222,3318,5446,1,31,236,14,31601,29,1815,9286,788,0,2054,3,23,5305,6,1570,6,1885,39,196,3238,16866,1821,4117,11684,101,3,3295,625,5846,12141,189,1917,5,166,31,218,370,2098,86,10459,3530,1495,47,2018,17,862,431,5759,3191,190064,15,1171,0,27004,592,964,3454,30,12304,2882,90,294,208,40492,1811,0,1692,4660,5,2789,10,1852,2395,12014,4224,29473,2,14920,7,2365,15,407,76,13,1511,0,438,5309,266,34,9,10177,3,46908,123,9245,42,0,3,15,3399,197,9,7149,455,35,7863,51,3916,14822,30,513,4421,1073,15900,32,62,70,1340,215,61,14455,61,118,323,1599,1750,178,59,12,852,548,286,2,24124,109,127,1575,974,2,1300,4160,446,6,4759,6,17022,0,4,78,687,3784,1349,348,5541,2,9723,3392,502,15621,11808,4067,0,53,799,2312,2430,22,6,477,7834,1767,2068,111,2031,1204,3151,36,1,26,510,14,0,2296,5,9,33,0,421,50,0,643,0,257,4142,6920,0,426,6019,856,1285,4794,4,5341,36,191,1238,648,2787,203,34,1168,309,81,226,0,737,3398,83,3220,1889,2494,1562,120,25,1166,3857,5274,86,143,6405,445,833,34,1395,656,10157,869,1615,864,402,7683,4036,1696,50848,4,11171,12,130,882,73,6757,772,45,91,5,1647,1287,1753,19,107,283,33,5,265,5401,127,16,502,10342,538,93,608,1178,214,1414,3,4082,15,190,220,29,8,11,9,33,300,2465,159,500,557,4175,6180,31776,8272,26031,505,2184,280,14,111,819,131,1,2588,111,30,662,1919,6275,1643,2346,1,766,167,121,110,56491,18359,6,0,2912,281,19,3095,59,122,14932,445,129,6422,4423,4006,48591,2,71,2058,897,598,597,4,8,3723,10,1766,319,1858,1029,85,124,2808,4230,447,279,48,7514,988,1955,167,73,3904,0,18625,18,4724,24,0,6257,9697,110,96,773,44,6839,1742,1,237,887,3651,26,60,491,2049,1310,20146,2121,0,2836,38,1751,2,658,42,14233,23451,2075,7275,3787,4900,7094,45,5,171,735,398,720,3154,1853,21,535,1907,150,241,6109,16212,16,5131,4438,6694,6941,1995,29,661,2819,2,489,235,55,68,3776,6370,274,415,11168,11932,12451,12546,5916,52,0,0,56,1247,4285,955,8402,779,218,1320,9692,11137,1016,12656,3721,2527,1226,25,15738,72,875,1,19,8081,15443,1600,565,11523,3990,399,222,500,203,86,1568,68,24859,705,2,8927,1357,233,4525,5590,6135,126,0,1484,0,312,9814,8587,2664,217,240,0,143,511,2841,84,1312,156,39,0,5110,3584,13637,22518,73,4,10225,9618,19,7462,1346,3178,10076,1381,14,9139,64,0,234,378,3853,656,8,19574,4409,18,3566,14427,115,104,4323,10663,202,68,8681,2090,1183,1355,3379,21,1,89,32,2431,5498,0,8210,2688,3366,20653,337,1146,1179,2790,680,639,72,9125,27,39,0,56,52,5398,511,3540,643,19266,11,4949,514,5,53,5301,613,634,9,5,1,140,263,2537,11929,4647,5,3427,13,30,8,2234,18170,940,227,12636,33,9,2023,1671,6149,560,66,281,1104,1678,11202,85,9255,9450,29,37,2969,2355,12414,16088,162,0,5083,16960,20445,99,2591,85,2792,0,281,6,2450,29,1145,3078,106,1763,1172,56,3,15425,5909,10046,1931,442,5529,203,1366,68,10853,9234,2237,2634,11606,0,1641,43,382,64,522,1581,9290,8,50973,3032,18,4,310,315,3121,25996,2273,3223,2133,10,17179,46,170,159,6655,607,1076,4826,315,3812,236,1262,414,42,6060,12,43,4688,148,114,109,597,1335,634,8133,0,9342,591,8,38,2594,0,579,2640,113,134,94,13,17148,1855,4221,2724,804,13775,3,4334,34,1555,3611,125,861,27,232,16,439,24,1280,90,90,6516,14,21178,1086,2711,10881,0,409,30817,1689,1820,3286,0,0,5,1239,372,2668,3512,2202,4114,3,17912,44,3568,13,2952,575,11274,1658,361,4452,273,5756,66,46090,3549,35,5187,28,110,592,228,847,105,0,9009,3577,345,850,0,1000,129,21954,0,7857,2597,23,2123,3,4520,92,1750,1209,11979,87,1290,22448,1522,1035,6140,4069,176,164,110,17,1538,613,16,133,4,1642,311,1466,0,16,10184,2569,116,3280,21340,351,99,399,2788,458,21417,1,28,34,1,160,14645,5987,110,7,16927,616,0,1464,55,31,0,152,140,13500,185,50506,342,2038,16,15547,109,9774,8,1190,6875,5007,10077,242,0,32168,10971,5509,156,29,425,22,11,208,2874,904,293,1195,5453,4153,1830,0,6,3604,7118,1651,7382,2871,4502,372,1672,33564,47,1795,1330,0,819,71,124,191,5167,1,190,214,26698,230,3677,4,3871,68108,80,4523,11515,18,5137,78,3018,1387,2044,1,1262,92,1682,87,1489,7,14632,1905,116,955,14292,496,4976,2,147,13,636,1845,12,467,523,9115,779,30063,743,5112,2063,220,2014,2319,2099,6,329,1740,2120,5,5293,2265,981,315,316,17649,54,3857,3669,1112,209,8937,747,70,678,5927,515,2963,13158,4708,0,12575,120,18364,33,52,7139,31,102,0,6209,1110,1758,166,248,21,812,1620,17547,5,45,695,0,10,4732,3,1166,329,24182,0,4475,615,77,876,110,187,26,131,22,4,891,1872,706,251,3957,229,1313,3428,2,9515,21637,1719,300,611,3630,1346,2927,11990,1,269,202,2701,2,379,269,862,292,0,0,301,245,317,16056,1225,191,12182,47,14,10,11611,1258,11855,6642,4,469,0,154,20152,230,50,8375,33869,20,1946,278,6485,21,3060,352,2247,552,173,635,1317,870,68,5445,3,3327,94,77,1603,2195,0,0,74,162,3996,109,0,16673,264,2198,17,41,7506,26,105,4178,383,1668,59,510,4291,818,6607,1704,1314,1702,5154,2883,4737,30,6885,52,3036,19284,1,223,34,1609,20819,191,1303,3240,140265,852,17528,0,10173,10,712,682,459,155,1353,6022,2414,12,542,177,10,1315,1886,2052,1050,3363,1773,1547,4,60,1868,808,7845,42,1,609,12,105,1802,11,972,11,463,2510,2371,840,127,13943,34,61,3881,62,2739,0,63,2131,144,33157,150,38,20155,844,49,789,537,583,403,228,37,7593,9572,109,6022,38,92,107,3545,862,826,715,2476,21498,2095,7948,5540,7163,690,9801,4,870,1522,23395,3756,233,2,343,34,658,128,102,465,291,20,6877,8,1006,70,1132,3255,2044,715,6073,630,264,15497,0,2718,878,612,1167,259,1428,14363,12262,61,282,0,56,0,42,128,3553,2,8456,325,1694,389,3790,17,3256,1009,32706,3623,3970,934,72,2,7942,1464,4310,159,3906,3191,13,236,510,8091,18,4860,853,11965,343,3121,2078,808,2,0,135,672,190,24,73,0,6757,7583,8469,9485,0,7855,0,520,8934,6196,20245,59,0,1672,572,13828,178,290,51988,17519,69,1303,569,28,1171,6,116,2582,1154,3432,0,0,5,302,0,150,963,1160,8093,386,211,2860,7,4523,404,1611,210,41256,1,1209,243,581,29,60,160,338,1929,383,296,13035,8902,750,4411,284,4288,298,41,0,46,0,3,540,152,746,1902,3870,182,1,7518,10,2631,8202,1960,165,69,6854,2504,52,1995,4220,2617,30894,4650,0,9054,37154,12,1673,1365,10,94,673,1724,601,483,185,75,3489,1145,1388,3313,35,81,62,7167,36,63,13,3,11276,3,11,1359,264,2297,2737,32,5235,781,371,3198,0,304,11612,443,341,0,0,29,2668,1690,41,2241,0,740,122,1247,71,57,121,446,1822,387,37,6346,5865,66,1611,5,1,4060,25,6827,108,910,2902,8,6,557,0,8826,1462,10461,11406,63,813,13,13,8,50,22,1604,109,12547,0,120,0,193,7129,0,808,137,7299,1335,10651,4661,50,11774,208,0,4473,3541,56029,331,29,18,36,1433,5218,46,7134,726,6695,4,1232,0,6,0,35,116,69,2655,375,8,2160,21,18591,10,336,2330,326,280,53320,10,127,26,9,822,12574,9274,1850,4,50,11229,23,8931,9637,1253,260,482,2207,1117,8056,157,4196,5590,19225,175,406,15,2759,22,119,611,647,722,8513,2940,17,183,169,15122,58,217,1271,85,950,838,5206,2318,9,95,5704,8252,15050,341,1042,1,468,40,0,733,159,1854,13812,25,21,10,8548,111,1345,124,4,571,11,1136,4840,16917,998,18,53,50,144,9797,8,1498,3245,969,304,405,1849,4081,741,1721,36105,3786,3203,52018,10748,9987,1228,2339,6055,79,167,2542,154,6,66,1410,9524,487,9243,2766,9,734,23383,27493,0,2,3243,8927,396,10285,157,1269,212,14090,483,12,80,3358,25872,1238,12739,8268,278,461,12763,1795,5,1293,15464,1,24731,2143,18,97,26,2,4,37,652,2599,370,10831,8237,997,22,66,18,54,1161,23509,646,202,15,1382,3597,3513,58,265,1336,13,17472,27,47,336,571,1093,7,0,750,1259,7814,26,12041,577,10356,4305,10,0,285,0,585,552,554,1,0,0,8637,1636,133,335,775,35,176,4626,623,5376,5238,19178,337,7,149,7,14778,2589,6259,56,993,7587,427,1580,4,0,349,32,3707,10,8438,3927,2386,866,20,5022,313,220,284,25,0,1008,7660,0,616,1705,369,685,9,531,6,1221,96,37249,26,3955,52,10371,1412,502,743,8395,5920,70,202,8,487,17837,10820,21,203,5317,106,4998,1990,407,97,4370,0,15598,5316,3595,8497,23,210,2115,266,8,264,16,1726,72,7004,1333,376,74,28,836,15576,1052,2367,199,0,805,49562,42,12672,1314,0,3426,64,34354,2736,4804,6,5,0,26,4553,30704,2174,4521,10846,0,352,9653,34,327,352,72,15,1724,3272,842,84,68,6318,2151,16,1781,2667,39,123,1546,63,88,630,252,349,15435,98,1752,10,100,3432,4052,396,1288,164,293,6014,755,715,3236,1493,7411,5028,728,24318,816,5546,5856,8024,14,0,8208,577,6500,33,12,32,13592,17561,2470,6609,562,105,0,6140,1929,211,745,5,100,463,1909,5752,177,101,15479,4417,414,164,1325,557,0,878,92,51,609,2305,2769,316,161,2,26128,7260,1615,776,4169,208,44,39,51,6094,6750,692,6715,37775,1551,71,958,1232,2869,1513,1739,3117,41690,11140,22144,966,1224,2,213,36,2292,6,8872,17,37,8217,504,484,3522,459,164,32,4164,4007,3889,175,6,498,156,3127,174,30,4757,3898,82,7526,5,0,45,13,417,9,3087,2526,7,1024,1964,5065,1017,2007,155,73,1055,0,1526,651,84225,8051,0,362,9,22,3963,28,373,0,258,4685,5651,3443,3090,1,541,0,784,11697,963,482,51,672,3015,664,407,7,16948,5739,3532,157,17,7325,581,380,4500,195,21382,557,5566,14475,7,23,121,962,4580,9526,355,2640,15409,61,78,115,4526,1793,18547,3691,922,84,88,3577,0,953,1852,6755,773,71,190,188,154,10531,242,23,1305,668,11658,25,15,13561,265,6,192,427,31,31,11528,12,1607,0,1190,20,409,5765,7204,0,9,354,37,5,6048,62,63,757,29,4108,1388,274,1853,17742,503,1,13,1669,105,2915,4,6158,3262,210,92,301,1565,995,244,72,131,4758,17391,328,5,39,86,2155,5,232,686,19,5612,6630,90,95,940,110,416,759,22813,197,1359,24,69,551,55,164,858,6,1215,3413,1392,0,332,145,558,796,0,3,38743,186,1178,1332,18133,3040,3698,223,8715,160,498,932,3085,12356,2447,76,646,142,25907,894,6687,24091,2795,1971,0,1587,62,47,3098,8,0,4,18,100,54,257,34,125,2375,5454,654,76,843,415,2,530,37,6,151,0,0,1259,1421,0,4394,5269,23,1246,33,9968,1513,645,1,5971,962,834,620,4416,1080,98,254,23,671,13,2436,174,40,1992,8,1,891,3070,33095,317,1727,4639,371,17,891,105,38067,3551,2,29,780,36367,1669,958,39,720,1024,1028,5813,57,20686,89,616,2883,7722,80643,9856,7,73,12,26,244,55,3056,14,231,4,170,211,115,989,729,436,5672,219,4049,361,269,205,2,5,394,2874,1361,8373,2119,5727,6174,1253,52,1395,746,124,71,6220,4236,52,214,42,5444,409,1071,11010,1,23803,294,205,6374,1778,118,154,230,54632,2133,4,16,20,8765,460,5339,658,0,10884,495,35,3197,5,6181,2676,99,11,575,221,95,2239,1222,90,2018,1530,331,0,157,219,3040,106,1300,13506,2713,8774,1627,240,13052,42641,136,55,279,277,1508,21,0,253,1308,107,227,2309,4,845,4935,11789,952,607,1466,0,6141,2,5705,12279,6154,2509,2497,422,884,4117,4806,541,1338,1301,554,7702,1235,2,12,599,27283,4874,46,2234,542,1,7239,19801,31,6617,900,147,32,823,92,365,734,1872,110,43,1822,1,15051,221,95,2758,170,4882,6087,18854,249,491,4643,240,7508,1602,448,1,1796,1058,36770,440,160,4904,2979,5,723,13029,5,68,6961,21,7693,23,14,206,23555,3000,4125,3094,163,288,8313,21,5032,2951,43,265,2485,10793,923,3080,118,473,158,390,46,9,796,1505,113,584,875,205,4089,6050,0,6,772,2483,40,1505,0,322,1090,172,5,50269,1088,187,3969,96,221,7157,354,224,340,5049,8812,3,12648,1880,2519,8,17,3611,54,952,57,593,406,112,80,8,16,532,612,70072,121,152,23305,1112,2791,3456,523,12,1341,2618,2,157,53,7118,58585,33352,1059,772,638,1,4940,5524,782,11502,11309,6563,337,569,6891,58,6553,9433,2,2483,228,166,88,0,6588,110,0,730,106,5,1200,24,17258,3366,4271,825,2919,1464,5926,5094,48,11,38,139,0,224,37,0,7180,7004,6,1592,14,186,662,25713,496,37725,7675,2,1,16996,1217,183,2003,1519,144,49,69,8676,3,1062,332,118,488,0,65,101,117,39,1667,2509,309,44,258,176,153,186,889,1083,9,4192,2141,1110,30,1846,0,25075,4,2,2665,8929,3328,58,441,1,480,3964,1026,114,40,1,84,4,3607,48536,2859,11275,841,28,923,1897,7,1022,169,2,9413,179,22,0,3007,12,99,5,3,4379,2186,8,3613,9886,373,372,392,14749,978,430,19553,13,350,2340,3435,685,14223,3669,271,10,9,627,7742,4,8438,19182,579,901,53072,2319,129,2025,807,3706,1780,27,15,10372,583,295,272,122,2447,73,4,158,822,5955,236,3,7,374,16,2,365,698,261,17358,15785,8063,116,514,39,3587,713,2430,11,133,15,870,280,8018,1440,3,1,1245,448,132,88,1300,674,2,153,11197,108,12,13834,7117,37,48,934,3984,8083,1045,977,188,1032,2944,965,17,369,187,24,2185,246,114,279,991,1859,30,2536,7626,56,276,254,3,119,7830,116,172,8487,717,1179,225,0,20389,161,9862,7,189,3,5107,31,447,588,4418,20,18,2248,8738,10531,416,435,6993,1070,193,4085,627,1227,55,1305,4943,30,856,79031,655,161,3,3896,2513,10809,2550,6615,0,59,104,5531,507,13508,14,2473,7832,4423,62,222,9528,18953,1087,2863,134,13,8921,974,10,1505,2821,417,264,1576,1,2425,39512,7184,1453,3,318,85,33998,293,641,4526,25,31,313,6927,16,24,7,2257,81,2342,5,7270,22,163,571,4653,1801,6725,757,29,42,911,5210,3067,6300,2729,91,552,979,12,344,48,7745,275,8,888,10515,11176,1143,11,1786,2103,1425,1056,2,170,723,2889,9,3830,323,7175,146,87,1790,144,2946,67,866,1505,55,38170,1867,0,508,262,13,27938,13412,19855,118,14727,2437,5514,1729,7458,4,205,8734,10494,27,3875,294,19,205,39,4959,5355,4157,3,3184,59,4467,5829,99,51,307,22313,1143,25,12416,314,2163,14,5,266,784,6310,3745,795,8773,28410,0,1611,131,39,25,1229,5322,1205,985,255,2327,3145,412,264,4085,182,167,2,113,301,0,177,4147,5149,206,161,3941,108,1418,9371,612,274,1742,76,18974,4810,12830,117,26,325,5690,6545,47,423,11465,77,767,4735,16,6595,7696,44,126,318,27,9719,2459,144,2939,1162,18634,967,5736,57,8349,10,335,47,6774,2297,140,902,837,1,2468,1302,21763,0,6920,2,103,2331,891,24367,351,9403,31,3716,14358,17007,3825,7257,189,734,8133,281,345,16,7023,8087,566,1359,131,380,12,13163,1139,795,2648,29,385,421,6098,187,7473,2558,3875,8326,1941,38,6904,1719,64,8138,2443,7084,127,1621,41691,12913,10336,29,886,7,6402,1,5012,1413,54545,35,35,76,19844,22,4385,3364,141,382,4723,8,243,112,570,77,1059,467,18,5518,20,0,5602,7,2839,45,17,1824,0,62,6283,31,46,6,9776,1194,314,34,785,18,1955,7957,5,6801,294,19,1608,3109,10452,3900,423,3207,2,565,959,54,479,3985,578,61,0,1375,10,4397,1080,1821,43,76,8970,2931,5731,10147,253,2064,37,2348,50,3041,3234,646,1911,6,185,205,2164,12986,6,14912,18430,4275,19,372,3715,3,3554,516,7399,1084,318,14612,2284,28,1,10592,228,2,0,628,0,5008,23,2,909,6594,160,37,309,15,185,1,4245,477,152,152,15793,271,1672,1215,6,2164,42999,4025,0,0,349,15160,37,144,6167,6815,3379,4985,7598,1704,24,2722,3,1368,1203,8,346,6976,1666,259,1353,120,1,1899,1269,16682,1163,11105,36,96,48699,824,19,1495,4795,20095,305,876,806,3,3038,0,33,106,0,177,673,934,22,1143,308,5562,16421,2095,1892,473,10,5,3520,89,6289,23405,966,144,9495,793,3050,3083,35860,12,101,0,3502,6,394,351,6876,15,1168,25930,2721,93,8025,40,46997,1,58,96,2581,145,4397,25,214,50,1993,9495,129,3593,0,1167,9,2158,1,190,95,9071,5815,7042,458,291,7,247,9,4629,6959,3826,324,133,396,830,9306,621,2876,4,211,23,207,4009,1515,3271,1237,352,0,76,292,4724,1502,29,34,531,162,275,16086,419,4487,229,0,4764,205,62,1556,37,101,4242,4332,5121,226,823,13228,127,2,417,28,0,3187,4909,4483,3196,497,549,26,797,22141,491,31,84,245,0,531,94,781,3674,6,2043,1165,1280,1239,370,14,300,72,2180,6174,58,27,23,191,65,2110,3762,173,595,320,157,141,646,14,73,13,1217,6538,1592,1637,2353,82,2439,1935,4011,7676,225,6305,3347,10478,115,8826,758,21555,381,189,2545,207,35,19223,7347,13,280,1907,3554,43,12329,9289,0,5856,2703,24417,5988,2162,14431,1596,14895,1221,846,659,58,431,18,198,128,3310,14852,921,15,1035,4,76,7,5405,35,7629,5550,7950,1182,439,975,500,9,686,1216,8,4304,34,417,189,10376,9486,0,23,1093,551,153,82,1,2467,426,22,34,5453,20,1,4,3309,332,0,12,78,17,2425,2542,99,760,7,118,8820,6992,2295,904,1951,6070,81,19,1654,1838,10,498,8,562,125,75,3732,67,7622,17,7373,5974,290,201,61,3533,7943,6444,226,3155,3485,46,595,17,2833,169,179,3,128,4093,18313,136,1593,1088,195,15,1,12537,42,0,1400,768,4924,497,0,548,26932,45,4194,78,62,682,54,1322,0,3939,7,994,59,102,245,71,649,128,9739,2358,6138,0,1,253,440,7,6367,674,1064,4583,458,263,7,250,175,1267,3640,146,26,131,2,64,25,1,6494,99,136,9,1730,0,2499,2140,13,19674,0,11540,0,2152,4574,746,163,427,3738,1,19,225,589,12,1293,893,54,1558,7672,613,508,110,334,2054,6,4145,1106,11436,2418,6,2,4765,5526,18295,1759,2063,12,1417,394,132,1065,0,2150,261,1199,3110,2918,186,6,6657,994,2918,1586,23,7548,169,50,267,7,15,2291,479,695,3908,10021,1215,738,9,281,5066,714,6426,29,0,0,1275,1115,138,12321,4315,8,5,1409,2645,154,5047,21149,352,447,3432,5,32,2950,14299,10452,2633,3869,1390,1748,225,70,605,165,33506,800,5851,870,305,2258,2466,1334,799,133,1839,1746,136,4,108,3921,564,1368,567,720,77,194,1146,1153,2486,45,123,2624,5948,15,1485,4,12511,8287,8117,502,1632,434,6934,11029,5929,14405,7871,3479,126,4847,4148,2743,11439,2,1,505,0,6889,18380,62,6001,6829,2,826,64,0,4140,2,53,253,4489,292,3081,2071,554,183,14,43312,4058,31,0,0,2603,656,3912,84,725,28,2126,46818,2894,90,1636,1038,1367,9,3,1064,138,53,769,42,429,1676,17765,823,949,1126,11988,115,8,37,292,550,373,8707,77,7762,1357,502,43,1484,1052,153,3427,15037,574,58,6,74,2146,389,29,30,351,72,9708,0,2275,70,13,5252,363,418,51,0,577,194,20,224,2590,3081,72,2810,195,8591,23031,131,24,2420,6075,250,2007,2357,29,140,1917,7,20,0,69,590,1004,7380,4414,0,734,14468,326,506,9509,86,7,444,26,957,704,37,490,1457,2,4711,203,688,1199,7178,6,29,1098,49,10568,589,22,116,22,17827,4,127,87,2646,1188,3467,18,736,6731,18,417,2614,12911,1573,50,38360,72,4,989,586,13,498,1645,13647,7,0,5,615,244,6056,4357,148,9481,295,104,83,120,1833,373,1015,83,290,6598,19913,200,29,14010,406,655,30,32,131,1,299,4106,32507,1071,49,11408,64,2785,7208,2760,6764,795,17,1053,1369,22293,309,1125,187,9639,5,421,850,3354,0,3638,28,78,0,631,86,1175,96,325,22097,286,4910,17,1870,2656,181,16758,171,25,12705,3468,5321,126,11651,536,90,710,2559,8343,228,0,2,864,631,30,18324,1651,869,45,937,0,1,3643,5633,50,96,307,2097,561,889,4829,964,600,196,0,22,0,55,749,7816,7,2,1,8620,7375,5523,3119,366,1224,13379,4376,27,47,60,35,0,44,148,583,1970,2034,171,237,4445,648,1859,5026,71,132,4,2216,4101,620,822,14633,8,6523,86,0,15,1913,7156,11,87,36,190,7,76,14701,1565,52,288,197,491,0,1403,0,8,2,335,2280,125,95,3,1001,5552,19,94,52543,91,7122,103,449,7477,288,22,0,125,102,10890,1797,5019,62,12751,41,33,327,159,2121,44,25548,1683,161,2525,6081,41,257,566,3735,51,6448,5,12550,6595,1,952,3443,2990,4397,3261,3558,111,174,191,124,5066,3335,11,143,15270,4,53680,321,195,4,90,2343,17,1296,0,4040,252,799,929,424,330,153,199,76,57,3127,1263,190,5237,6610,10,4888,100,375,26871,117,2474,4198,1943,1176,980,186,16983,26,1359,480,449,12602,8,6,1214,589,1298,8,186,690,11860,10731,275,28105,519,21,368,590,35,357,197,6814,3322,453,0,42,3161,90,14850,1,9368,1182,1119,98,16689,19231,2598,21,3262,206,4333,203,41223,7133,12961,565,73,526,180,376,50138,11054,397,210,29,101,69,13199,1306,2499,6576,10756,7,29,13338,6646,80,22379,7,16845,7,74,6,77,2910,2535,747,3,174,6742,8353,4820,306,50,1536,235,226,3340,6273,4999,6148,0,16,42,242,3696,2729,1762,3740,301,42,1642,22,4280,382,1103,4571,44,514,17,1623,193,116,36041,60675,117,50,473,8540,7478,11673,15433,6529,1509,2293,3,2941,48387,958,455,5564,185,133,179,1294,45,47276,55,1144,6642,421,53,4,18,11236,315,254,826,2581,292,1172,20,1647,384,2335,220,29636,158,4526,29,381,12548,1179,1394,249,4759,1550,7783,601,472,56719,118,13381,2,5385,16958,13250,882,827,851,805,1171,134,302,417,0,4,32,7355,292,8183,56,2380,352,4,4676,112,87,2694,4819,3415,8197,10196,95,757,30586,6876,2860,12,6379,876,31844,5492,51,3887,720,0,1440,2,841,21439,1884,15,346,146,6,4803,18,69,1048,247,2902,429,193,842,90,1,307,0,4,18,0,1329,108,178,26,0,83,6854,26,6,2198,26977,884,596,16,0,8651,3344,367,1386,7792,5941,91,1127,18879,1997,193,3100,3944,859,2487,1358,0,6770,45,8654,0,33,1,534,68,0,78,408,109,869,1903,13321,18910,3080,9940,143,262,0,239,245,1228,2,586,16247,621,483,422,3073,13594,9087,2383,318,6464,4,327,48,58,2159,3420,15,4439,4239,2421,1791,1882,892,18,94,0,4323,461,590,4010,12284,2255,173,10292,115,7141,25,2492,5810,6394,962,507,18201,724,322,240,36,376,65,12562,46,14,864,1092,10113,4,7618,3071,25,159,11052,6580,647,245,26,6,40,525,22,8318,8686,10,70,2913,2411,4205,29170,9632,1,2621,4381,534,2905,1457,6873,6,118,7400,350,16,1165,0,112,10937,5106,689,18518,14,2734,32,1086,874,565,542,100,4637,7278,17,2743,6996,2710,39,16,452,84,345,1613,905,7513,2805,1557,91,62,3703,233,4,409,9330,5897,74,2209,35,4,511,1887,302,682,1502,41,228,0,5371,4721,507,244,3820,10,9320,1665,2411,627,21,4928,1315,30,192,15,577,688,2435,3288,0,360,3532,16,5768,40,6584,30,4431,81,860,683,1502,0,291,1170,0,2025,9291,3605,13259,1,64,95764,7969,2201,5449,2547,349,12140,34340,12251,174,5057,0,12,501,25,484,1316,34,174,22939,196,4937,96,3220,1377,69,13344,126,23097,1638,13618,152,17770,124,624,6438,22,80,47714,1754,198,1075,12893,35,1580,1,2031,2322,389,1290,1835,65,221,128,4124,1549,236,444,14,212,420,72,8315,100,20,4025,7,30,36,138,2489,2062,0,407,95,368,71,7201,986,212,3601,373,7836,803,6,571,12939,3325,112,1820,455,7,1598,58,8334,1980,5286,0,3655,440,3161,485,221,36772,1189,217,1,35,1194,1070,53,533,9,0,11,167,561,20523,28175,37,20636,7814,4050,241,75,653,710,653,77,6014,9667,204,2094,450,24080,18671,3,164,0,382,526,52026,58,17710,5104,0,3682,5,22805,10081,20862,2505,5755,7883,1278,24042,26,0,8117,228,732,4,35,80,7091,6556,15747,434,79,8243,26223,840,35410,4723,25,10,8528,99,1178,1404,3164,16434,1344,537,5835,83,1986,791,1620,80326,2,16436,6534,96,3883,84,234,5346,189,2410,97,15,15565,13,1437,0,208,2923,99,12869,12454,10573,6579,8229,19,7049,7,2,238,1327,19,8693,2380,4454,22,297,1494,24,23,177,452,1919,298,570,41,19,42,1091,12747,1260,77,14529,54,0,4,0,109,2413,5618,1099,0,45,119,45,1546,195,229,11723,9037,134,3998,875,33,28,9,1431,4,7261,64,7,1983,1922,11739,1668,1388,241,745,618,7256,3122,2,717,8799,133,77,5481,155,2454,43,8269,3556,1,1226,345,0,3805,3835,176,3132,45,5699,674,6882,294,1445,5971,136,1519,43,6554,19,19382,263,363,64,17968,81,1992,0,1041,6178,3,97,589,11960,1878,144,533,91,6522,0,256,87,34,5998,177,59,1494,110,123,267,9057,1150,1644,582,1860,34,12,43,664,16512,1,6179,323,348,154,1040,6435,3241,0,69,502,6848,1,1240,1680,231,1916,2315,0,39768,182,190,491,57,1450,1800,44,0,645,453,113,1608,144,7,315,0,844,5380,677,34,39,68,0,2771,3091,651,11084,615,3237,257,2068,473,6343,195,570,27,468,39,930,0,282,4,116,195,63,281,19,50,5217,1005,2503,4023,204,56,195,1769,24312,216,255,2984,4095,255,39120,15011,2703,33,0,250,57,7380,0,3338,1091,1002,27,29,51525,3055,720,25,202,2482,47,1303,3376,32,3136,2201,10,201,4731,2630,3184,12414,4221,2,11729,1480,5483,897,85,2948,27,550,134,711,29,6570,4063,14,5749,369,2306,278,746,56,0,8,1199,6287,56,4309,10484,173,708,83,5,8748,3147,15777,3510,105,4176,201,8150,271,452,88,726,1449,267,134,25,227,93,1655,3522,2392,2595,10400,27,92,437,142,5,61,528,166,98,24,194,1789,3521,6,6159,22,193,161,31,2432,173,12,79,10,1805,266,53,213,4529,2115,14,1363,8972,2417,1544,45,506,137,0,146,98211,292,1826,9,2203,33,17125,181,11,0,2,0,0,15,3,896,372,62,687,0,19,4061,592,223,2057,5036,4142,6174,18,5419,18178,410,17660,33,8938,1209,4028,12,6649,239,342,777,254,12381,17,351,3767,65,108,8944,15,51,118,2119,201,7417,29,1174,319,1,7383,8634,38151,383,2342,21,3085,0,228,4,62357,236,1617,15,8,123,38,1,2633,151,0,1163,12,158,678,285,43,191,610,4600,371,9728,9,2971,102,17385,1383,17816,545,216,1291,1,0,4319,464,140,61,4,367,1052,15,36,107,3,54,1,1611,918,12355,658,368,63,3633,2511,2757,630,1331,11,22268,13,355,13,768,132,181,960,33,4483,39,4412,0,6,253,127,1535,339,0,607,59,107,86,0,3,115,36,144,3647,550,412,467,352,8128,924,842,103,131,10357,33231,135,8882,6,9448,5765,290,1702,12755,6131,3381,244,49051,3787,1982,8598,0,1351,43,4053,352,7549,13588,2,15,35,529,2766,39,33343,199,572,1550,10,689,506,7996,2277,841,0,4394,6826,2029,490,231,13,0,102,456,621,5295,5315,469,79,23,1894,520,0,978,41,2226,127,11,7827,691,28683,9,218,2825,285,16,1388,21,1436,25,649,2324,19937,113,7292,10809,3045,0,257,1959,6526,32,4013,10,420,24,6,1508,394,316,1697,4125,200,0,5376,2430,2197,238,257,437,2749,11,13,74,4890,79,375,375,11238,1429,0,10,6348,571,4,1218,4,0,649,97,0,138,6702,109,33402,6503,74,151,1651,532,4290,7,2,292,6,3,37947,20951,68,1,139,34,15,7415,2,11312,5,50,818,5,107465,3583,44,182,7880,463,6470,43,4598,134,3541,1871,628,102,11564,90,217,491,1185,1167,894,1,497,15,124,0,4814,1,32338,11,14,118,6,2300,158,0,1204,25131,3,7210,25,2867,197,2065,5,590,119,119,175,145,434,249,3215,70,597,4843,3,0,3808,27,878,21432,528,65061,1085,0,439,5866,1630,1619,46,96,22922,5139,0,1841,3354,313,1032,1272,23,23,3,100,3751,5077,40021,486,0,1,492,365,0,24,15710,2039,46,20,264,1768,237,894,177,245,30905,2594,341,1260,211,608,4168,37,3706,6136,7316,0,883,27,669,0,13,167,375,5059,415,78,11,28111,1828,767,124,1919,1019,3665,6265,880,2138,13902,5578,5635,21,15918,441,3481,24,17169,3770,867,10028,199,3727,35,5286,0,1809,7,20,0,4752,58,9,3804,4819,53,8548,10,2,15,591,3546,151,0,0,57,234,36,691,8,40,11381,4,2140,0,65,2,319,71,4984,3673,33,55,155,1010,23466,146,932,3804,5315,562,21,2497,7328,365,1802,287,1634,42,645,1,429,34492,161,7686,8354,11,244,20,1903,63,12345,13525,29852,1066,4367,6311,5802,1469,222,543,1068,1475,8662,1,382,7,15,920,126,65,716,1680,28,22,19406,27163,85,2556,524,4762,971,835,149,12969,1163,292,20,1531,5,954,2661,571,156,26,439,261,225,1706,247,11193,18883,11843,17,241,17,8727,11689,915,1297,96,7916,864,625,2431,490,20131,4593,1895,7002,2050,7,2756,3566,9406,775,4943,3824,22030,749,750,825,211,194,500,93,33811,1520,7201,24,2007,533,20131,39881,2704,255,247,55,58,22738,86,4350,185,14383,7117,1532,1217,1501,3781,783,1899,540,454,95,83,26,6,24,330,14,63804,217,7517,4635,464,7122,2613,34827,6284,4001,468,97,18,2120,5636,8,758,1328,2809,24085,94,6704,9404,5190,0,4438,768,4136,432,457,45,30176,6734,4,14155,60,4472,31956,0,14,7131,5007,639,126,382,11984,3000,56,180,71,0,0,24,12,28931,3875,8837,11,249,2883,3123,0,65,92,1805,4,2246,174,20507,5,8614,10119,89,455,3348,373,786,62,239,18127,11275,93,7,11177,1189,42,325,3615,0,3232,14,0,18,22573,20121,27163,2415,6849,17,3844,17379,6396,91,1093,123,265,4,5443,4116,1474,7856,28,1894,2709,976,12,8368,26,437,648,287,378,507,450,85,148,10589,57,1443,1338,20,11692,2686,292,14763,1644,751,2149,1566,23,22,25,3738,0,4491,10104,7474,4717,8,1187,49,22,5120,486,642,257,5943,24,19,2,5090,46,13,13,652,476,6378,149,658,8655,210,390,1398,3537,8920,4504,25467,74,35,105,461,14665,22936,851,21,234,772,2363,29800,0,40,2840,51,294,1186,12700,16747,0,307,3,54,792,837,71,4702,842,166,2320,6724,8733,103,3099,0,624,1804,1224,9,6,510,24,499,278,38438,7,22,41,4601,5871,1483,23,10,381,322,79,4,9,15351,2046,27418,53,9473,1308,16,715,5408,3940,18453,5,19,2,273,23930,3172,0,0,5397,865,4,121,6557,432,809,12,8805,35,48,439,5198,36,1995,202,8328,21,64,1174,160,8683,80,12,686,12135,39,1331,3584,318,2,3681,583,533,788,4650,713,53,44,642,20,72,5,39,17,255,482,1288,81,1,524,366,1,6894,492,533,99,293,143,17530,2862,4389,32,3241,2654,1552,92,309,225,1,127,743,882,454,598,6,6167,138,168,16424,18527,9799,0,7928,3777,0,46,14,5832,21982,594,15917,271,6402,10406,45,131,12508,4677,22157,6980,175,22,241,1267,142,2,106,178,10143,0,667,4445,6166,7630,8092,4574,1420,10204,7634,335,3477,1074,714,3960,1,478,13295,3844,102,153,1740,1456,434,1410,830,559,856,13677,30,179,31987,249,5963,32526,5,1462,287,789,90,6747,14701,48,2492,11880,898,2082,2173,8,3917,5422,5604,10059,0,132,55,16,2593,10114,8,5,13,8992,2,813,858,105,408,3524,1566,21495,11,318,2333,65,204,1371,18,1559,19,54,3,297,311,645,5222,276,31,19133,8838,58,285,532,2605,736,23,546,5584,772,2498,32,106,4,1341,2722,5217,21295,1894,3198,5284,4878,1135,1583,6124,1,871,200,2845,24,848,1725,168,16,21345,14336,5319,6235,61,4619,5545,8715,1084,6100,51,0,96,108,323,26080,26,335,45,391,9,31347,10,1813,632,303,112,212,4,198,15944,2759,0,164,353,11690,4,6473,1651,3444,1658,5159,295,660,37,1910,0,2396,43515,1,4373,2427,435,118,232,643,204,9149,942,104,46,815,155,12,366,3466,3963,22,4223,2391,148,3485,287,31,210,23,230,27,16,4,6,290,7,978,7773,63,3034,1,25019,959,246,140,3,8490,26,37,1283,429,4,234,23394,10916,14,43,24,1,12,16,1321,2056,1994,1514,9671,22,3897,8923,185,415,460,88,22,15,2651,36094,90,1292,1201,144,14549,49,188,165,176,2192,0,44,9,345,18,13,16,480,968,86,9612,640,5413,51,81,44,3587,44,1442,4517,234,5,69,5607,10196,7673,407,27,136,178,0,9159,5,1,35,363,4949,66,5576,1281,2540,320,47,19,23,3211,0,15195,8,338,6661,847,1042,26178,1756,591,683,3215,4957,11867,74,43,0,259,3,5560,6,196,0,1114,91,5,869,2098,86,74,16,152,4791,1,29,74,13203,14997,11726,2656,180,11102,9,1617,1,63,941,28,169,900,23,68,1056,85,1,6153,5179,366,376,857,169,2075,0,0,2,81,239,17028,12,8192,0,545,1129,13082,1132,4064,5656,25,902,6,347,396,2560,382,5,0,5031,2,3,2761,2610,205,32531,375,98355,18184,3193,896,4599,152,75,21,76,5471,782,17,7,55,10865,1641,4234,9,21,10,3672,8,3497,5875,68,17,11,13538,5306,453,1,345,68,22,463,255,0,101,2224,2185,590,688,234,15329,86,33,6390,400,792,116,4809,785,8,120,6364,1802,1046,1932,55,552,34,27,1686,119,2777,0,97,10588,20423,19,1676,193,7329,0,70,3044,196,0,318,176,455,8285,30,11032,1826,0,0,154,214,102,604,17470,63,361,167,2497,1375,0,14220,207,11,4761,128,25,1456,2693,14,55,300,6769,16147,282,12105,268,16,17,108,715,4450,1429,4417,339,22111,105,241,6700,24,728,49,215,9460,12,198,0,36237,706,107,3347,537,410,58,31,9056,244,3004,1027,100,49,122,388,4898,53,1484,4864,555,4121,750,2273,2611,22,175,1276,950,6,5442,3972,298,2502,240,11,31915,701,163,3606,6918,7837,280,1332,10,2555,310,87,1517,1215,82,42,5668,4285,9,7320,63,5038,1504,1211,136,28,3790,124,1064,5331,76,5,137,22,28747,186,626,136,6817,15,1703,175,2018,21,77,1645,1,26267,13112,0,1075,638,3009,214,15,16736,734,4932,219,2713,1139,0,70,30760,6602,17,402,95,990,10,104,438,122,114,15,959,96,21688,6856,5431,669,41,35,649,8031,17,73,1075,15,8,5654,11467,2357,364,1951,1515,12600,246,6219,4196,600,0,3859,668,3272,14668,458,5,18062,583,12179,70,8779,0,3737,34,454,20169,32,15780,16041,45,0,327,13187,291,37,2758,1302,1285,7,971,89,63,0,5009,235,91,811,14321,3415,334,43,14,39,194,2582,1136,21,3145,235,25837,5754,3273,4717,33,14,126,4079,6714,2799,542,10,1334,2626,0,22,43,757,3999,135,8566,3183,37,7513,57,4658,9359,4332,10169,2768,40693,1486,13000,348,11618,797,2696,1240,660,0,79,262,1670,1766,282,6031,1079,78,9938,5335,21,1440,3259,42413,0,5242,87,14866,1306,24,0,1733,56045,1693,1916,281,1,328,1004,7023,2162,10898,9,3777,6339,735,405,1046,766,2231,206,327,13292,96,0,19,2,12312,1365,34,633,38,1774,3343,4586,10829,4,19,11131,35,47,47189,1762,151,560,270,613,2,235,1900,882,1180,5517,13,6,317,1096,697,4616,6100,3177,84,4,1304,0,900,12417,20,3622,6485,32986,666,4507,3,2962,2318,91,38,311,2930,735,1173,1,303,95,4006,11815,270,126,118,1655,3434,306,113,229,136,131,91,17,5699,1406,902,1337,235,344,6510,28,20,16,8089,1966,780,636,1065,186,8963,1451,0,4155,5122,0,5719,28,61,1278,48,22889,1249,1201,2611,180,4959,30,36,183,8304,29,300,2,1703,270,10,0,6029,56,1324,962,10685,311,64,42,18630,4160,177,0,436,915,6546,18,73,60,40,297,8737,23,6508,6428,1465,995,159,144,1542,16,172,4178,2415,806,1536,1046,2122,26,351,0,156,2998,916,261,35,1,214,2403,1613,5,3,11299,412,28894,7304,296,8086,5957,468,98,158,438,134,0,308,177,5,733,3049,216,82,11886,17,3592,1641,10549,37,0,52,26412,1510,0,8,1,7973,249,191,17762,1403,2338,386,145,4869,89,56,204,1123,2401,11989,247,1,11221,81,10,26,4784,250,19,1251,1824,2562,119,2,29,863,2251,2456,79647,1281,7993,219,4406,57,7211,491,27,30284,47,0,2,3846,2423,13,834,3,23,19,247,0,1614,5244,10395,2092,9685,1572,36681,1164,73,0,12615,24,110,644,38,22003,17484,7527,4783,174,13,2784,904,2,290,2412,344,1203,230,15,27,27,5201,657,1231,840,0,1042,15207,2321,135,83,44,854,95,86,12754,16065,2820,6318,15307,1266,1202,3937,1,2765,7810,1471,120,5207,2843,72,3,1090,3592,29,66,333,0,19614,2109,176,773,477,0,86,7,0,29,6336,123,8183,1474,0,25,724,3994,6,2867,10070,125,125,425,306,92,2468,1,13,12,62,1501,3444,9,2826,21892,141,166,5552,21127,10170,345,65,254,38600,12,1457,5616,1718,23,39,516,486,11134,916,10091,4,78,5085,212,4772,455,18,40,882,0,18,3421,61,3700,17526,187,16961,298,48003,0,0,13992,1133,6206,17970,7372,41,501,189,3007,13716,473,17,65,26,96,0,25186,1186,2,32,16430,19284,39,0,3018,355,7,1729,0,13982,19053,29699,24,7377,435,10464,297,487,1953,479,299,12295,23288,69,677,488,1098,133,29,30904,19013,150,220,662,2,182,380,27201,3,4338,132,171,1454,24246,58,5975,74729,66,1527,1,4403,6667,5876,4638,12,2255,1025,181,2049,1123,40,12,2,2194,335,700,11053,2197,2914,228,44,1032,24085,2048,9559,119,303,7783,135,1333,505,42,33,3932,1080,9,1403,5414,9251,51,5451,29403,1046,210,9675,7,7302,15657,5053,2659,3544,1387,489,211,68,1553,0,37491,390,0,3868,631,1337,135,76,188,5431,37145,258,3,281,455,17842,13,13677,204,58,3789,2290,151,14,73,27,391,491,1790,3689,2763,3399,2492,2610,4422,42,3781,4519,5308,65,775,10374,52,210,4455,122,5,4753,13525,833,14,845,10450,97,2082,10585,153,56,4,7612,621,256,463,9,6048,7427,224,32,23014,8097,1791,19,3182,81,1066,0,0,2676,798,6918,249,26,5720,2,3726,1,1160,1709,0,1,1264,5738,14,1683,1264,12130,0,8663,264,0,4017,810,8309,0,0,0,127,266,1,96,177,2547,1082,578,14,4,1915,7357,2488,239,44,437,94,2752,11,1059,6595,6,2050,3226,23,18,0,11743,0,494,20774,11053,59,4248,78,2430,2025,16708,222,7753,4038,1308,1202,62,230,22,90,3667,859,1534,176,6330,7,976,975,2771,167,347,6766,192,2,557,0,1242,22841,221,9380,8798,415,30204,115,23392,184,0,8592,1,9439,8152,12113,7415,5498,40,0,115,0,6163,2957,161,58,10998,14407,0,773,22,17673,5,521,22372,703,114,4038,3788,11576,74,2799,1018,13,917,3802,133,407,27,57,3,836,5051,0,554,4411,47,32,15343,279,6,15,292,3434,101,50,0,251,2606,78,286,3,2273,35,6187,37,1446,104,1467,4172,616,9,1,3115,21770,13512,7849,8816,91,202,151,7864,2274,18,295,62,30,10756,1090,16921,0,155,13,0,3,3600,107,5836,149,8363,4,3636,74,46,32111,33,4098,4364,18723,155,738,573,6030,2604,58,10297,344,5367,7840,2041,165,8226,4451,178,44,4998,220,3559,2588,237,893,6449,8684,6334,3781,850,1229,2630,28,876,508,9750,282,1984,787,0,79,3557,1654,7101,2,2304,940,0,290,8,24,4046,6173,801,23631,144,1981,113,246,405,71,7801,7458,526,1598,446,61,1523,0,119,19178,2442,171,136,307,0,0,19329,119,4036,1797,13183,15680,0,1789,35004,96679,8513,483,2823,228,7758,2237,843,7,2899,355,5423,0,10,31,4921,13823,1335,4511,139,11945,11,156,609,1156,1981,128,4799,3794,7104,2822,289,0,284,26,0,6,1360,6694,73,812,45,14262,16642,138,55,1327,111,604,4167,8505,71,2646,1,62,2681,18,354,2836,5193,17848,12,40,76,32,14707,10682,11,11,17501,1640,2447,6096,11780,2155,1189,22,464,321,16,4838,15709,1134,409,23,3295,246,617,3362,1276,3230,3605,2,723,1350,0,8926,2437,1821,246,26241,351,3754,6,334,1265,2260,12,3267,0,39,12,43,23,114,37,0,196,268,20,6072,222804,160,23,4110,3596,363,2033,55,4923,12,6,6390,237,10785,330,344,33,57,9263,233,217,16,7352,0,946,283,506,2178,89,71,580,14,705,33,0,22,2989,130,3150,65,3489,5999,0,1,2194,4867,30,15769,9088,0,7883,1090,0,183,69,112,159,245,4,188,3511,102,3467,594,3102,212,3,20,1076,93,8,15,7063,147,7609,55,12299,0,1654,0,12294,14418,53,9754,2,16,242,28644,74,5653,2591,2,18,71,9417,1200,4197,3137,1281,282,29,86,2587,960,218,3941,33,1,30381,6547,19115,539,184,178,14206,45,297,1897,300,3,8491,112,183,1172,393,1,1675,484,691,234,284,1,345,25411,123,2351,3489,36,2955,4455,1572,5862,2026,4624,4334,2,5,214,122,62228,16027,2349,3793,40,80,200,2923,7532,26,68,527,2096,0,34137,10773,361,204,6773,0,240,1,950,10,727,18128,787,112,0,35,1757,4515,24730,1345,620,495,21091,13993,16,252,3,4833,890,163,494,5875,199,273,1806,319,337,0,1323,962,19418,545,18235,4719,1645,5029,1,45,1636,2681,11172,196,7070,699,2284,472,880,126,2587,2909,354,172,735,22,3245,1052,1773,2301,8,5102,730,1530,2122,4180,4574,31,33,4867,56,393,0,784,225,311,150,4878,3720,2077,91,60,25338,2596,12001,38,505,1,1511,155,986,92,0,208,761,30616,55,0,9151,0,124,13611,3967,2124,4410,21780,1739,12079,7442,14816,7152,2177,25,2,210,5303,10733,799,7069,22,320,1100,322,1007,8,8,118,36568,3638,0,6542,129,1898,74,515,85,275,18,4950,24372,5059,4809,0,1876,2619,7046,7,31,2313,8331,1878,1216,354,25,0,3630,277,3083,21,19,829,42,3,44029,469,53,7312,8850,4205,276,202,30,1626,23,77,197,22,13577,6226,360,817,0,61,8897,2289,459,117,0,56,3943,362,293,1857,2,14,1,797,31,28,7143,1,199,1072,2688,1876,24,11228,43,3734,3634,435,134,1177,508,190235,347,5835,2,403,6446,428,2,700,560,17771,24128,367,18,23,63,2951,6174,12,1972,41,31,18189,275,41503,5426,27683,181,4335,0,1131,323,1774,86,1445,216,7432,3081,5171,25930,2323,15095,8432,2125,176,0,86,33,718,11451,0,5712,4,2344,43,9,147,8441,2292,19,15448,10306,915,6,3259,19,0,6599,10000,1466,3436,132,359,1424,1251,183,22,6365,8427,72,2315,1336,16173,2026,2979,109,567,6534,3221,171,410,2607,4828,378,248,744,451,47,5,1150,655,1283,5,1249,8,2466,4,773,0,1599,4,1037,126,755,29,460,63,238,12,290,1244,615,6868,26,110,79,0,2812,31,1,2018,5,245,39,10720,4687,34,0,96,5574,1616,4264,971,3385,12,0,867,101,314,5,3335,41,6433,52,21,2113,5155,37,877,297,355,159,445,2,14,406,9886,4506,10441,64,0,2659,533,2530,232,1369,1658,1455,413,13,782,907,17357,1231,822,575,5,4945,18,28,14329,1863,24196,13264,28308,8826,5910,69,409,247,5954,14904,76,10871,2418,91,5757,2896,195,1929,0,672,22,1950,1093,1626,5,19350,3111,1169,351,63,5,58,549,50286,854,18166,2986,6046,2312,52,5770,513,2,29,529,21038,4,20133,32748,0,412,1,50,4235,0,0,351,25479,133,41,30,52,3,2153,8148,34,9,24,42,602,31090,214,2497,5362,405,887,22597,4936,403,4242,4549,41,2,0,505,0,756,17797,200,1050,1135,1,1970,18,232,138,111,194,513,3,170,9083,4040,4833,1,5132,89,5,78,46,49,674,29,6561,20520,1187,1241,2081,109,3468,268,16,1,1911,14542,7238,6909,19,8811,631,9913,2967,54,700,1685,172,1893,786,4242,99,633,72,72,8518,11141,0,5,294,903,131,104,1728,1463,54,877,21,7457,321,105,12699,3939,1317,55,65,39249,1349,22349,203,18,1798,32180,19,9336,2341,258,23,13136,21201,2420,22540,1,1436,1742,27543,2127,261,88,22,5627,123,2,288,163,1,1788,323,2302,815,8297,4105,783,20339,5,14,39,1310,930,0,754,1786,71,4165,745,415,10286,2877,1215,14,105,1956,1379,3819,857,768,24754,1975,232,26276,13,1525,99,11,769,30,23630,1708,1165,806,4840,548,0,255,1,11192,300,833,6,5357,8342,1913,5769,18,3779,0,429,198,435,7988,155,38,8,351,0,177,1181,2,4,7,390,6887,3555,0,23,3861,721,0,0,14,3,2182,1802,27,3683,573,726,6903,2449,4717,445,83,3950,159,484,4,14522,1,10140,15458,21,134,1716,493,331,97,3997,83,8350,17,2182,150,5206,661,4372,40,2945,437,21,1,1847,5029,1347,6361,817,2869,0,3557,2555,21547,10417,0,5549,502,6243,262,5536,4594,6411,0,266,30,2117,1303,1747,4195,646,56,36,32511,79,7,38,224,7571,109,41,352,13344,29,6,5836,1157,0,472,1001,115,45,187,1,11756,30,9316,1831,7,3165,4,2423,18287,45,133,309,262,1105,64,1562,243,997,12,3168,161,3675,5,5219,1318,0,0,0,62,7610,23,232,5828,3547,1486,9081,217,219,45,1148,89,1386,47291,44,38,3626,517,192,7752,2,7001,98,1496,222,6009,2455,1718,1118,180,898,55,105,68,78,28,647,8068,11,225,39,112,1529,8653,1438,0,0,56,10813,27,140,459,342,209,141,16503,4690,8429,12636,547,357,0,37,84392,61,544,2408,2041,179,1670,392,15172,30897,525,1070,32,110,7038,3869,1,127,6266,13051,54,36,508,4,67,369,76,882,229,420,42,12814,3595,749,420,3093,181,11,858,1709,2774,6897,16231,2943,944,142,15,3511,273,303,720,0,7022,5838,543,60,0,2,7,251,497,178,1254,6,1209,12635,113,1907,3995,14,858,2349,376,984,398,41658,48,154,19845,6,46,1,2395,341,14,9,160,5423,0,379,3068,1482,1038,8,8538,99,52,1049,879,51,144,318,23,11,9639,1503,481,6372,76,8395,270,36,256,145,1875,50,390,7259,5036,1768,758,147,101,2071,31,7713,3749,4773,141,1116,278,497,186,0,15,7318,90,2,2312,9,6418,313,1008,111,6,2549,87,5231,887,1030,21448,8660,501,5767,3114,65,5117,50,0,20307,2072,19099,6607,180,0,3428,166,632,2449,916,45,4505,712,16862,37,16,129,3130,11495,365,145,1630,167,109,6131,424,1375,32618,21,129,16202,11715,222,6865,46,1042,201,147,1690,153,1163,2353,1806,21,1191,678,12278,404,8558,19085,26,12283,85,227,856,51,13,4480,6624,17569,778,142,0,488,0,4778,9274,10,80,287,132,36,46,624,1,472,429,1958,12500,24424,352,8,5296,485,63,269,3727,4189,3423,6785,3375,95,1191,976,262,12898,44,0,1607,1727,2571,0,2,1526,14,11209,111,15,23,160,1153,152,1220,1386,1319,10525,307,53,127,393,557,8590,0,114,4021,0,71,20123,31,1540,232,491,0,10964,0,26163,1,107,0,511,3341,1517,250,1069,5971,613,5575,62,515,6496,31,793,260,0,11769,740,21946,549,1559,15615,380,6744,5,113,537,1176,62894,6048,184,163,208,10,15756,9549,269,42,1016,1775,218,148,2034,6502,1683,930,105,12,217,159,139,17,375,408,11006,763,22334,468,1532,99,434,521,123,1743,34,330,12,19,5339,169,8140,1136,10476,152,1406,1837,250,12422,3884,7461,1393,131,126,41891,340,32,11019,3,0,13,29,1716,14446,154,57,398,100,24,5302,351,391,16016,107,1415,5256,3768,233,63,29,81,872,174,3058,8621,18501,2,544,0,1872,2746,3566,12,1,23,445,12,133,2838,825,2538,7762,1858,945,1915,14823,5257,21066,1456,104,10932,4635,57,111,3970,3369,1907,2360,419,74,70,1602,179,160,3339,168,38,119,63,20613,16,271,0,4403,5697,509,522,24264,124,1210,242,14,14,1041,3395,198,11915,97,329,127,161,7,61958,1149,5895,1389,18537,2867,46,2778,713,107,13,0,5662,10,10411,7341,119,8623,24,219,20881,5465,155,115,96,1569,3054,265,29,8681,1,814,1771,12837,2,115,1048,1224,2,1556,89,190,4152,4567,9255,148,8,2935,607,5,10799,1207,4777,1821,15,19244,155,96,1783,4,434,0,4023,27,303,118,635,37,3768,13,290,0,15,13345,73,8,2886,5,2569,1761,3319,50,982,5721,171,223,1396,2,121,6,55,923,9601,87,8822,51,5,183,232,905,1958,15,1,1,10,0,302,1329,0,5579,3381,26121,7,72,49,721,406,0,4594,39655,413,15216,262,1770,208,238,8098,276,3,1199,1904,9485,1128,1676,1903,119,191,72,2212,1885,121,13,52,2404,2402,2168,340,80,5307,25,483,56,4535,214,432,16,68,0,4442,544,622,6317,14211,3158,1816,401,24,149,10,11391,6945,4225,764,15816,338,297,693,4590,5763,16,811,752,8265,19,12449,49,2009,9718,1296,20589,120,122,118,8944,117,14040,15364,22600,1883,55,0,6091,142,59,5,130,11309,2245,225,10851,1,39,1600,165,50010,1705,1030,23,1211,106,135,800,291,5194,116,3,4913,48060,280,2346,435,0,1505,560,87,67,170,4940,5079,242,0,71,255,17,11,8498,105,1146,716,319,19,3317,37,7327,1874,2865,3919,67,24537,1358,117,201,9290,9,1726,8188,13579,327,92,4,993,397,1110,14,10346,115,5743,4962,26769,98,169,12468,4650,762,57,396,2595,63,21,1298,9,144,38889,1343,6,55,4113,15924,2104,11478,5654,3,3902,46,1923,36,5,406,29,1116,233,831,1253,11,6162,875,1792,0,349,11,1,222,346,265,22,12075,418,4441,1078,2070,3063,109,16184,393,25,145,3842,18717,1126,1432,15,308,192,2635,852,577,0,157,10788,35,7076,6932,319,75,0,40,1,3518,865,589,1054,1082,888,5848,961,4579,238,319,0,2226,2040,17354,1576,1518,2191,16568,3387,0,674,125,7,55,1,6,729,21,128,1109,0,1123,54,10,6,2219,2,11326,598,0,1223,2498,0,2369,7405,7336,1274,3094,14,13950,233,7496,14736,15753,23557,375,455,26,70,175,54,39,17687,18144,380,93,108,15628,832,89,169,33,61,679,100,2753,17338,93,190,144,214,25,3945,30285,929,232,939,96,20,4,4769,1723,7731,81,5759,21891,529,20,190,62,4,2,2437,24,23559,9,508,112,604,2266,2245,1420,256,921,184,738,1,764,202,3034,97,11188,6790,4247,18,1334,387,831,65,1825,663,109,4703,19,63,2303,319,3462,201,4211,708,1299,362,2039,1320,1752,592,1632,2720,169,6,3154,2325,270,2938,26,6,323,1729,30859,972,134,5728,536,12,3920,4362,303,7,2,434,30,944,2216,118,29092,259,9213,1618,1914,16,8,3471,4772,2649,27,37,1,21180,7577,2,3685,5404,623,1664,3331,279,11,1527,15158,7038,14896,2066,17,6594,864,4927,3954,10101,171,9878,35,11551,423,4,9,0,9,75,67,2499,154,1330,6182,58,0,925,0,836,133,4670,42212,478,2,107,57,11,20708,172,245,1270,6463,2640,46,12897,7114,1509,56,5406,6205,562,1027,547,20238,27,40347,3087,619,27,11784,506,48,160,6,27163,136,18209,53,20,2991,41064,3410,60,35,3685,587,875,458,980,14300,156,2934,298,229,5608,199,988,404,4243,1999,0,37,1209,24,272,125,1391,996,5720,0,218,18,167,71,286,1008,8,2962,1996,221,234,1436,890,11882,4087,6955,2,112,248,454,0,157,11,84,3,215,3793,3624,34,42,15,4,64,65,14050,8497,8,15898,259,25,1798,3340,1408,219,1133,851,128,7,2976,76,99,1470,1781,3,88,1910,4265,30,1117,5972,186,1182,1624,0,91,3272,538,2121,44,2789,5229,1,4,35,359,863,2039,13174,84,5,1907,573,1670,6852,157,721,30,59,9019,126,3906,599,0,7,3448,846,1041,16350,31385,61,74,83,87012,505,8868,1706,451,26,1,11834,8161,25479,1046,7542,54,145,7189,0,5193,9032,213,17,81,220,2737,49,85,0,390,42,103,0,52729,388,6800,387,514,2,15458,48,1296,5,130,7859,12026,1420,9312,26091,68,325,99,6537,1390,5793,1090,386,30786,7014,3152,5140,1877,1259,17735,1749,849,100,224,1720,4592,2,1798,88,4,70,574,429,1,0,15324,15,983,1283,2,154,0,20533,1113,21,345,17,272,1794,0,9812,165,16397,7652,10391,4632,3,51,1734,1168,2814,5395,5,258,256,115,69,4836,42,63,2,128,5216,247,1,133,7633,139,2,880,2976,943,2894,917,5933,1695,1980,5543,525,360,3846,263,8166,28121,7953,53,22025,2718,4173,3833,418,705,4,11369,686,87,577,449,6244,13,724,12867,0,304,26,9,68,29,100,603,2941,156,2415,15,713,98,460,4574,19396,31480,495,17135,273,13138,14,249,3431,7228,6353,102,4,33,11,9352,1777,16,14,267,2,1754,172,1166,19,27081,3538,975,6401,457,64,36,1672,1010,14383,12,82,5755,1831,1824,6,347,905,15849,1406,2,84,638,1,2,296,1,806,1085,29276,99,305,781,196,167,1848,2689,66,43,24,22,217,2668,4549,1,1550,959,99,13,2920,2604,1593,134,1021,4304,22,0,2,9402,3129,38,5375,128,274,627,2176,14909,19,5,369,115,5,203,7238,883,2709,2290,284,10,11369,1,9311,38567,8084,4021,4566,18,5950,921,19,2995,3108,12,15301,3,99,0,30337,993,324,54,839,35,6014,925,24873,30,38,381,12710,15,275,286,0,1081,2067,9716,3168,91,9734,3531,2220,7,317,5956,19338,1525,4249,83,20,347,4245,127,49,1198,167,1802,16560,5497,17,232,36234,24988,5554,156,6627,259,863,1,85,947,3891,18618,13763,6941,1622,67,1189,176,12537,1075,16724,1948,4545,114,0,3425,587,3,15,492,1542,1181,457,179,193,2489,4706,4290,32,3203,0,142,402,243,1620,5670,331,5099,3420,11954,12,13314,0,8681,62,5945,327,554,33462,1451,5510,49,20332,110,22,173,2064,7683,37,2586,8,17,10081,64,70,9402,490,239,2079,4993,7540,18920,12738,44,5300,23,7719,6168,378,5250,149,0,230,1406,1532,134,161,254,44,1288,5302,8504,572,596,1447,773,5175,198,2387,35,0,1278,129,2766,5645,49,997,55,638,200,0,1137,550,23736,9639,203,3216,3806,3710,23381,1800,521,0,21,21,54,139,9573,2,4,0,177,184,198,25,4029,276,1875,428,201,527,2,23445,23,11693,12023,12335,1388,479,16664,80,5393,21340,3,1859,764,42947,4842,907,0,31,25,6,283,10,1484,50,2669,4223,3112,1437,1259,62,13122,5480,242,5433,1311,8,406,61,0,504,3686,5503,258,2559,527,5452,433,100,3,6984,105,13161,522,91,62,950,6609,37150,722,2078,5971,56738,8205,18227,25,570,12402,694,154,5892,44,321,865,8299,829,1,3,9,41,27,1466,652,279,22,17,60,636,0,16823,1472,434,117,11384,18881,17,1013,149,43,3,166,1097,79,759,336,47,3769,563,1363,5,14369,189,474,6,195,802,223,327,2483,6,470,3,2623,13886,8174,2238,15,178,324,961,14,202,602,520,1658,10146,3134,412,240,51592,80,655,280,5704,819,1,3768,0,1709,0,91,3703,126,1428,85,66921,26,48,1193,42,58,1930,7238,34,7,1303,1,1760,124,36468,13921,0,6037,1,3724,347,14474,75,36,25,4716,14894,185,0,7,7430,233,658,6850,29191,186,916,138,983,789,8,203,11,33,553,19,2912,242,77,32,1923,1505,261,967,3684,3299,2665,2268,351,2406,56,15170,228,115,17,34,2750,855,1624,385,117,0,6933,252,1959,210,0,10,30,728,0,11610,13,1161,66,97,24,2784,14,3222,3964,182,1159,2749,78,14,184,95,2662,33159,40,20015,275,1184,8645,87,482,1419,17479,459,2154,132,19323,30,1477,0,2862,65,118,185,953,38,30606,200,665,176,13023,3607,107,3113,2320,4079,14,10234,453,14,1002,507,8857,5,2931,22,4,1789,6291,11,23953,605,63,1555,10,1494,168,148,146,235,1182,204,11630,340,2,132,495,8241,160,3740,18,99,1,132,819,184,23113,11562,57505,28,69,1030,272,57,17,191,1208,5166,1002,12574,38,10471,3049,12,6761,21,4397,0,18,1,147,20,827,24915,1879,2445,788,789,7247,253,2,198,1890,3045,2302,77,1826,19664,12843,403,119,23872,11219,42,6270,3082,1054,12,80,1063,1525,14,4102,6,84,179,192,123,5809,632,41,2600,10193,24,508,7322,3316,5691,268,33209,13179,8048,8567,98,2507,7,0,138,393,454,16116,7810,14924,6476,1716,140,453,851,786,1059,202,30376,4951,20,2498,579,8259,577,10107,186,9982,4294,1250,212,59,12757,11863,358,157,8020,1610,1209,1003,4871,19,48,76,1271,3575,1,2358,10,174,10372,4478,1282,254,994,186,5796,365,354,5603,432,1628,395,5201,4,3358,33,588,33149,134,138,1314,23185,7830,25782,568,6928,0,60,2,676,485,374,14,3780,1170,7,73,424,660,2,4834,1599,913,102,6635,5522,100,773,193,5249,10421,229,4257,10,0,112,315,195,92,4911,6903,1099,12,113,926,1044,46,2277,10080,128,133,4791,376,5143,45,149,1244,4896,0,23793,6597,26,507,2,1,1405,665,6,2305,542,167,32,686,6268,3,78,23,5161,950,90,1,210,1710,7578,15990,0,88,5009,10,36,1569,2201,30,224,2145,8845,4336,2124,28323,32,9022,251,22144,45,11838,1138,75,3777,51539,346,115,3447,0,3830,0,15290,278,28,466,0,159,4035,503,18741,0,736,1104,248,561,151,2996,387,8893,107,3604,548,2652,300,95,148,10,51,269,2,71,114,1382,190,122,22,11394,4739,119,0,14052,185,280,104,25,56,11878,872,1839,46,2245,1871,2833,9697,73,22,6059,939,64,23,4868,0,18,25,10,2353,165,4365,2405,328,768,17893,17981,1,329,0,2305,8307,1902,114,58,29,10,1224,4833,304,192,2245,96,2352,3698,2000,109,149,31260,878,10385,6,66,18242,6365,17298,5820,200,5189,3218,8,738,6319,9264,1029,14771,624,339,921,1066,429,4387,0,4831,28,9585,110,3482,7651,358,0,179,167,468,25,103,1929,45,1090,966,110,3853,952,8801,691,1436,256,3248,4625,1,91,2513,7251,1009,41,5290,27087,0,7415,0,336,20659,1120,12772,380,609,2163,366,9319,551,6029,32,113,16,944,492,3445,60,272,45687,599,3221,4,43,28436,15565,157,5,5579,6812,104,8091,1253,856,1644,3985,1323,10761,88,15654,67,55,51,38,578,4462,11,45,544,16618,2934,257,7734,213,153,117,25140,2709,2128,7,1239,961,752,3687,751,2326,396,424,2033,1254,2360,22,0,1614,330,19732,18252,1698,271,96,125,2,1235,11208,10272,19062,95,1653,259,3290,43,230918,693,459,372,1864,918,389,3104,0,902,122,7121,2213,0,8171,0,15186,71,4315,17659,4349,104,3314,7499,2137,25,50,1031,118,28,5308,3622,0,2377,4161,928,13738,29,64,67,10939,7511,3164,408,57,150,0,9,3801,7,0,2272,10553,20201,5,11,18,4317,364,84,755,1125,162,2748,995,8733,16,2431,91,1204,712,19,2372,627,9,2437,2220,3836,2755,24485,524,1,1066,24633,111,1619,0,5442,81,468,93,7,471,579,2397,21,1802,895,823,66,4179,7809,9001,1306,38,26,21,175,589,1514,716,1,2420,87,3272,26722,297,5086,2,58,332,7141,474,5533,181,5676,61,31,12580,7,190,0,2214,8507,150,390,90,13,52,331,3843,0,298,365,173,142,36,6930,19,49,4436,2181,56,553,7814,228,1696,77,0,2646,6580,8920,3395,1704,25,35084,297,10,7407,5315,21,387,23818,78,740,5507,1757,12237,85,19088,375,210,3148,6626,8618,6878,8,9690,52,156,3753,1228,604,1498,4525,767,10680,149,5077,0,15532,235,2,3,0,235,10507,199,9609,72,831,3509,687,353,423,6844,4939,57,103,26253,13,5689,800,374,247,1,1602,0,12451,141,2623,179,42,2185,666,1062,0,74,33,195,27,2718,2443,278,731,0,1277,865,21418,829,0,7942,2,221,3455,11,81,1339,49,246,369,38,10433,5489,1830,38871,4139,437,11,191,328,16359,9778,48,3,13407,3478,110,33,6780,2469,0,28,772,272,43,4240,3889,5037,1701,15493,1281,3,313,0,785,5444,57,13070,13137,4501,7792,0,1605,89,78,4,13,120,1690,351,869,4305,4653,0,5,1886,22645,914,1476,3802,9,1159,987,9661,478,16831,0,190,103,0,2246,123,283,3,2,245,0,13389,10,332,597,436,10,23,36007,14,5810,414,23,85,7691,427,760,1373,5,7625,413,90,3,269,2979,2,8199,26138,11338,283,307,1144,79,29,2868,8965,1331,120,156,22648,24,9999,6,30945,2643,907,13956,94,16128,13,608,55,2002,4991,2405,45,1,221,285,29,22014,2,7594,5042,12,11415,0,59,2195,5,531,757,9020,7,0,520,380,10996,4399,473,6388,11824,39643,6809,832,60,1389,113,8025,136,18,26,1,6919,2186,1045,248,30,6000,233,567,955,111,0,264,356,11204,0,17714,12,3168,95,2935,79,4143,2034,430,1475,20712,5781,4182,73,128,735,8,9,8660,299,4,2455,1382,0,4,3031,914,1270,0,63,581,20010,68,9761,588,3954,1232,12,3,173,3245,620,287,315,2,3800,976,3811,2471,94,1414,371,48,4454,11310,10,2845,1378,114,23,866,20,4289,372,16,125,3727,333,1147,47,3513,10,15,2511,49,1232,35,4,75,12217,676,1423,4250,1080,164,2471,6886,119,2738,4132,465,0,125,267,4303,15259,26185,3127,822,116,429,966,6267,7270,1187,39,349,1778,6961,1089,38947,1832,153,521,112,1650,14,18,333,2963,32687,232,39,204,1801,931,183,4513,16785,553,2189,885,135,0,0,30745,9869,0,366,4,15167,2,737,1810,23,534,32,132,718,47,15,317,488,10482,3237,128,0,158,8973,96,3622,1500,4181,9,15126,225,208,102,9,244,6,1286,6167,407,10582,17146,479,1,188,27,8,179,1925,781,372,209,23,844,3030,745,3797,1647,42,44,0,229,2844,696,3,4,2328,26,14,347,22,6935,0,0,1945,408,5438,9774,2906,160,1,4816,12,136,3514,558,19,31302,85,2146,15,25294,8,148,7477,15,483,5332,42,7245,2034,39,1716,192,483,1884,538,7,10,34,12,6,4590,101,24639,1115,16136,15,4001,2304,131,45,116,23,8,27583,209,19,1020,2237,10854,1607,255,1417,242,5,74,334,6817,306,3659,51,11858,1126,72008,29115,122,30226,15,327,457,89,511,1660,0,386,574,703,9318,480,104,3783,31,376,1720,3867,26870,114,71,4,716,1270,1128,680,153,0,962,1657,12973,166,0,7,142,330,1614,255,205,184,592,9,30490,1,40,869,266,298,3001,352,5,210,23613,148,52,8790,6507,97,24,0,13,3352,4652,27,20,1029,25,231,10,2145,38,22595,599,89,5032,362,8407,1686,334,7036,20651,0,2,157,10497,3187,14525,351,829,12628,0,299,9,411,0,11128,659,5,19,1272,7660,650,44,146,11,0,733,8291,108,12668,8426,41,112,4986,43,11058,619,137,6847,142,786,257,1527,0,138,279,249,26,43,8984,5751,933,3316,8011,1225,11398,88,3737,12,283,3328,11901,6956,5915,806,4105,18,3968,246,10,137,0,4268,276,40221,2456,12,37,13,7813,39,5144,4770,3,3249,3692,2240,8299,1320,403,0,5694,165,3880,3519,88029,40,4010,12428,1400,540,48,106,20,11294,378,62,17,22,2238,10947,6009,12,8160,6,0,129,7475,378,227,1786,779,437,4,4194,118,37,3,1055,5,41,16,309,25,2501,2836,35,99,51,444,20300,1107,47,298,7311,1001,7,11219,16178,44039,7175,0,471,46,3900,82,915,1093,4039,897,3468,105,3,6236,127,25486,1796,105,30,14928,6326,1653,1134,63,3281,15798,2242,73,338,5347,21,2306,345,661,3513,5775,7028,245,464,23236,895,47,1098,2887,48,173,1,51,5028,2002,122,6124,1006,21139,118,1128,732,427,34191,0,34,797,0,1629,3658,10732,3842,48,1999,326,2,237,6678,18790,20246,148,805,201,16,15,4644,522,0,9259,390,5857,122,749,7394,2582,1765,74,985,0,409,5575,0,871,6792,574,2520,0,74,11082,2788,424,83,3876,629,58,955,45,44420,249,119,52183,17,1997,1609,6231,0,68,731,161,1713,141,54,2400,140,1769,854,1303,5027,1269,20,1270,3577,537,411,622,30,7,1552,1375,0,5861,3057,380,228,6475,68,25,581,484,1674,587,4927,73,722,5095,2149,696,29,1874,662,4352,1002,18621,1,15259,36,0,872,68,9212,1724,2,11,85,31,249,12993,320,11642,22449,1304,40,1710,19,24445,2352,66,674,2974,10240,0,8,1140,3699,240,27,163,388,2947,140,14365,16,1599,19324,1719,36,957,275,9754,374,48,22519,1,0,13,0,358,4291,1206,138,869,25,270,42,11233,180,165,200,1597,42,8056,16,429,6,2569,418,546,92,47,1813,105,2838,7443,134,1907,441,12297,15059,276,220,290,24426,351,18,6410,342,1,32,1486,10186,622,5450,1002,1551,6049,5,100,3774,6,0,2016,143,234,117,14452,112,129,131,51368,0,186,823,14,49653,7537,2778,721,219,2674,5733,923,21,6464,3461,504,58,33952,1224,75,0,916,1616,151,0,286,3036,95,9387,1632,1355,1359,35,55,403,340,3128,1,26,4562,12206,1142,0,1456,4934,5167,3001,1046,135,10054,237,4,408,448,47,4507,9979,291,4464,5426,310,325,4924,2903,241,3021,973,143,2582,2366,5835,19277,9653,4530,5458,9085,411,788,428,612,480,665,2806,3,3016,1070,469,1305,2959,4,0,15375,6320,97,0,4663,217,8891,4641,27100,0,157,8,4990,1558,175,985,56,241,3625,30749,13321,1347,413,6292,10597,951,791,2621,235,184,4237,11018,202,3881,2224,309,4055,12910,1207,4959,9388,6,531,280,39144,1620,5,14071,444,119,18,21446,1943,1840,6190,241,4473,320,721,474,28,8161,44607,0,190,5728,3120,8,30,32,944,215,235,1773,373,3708,1228,455,558,309,2,10076,105,1587,17190,2,350,1331,2544,416,1574,0,77,6,15073,305,14031,4067,322,2907,77,836,1674,17,867,9,9156,429,18,392,0,511,16135,1802,9860,3509,11041,2015,1388,1133,7474,7668,13436,169,1871,4571,45,126,2910,1022,7,2,328,3970,13,1149,14,4503,1718,256,214,7262,5851,212,147,4962,8,19369,31,6961,1461,2569,391,272,3354,266,91,5932,6,162,1883,147,2613,448,9656,10838,75,1590,88,2479,6805,16249,54,9,292,15,6036,15,74,0,958,3270,2,651,6066,12423,54,208,3831,103,6179,6952,183,727,44,227,2085,10371,106,1135,75,6623,1024,1937,234,39,498,3431,7396,1431,13456,2,10183,771,3539,71,241,40764,14985,2,5,5815,4594,33453,11,153,1,4925,0,1258,0,698,851,1115,4489,42,73,849,7,1391,4331,2267,86,953,114,248,1692,13,11803,2983,94,130,4525,341,29,10,3399,3989,2494,0,4061,9852,244,141,697,2558,5548,5,523,7,34,0,14,37,22568,207,15587,308,38,424,606,180,575,4597,56,4883,4,3127,2,2,1040,1020,7,2,962,189,5413,6,1425,2341,12210,539,3648,221,10289,30,351,854,858,711,6113,25,193,2,109,6,2143,6444,42,304,1566,3192,101,842,1640,0,580,206,53,3016,641,3115,2067,554,170,327,4462,198,10721,2487,73,25,45,24,55,62,9103,57794,4009,28976,111,207,0,12675,963,1098,16,862,1811,910,54,7,519,35,543,2318,5477,34,19,3162,19,1059,10291,1360,438,206,1978,3846,2040,2008,77,18691,0,642,11,1281,163,8,924,10564,271,4332,19291,116,16,0,13845,4,91,20863,8302,0,373,32555,305,8117,4319,9540,2981,2502,1,7,1142,61,1355,5496,187,511,31964,475,611,9859,6220,3637,189,655,4,1924,28,2875,2968,393,5512,3,14,198,253,0,7153,29,684,282,456,16051,36249,2413,2156,1236,1714,3,3199,60,2513,1711,217,32,482,3060,120,9,169,1856,145,129,0,688,16,19,20,2313,7,2609,29,972,5,4,6,675,19,3,264,159,24,10899,1617,59902,5875,213,1,1687,24605,9660,450,25,55,530,1662,234,1946,247,8,69,40,460,0,247,12258,6252,0,147,10,31933,632,3,3130,362,26,767,1542,36,238,7967,13257,1301,909,315,989,1005,1324,37,7605,7453,637,640,189,10,632,2,440,0,14,5520,10784,1227,252,7784,434,19,649,12,5019,0,16407,3395,1439,13553,11,1577,64,850,24274,1487,1646,10,22530,20,0,34,17596,23,713,3963,65,1,84,2818,10850,8089,112,6400,3,54404,3710,182,4797,8088,208,427,26,1,546,26,2,5,11461,9445,19,4459,43,9594,26,47,4163,611,0,240,134,460,53,649,166,19,481,225,1273,9714,36018,138,2552,4563,31,262,127,920,353,112,111,6681,35,3815,5550,7731,54,3611,449,1531,310,4685,24,15,219,453,9,943,1,83,352,2063,0,1647,459,1169,5203,29,63,711,5,43,6022,47,17030,63,3220,5969,30,11,3,30,2,27,5135,12693,37188,96,1059,1457,82,0,161,187,1278,1730,79,11874,936,1312,826,105,265,5165,6875,23,246,266,3968,710,104,1,9769,0,1048,1714,444,0,13,7,5764,612,162,50,1520,0,805,49,1143,2500,172,84,622,29524,10370,3381,1403,1266,0,1777,11859,24,2285,27,879,2696,11585,68,10744,1,4,11,92,5132,3,240,89,1261,1252,113,18,59,1548,24,0,2692,2193,78,407,73,7,121,5803,1791,2187,65,233,4304,85,339,3308,7,558,236,780,159,7103,1295,29091,16,0,39,20561,51972,8630,160,8314,105,30,2249,10692,2,92,17977,280,69,39,223,419,2038,2088,1165,10870,1479,8,6085,599,46,97,315,132,2,0,479,1131,37,2676,9,3195,93,1793,17,31917,353,60,3983,334,1257,90,875,4,21,226,214,0,57,15,0,624,3689,5426,28,14413,2255,51,1584,2225,14486,1626,37,7025,7664,10069,8,28,20984,2,1329,2480,5,3214,415,709,377,828,19,90,0,57,0,5032,7,75,60,7868,7130,11022,5327,48,4144,2,138,3085,3862,5020,237,1,23441,138,0,223,26,0,9743,4271,42,113,6486,78,7263,20,7147,78,29,3317,43609,319,415,50,10872,1124,177,1404,111,639,2023,3140,896,288,1661,1084,24,41,49,134,2078,463,30,78,391,2091,848,630,1,1393,1023,544,598,94,1516,68,429,4800,2,119,83,165,6117,125,49,1276,236,10278,1532,18697,90,275,2779,8,0,1194,6209,1878,8532,749,669,8350,33884,465,1179,8885,296,12875,61,19,156,1387,612,127,10912,65,20,40859,563,193,0,3806,0,19793,10682,960,0,377,1812,289,335,5374,3151,15043,1399,198,170,327,21,3186,22,69,11,6,1612,558,84,4,334,253,1336,58,468,5236,5325,1822,289,255,3960,838,22,18,290,356,0,9136,1332,301,31,40,455,3,484,17496,2,10354,321,15,5,12,23,1593,1894,0,10127,0,20173,16934,1063,0,2676,7678,351,158,10208,17,7628,161,7358,61,445,11185,169,1788,760,50,634,277,5130,1469,7312,45,22,63,1648,332,1396,2599,9474,3,0,3019,9174,3342,647,71,114,0,3112,6346,5796,236,5503,23093,72,11,4383,2417,12075,1339,211,2603,401,69,508,17,182,606,0,353,766,1870,125,903,3792,135,16,1383,183,5576,2932,88,12672,4968,1516,8709,603,327,100,0,6499,7491,4,10,174,32,416,2,0,1066,426,140009,9709,33,1237,2222,32441,9,3452,6989,25,4189,1611,1,1047,272,65,457,12,982,43,228,29978,872,149,5,438,2639,2805,12,1375,16,25,109,1202,17849,3564,222,112,3067,1,41,1839,181,69,0,53,1642,373,15,51,6436,38095,314,2447,12948,6412,8,0,148,8864,4439,149,32,597,25018,73,22563,11,0,87,17,1788,922,456,648,3,1975,9429,67,21,300,1412,68,12270,34,3720,6866,6246,6500,4071,12,23332,3083,1392,23,974,1573,198,23,70,56,1348,80,690,14536,334,729,210,26056,7504,1024,3020,7952,5183,3734,3803,87,23065,35,748,36,32,45356,1841,84,132,2612,132,2581,902,157,555,6759,166,74,1885,0,232,6,352,2940,7,3263,12342,282,320,400,2,0,14,43,355,111,7879,13,690,1618,1957,7442,2489,15874,5626,1203,7108,0,2,751,611,2344,1725,758,132,623,3529,4,8368,114,306,348,1218,7237,384,25,46,793,37,0,486,212,482,530,74,0,411,642,6,7,195,2049,368,1968,601,32,3392,286,0,741,5893,1131,0,293,6173,1356,362,2,212,1348,0,2665,12564,17277,102,513,6,3742,4892,374,219,19,0,610,304,3320,41769,56,162,21,69,0,14626,1183,2006,1774,305,8501,2563,766,13371,6954,6935,23,2012,3120,94,5510,45,145,22,647,386,7,188,574,377,4852,0,43,6798,7673,39,264,3151,101,11,2,5272,12,23862,14553,185,3538,133,7847,11,3134,6,53,1628,150,2975,69,3275,17451,28777,8417,14280,956,261,220,121,12334,17725,11986,348,8635,884,425,236,635,1091,50,330,318,31,4345,88,42,7,1627,10479,4717,3406,2710,141,147,115,312,199,102,1824,67,4914,34,3859,1232,4472,1853,3807,1758,20,694,0,9641,148,7808,2291,2262,154,8384,3307,1014,0,2,27,266,473,2947,10032,3568,373,1158,228,24,1013,2614,1840,2130,47,3486,11466,7924,7690,3925,54,3938,3335,6180,1886,16,1671,206,274,19621,6960,796,2062,102,18837,3404,1028,1206,204,1902,2234,6801,36,2954,423,179,36,57,567,0,279,0,43,0,710,34,600,36,87,6737,0,4652,4803,0,0,4777,0,17555,303,851,6598,1353,2745,322,57,0,42,3167,23,316,10778,10,1683,18257,201,1492,9508,561,8390,3348,21887,224,173,0,1,73,615,163,5,92,8610,18,901,2333,4084,5477,13375,12388,7,1588,1328,1,1778,7593,2,3215,14,98,448,31646,76,3,5004,70,71,3,40,193,16,16764,4133,399,41,123,8,3118,3338,0,5172,582,13969,10784,8,3494,2945,37,74,2865,871,7,4051,159,25,163,8407,685,0,388,1564,28,4773,10,447,263,1634,32,0,17,20758,1441,9037,3302,225,1982,10,3152,248,1532,6294,60,978,940,57,1220,368,0,1,417,18399,8005,957,4489,6103,2513,1416,49459,11385,629,68,12399,3320,754,18,5495,1340,1018,9969,551,4693,117,2441,3843,1819,231,2464,5,1022,133,766,351,4,9278,12142,67,1307,8492,1755,78,188,2783,96,1060,13,210,296,12618,2455,62,1022,10350,3488,13901,382,354,7046,3079,3449,113,617,6207,45,9931,8801,10,302,2913,399,10827,488,455,3715,625,1575,6687,0,2858,4313,162,449,2676,43,513,924,35,9,23,1411,934,37,80,9546,5691,16,8217,2919,505,2170,177,142,4712,3871,40,17970,2033,133,548,4145,117,1302,5611,5357,48,6,11,327,3489,132,29,15408,291,507,177,11866,5923,5822,3846,2909,82,9878,0,1,5118,4492,6,8104,3819,244,1830,303,507,299,4792,16038,8649,5,224,229,5906,6121,3659,5355,7399,2838,4354,3446,666,844,15,988,5267,4454,22,11778,6195,14314,2806,686,2253,27,95,208,2247,390,82,596,2042,1236,145,294,2082,224,2799,2,146,9887,5149,2,16,174,920,133,2290,2811,1166,4490,1981,8,5649,185,102,848,191,978,8871,52436,86,39151,16,8572,3753,6246,2465,2862,275,2026,18085,1,15238,574,138688,184,2003,1,283,59,0,722,192,2079,89,2102,18,9415,137,7995,9657,30,1779,317,1589,217,0,7508,51835,5033,341,176,1219,35,2494,1763,24,76,6790,776,2926,14444,13495,1070,5,1653,3840,227,90,531,728,680,9107,5155,0,5,4938,5709,3247,1,6134,732,303,162,16,0,7,1056,10,28,573,12,18,6423,684,24,2604,44,1913,30830,9,1652,2880,215,4146,0,1,106,13851,54,50,7095,12239,61,532,0,34,26222,496,526,3230,1518,513,10779,121,33,18,7242,4044,1060,161,11188,1402,1069,1254,32,18062,1637,259,857,8047,4294,1726,4,217,7057,15460,474,300,121,5642,596,358,8189,4654,478,5490,1326,862,16,1561,1344,33,84,98,5315,793,8068,8021,1077,24,9525,2731,6143,5611,129,13,189,356,118,148,2639,32,3,2652,2050,0,16147,169,289,879,5722,7,203,0,74,406,23,134,1631,1499,2,6,10765,3149,422,1151,71,7,725,5047,6068,16,2873,59,2128,66,10456,2364,2850,0,3,20921,112,608,1661,10354,985,263,0,21,5197,29,5,2911,0,3467,59,209,3147,874,2026,485,271,4896,4819,13,2489,3984,3125,2574,583,48,22545,5409,972,15274,2853,15895,14187,1846,73,1220,179,5,572,0,604,633,1,0,17281,343,44,0,13317,297,138,66,224,240,27,262,2208,101,0,223,4117,7024,281,0,15176,107,1521,2117,1103,5524,4105,328,41,162,5263,0,0,504,0,6722,280,11749,542,655,120,36,651,877,2211,22,20,7544,13807,12350,37,749,1137,16845,86,1016,658,154,30,489,56,797,3370,8,146,1263,14,33,44,189,155,9731,13572,108,15,293,2202,451,38,176,5922,14198,130,1478,2368,523,413,0,614,312,2339,90,437,749,8477,1628,125,699,168,1,1219,3,408,7932,2792,1153,519,292,871,2878,1963,26,1,270,8413,9,526,6094,5,2731,79,2493,798,959,10815,315,2605,3342,128,14,451,7,4220,0,2709,4,7333,13,793,3610,2092,4256,102,138,6172,2033,2747,3078,1881,755,21452,0,5431,299,77,82,1449,296,4142,2,423,2221,686,0,21055,68,7242,745,48,7667,12920,217,833,3591,15567,444,1804,11,189,345,364,6,3676,159,19607,5834,23865,12871,8,7060,0,5292,4274,4451,10,672,228,18375,657,51,13787,36,5248,1,1340,73,1113,7525,73,251,6793,583,10629,68,0,761,0,9128,226,203,433,1915,9,18,48,37,1,767,23,78,271,8831,12276,155412,789,0,49,6386,1396,351,244,85,24,3591,9,12,5975,394,45,2041,2819,2378,564,28105,7,9970,29,295,1473,1197,805,4461,247,0,123,6,346,16465,21704,898,6257,1,1136,62,2503,2345,3878,50252,15,65,511,1,96,17085,3599,5,5407,837,8058,0,1045,4206,342,68,24556,70,366,1882,1346,55,15274,5211,179,2054,12949,677,1326,1221,1253,54,30,243,0,32,261,3563,4421,711,383,4879,5929,2875,0,4342,2543,192,360,3894,8,21710,1935,301,631,328,14363,164,951,2094,39,2709,38,20,8740,158,25891,1008,353,2707,22539,22677,2778,2977,103,4202,1297,805,6612,1409,29,8,188,793,7941,1916,10649,5818,1,388,1761,64,11111,1,71,1267,85,14346,4,0,6677,440,153,6125,59894,3272,10,621,638,122,1567,62,74,1641,153,949,6042,693,3549,2,10,2584,23,9,660,2963,2032,975,3,23249,369,391,3157,0,383,119,17597,789,193,3029,6460,1917,6867,13,5054,13,14329,1915,143,6,4503,8263,403,90,401,12726,5241,2809,828,142,3086,1614,682,17,282,20,778,41,6324,17748,644,4797,54,36,3637,28,0,18778,2116,4662,0,44,590,0,364,21,18,78,15,4795,1875,736,29,3489,255,2868,0,342,1293,3,39199,128,13,6526,111,298,39,4865,10628,47,1530,19,29030,1070,7636,7,6,10,5023,5580,8633,19703,53,870,2640,975,28,4981,45,4135,1606,91,265,13581,3574,22,236,5,480,4238,29,184,106,337,1708,4415,3541,348,956,37,90,452,25407,10684,300,5017,14,0,491,7112,330,10,2028,7,0,918,14,682,0,19,4327,2116,6722,35,948,1983,0,24,1754,0,1256,15399,11,4787,501,2811,0,547,282,1850,748,57415,32516,26847,335,277,50,10300,20,1941,1727,831,661,11,264,0,0,247,463,6966,4396,23,171,2139,1851,22,112,10056,132,135,6907,1061,481,906,71,10923,102,13478,6283,10482,2,184,2394,1072,870,369,75,5,51,613,1753,3,6271,11,1784,1964,2872,10626,198,447,44,249,3953,759,3414,807,57,2224,21280,424,2627,8,99,39,1900,7336,0,4750,8093,149,623,5243,2703,272,160,5183,950,442,1995,14841,2967,4,124,128,1634,18,363,2692,115,3922,2575,43,37084,201,270,8,0,0,103,1153,131,6,20,5,3344,16088,32524,2322,1998,0,1375,0,16662,69,34720,145,1930,8,664,598,6,126,533,21,545,238,0,50,1981,0,17,1093,30,259,6407,12,6,108,5960,34,52636,265,311,8016,192,376,155,180,5,846,624,4332,3813,845,141,21,3206,2410,66,761,1,11,837,271,1591,4738,2596,1743,75,181,5007,7,146,361,11,1280,1043,1,26,287,247,3816,825,22527,2570,152,2310,36,89,1362,1111,2299,536,129,3949,31094,121,25873,7196,10287,5834,2829,2231,100,11877,401,8251,3,512,19106,208,31012,40577,696,25010,90,3565,18087,592,68,15612,619,12530,27082,1581,352,234,9274,13,5560,10,89,4022,1497,459,16,8376,1827,131,4908,0,1743,32200,2532,2798,4331,187,13711,2064,290,55,1064,6341,3002,906,1036,441,675,430,777,13,269,5724,552,525,20,277,12548,3471,3279,116,0,31,18,913,11818,573,2286,561,17,2232,1374,2785,555,0,1112,905,4881,4752,3626,1256,2073,181,113,422,18,1732,185,19,50,27,1923,0,4,0,5442,23728,5100,10,31,2,516,11057,521,601,1,18048,3943,0,8042,3,2817,124,87,9533,1534,4672,13543,4609,258,41,0,15297,5931,11716,629,3,18,13575,2192,1,0,4516,43,30,18,15882,64,2,209,15927,5420,7055,47,42,2254,1320,698,1496,0,3288,398,27456,3883,3043,19532,2,85,3109,0,25510,121,26,1716,35,13658,37126,974,1886,3211,9489,547,47,1831,913,940,14093,537,3483,11,164,41,2566,399,105,46,2542,93,7915,7742,457,3,32131,3656,258,66,1783,3531,228,3,50,116,0,3060,12264,3,18936,10,412,2914,262,24,938,185,12671,24,5470,24498,826,427,322,1708,0,30,485,5749,9536,600,24657,190,814,14635,4423,162,665,165,573,1459,322,233,5324,259,0,7522,3411,966,1,14,10624,27,3835,1538,115,6,24,3638,128,610,17,55411,891,722,1298,469,795,224,15418,1124,4769,54,6522,744,2319,11,410,1600,115,156,4044,62,23,28,8,10847,47,5196,78,381,76,161,4330,200,5927,4,1340,270,6,722,286,44,651,23,2088,0,121,47,1953,71,9968,17,7046,39734,2516,923,1914,605,10207,2618,2456,2992,2559,15834,2780,0,113,630,144,731,10,4911,1655,5464,3683,0,29,10123,2271,138,1,0,4330,7219,0,29,12,57113,862,224,14,233865,0,29607,0,517,7768,88423,188,12828,50491,342,14194,184,36170,4494,53857,2,7689,41,5687,4870,35419,4902,39489,319,7982,10694,11,0,6,5668,1115,25,25335,209562,136210,56048,85961,9778,6130,4163,10936,643,30117,43,2829,6,91439,5529,498,35,0,1951,115,15554,23012,5,1,30360,6807,40762,102,18039,20,1,2879,1,1716,33281,29832,80,0,97,4640,4,9364,2,15238,7661,2433,4356,2316,48,446,3,522,38925,48,2901,1938,17,3101,0,21332,38999,4579,1257,2277,17,14536,0,1,13739,10363,1745,9,30594,619,419,73,1204,3826,85220,9091,44,309,51421,179,7042,921,54,0,406,95,43098,63,165,1114,206,250,112,2423,5,30870,21,1140,954,16,65,11343,4,7731,1137,3183,63717,22443,0,1060,189,169,35068,569,14,6,108,219,8936,76,6,137,168,12974,1944,558,4629,0,10074,14,18,6469,7451,1213,1,0,1165,3623,43826,12487,15125,1225,26,0,774,233,727,15,214,349,2231,8019,8,145,338,57127,365,58532,19884,0,0,35,1156,527,14701,17182,29039,17731,1056,403,1,119,10329,77731,35596,35428,1008,18164,27912,18748,6179,314,27918,18,6260,84,0,0,1454,2898,60,9380,158,12265,11534,2467,10568,89252,845,12,26982,322,2217,12619,51887,25,87281,23377,6420,9,1,225,12774,0,555,28615,105811,485,14454,10826,109,23189,33687,81,746,106,174,0,19341,12,14543,194,60,17477,2187,11,38,8498,5017,135,1323,14120,37205,8089,12,27,8,4,0,256,1067,10686,146707,26173,16787,713,72873,1765,6196,0,1,1,51,31063,4177,13,20479,110405,19379,19,19279,35,10219,999,1629,2670,0,2907,13,0,44234,835,36,1,869,6,5214,3,228,606,26189,226,7,12054,22373,63755,995,9411,43367,12068,6129,3656,6277,64313,949,816,2,2,6,1096,482,8040,497,60108,27121,69066,31136,16512,14519,8653,230,45,131,0,3465,13,2339,36970,31499,19703,305,45001,954,5,711,19513,56,445,0,6,1880,21709,39,42430,7,5,38,27914,29992,2,247,1,48,216,830,834,4,27,2,17817,19995,0,20,3965,5878,213,107,10,21183,10,2,2107,66,9782,1,57275,328,4727,321,0,17336,1267,106,2765,88236,6106,758,2014,288,3,80907,0,30756,0,1340,18072,476,67,40,105,847,33080,81,243,8801,3992,235,37,15700,179,1976,0,0,2,33,1166,4,2500,79660,104,125,740,19282,31,26071,89,10788,66,431,153099,10128,0,37,473,8,1185,2,11074,5214,24013,1450,1926,78574,19010,13255,5703,341,0,12,10995,541,19,259,116212,11,5037,0,0,3011,2578,674,383,29,227,142,117144,22687,18,1307,36728,927,129,184,6996,12148,68,90,52717,20149,96433,3672,3,24519,0,9,4273,66,29,15,21128,2,91752,2755,3826,246,3903,846,30052,111,12963,92,77,260,94,499,165033,29327,7587,2,45765,190203,34614,43926,1664,439,4,8043,65495,13,19,4,6,11,10,50,989,22,149256,627,668,345,26693,81,165,1772,776,1,0,9096,336,12355,1389,179,1647,326,6764,30762,26860,1,0,530,14,3,20326,2376,417,0,158,8761,18,2878,1,1,6046,1,88607,51000,25485,72875,36,11169,0,17,615,14,325,48,10939,35,502,26748,13,3233,3572,2640,256,6066,1349,0,30934,26,439,25,101967,0,128,1,23642,2545,99788,68159,0,9500,4,200,2247,4,9167,0,27149,171,1357,13544,53245,2423,0,46,238,551,5505,65,1482,171,1,105,47,4034,924,48,21,1685,9732,9015,46241,42,38433,27,999,113,414,179,0,138,39684,0,29440,0,64540,49,197,28944,30,18919,19,439,1543,3448,6159,22284,292,4338,17723,1,0,639,3050,1078,595,102994,4963,419,1514,148,54837,28,449,570,78,136,5527,164,50,38780,32,87196,0,228,10473,429,9713,18338,6442,384,2626,0,1,14552,2091,174,4,7,602,0,71049,0,26,4,23,18521,157,449,5347,0,2656,9029,141,0,4802,39255,454,20349,59,44,2712,54090,119,5551,1883,2130,33,14537,118,14209,1653,4918,9527,762,157,27648,0,432,220,10539,1118,114,52432,47,3545,13438,115,5136,0,4897,624,49,1592,14491,1485,24580,164,0,360,11067,12418,1960,76,722,42676,176,17,1877,26920,95,90,0,2919,9183,1195,0,150,484,430,106378,25961,12805,8,15488,18279,12,2187,224012,907,35783,159976,3670,3,60,320,17,379,330,2684,7304,2177,195,4,3808,3,9085,148,43610,2512,15,110611,8535,4,2677,1,4949,2262,6783,126,16650,5409,84202,38,89739,177,22003,3239,1431,26,1,83,114052,26,0,102,48970,5,11921,5371,33,56359,3010,17,27549,0,3,5,83,41,5,1710,660,2293,189,345,177,815,2,2140,5854,21925,2581,11,10171,7916,15442,343,3271,118,86917,0,6976,232,49,28401,20874,3789,79,5632,5629,0,14257,14370,1995,4,750,17311,16,9,6642,786,2967,8037,23,1235,33005,47,756,176275,375,9,12140,37,43,177,247,51,0,2779,12273,896,6,1716,1326,17,20496,0,6321,2647,117,7,34,14,7,9270,1751,39600,401,17720,25168,6,78346,15,1699,4278,264,388,36276,3020,27336,31848,8379,9726,16028,8939,125,72504,381,5620,456,15526,10272,1686,5072,9,14646,14865,149851,20,6714,4953,236,0,15,74,3037,16,3343,16,3255,0,13,38,299,33483,39796,2763,101,95,3928,428,57,11,3202,1,17314,31,2800,20400,74,1310,345,2129,64,128,7914,607,0,99812,24264,6296,67032,847,212,17,1,397,20324,333,0,1079,3131,6,24053,124,198,17022,0,4232,186,1,1333,49732,65837,935,12928,864,167,78857,4021,32089,159,1886,0,41951,0,318,47717,2,26,0,70956,5066,6822,492,938,134041,2470,0,48225,26,10,0,2392,8513,54694,1266,129,32598,6585,84,0,125,24060,0,235,1,29595,4528,0,68,2,74240,296,182,0,19918,0,16,29,31855,67,1307,7301,34190,1633,7,68533,699,11838,114,2237,3860,170326,83,10235,515,7603,0,147202,121,5068,0,11640,1479,4840,9,2522,0,7,3,16021,76154,7,84,11514,7819,6682,0,43936,31,53582,38,76,0,116,18,9,3,12701,2011,27276,31951,838,2,6403,2065,158,163,4159,5,1887,31633,40,113170,2,29,427,33502,144,45766,841,8,7488,0,0,10,115,2508,930,95,284,422,12612,146,7989,3383,23091,1692,23,2391,0,21,1593,128,3086,4,129385,25,51245,685,26,540,189402,1163,12022,273,9,852,33082,74,4751,22813,21497,210,1056,414,518,2242,6232,23,391,35808,213,3,3840,860,3348,16490,2,258,352,1960,2676,56,5257,493,1688,884,360,1019,10240,22008,3403,23120,4386,11,46432,11082,20,21,18,7,236,1,14366,29302,145,60633,8587,515,2917,58,22910,367,331,0,5,12048,805,11404,83265,9,2271,60037,638,0,8212,13,28,9613,647,607,164,20617,0,2,5049,3,16781,46,1,54251,36708,19455,148,247,109720,1845,1393,13835,246,0,12,211,14709,21,2,16,3124,5069,7,0,791,0,15608,8,0,7786,984,7345,591,18,26134,23631,655,954,34751,32987,40250,818,83,0,27,5597,274,100,0,227,1130,384,32535,864,40,192,5398,80,7373,33,35,409,5530,8,2286,28,372,4507,27583,26986,104,29320,7,1,615,33697,151,148,4672,423,3388,77495,852,590,121,865,691,4387,6624,8531,10442,4428,2591,32,14,155,15640,5,18975,185,88655,13,59,14671,3072,127,3574,18443,20470,3,9627,12903,85,26071,338,34,1192,52,2213,9124,564,729,94,5255,517,1692,575,4213,8824,752,19643,26,8148,590,40031,9826,2028,207799,542,6,41079,0,1156,1171,75,31082,4,3778,66152,192,1645,774,5042,486,10556,15805,77752,16,26914,9722,47855,611,15,1740,0,4034,4007,1,4961,598,72,0,2,86122,17623,5594,285,148,45860,19,35624,5097,2284,189,161,35,4169,109,3828,66,1870,11218,203,635,3491,898,3,101949,483,16,106,25884,33700,1146,1089,1758,1,17,341,1587,15398,50,1027,3485,972,8,11671,2780,441,0,15272,0,5664,1873,18328,1,369,119,9385,75837,8556,24690,2826,0,20146,4761,21,1476,0,0,3319,546,11877,19,3047,46358,18,1345,344,1,132,7986,26,5,16409,1394,1808,4455,101,7481,1326,29,44,19878,6905,0,12004,40,1059,27,98341,86,2155,2394,140,16,7138,10165,47348,38808,0,68,2306,153613,33654,9654,169,55,0,243,435,497,229,36,162916,18,0,0,2580,604,3159,218,863,1628,6803,4407,17415,15316,46485,158,8,0,28,48731,812,6,9442,12406,41468,25,33951,1714,0,5200,17646,14033,151,273,29154,608,0,533,31728,788,39209,13,143,1,18048,1337,332,7,271,0,75,2313,19901,66,2152,3,32,13,46749,240,140733,15288,10970,115,16243,5746,6967,311,10199,16264,16304,73,36607,354,1056,9489,2389,3679,82,200094,24,50,0,13697,377,162028,220,7103,2095,71341,2203,368,2,9026,498,68847,33173,419,28461,0,113214,25,8215,8993,6,21183,0,770,1,6168,9,29052,215,610,43349,2927,45036,34631,100,5,1,6633,23,33622,580,2421,2418,2989,18,1340,302,7,0,16189,745,33418,17139,799,711,20096,2359,550,17197,15632,11945,218,172,132,0,17543,5,0,170,211,4405,2114,5624,103491,349,2565,3025,23069,11388,30224,3644,2,16114,29,38,44,6,3646,200513,2,33672,19399,4203,6082,815,18848,182,9,14742,21971,47,24,86,7487,9007,1241,12837,87587,1216,1154,311,5721,490,15442,19,4374,1461,4516,158,38,431,74451,621,1527,351,73,132910,1162,38172,2107,2960,872,108,39,5518,118,8342,12285,11299,0,7778,4,373,232,36,0,235,577,43,3698,0,9614,138,583,302,23514,40164,71,9,253,19765,9,29235,743,16172,79538,12,962,0,122930,1857,60,597,19,42978,70605,103107,454,56,1,2807,0,619,11,936,145150,349,252,17894,82,386,500,465,90,17682,56637,346,34283,67,758,20,24,7639,1208,485,825,79,52660,3650,27892,7,4601,4773,9284,15328,46,1243,733,76,11452,22558,204,1,0,4079,857,74,11,9881,4072,0,4896,38560,222,711,0,3570,6602,2,15340,0,129,6787,174,2785,3218,20834,9592,1029,960,0,6136,26,0,29233,7711,40201,0,1804,10,34,16716,23491,3,320,525,15,1048,13096,37403,17,3626,2743,19,64542,1584,6502,2261,1607,2659,91616,6550,15,9,2510,112,7404,46,177,496,0,1612,37972,36,5050
165,4,840,277,429,29,373,55,62,390,832,63,546,351,56,1540,302,134,1976,84,61,94,11,493,708,171,2700,907,1574,152,107,47,381,165,2060,86,247,128,115,259,720,282,354,2223,1329,107,131,770,603,143,129,41,130,19,149,813,43,120,81,193,175,16,90,111,658,6,479,89,90,102,111,257,229,62,1786,74,2755,138,512,101,677,274,166,675,59,544,235,65,199,1657,304,7,42,368,5888,153,441,79,3511,396,55,40,714,195,3,589,3819,56,286,35,23,230,162,97,119,329,37,84,51,97,1225,55,716,60,2744,56,40,234,42,17,144,852,364,657,233,260,288,300,1223,359,512,10,162,51,99,201,71,116,477,14,169,52,264,340,929,28,1,145,731,837,364,590,154,807,85,75,231,493,2910,165,275,1647,1913,127,33,153,467,214,3351,212,483,154,284,479,5011,755,456,82,449,301,559,119,229,90,209,6,131,49,402,9,14,57,123,174,318,11091,98,120,103,1777,163,129,4259,8,604,106,3777,80,171,57,45,130,54,95,169,118,63,46,2680,1209,21,542,5626,158,96,455,356,8492,113,302,594,56,963,503,380068,69,74,127,63,85,851,822,874,119,94,585,1399,54,220,144,173,186,583,648,69,917,20,552,105,224,151,290,439,948,541,34,324,44,843,218,23,101,715,106,37,204,177,1336,72,24,58,250,125,48,498,19,440,103,137,125,115,536,35,695,63,183,96,75,56,125,483,291,467,23,450,223,1027,303,122,37,66,69,53,221,205,91,2859,985,557,30,773,10285,64,123,335,557,194,14,285,377467,39,3,160,15,143,246,17,139,436,18,265,129,81,379,541,93,21,173,78,1367,74,39,590,7,59,54,365,211,75,444,417,63,3080,569,568,19158,8479,151,285,87,128,1594,395,222,159,161,38,1976,2100,88,13,542,1499,160,104,137,12601,305,115,229,18,113,3,31,107,589,310,30,18,378,72,365,200,198,6,53,78,149,140,95,2333,205,384,2063,142,38,166,84,17,404,44,305,207,224,229,519,2489,416,3635,74,25,901,1093,653,63,847,530,532,82,60,505,621,539,95,90,610,787,575,5,1218,47,42,493,96,132,99,195,196,18,212,24,46,73,499,915,692,184,244,195,169,148,64,874,308,72,970,74,2,183,495,178,178,12,98,466,208,106,883,20,312,132,2584,522,23,114,60,1099,316,1020,772,225,1251,251,176,726,100,900,72,333,1120,58,1020,10,63,15,60,460,2013,651,25,11185,168,715,52,893,668,1090,871,11,1812,272,196,1613,67,612,60,1392,429,133,205,1227,204,151,72,65,36,56,138,3166,58,27,117,399,173,44,334,250,123,42,66,134,38,105,489,92,594,24,36113,97,179,247,2172,100,56,302,157,200,329,213,1716,440,97,52,179,6,112,656,1460,18,189,89,287,256,1025,264,140,2817,107,272,392,441,27,73,44,199,27,92,1550,117,25,324,37,100,19,32,48,283,1321,115,890,272,81,1789,56,804,362,900,536,394,414,548,1228,677,1021,2122,100,833,81,113,25,106,88,215,797,1359,178,2818,46,22,209,612,2344,89,83,62,138,49432,139,86,21998,616,443,1451,145,8,317,92,721,917,216,1112,123,455,5201,1278,891,70,417,1109,197,637,59,63,137,581,296,20,22,1139,999,64,80,18548,444,75618,321284,128,634,144,368,598,58,22,47,2817,460,260,159,808,1926,10157,641,3259,107,599,304,156,546,77,143,585,644,650,50,772,4079,95,73,243,435,510,30,323,106,110,503,1095,130,50,417,2973,947,330,4689,184,2619,1460,228,864,280,246,6,19,178,7658,399,241,3599,44,4207,380,1128,82,338,102,466,333,228,709,32,93,127,3421,886,104,2046,58,66,6105,519,199,343,12,31,1114,58,124,120,12,387,62,7,447,82,106,12,100,43,58,316,23,20649,132,2584,97,185,195,236,109,67,88,2149,78,15711,392,76,120,1556,479,269,549,217,815,2400,317,53,292,189,185,250,5237,53,3319,2983,512,17,38,67,2093,190,71,164,1348,1630,1637,37,839,12,6,8427,192,409,353,228,399,332,1183,168,92,1212,980,215,145,763,360,474,125,739,327,88,5531,58,272,59,556,79,197,58,896,43,182,121,125,336,285,51,51,118,1,1216,1734,160,344,1073,351,214,279,942,272,33,576,1196,129,595,420,11,204,208,32,198,831,159,3489,49,757,26,208,550,167,29,922,341,42,115,411,430,5085,66,133,924,472,336,607,138,143,193,21,1263,193,101,171,352,673,121,37,107,21,429,538,97,94,665,18,950,112,6,1621,656,160,438,46,302,163,84,280,2042,338,554,1419,170,669,220,473,172,462,1227,299,1415,549,220,263,42,725,410,1865,212,19,227,114,357,95,3697,48,6,861,198,186,898,39,671,173,1943,3,4052,2438,178,129,57,30,2534,779,4380,144,2787,1512,46,234,130,197,408,560,15,414,17345,129,310,91,123,63,60,100,77,462,186,12,406,358,183,648,117,123,903,1354,329,594,639,285,148,165,140,240,1522,8,222,93,240,56,78,17,490,750,40,16,481,171,18,40,523,384,260,2017,46,607,4316,415,2,434,9144,41,58,807,5554,50,194,45,57,76,188,76,151,375,331,568,2039,23,5231,150,593,106,5,159,219,1740,503,105,102,531,118,122,202,57,562,244,19,106,187,40,30,1295,416,920,256,127,276,171,1627,81,79,397,82,1095,249,108,8561,77,4380,67,412,59,224,54,464,213,811,109,1395,3209,34,362,395,144,54,135,63,861,190,5424,123,712,216,78,733,419,333,124,191,287,42,1534,70,163,178,7,1378,5143,1557,86,5188,15,1171,760,204,18,165,23013,235,772,210,95,926,85,83,504,218,27,107,204,1924,72,355,20,66,180,1926,545,143,1008,741,815,5969,22,257,29,1701,90,377,13,303,204,1305,104,553,124,81,927,1152,1397,581,3339,5,343,867,1542,64,150,383,10,145,212,369,692,105,4,257,86,51,1829,321,191,107,266,227,2500,444,138,2243,264,439,750,221,11131,502,534,39,389,217,742,5,524,2056,35,40,141,171,76,121,126,232,65,55,1130,119,217,821,16,135,164,85,209,164,167,187,2078,139,2515,1344,117,1054,29,1596,147,440,26,2069,169,527,76,422,979,99,1164,128,39,2661,107,4002,3392,84855,123,454,150,196,148,58,155,131,144,548,4034,206,191,231,662,406,2629,211,163,85,236,114,216,91,2279,254,653,450,1030,179,425,308,457,866,1550,72,43,262,403,97,1228,38,1,43,4184,790,83,43,357,610,449,2421,161,332,106,31,151,119,512,1045,26,141,1099,949,50,548,60,1477,256,143,124,726,391,86,2633,78,754,4557,944,237,1326,729,1140,3062,69,34,912,124,67,52,1209,94,449,2381,30,1304,16,214,526,4005,1779,136,6,150,78,653,53,123,16,118,244,250,274,292,339,464,391,328,1176,1450,500,222,180,99,4086,2041,74,292,679,1146,38,558,61,64,41,559,169,1606,55,761,767,225,276,28,236,49,346,19,194,262,6334,9,166,342,112,341,692,544,3588,274,116,652,306,32,415,726,147,46,151,106,9,30,25,944,191,79,333,303,9209,69,1664,227,1050,652,21,104,119,13261,769,1,766,42,91,1820,174,444,400,72,121,2748,227,46,1028,244,70,680,5727,665,69,147,46,54,516,1464,148,62,310,598,98,59,139,243,24623,3564,65,660,62,3584,65,52,68,554,86,102,2292,104,25,637,706,453,74,726,150,5,4,418,2400,91,480,855,61,40,20,6,156,191,92,507,136,164,373,321,228,87,16730,839,55,3974,96,260,325,488,3782,269,133,51,27,68,229,1091,34,35,142,1148,32,181,444,729,436,453,835,284,381,523,27,275,128,62,9601,37,113,30,20,10690,3058,93,287363,425,193,26,49,180,500,359,262,313,475,825,187,16819,109,53,906,1196,2729,10,80,131,80,497,1788,586,3618,72,252,72,455,17,195,18813,349,17,233,94,590,65,2452,360,972,713,2491,306,1167,925,27,138,470,186,20,1633,36,478,448,206,12,65,141,103,562,302,527,338,212,3437,335,330,83,99,87,31,32,106,654,3439,326,193,279,4800,1199,150,256,12,24,6194,42,25,19,1413,55,4833,628,111,591,174,834,107,383,171,520,688,58,25,125,44,80,696,32315,149,100,78,306,947,1122,252,555,93,27,976,723,82,149,513,1469,633,440,298,7991,149,39,1698,129,6909,115,163,1086,2646,5494,97,52,168,5437,169,28,203,37,115,5335,62,32,61,116,51,140,57,95,2599,23,328,595,506,30,1397,785,310,65,82,188,661,276,185,37,45,942,452,192,124,2501,1639,21,7,60,91,47,20,85,38,53,44,869,34,68,766,167,106,1189,275,106,162,2880,1621,262,39,39,1046,193,194,738,644,88,117,39,489,342,68,118,251,306,980,170,438,50,550,1251,30,3421,373,706,510,79,960,142,149,395,419,213,39,169,101,56,63,33,532,378,2131,312,60,334,215,368,413,859,411,17,263,80,29,5543,173,168,1299,572,1900,330,59,1553,39,265,41,72,159,139,611,225,8396,67,504,43,2488,418,6560,62,153,85,283,675,448,145,127,1167,38,10,247,962,335,112,32,259,43,693,533,32,30,373,838,22,321489,144,668,125,410,202,308,107,4,285,125,379,122,1365,4989,297,35,159,4624,1078,82,16,3,218,129,57763,88,788,770,20,150,57,36274,383,177,104,737,380,59,37,697,80,463,127,221,220,263,190,130,81,378,54,57,100,224,88,245,65,57,17741,783,160,494,808,125,288,205,429,90,149,156,206,273,277,130,174,248,898,11493,2558,533,58,687,335,208,288,377,24,243,183,71,860,65,45,7,13,181,145,355,43,253,232,207,1447,916,96,35,113,18,77,603,172,495,31,178,689,27,374,1381,1051,428,263,135,82,72814,1411,2334,1731,177,47,124,493,332,36444,198,200,269,53,95,1001,470,312,49,56,31010,184,72,1476,230,3246,2984,250,176,87,144,171,1341,106,211,10225,508,221,86,393,37,638,172,2193,26,180,2,499,73,459,671,304,111,40,256,79,75,361,3130,544,782,706,99,5946,82,158,104,291,166,21,149,38,274,296,872,151,467,93,580,14,1194,101,212,75,326,763,409,489,101,10,1185,84,188,28,306,27,1110,174,494,104,95,83,1159,44,4709,1400,2599,74,265,189,202,146,68,1626,22,563,156,3,131881,85,514,82,104,352,1392,399,10,787,1303,30,396,190,643,5767,45,299,40,242,126,444,202,49,354,24,169,413,97,42,1515,205,108,167,949,152,154,135,116,653,123,42,51,130,203,35,25,46,166,8430,9,231,69,381,151,19741,209,353,789,67,638,686,86,33,134,397,42,177,101,1566,607,1540,3840,378,70,136,173,2266,476,253,180,54,169,1330,106,112545,778,45,16,282,43,692,1318,1872,156,2655,534,156,1604,288,491,27950,45,111,266,961,574,2488,75,152,41,258,77,526,849,21,70,56,5,85,75,313,751,797,28,372,95,388,123,1872,701,263,153,327,37,10232,112,117,19,20,230,1678,500,807,96,24,251,103,28,23,516,377,6146,53,34,85,631,98,67,651,25,24,266,756,272,48,12342,59,811,155,277,406,202,1057,29221,58,104,3,322,19862,27,404,424,570,120,55,505,86,2718,465,41,312,71,471,352,31,119,256,640,57,46,537,567,1048,750,205,2180,830,2122,3499,13,214,91,7123,453,85,64,888,686,478,542,1617,199,18,230,140,3579,499,553,214,705,347,9,349,660,247,202,62455,135,1607,226,28,110,606,390,759,922,30,104,67,132,329,206,463,199,216,59,64,321,10,175,36,527,90,731,71,785,518,202,59,2548,203,24,122,110,597,37,139,151,98,42,85,55,266,48,34,363,292,47,1344,3351,790,504,94,63,20,1813,845,4,852,164,29,443,28,1867,217,136,36,589,422,1490,40,28,253,38,171,473,817,856,152,1540,117,244,78,2008,333,118,266,2428,418,188,36,7,436,439,513,254,52,355,26,168,1097,343,969,397,29,240,53,804,81,33,49,911,12,250,228,1295,38,136,124,89,432,41,3,185,251,113,1938,468,112,87,27309,59,498,479,1419,19,103,484,526,4176,45,78,19,437,32,52,39,119,335,489,409,2069,1,2908,103,7325,568,495,328,17216,272,28,242,132,243,111,1034,135,1552,5905,31,253,265,160,74,641,43,230,349,765,226,148,432,60,36,50,83,212,1733,267,922,57,76977,16,2211,12,758,34,6771,122,82,467,66,90,701,1200,1019,674,590,269,45,255,241,1731,441,10474,882,617,118,7812,40,1203,37,79,120,77,651,15,43,106,687,96,752,56,9,25,168,191,42,316,188,45,171,7453,12284,278,44,19,497,4580,850,636,42,84,174,115,1739,306,291,149,368,1275,173,144,98,294,103,14,80,2015,8,307,736,176,5620,18,178,53,64,651,317,116,52,36,71,3641,40,432,11333,114,2927,77,20,37,857,12,735,20,2929,0,112,599,1911,20,154,264,101,266,23,1377,461,10,169,60,1162,17,392,2272,167,174,18,31,622,127,207,350,117,209,266,111,419,48,294,19,13,1496,87,624,124,144,430,40,157,1062,752,357,189,54,261,645,219,218,157,22,5503,212,304,1851,130,230,115,70,334,205,41,207,45,2161,680,628,122,371,289,70,6,68,52,184,9,303,273,56,235,682,58,522,29,381,32,245,29,117,113,300,270,451,53,46,38,313,30,83,129,161,28,2141,126,20022,437,436,263,451,196,5458,24,7189,501,162,72,1571,143,130,431,58,352,203,54,2938,49,86,279,49,56,21,136,325,138,423,1021,88,142,592,400,232,135,45,4470,3753,411,296,852,267,91,372763,151,52,215,768,14477,182,453,37,282,143,227,73,9,90,534,203,177,206,1220,246,209,292,16,568,2,1853,102,50,33,113,1138,6701,252,1850,38410,119,27,93,153,1045,539,159,198,63,303,96,21590,1375,3181,28,225,119,311,213,253,1806,25,404,260,651,116,163,52,460,3011,70,1610,7096,178,248,51,80,144,1414,916,174,138,3561,34,100,176,142,114,2452,297,296,84,427,73,128,38,288,86,5982,110,283,4,118,56,6,832,88,298,75,186,311,786,126,601,69,1108,1175,1211,318,150,667,64,1264,4970,176,245,696,46,646,1399,182,799,103,2,167,30,316,1871,159,636,140,2392,433,1878,127,113,214,66,50713,232,438,272,95,938,35,300,187,245,811,267,73,145,810,1910,143,216,744,160,113,130,135,4857,326,76,6413,225,13,103,514,203,219,452,1237,1054,49,819,272,1120,185,4944,235,2548,246,22,11600,28,2,184,32,79,23,4525,1155,1887,3521,94,49,1121,183,1331,533,4482,1540,79,176,260,16,60,1105,207,0,901,5496,300,3108,197,56,11,815,32,50,241,0,454,659,2456,80,1489,1138,34,7,534,157,38,211,108,4585,386,154,174,20,25,44,815,283,893,5125,207,10,36,209,770,228,355,730,68,654,242,588,175,445,1477,110,69,921,972,107,36,118,132,106,182,127,23,35,710,216,5110,63,144,24,659,229,177,919,53,6,8,255,137,261,346,5192,267,154,248,121,460,147,830,140,30,327,34,1553,403,1294,64,505,2821,35,254,52,87,374,218,167,85,47,211,36,133,490,83,528,1328,351,129,786,316,33,465,5,389,166,762,65,109,124,740,425,159,174,12068,2366,219,7004,188,1188,268,1640,720,179,31,478,414,95,400,48,1706,276,98,562,165,253,3750,125,196,551,110,167,1629,2743,41,7,104,723,170,69,281,72,24,22,510,1093,452,752,313,430,564,128,42,380,65,108,113,1145,90,1149,70,683,429,378,17,303,1294,239,118,76,190,162,216,297,220,94,17,8106,192,23,397,439,223,566,16,782,554,242,735,908,19,252,59,93,94,186,361,256,129,2516,818,339,49,34,282,863,326,164,671,57,668,74,159,86,55,2532,120,61,37,23,887,21,171,1419,187,58,13691,326,248,3261,538,199,179,543,3785,239,16,292,646,1329,4128,93,251,166,65,870,69,118,168,987,44,555,389,463,264,160,94,251,840,436,1414,149,1253,42,6685,57,29,34,378,792,227,24,390,1091,341,129,30,298,42,89,237,129997,2137,23,40,17,2561,420,7522,2283,4322,3546,149,16,58900,147,563,172,126,220,1033,49,17773,216,156,197,190,85,206,9451,153,270,4498,430,870,224,935,129,12,82,817,212,144,73,1161,19,38,1506,530,57,711,8,22,824,669,422,279,96,4445,232,164,128,49,30,213,467,2212,189,195,46,482,23,46,66,383,2394,1159,56,136,2514,25,326,584,226,127,803,1886,386,295,179,675,4,1133,9419,29,96,238,219,2108,1266,3854,236,39,1053,9266,52,97,127,291,39,39,10229,161,1145,223,1844,752,294,952,19,1208,178,324,5,389,110,76,797,234,178,15,209,573,602,461,32,122,69,28,3524,1379,257,29,729,337,3911,109,210,8209,200,37,194,2387,194,331,20366,144,39,679,59,1240,292,53,42,107,23,334,6763,33,162,90,323,5531,55,78,17,82,2752,40,176,331,285,1217,116,45,58,274,582,227,222,26,585,72,11,3151,13,128,570,77,9469,29,208,25,152,157,417,177310,112,252,134,54,90,42,36,1963,628,97,84,120,402,206,30,126,58,69,357,196,1876,97,519,46,431,76,158,160,77,243,251,24,124,364,653,377,206,97,475,26,71,91,544,1168,103,152,155,34,368,244,686,258,60,63,54,85,15,364,76,405,963,384,71,170,36,145,100,1549,1095,2220,21,9,123,101,2858,140,1156,1751,388,8835,36,21,109,131,53,0,731,252,257,664,28,154,195,96,2679,79,218,152,48,47,372,2885,210,135,761,98,1379,52,12,117,74,62,367,39,87,476,4267,433,366,3911,1614,197,152,50,9,283,74,375,352,86,417,195,274,233,489,105,120,209,109,317,231,218,298,97,52,7295,250,106,196,1606,49,206,256,265,4963,408,165,224,1269,207,122,570,51,126,156,209,274,312,64,230,122,315,378,14,210,33,19,148,319,43,1119,149,86,295,99,19,21312,2257,1159,107,263,98,2841,1007,116,68,1246,1075,119,273,1346,286,3271,43411,221,4887,28079,75,191,151743,291,137,18,50,136,131,56,116,1127,98,196,74,257,72,11,298,368,65,187,1550,201,147,451,47,489,2061,115,68,612,562,42,232,80,698,34,1125,133,60,28,3793,62,994,23,146,859,26,588,243,65,291,596,418,554,306,74,1107,345,172,1139,968,1609,123,732,71,885,107,510,191,310,681,3129,59,28,84,511,70,330,840,54,946,650,236,88,411,173,158,95,159,183,1804,157,237,829,560,211,203,1107,1396,481,265,621,48,219,84,135,56,378,212,339,828,549,668,1142,295,552,223,1233,248,587,80,4407,324399,54,867,34,337,1932,115,378,351,3320,179,640,388,63,105,3591,157,53,70,9623,386,28,60,310,127,395,123,446,408,164,179,1532,33,346,691,367,25,9,74,583,61,409,6,185,25,216,72,274,139,133,542,46194,144,32,284,116,45,697,117,349,461,522,70,108,303,31,21,394,81,4374,68,170,427,115,398,36,760,3871,121,269,559,102,40,133,1187,137,92,192,230,202,173,249,18,412,72,245,277,113,65,325,148,412,0,92,613,399,75,20,45,8615,1279,374,437,539,376,165,163,6,86,245,156,344,139,548,169,1340,551,892,150,42,148,46,709,154,94,609,44,74,292,65,68,275,66,91,553,220,357,47,176,249,2554,167,1123,19,166,54,30,51,8433,1637,194,12,306,67,18084,149,75,1755,72528,508,49,89,93,156,750,77,50,100,323,38,50,1473,368,100,63,255,603,63,1978,20,4668,56,29,382,1242,120,4138,309,348,2263,113,610,1012,1240,75,13079,1207,3153,393,549,737,315,769,62,2334,670,271,629,407,782,252,47,329,259,64,125,577,41,106,98,73,102,4334,36,257,72,118,96,1669,189,1788,331,814,450,33,2139,904,692,73,77,106,22,180,134,1193,242,191,181,4832,416,3245,11150,273,76,2686,60,2390,102,571,120,276,140,118,1036,214,217,7,1150,520,34,342,950,364,172,3794,160,89,107,315,229,85,554,487,649,47,280,283,107,195,209,793,97,695,297,3,84,68,18,563,51,1909,113,344,8122,9,264,116,468,861,5318,31,642,146,315,587,2560,336,515,90,466,97,37,27,861,15,76,127,158,73,1022,49,784,39,5131,300,1399,3,623,120,61,89,1799,402,84,1592,455,17,327,256,449,681,1773,115,1475,153,109,2524,68,326,1007,192,339,53,3474,306,300,327,86,665,139,80,178,313,275,67,314,467,235,29,295,238,168,95,388,2156,1051,87,722,791,743,1661,74,1601,1789,560,135,259,671,746,220,392,171,199,63,87,35,2119,357,464,72,18,58,44,259,12066,74,113,836,924,45,145,893,829,1632,355,293,68,38,2778,20,2606,49,208,168,196,373,58,291,134,189,107,10,236,1069,123,1570,205,467,5,91,107,48,10,160,113,475,1101,163,298,4485,389,227,109,911,766,215,300,439,4772,416,442,207,920,454,54,2251,58,54,109,445,2897,114,620,136,149,98,16,393,34,94,258,81,11,240,1762,152,289,533,1580,816,2322,166,30,3508,1281,1788,21,5,64,1525,123,467,2164,654,12808,54,357,439,353,1733,3024,156,155,1920,41,86,499,77,345,5876,167,102,18,133,854,211,96,927,512,365,210,545,602,436,126,1327,1323,571,21,726,119,3246,623,121,1442,319,486,1889,109,433,866,159,3,194,293,133,794,5079,366,120,370,291,543,206,307,501,367,109,158,153,2591,12,89,342,1603,112,1799,100,2611,571,17,48,60,78,334,238,344,616,413,127,128,899,327,16,46682,131,259,312,355,88,64,684,479,142,24,32,136,1824,95,573,40,51,62,6880,389,76,406,129,56,269,2410,40,564,49,142,794,1037,303,145,1,1363,212,169,48,143,831,139,147,476,118,336,34,1948,300,86,355,1193,307,27,150,76,179,417,59,70,119,91,295,324,325,2805,1113,210,18,87,104,166,689,684,61,236,98,266,14,178,46,417,344,322,102,165,549,173,234,187,256,2865,984,89,280,81,1960,393,31,92,29,348,1605,135,19,55,64,156,1245,112,30,1313,127,176,198,865,52,79,135,61,149,2043,31,61,144,7427,147,9325,637,52,1334,166,46,516,477,86,247,91,95,662,99,132,140,698,225,633,134,64,196,28,189,55,1181,304,48,566,17,1493,82,253,360,92,86,137,93,29,46,1960,285,233,251,193,97,130,299,261,1333,109,133,81,31,537,33,2199,194,270,764,434,233,143,279,647,193,29,1026,220,65,855,437,864,21,912,3312,80,89,103,103,0,159,602,87,74,2504,308,95,222,171,379,66,23,206,831,94,807,12355,120,99,211,1034,42,13,510,525,95,1140,260,16,162,11373,567,19,234,190,165,289,554,10098,155,1381,16,177,185,172,1610,225,87,124,234,471,1178,623,306,27,66,20,6,70,84,93,202,220,87,21,125,680,17,66,147,7920,1707,1168,181,1992,8,117,156,183,469,5514,214,166,38,23,155,9748,121,415,2755,1698,260,177,2453,371,316,549,212,155,192,107,281,201,49,158,183,16,33,140,61,5283,13,230,227,954,109,145,102,861,535,79,61,260,47,414,280,171,246,153,210,184,17,123,733,4332,22,210,161,562,311,50,132,587,949,485,37,27,91,97,65,9,11023,26,32425,422,658,24571,125,218,94,37,42,641,20,287,73,17,305,2092,578,442,80,246,954,20,390,195,197,765,306,132,2780,1285,539,66,959,134,112,235,673,91,140,1948,202,401,287,1426,7357,746,139,125,402,181,699,1073,780,75,180,15,113,90442,95,565,605,84,358,875,65,42,640,6,262,358,136,1019,166,80,183,66,6630,615,122,84,34,27,4217,490,738,260,96,157,157,152,2273,75,7,111,166,28,1118,794,330,1350,86,288,86,389,457,6588,173,48,2694,68,338,161,43,114,581,173,2,23,1575,101,406,1593,6508,188,41,228,117,178,155,2889,647,74,115,61,32,43,305,87,60,118,54,1575,65,111,1109,108,67,231,1553,401,9,51,677,474,474,3317,60,94,16,559,46,774,876,1096,894,712,275,895,135,343,154,32,421,307,293,166,186,143,167,35,94,89,564,140,136,209,455,508,54,490,14,110,240,1319,116,204,58,1208,121,1538,9944,28,108,253,53,101,651,234,78,150,2891,29,792,18,744,727,736,291,78,111,814,351,2265,364,1937,79,743,128,180,340,7,154,555,522,427,185,100,0,20,68,32,297,378,400,13462,86,652,459,82,162,39,324,233,901,753,69,128,4016,3627,42,1294,25,163,82,4081,26,61,420,307,6124,300,23,27,40,101,1605,68,809,132,142,87,5,272,832,2904,16,253,43,348,31,1856,115,77,3121,1,1588,157,78,69,560,28,336,391,16,518,30,242,156,581,965,636,678,87,291,109,560,1057,3476,193,496,3404,35,70,1423,205,19363,176,227,433,69,17,38,16,224,238,2898,74,260,122,148,175,678,421,279,520,268,68,1161,9313,5,698,108,341,145,196,951,3912,96,76,2273,121,31,354,537,145,646,1246,4270,1736,238,11,230,1079,425,519,18,1133,18,747,1933,47,234,180,19501,40,30,144,303,71,295,1573,499,371,150,1458,25,247,229,17,1256,32,754,176,261,1003,2834,27,397,175,1020,1129,7,217,314,710,119,224,979,172,1229,603,1600,8176,312,174,3,52,166,120,75,33,62,23,203,11,54,306,670,55,2937,471,44,61,263,32,377,76,78,2987,12,279,18,446,3979,127,2309,1527,112,482,152,224,995,500,132,134,769,70,200,668,390,43,296,17,236,382,275,14,51,53,38,308,298,280,228,1660,256,91,605,559,133,393,61,114,23,338,19,324,21,229,35,231,14,221,325,316,194,232,36,187,408,351,586,478,57,122,2629,583,39,188,203,744,134,1009,250,162,51,121,207,833,68,59,664,242,624,20,8,12362,275,785,1285,183,48,314,158,272,2080,75,3405,763,253,53,535,53,17,350,205,1448,534,64,379,15439,32197,255,347,163,1325,45,305,145,1534,75,1352,762,312,1407,587,611,66,943,1511,427,9,592,31,546,704,22,454,213,36,543,1047,317,94,1377,122,706,1404,146,181,635,35,277,135,247,569,80,396,1201,723,140,158,425,1132,156,213,135,43,546,175,1075,225,1092,72,125,1048,2,1311,1594,207,611,214,1274,40,147,46,399,420,232,46,101,265,8,943,193,415,195,492,273,3239,780,8,9,303,300,34,576,141,121,377,115,114,887,176,2265,199,198,213,40,546,25,54,1214,139,75,536,807,795,354,671,1089,12,662,427,1089,1223,500,152,482,299,92,461,340,227,49,36,69,57,133,173,1126,1026,1038,2137,99,41,266,593,95,141,519,3808,5,168,230,70,5503,1124,68,119,76,106,427,135,137,142,659,572,28,365,3070,0,63,118,6,1027,1600,183,73,611,46,97,260,886,121,291,70,179,27,220,507,389,2285,128,1349,86,1555,1011,41,1963,367,51,154,6676,53,849,304,2497,555,275,184,19,12,341,156,25,692,184,88,195,121,394,1284,105,117,45,152,284,174,1046,2,144,228,494,40765,2139,215,316,678,188,27,246,86,24,16,3693,84,359,1,294,32,268,309,28,474,214,586,273,26,18,42,754,49,204,237,5208,4025,414,142,16,50,349,1522,371,117,378,850,530,15,2416,412,411,158,5,78,0,290,132,288,232,14,399,375,504,158,56,907,311,117,42,376,328,3592,5913,141,71,530,525,76,538,13,533,627,1002,595,102,426,43,13730,379,5060,23,2000,74,78,425,405,28,46,157,228,626,621,454,79,937,578,194,255,427,2832,773,558,44,356,425,1119,281,1765,890,4008,71,79,737,982,101,362,1306,48,152,980,2721,81,325,38,1863,416,327,504,228,396,46,383,295,66,461,634,3973,79,97,74,252,497,482,128,556,120,83,1149,3,115,1966,24,17153,228,163,543,197,28,370,1054,1003,872,1029,115,27,446,193,306,566,51,61,266,78,308,629,656,66,93,89,389,90,1046,470,475,322,147,1426,15,31,390,501,2943,251,31,1479,381,364,74,106,1089,186,337,678,20,1245,956,132,802,8785,118,80,569,220,15,6226,201,37,737,113,204,69,937,33,347,158,55,269,262,215,125,163,1144,14,107,1757,221,103,228,620,368,605,437,40,81,98,172,2789,58,508,54,144,363,1731,275,770,278,489,695,48,637,246,1986,115,446,91,23,477,3,29,431,2119,2810,381,421,83,53,367,93,259,102,104,1091,56,208,194,139,6603,48,7175,91,52,773,725,8,35,234,580,298,355,201,203,4608,49,1985,101,83,101,48,296,6,45,195,190,5,166,3598,594,254,2068,887,5108,892,191,27,140,424,14,791,39,1858,415,14,19226,45,37,1045,156,211,36,142,302,121,42,682,328,791,15,20,439,723,17,72,37,658,1128,298,497,511,151,451,427,30,84,38,203,309,1464,107,401,22,46,1908,103,8,138,1166,367,543,280,520,649,1757,1465,129,463,225,211,1117,521,108,309,100,13,152,441,163,442,71,102,20,381219,163,26,42,433,34,954,81,502,1432,334,1485,19,63,438,45,97,156,576,754,1492,518,39947,294,657,24,269,32,221,820,6347,212,37,1164,1328,1720,1767,243,276,381,332,58,48,852,1756,89,113,229,1469,588,61,10,29,119,103,63,92,173,27,1563,46,34437,115,55,350,832,1283,934,525,236,201,118,81,427,145,59,232,319,1422,6077,259,96,1986,293,184,72,432,295,74,245,191,257,131,27,1928,5,388,26,288,140,1808,94,94,49,151,87,24,691,289,2094,172,71,437,46,165,109,93,382,124,133,167,133,165,342,41,1121,149,59,275,151,500,713,550,736,293,1274,382,959,131,3598,99,64,420,148,240,130,491,244,196,99,427,1446,180,66,142,1213,652,7,111,106,850,107,4241,68,45,62,2104,18,61,1052,257,77,23,450,107,6398,288,1294,71,54,2274,857,58,911,1580,55,11,493,133,82,57,852,132,351,160,2248,3921,71,174,195,98,88,80,51,144,77,337,22,403,8684,930,345,98,31,270,35646,3467,224,23,156,196,210,357,387,5009,152,65,96,172,31,1266,139,14,203,397,984,350,52,661,208,18,57,98,234,832,2583,325,92,848,55,365,251,930,213,373,452,674,5,9419,780,23,41582,192,636,112,374,1747,1062,1851,342,122,17,43,365,235,94,777,366,22,256,8047,179,131,71,11,439,761,341,573,61,169,89,3654,453,70,232,429,78,363,7164,229,297,370,39,632,344,1178,49,132,47,220,422,246,47,36,98,197,115,30,681,99,182,45,53,141,19,640,162,648,281,55,340,930,773,97,1232,47,166,224,283,82,435,297,371,781,269,205,171,91,91,967,99,1586,108,181,72,2102,311,304,1222,259,697,148,129,88,7686,760,369,23,93,530,365,53,282,749,657,58,117,146,516,4870,39,6,5649,275,702,739,166,165,87,65,1646,304,66,333,188,1164,97,297,82,17,830,118,117,287,453,9,372,121,284,571,249,49,8164,224,1046,88,1024,119,100,192,172,35,872,347,42,301,207,483,1759,424,1589,33,45,97,455,711,429,95,64,701,22,4132,1103,516,691,190,126,1024,422,150,30,4361,262,178,353,251,1316,1722,181,100,1305,48,1043,7600,221,468,1156,6,1442,180,229,19,55,165,133,641,473,36,551,430,218,14179,84,92,121,687,38,10,38,36,31,268,74,137,107,568,3182,142,40,3429,66,95,21,1178,965,175,60,162,42,175,20,1879,23,503,98,196,311,14330,315,124,150,21,194,5,103,83,637,60,345,185,1283,3116,297,85,76,990,2489,44,70,134,100,238,129,74,5,242,60,1083,282,107,2022,420,91,225,11,132,132,171,7653,81,112,2326,71,41,300,60,513,117,15,83,753,230,73,1715,9,137,2197,330,270,1,702,303,458,629,584,808,63,82,31,446,503,124,1458,253,106,109,109,7,620,644,446,352,174,889,91,102,34,205,404,302,52,41,69,1057,882,286,45,102,211,298,260,129,351,185,93,55,38,243,97,220,882,100,240,257,43,140,9,3389,298,1001,383,151,101,27,539,8119,111,372,70,13,39,1585,284,5,14,43,339,183,622,340,6138,123,178,482,222,147,64,42,37,82,376,69,43,408,10,81,19,14484,18,858,437,937,242,36,242,19,119,3088,235,87,299,186,192,54,729,144,1106,90,145,21,332,126,346,1710,95395,59,76,197,1491,270,129,62,318,4487,401,17,14,5610,1919,291,547,17,94,414,81,563,4160,573,249,25,95,35,1145,19,272,278,58,343,207,985,12,187,88,13,327,248,109,163,141,13,279,117,46,979,121,13,172,424,1561,78,28,240,52,2702,17,109,20,131,73,1133,149,149,204,154,82,654,862,108,541,361,40,137,23,106,2561,130,189,229,390,523,154,1286,41,245,21,412,68,981,167,325,76,403,230,51,39,109,1270,33,256,23,703,358,159,87,71,536,108,257,7439,50,111,218,232,389,182,1435,590,699,5279,251,192,7644,57,1341,462,105,1339,296058,21,21950,152288,1644,14247,351,76,1191,158,4629,1961,39,28,87,48,253,93,875,1656,95,222,74,439,2365,221,48,103,183,426,10518,187,13,530,1163,732,676,33,769,523,123,1015,112,834,453,240,290,1246,505,494,44,263,273,917,1253,189,1104,119,2698,336,65,1054,273,163,1635,686,2481,183,3017,29,493,5675,25,26,26,31,228,326,554,56,112,140,241,3628,93,124,925,57,114,265,9063,67,1469,87,125,137,892,215,5625,217,1118,863,122,715,0,66,7496,951,38,533,30,137,1226,198,126,43,113,216,131,70,2302,234,89,115,1237,3,552,43,27,1815,55,36,2132,17,14,24,592,1979,307,475,589,331,11573,4401,106,1374,1185,298,140,231,1133,37,77,40,430,686,52,273,553,401,130,720,61,290,292,91,27,64,203,150,191,59,98,88,1922,103,241,91,51,68,212,8616,254,24,131,134,288,375,193,69,75,2160,660,27,146,2712,2299,1224,346,281,379,369,224,704,5110,539,1309,615,133,66,359,311,174,329,90,88,30,53,21,226,1179,121,136,527,554,544,173,105,5286,3762,6,73,94,189,21,113,1205,201,6882,56,8,186,27,85,2396,708,7838,225,2008,4646,222,105,468,31,101,155,385,200,35,35,720,314,352,205,1734,769,373,214,244,579,49,239,265,12,301,67,103,2838,25,18,53,277,361,13607,111,90,238,249,38,197,175,258,718,210,1348,841,201,12,534,256,368,480,2777,610,415,40,327,895,5016,3792,312,1520,2458,3998,135,1308,12,109,56,236,358,83,439,839,157,147,16,146,233,32,365,128,55,48,6096,100,797,424,7405,122,17,514,526,152,1689,1149,208,411,2725,41,133,79,56,440,52,442,3,2125,207,230,433,998,168,2479,245,46,486,74,105,4,20560,60,90,23,500,8,472,172,94681,87,72,60,29,137,18,741,42,7138,959,297,209,103,564,31,8919,1543,979,2982,306,3741,282,19904,13372,177,346,16124,1218,721,175,681,1048,220,9,589,22,389,959,129,68,688,400,142,279,53,984,435,178,76,10020,297,1108,304,7032,200,388,163,156,105,414,98,2034,58,234,183,104,46,144,215,21,19,235,83,3042,321,483,183,68,1255,179,216,24,421,239,41,387,78,53,93,587,243,3309,167,383,1196,70,60,962,118,22,571,405,357,184,696,13801,48,177,398,268,8,1418,1099,99,43,42,38,101,1988,172,96,41,649,61,139,800,337,1414,125,3341,81,186,269,12,127,861,3,33,28,199,306,514,2039,420,571,141,146,110,51,27,150,45,328,738,565,325,131,61,221,400,76,20,48,41,33,183,427,226,718,818,248,480,478,23,117,174,1119,454,62,742,62,541,105,453,271,970,93,253,107,367,199,1005,78,34,175,105,159,119,237,1417,277,219,170,135,40,505,85,1480,80,48,560,674,281,137,30,89,23,623,1245,142,73,140,22,16,1093,75,422,252,153,93,189,73,119,121,590,487,129,745,175,305,25,1759,121,195,537,556,764,42,3,755,101,368,100,646,107,196,354,160,122,62,88,12,295,83,1304,66,17,179,610,964,720,457,470,114,92,370,8,335,68,91,43,80,160,106,3107,154,125,1649,736,641,100,1230,410,359,154,163,18814,61,743,56,63,554,914,530,97,772,324,829,524,598,2335,15,63,134,45,589,104,200,440,190,441,299,2842,6084,1382,3780,1300,195,803,228,386,78,190,34,271,690,4,63,144,346,238,211,77,84,134,90,19,831,99,158,343,533,432,1575,4045,148,19,1052,44,49,17927,51,1585,1250,2220,478,280,560,773,78,1032,66,94,653,2,22,163,378,1061,77,132,221,328,1951,50,107,123,6145,50,987,470,2099,1106,242,286,412,5249,7698,105,544,46,518,103,28,35,59,457,75,282,13,140,910,380,77,164,37,56,169,429,393,76,221,347,406,226,1,566,641,611,951,15,43,54,8,98,150,90,500,61,228,546,141,391,943,191,167,148,27,337,257,71,121,240,176,199,63,52,437,92,180,1381,24723,187,145,310,216,109,546,138,11098,185,3653,135,187,140,459,192,264,293,192,121,330,250,107,5039,249,712,231,2027,428,2194,205,66,156,551,41,318,98,882,111,55,150,1053,269,7132,168,28,887,573,774,245,27,82,189,568,7,38,147,189,2827,5,384,235,379,674,35491,240396,12,103,4527,572,125,200,739,173,177,949,713,196,720,220,949,205,87,1983,4,316,429,69,722,922,452,169,1044,72,98,37,3122,73,91,87,70,160,100,182,4454,622,382,308,931,234,115,195,397,308,907,118,44,91,1696,115,14,41,446,2402,152,76,294,72,172,347,1213,89,579,47,456,9,144,1007,4686,19,129,61,317,518,174,113,709,62,324,30,40,7050,23,1494,121,466,302,190,132,116,3770,32,70,161,50,395,222,683,320,624,233,446,18,172,273,904,45,91,120,129,85,171,82,592,4030,122,247,14,50,46,170,10,419,34,79,54,557,43,192,23,29,15,39,92,196,584,84,445,119,211,213,2033,63,3362,505,251,36,692,1301,913,2323,12,52,100,653,149,75,107,118,2302,5,37,5435,59,75,984,209,4896,364,3842,125,41,128,122,163,62,459,194,1208,52,218,6414,263,376,841,922,6,2729,27,713,124,478,101,3,427,82,159,291,78,289,88,879,137,51,551,77,1672,494,1197,152,340,122,2940,809,3235,117,54,94,48,35,3108,504,300,201,291,229,125,193,6175,587,103,75,31,442,108,25,361,46,1127,1105,21443,19,10,177,202,85,44,426,557,675,2038,12,146,78,65,1358,187,46,320,345,13,6675,135,235,278,624,24,60,70,118,97,178,16,481,160,374,89,177,4045,192,441,222,252,0,32,172,126,334,527,581,70,698,678,148,36,89,5,224,17,230,92,183,2708,105,35,186,2240,2576,3,352,779,713,364,63,516,1398,3467,185,137,189,252,817,78,121,61,140,48,1465,177,129,216,82,776,1441,54,2194,389,31,88,82,929,188,860,257,460,789,478,137,289,339,3329,27,154,1201,108,89,185,61,76,344,706,995,6,6479,1141,938,278,344,265,365,29,315,33,57,387,127,843,277,126,76,114,570,89,38,104,319,141,312,97,28,10,31,150,4321,37,854,3950,560,1193,113,6,18,264,222,373,1667,815,1283,81,50,299,1205,262,99,124,225,782,41,107,29,3846,193,130,42,485,9,412,1579,496,3109,107,92263,597,252,196,58,74,797,104,975,962,58,3901,82,1043,253,280,310,192,315,689,656,540,5380,833,11,666,857,154,424,457,106,1009,1823,112,19,218,213,987,201,360,9036,13311,159,182,222,235,2334,280,28812,62,14,74,128,38,55,848,46,2262,1032,235,61,80,169,2704,104,19,120,294,473,733,288,3014,4055,323,116,317,27,681,709,1370,942,91,183,1761,728,1265,118,159,126,4802,900,1794,295,4450,314,211,622,473,120,270,37,73,650,674,137,116,217,363,27154,629,77,95,1202,143,1159,85,385,621,80,196,279,530,79,53,297,928,201,122,101,1689,145,493,113,218,240,544,371,19591,815,154,122,720,103,667,239,8092,972,5932,374,4978,308,206,111,294,192,231,70,2197,14,6141,256,628,106,724,432,453,255,293,154,36,448,436,194,384,2,484,96,538,457,640,299,149,764,3925,27,26,475,460,201,357,60,248,306,31,977,443,215,72,722,218,166,7,544,193,378,13376,413,267,11,558,20,328,140,204,71,197,23,72,1083,1072,261,217,93,568,78,71,1002,50,90,104,85,99,216,99,382,995,122,115,6,76,129,96,407,410,7,12,89,149,539,69,289,47,1123,1232,16,575,69,552,29,164,218,128,87,325,20,440,460,612,175,348,376,131,172,4947,189,21,143,1135,70,81,220,298,291,231,219,45,74,224100,262,1420,103,25,48,10,284,883,853,134,501,70,97,267,185,2556,11,166,555,1640,316,1215,28,1044,433,78,993,1351,107,23,184,227,128,142,240,55,634,42,82,40,433,161,744,2804,192,107,24,443,269,75,187,105,112,180,240,6924,53,100,70,801,364,2121,187,137,140,703,124,34,129,328,612,323,302,90,468,213,11912,158,104,194,32,116,55,1462,116,544,123,54,5774,102,541,299,1529,130,75,31,220,74,1248,53,59,230,459,103,193,181,42,71,7,1,600,184,85,119,11,1261,1889,85,217,12375,730,4,7,166,325,1678,101,541,62,501,72,84,57,26,671,227,388,178,35,62,517,63,324,358,6766,54,114,18,453,604,122,200,262,776,87,512,12,176,450,21,114,434,29,28,2686,13177,1041,1565,48,1816,164,3513,263,692,62,106,180,5430,127,23,74,259,34,278,1008,246,22,75,695,13017,470,1417,200,64,253,286,1463,79,249,571,364,174,285,61,155,1262,216,23,382,113,320,62,4414,168,614,213,1256,80,1180,145,335,364,18,273,31,28,312,17,120,1221,19,61,573,519,366,450,138,281,18,70,297,463,273,517,169,121,16,4085,473,1834,48,256,271,217,1115,140,20,85,155,486,402,67,166,89,122,114,208,239,733,264,235,12,1650,4915,133,503,48,118,227,246,176,16,145499,198,53,1073,46,116,4293,19,135,99,157,109,120,1145,89,313,268,117,33,11578,473,5412,373,221,888,324971,381,520,835,56,1282,120,307,116,865,280,498,1149,68,23,295,2044,464,431,258,103,78,650,120,30,99,45,259,2218,1101,3306,148,567,169,555,24,115,53,752,60,5318,1234,261,388,621,1365,232,3731,133,379,105,1338,180,124,196,309,118,101,143,188,387,391,195,132,21292,244,42,775,203,286,132,39,180,3,115,1372,311,4143,68,2356,584,14,8295,394,181,160,297,384,174,262,213,542,165,191,526,132,243,18,57,1585,78,7,750,91,3540,4145,63,305,551,100,1400,47,312,608,1097,107,61,64,1937,179,73,124,49,235,49,669,1334,536,296,3722,2038,94,9,3264,402,75,837,1279,71,7343,28,106,71,34,229,72,706,85,3157,4468,56,1322,554,488,669,197,399,396,92,87,4298,118,42,34,150,231,309,521,586,408,457,30,39,8409,30,117,34,522,268,44,192,1246,441,42,263,0,1575,444,19,468,279,17,148,217,2977,115,164,160,558,64,327,477,143,108,24,685,512,76,4289,46,38,3252,131,482,12717,331,702,214,396,175,187,344,112,42729,610,58,25,1505,18,232,50,92,88,136,69,25,3033,191,1729,355,1487,37,96,110,201,570,86,114,115,52,558,122,51,285,2409,82,53,26,853,1176,226,65,70,262,508,743,809,490,434,41,264,525,324,308,3239,42,504,583,465,138,333,192,271,723,1468,332641,156,321,85,218,115,945,505,659,14899,164,73,771,678,1985,305,1948,1182,85,1037,2571,72,480,271,12783,2893,38,610,16,1811,516,703,2765,853,396,103,243,337,120,291,454,22,75,940,1491,451,420,187,64,250,600,190,135,481,226,3956,71,377,1344,208,72,50,272,449,539,1316,31,4345,295,297,47,24,316,68,33,798,282,22,177,557,112,108,5448,500,102,473,165,85,136,122,76,2182,18,346,67,24,228,22,85,354,712,270,493,1378,52,279,6879,126,64,69,70,162,476,356,521,82,2048,101,1416,60,42,89,42,794,433,362,1249,2587,342,164,3525,112,33,46,441,872,193,115,504,273,34,324,329,746,765,56,1000,351,59,397,1090,1389,597,330,163,247,34,83,1453,58,47,29,355,146,209,181,48,153,570,138,179,1505,444,3637,565,23,153,106,227,43,1276,715,160,385,276,191,7891,47,55,517,675,5236,98,90,360,111,639,120,88,649,79,208,121,9038,1692,175,8321,68,7,1137,198,2474,203,249,268,101,12183,1914,219,28,855,55,1171,98,5993,537,148,154,138,101,139,16,8916,41863,116,232,49,351,118,544,28,369,202,1303,7,127,44,40,385,20,596,786,3175,162,142,69,8,82,172,436,6868,230,16143,380,546,154,3364,222,1,91,34,157,40,1031,762,188,65,296,213,690,946,96,107,38,125,38,4162,36,279,85,299,291,141,146,2392,174,83265,194,300,681,138,38,266,245,323,276,45,6686,421,166,233,89,116,182,118,643,57473,1455,3646,27,178,112,980,311,256,166,151,62,135,11,322,1364,71,48,84,37,1401,485,96,254,659,48,171,56,76,7882,672,2061,98,62,3713,366,67,1686,733,116,5773,989,474,303,18,244,400,110,830,44,91,842,3791,175,1114,108,208,504,760,146,201,60,2446,8154,728,184,70,42,1415,441,64,11,17,50,473,181,3470,265,3183,5,560,1,305,183,7152,3800,241,367,834,50,143,235,52,16,53,179,494,286,17,261,765,222,824,261,542,1869,125,733,313,299,73,29,588,39,1187,106,43,223,66,90,522,1181,75,172,349,195,327,1827,79,384,112,174,136,360,58,705,9168,319,253,46,96,1444,1332,61,64264,177,2783,993,209,108,276,60,306,125,796,436,42,413,64,75,171,139,92,908,46,27989,435,391,115,36,607,65,22,11229,99,6,60,74,1149,383,5050,132,510,3234,32,206,90,766,607,424,11,2385,19,119,84,68,375,222,62,116,805,275,772,50,3188,677,41,133,54,537,177,55,188,24,89,4707,19,232,52473,1,111,122,171,137,43,456,526,23,733,186,1005,63,285,166,314,655,2970,258,198,300,51,23,306,289,310,3193,527,176,703,66,4184,936,214,286,120,163,213,56,116,344,243,140,552,88,95,585,466,114,13,20,9,61,65,138,27,2139,1150,10,12048,35,302,129,129,367,440,73,2404,137,132,64,401,71,13045,825,123,1477,233,45,1296,34792,201,0,302,442,15031,64,573,65,37,104,48,796,489,5,7843,73,1004,473,866,1440,135,284,284,126,48,488,221,7,122,107,570,111,859,133,262,585,185,289,12,2531,112,332,60,2009,88,192,9204,2544,78,68,806,416,112,13075,1632,214,147,534,841,86,120,405,42,658,43,343,88,113,1478,476,2503,571,36,623,876,3494,445,16,123,138,350,2137,71,1531,316,343,1161,792,60,1075,311,304,84,96,27,670,186,448,81,186,50,229,427,537,1350,232,53,101,49,103,24,1247,533,290,980,107,202,199,351,309,62,44,140,960,380,195,630,90,146,27199,109,356,774,22,135,82,2682,262,267,399,45,290,121,34,453,73,24,85,78,4286,1800,203,99,1000,447,98,42,334,327,1388,2097,223,615,666,86,22,11,359,112,240,40,98,1815,817,55,89,903,234,168,285,562,40,481,67,31,792,43,216,13,904,92,122,140,535,50,564,6,357,151,39,5887,105,9,55,438,51,494,525,147,178,667,25,60,3059,552,136,65,78,259,140,390,270,790,437,64,191,27,1324,80,91,1907,179,199,40,71,783,71,154,3,105,37,112,459,1739,26,1531,440,12644,387,50,755,159,132,71,32,177,181,1359,916,169,692,55,1679,158,622,265,3519,1451,508,7559,565,64,19175,142,7047,133,172,297,434,131,388,114,96,32,366,2794,206,371,7265,277,69,117,66,236,68,139,37,121,113,205,47,602,129,70,16929,136,331,102,676,40,168,52,416,402,304,128,231,3390,43,74,54,16,393,265,74,90,178,160,770,12907,65,235,522,105,601,140,320,1821,1338,188,834,123,63,25,308,678,40,252,3,1484,197,93,314,77,567,159,1155,91,71,21,1602,359,3,2188,63,1172,184,34082,26,151,40,189,1538,693,175,5617,1854,14,334,10,799,113,201,136,101,208,384,3724,253,9204,275,303,164,177,119,115,658,10,246,194,156,1609,363,549,545,40,181,765,59,263,460,68,564,530,239,7149,33,78,351,161,413,223,1133,14,72,171,52,230,810,54,1205,388,201,155,2907,595,2344,19,110,11270,363,1499,59,152,6,805,318,168,1365,159,132,752,46,20,33,1785,34,34,182,743,1033,458,53,176,101,472,61,119,1335,42,426,175,964,33,70,34,79,111,123,228,8,43,388,290,129,164,384,134,96,103,39,349,71,261,32,225,103,1368,55,3289,22,5015,144,256,394,535,354,881,169,87,331,143,696,64,245,1135,212,69,2081,433,15,83,345,295,67,221,28066,49,248,212,112,113,64,496,293086,326,76,311,5053,204,170,210,371,339,708,72,208,34,0,312,4964,121,1196,178,350,191,228,66,107,456,98,14,86,4346,87,44,617,296,765,75,201,836,110,726,27,235,34,575,187,301,32,179,59,908,24,64,662,124,842,29,213,1278,14403,56,432,117,50,1163,46,9260,237,402,865,666,116,722,246,41,19,37,894,637,160,155,1897,559,430,19,484,101,1193,27,500,40,94,216,596,3474,380,784,295,61,1074,791,135,4762,31,9,1042,3347,1495,3361,292,3825,172,216,5947,918,2393,542,496,1058,144,18,1499,57,210,235,66,49,225,147,107,1226,5053,126,28039,181,100,56,159,646,1031,1131,567,315,326,1408,12,338,2613,45,125,128,129,9,43,309,8,113,469,432,355,264,63,227,132,18,69,40,449,475,645,1270,57,108,91,55,474,75,11,197,77,831,196,766,32,26,33,355,42,99,254,177,118,645,9187,570,133,51,227,401,41,449,619,147,354,61,577,865,180,49,129,514,67,483,886,199,561,556,25,222,177,2440,200,4205,323,87,217,124,138,4295,72,90,88,62,493,1429,611,102,137,23224,58,1107,1015,1019,74,719,198,81,38,128,329,8,89,6,25,87,286,116,25,17,57,50,118,296,363,193,81,542,162,338,81,131,0,213,183,245,167,1565,487,0,291,89,1735,469,66,10,292,1216,543,9,219,1877,998,1415,377,1657,184,137,350,410,3086,154,3081,193,62,450,41,438,1264,3974,232,2070,94,129,1216,364,8,199,335,31,2784,46,94,1110,10432,18649,43,585,154,15,717,16,376,687,174,208,36,285,2452,467,78,172,269,467,1338,40,185,102,340,82,223,994,101,21,1096,71,1415,28,233,212,92,149,51,107,139,138,3595,422,2654,72,95,45,89,265,89,129,570,67,26,133,129,91,330,48,63,126,577,15928,32,69,47,54,252,69,1652,276,192,363,564,363,633,60,659,927,379,707,940,2296,38,23,3820,83,56,707,545,525,1558,68,1454,307,178,3399,578,686,873,268,247,690,181,338,28,47,1121,24,36,619,3697,359,265,781,257,95,1826,4165,51,334,3102,593,69,25,38,2638,408,143,3,682,1280,538,184,1002,106,740,1124,103,243,398,136,79,3294,32,864,115,103,117,113,6593,316,415,166,599,670,16,335,111,152,441,577,722,780,48,26,25317,4,300,111,182,48,141,470,1192,1,381,54,1367,165,19,84,39332,866,743,301,68,161,243,510,92,458,611,330,4477,174,139,408,103,213,2264,431,315,167,1062,804,675,6,1900,11822,320,125,97,1188,276,270,88,531,294,296,164,635,378,372,103,160,1606,60,34,207,38,512,10,926,84,428,122,24,98,747,95869,594,433,1133,651,785,706,3089,179,533,26,106,404,1282,1268,58,67,79,785,205,80,1008,359,1701,191,7554,47,251,4358,33,599,357,7389,11,34,14,63,1000,97,885,164,20,25,565,3,103,993,1166,5154,190,117,96,531,113,151,4,83,480,171,262,33,93,195,237,15,220,284,67,1601,62,54,43,1765,13,2115,293,398,96861,4,2737,75,2360,104,1155,247,337,350,504,2801,49,105,103,4242,1027,241,75,49,338,747,24,50,581,705,444,326,661,119,654,7708,70,339,56,194,236,658,315,82,155,293,505,1516,139,434,70,1786,11,415,2250,104,615,64,168,1655,633,91,195,67,135,323,87,924,137,73,264,13,31,109,15,490,289,303,160,121,222,499,124,1117,212,219,351,666,212,76,622,59,124,7159,166,105,63,70,6634,148,105,181,987,434,37,409,284,471,704,405,272,85,180,87,616,2,280,21,88,25,288,14,321,19,1912,267,110,774,259,133,634,35,105417,7,121,22,54,46,5311,9,647,3,844,120,98,38,87,260,201,20,1602,197,425,17682,286,1735,37668,3473,499,365,15,135,167,143,7534,13,221,20,80,7408,151,35,1232,743,421,44,86,66,3,1591,48,273,49,648,23,16,365,290,225,148,376,522,215,866,400,218,1206,511,354,114,149,464,4496,39,85,422,315,22,156,222,131,21,325,235,136,154,3214,178,2335,132,51380,676,497,56,39,6403,2533,158,90,327,363,899,358,4598,161,1427,88,96,33,55,200,105,856,162,497,60,197,111,62,240,1271,1512,1349,290,490,171,1837,2155,3,19,1744,289,329,474,241,727,604,77,777,481,194,825,80,287,117,306,1232,105,387,2511,13,52,85,461,2434,1315,29,20,74,22,2486,1328,153,146,1802,356,334,73,393,91,662,27,98,333,61,1558,58,816,170,63,62,86,62,421,142,258,141,768,2969,34,30,367,26,70,92,249,482,1311,332,248,87,1978,58,280,146,1170,14,139,98,648,787,1107,111,37,159,190,262,543,65,1099,279,33,71,59,357,53,582,151,376,1553,678,67574,140,354,175,4012,2023,267,1,242,720,235,95,1484,356,127,120,74,572,26,731,84,581,241,340,367,64,2434,2903,164,189,976,229,65,87,485,792,59,454,2835,55,106,34,138,445,125,57,139,34,1871,111,5,95,6046,319,342,142,564,51,88,314,131,5899,186,1,33,88,822,342,156,1298,141,105,114,572,38,250,15,398,12,1847,12,502,154,131,1191,283,616,215,24,1001,1569,1025,84,23,322,25,89,67937,181,834,200,861,322,161,201,301,17647,204,1184,31,158,20593,383,195,84,262,467,957,277,65,55,276,79,438,167,1136,518,38,4564,17,225,837,182,39,147,105,171,154,699,660,36,248,294,337,3884,30,67552,82,135,195,88,237,37,193,108,22,771,165,111,328,62,113,133,113,348,21,334,361,552,231,96,332,573,605,141,54,85,106,240,2401,118,109,2091,363,220,106,318,287,129,734,11,338,1310,307,364,267,309,160,394,508,1003,263,740,1089,119,280,1266,61,364,69,229,101,165,146,3093,133,4399,549,172,91,9133,21,254,411,182,365,385,63,34,2,3953,1839,30,1257,1375,1111,380,22,226,21,217,52,235,444,104,53,82,168,18,160,729,79,884,7,93,210,171,496,3859,272,66,127,2173,30,2877,81,56,323,810,142,59,38,10337,147,104,270,667,294,14,1404,609,416,482,508,2049,268,438,115,114,429,2560,191,598,240,905,15,147,1102,206,311,50,133,849,576,360,30,48,90,1583,5579,137,100,31,493,124,350,129,53,140,152,249,322,29,1143,1156,390,228,395,22,133,720,17,24,1945,547,7394,107,74,1121,77,253,235,24,3950,283,0,181,35,99,35,516,109,98,23,103,465,399,603,2090,250,510,154,81,38,736,91,57,955,294,856,345,4937,1516,34,985,22,108,35,44,208,46,932,104,918,159,551,5496,506,82,2379,36,48,54,325,113,182,190,1889,103,65,261,374,511,84,29,209,29,114,1232,4651,313,1822,56,1137,238,70,312,52,477,227,217,163,49,217,196,133,1034,304,2487,366,1002,692,378,35,378,11,85,189,86,90,772,262,94,1147,723,823,319,2054,784,101,750,364,146,2937,111,307,22,165,12,605,8,208,371,4240,226,559,283,5267,38,214,53,2607,378,406,62,374,45,6,90,281,758,9645,358,397,314,705,196,147,783,228,153,161,608,1865,198,420,1759,286,71,54,307,11,796,958,194,238,383,250,147,255,399,1487,20,92,338,271,943,245,443,246,183,424,518,12,60,1235,35,722,2372,14,68,65,141,374,34,134,682,14,87,310,214,558,181,36,867,795,448,817,427,19,603,459,369,34,11,153,438,256,515,126,397,2481,1753,20,553,247,706,157,21,1243,74,778,95456,110,84268,147,987,204,1253,172,10,89,89,4735,101,384,50,264,181,37,1258,80,67,14,2443,188,81,41,205,228,204,915,3282,117,428,486,661,230,334,409,1138,190,246,61,746,1763,181,6155,635,445,305,64,189,140,119,60,91,343,54,470,191,6541,950,19,1098,2331,36,26868,604,303,216,139,728,17,342,91,67,2783,254,289,83,331,129,302,123,167,1009,373,1595,225,110,32,124,415,822,552,245,5601,60,2527,168,8063,900,46,10,1424,1086,3,4283,403,83,369,102,517,314,253,14,86,111,28,67,102,36,211,165,83,0,1169,67,228,491,82,19,109,1075,17,111,843,3,339,22,1,1972,336,32,1839,50,328,469,57,4162,64,17,128,210,323,20,117,606,40,56,978,601,804,2628,271,861,117,480,19086,1382,401,2858,273,73,933,968,1304,438,1319,51,54,75,506,1577,5,43,191,202,29,1634,180,401,81,16742,419,150,6607,338,182,937,149,812,2611,3264,94,794,198,19556,269,51,63,8,43,1328,85,256,42,2248,264,37,357,92,461,142,785,81,132,79,29,32,239,1011,163,127,170,333,21,25,113,453,49,928,853,22,2725,4710,616,747,6373,281,581,33,19,44,100,934,908,177,757,480,3627,216,13,517,127,647,7,492,127,45,3091,402,49,26,224,6,1093,360,68,63,14,13,367,7010,258,153,27,545,352,279,1554,178,78,1975,40,104,902,2058,130,27,163,42,99,131,118,70,94,131,85,290,856,209,668,376,377,1024,19,25,45,283,302,9,626,169,57,11,128,19,903,29,174,38780,164,1653,2532,598,558,178,162,159,436,357,3162,34,1920,87,62,82,216,362,114,2080,334,1237,452,203,162,24,560,275,1939,2181,46,357,652,826,608,698,120,83,12,573,294,198,87,176,268,3,40,91,104,196,2807,19,248,50,73,136,62,46,80,618,6,387,73,852,4172,259,45,197,634,276,570,429,172,79,397,271,625,1539,691,1060,1090,2119,83,47,2345,249,563,458,881,133,1237,180,605,36,35,71,127,1747,75,82,202,1789,134,378,382,102,213,12,71,2861,47,188,92,31,201,63,175,1340,1127,465,203,496,206,57,116,286,225,193,53,1183,91,77,13,145,614,41,11,390,518,542,1236,252,697,63,27,318,308,637,1216,782,1520,775,345,50,21,233,83,174,125,181,505,51,1025,576,103,142,1093,95,229,143,229,23,272,2106,554,260,311,212,322,256,55,314,238,197,175,1639,97,315,888,479,135,33,248,229,158,16,1451,29,596,50,343,189,90,270,162,4335,272,248,3837,1142,400,211,391,166,1233,7,56,101,171,12,85,332974,629,715,281,781,551,397,343,196,157,549,229,2392,1011,344,37,80,399,110,44,185,166,142,280,759,547,118,4191,1279,60,4476,773,149,121,533,247,89,162,785,18,36,125,170,2866,63,166,178,112,804,246,879,11,464,55,179,451,393,466,1838,20,139,110,121,253,401,93,84,111,19,95,27,87,608,298,1057,1021,213,356,42,273,1110,96,216,308,493,831,82,49,77,295,372,253,3985,1492,969,385,424,26,3066,12,6351,225,391,12,302,145,351,112,18,679,215,2353,326,504,110,98,149,410,438,440,908,108,213,1050,19,110,316,69,864,20900,529,725,35,607,6,488,1024,140,967,70,127,4630,2713,50,616,470,118,227,1022,89,431,18871,256,31,242,253,428,123,224,419,326,1223,101,3127,144,421,3338,2379,117,107,119,124,259,542,6810,229,350,17,27,220,72,415,94,807,509,35,428,111,4,2792,4633,413,138,126,36,766,666,902,251,40,9703,136,631,272,320,52,217,1790,241,3476,76,10312,231,196,491,9,194,96,89,97,1,35,1460,38,1,1769,66,186,53,252,11,541,114,638,252,219,100,234,1301,124,98,2702,755,223,3801,154,157,1175,130,11,163,666,383,4,258,195,603,2683,91,2030,94,3226,254,93,802,80,1,906,841,11,191,799,18,130,421,570,102,18,4005,739,109,516,3130,7326,117,1633,42,421,82,278,22,730,966,151,992,3332,1463,857,305,147,100,348,2061,99,292,270,38,777,10411,2174,932,27,258,67,147,226,471,165,43,139,130,51,176,104,36,394,69,79,503,88,2203,1944,318,230,67,129,177,300,219673,2414,2495,26,236,322,62,3608,27,8131,39,907,225,295,458,15,72,1945,17,359,395,139,44,783,1759,480,819,289,173,686,166,354,177,423,1063,246,1287,1020,1224,26,376,145,813,455,12237,29,257,310,273,26,470,571,4717,11,405,220,759,73,73,79,52,249,278,223,866,54,22,101,1025,74,377,165,67,259,1597,159,15,559,163,5062,80,484,240,783,98,208,224,332,4,389,106,67,40,425,85,517,859,52,1701,102,519,145,2292,157,865,647,15,90,116,3735,156,110,109,11,105,346,75,49,827,259,876,155,28,2443,62,772,1437,362,1684,125,449,60,343,45,307,129,685,38,200,46,543,443,225,84,298,22,131,550,684,283,37,149,1980,367,395,42,1006,45,869,2034,570,450,89,90,148,1842,537,1312,413,68,96,74,67,229,204,369,551,197,791,22623,3632,145,248,432,289,108,49,65,108,18,377,114,152,78,579,754,338,92,314,99,2337,263,77,214,42,701,153,422,421,490,448,91,631,80,105,21,15,136,241,706,428,418,97,184,12837,86,7247,7,228,95,136,318,331,646,69,562,201,124,1503,65,259,287,793,126,1343,303,335,93,444,121,530,138,2363,227,193,47900,151,1045,125,183,1407,38,146,17,68,303,163,138,984,199,94,37,287,30,37,976,1275,443,142,741,291,59,699,146250,4883,465,394,443,39,49,90,758,823,86,327,547,570,117,159,142,103,128,205,61,713,36,106,4721,129,58,24,9,88,1984,64,93,2,39,111,1114,351,1974,191,1466,718,2150,22,240,8628,485,804,45,49,1717,21301,355,139,542,36,52,88,769,921,84,167,714,175,1206,1503,86,251,118,772,36,211,132,101,339,155,228,193,573,69,92034,477,80,160,329,124,657,289,707,162,958,185,129,287,562,671,207,1375,323,140,382,230,19,61,670,931,1941,408,268,4283,737,773,33,446,444,300,82,87,1254,59,778,379,69,197,1277,123,367,280,1413,307,49,893,132,42,93,284,209,27,427,70,128,131,2697,481,1078,72,429,21981,35,173,269,151,300,6288,9403,67,85,419,42,601,728,343,1239,144,96,731,4,30,1485,125,105,21,65,944,610,4,92,788,520,79,400,1020,176,1030,125,1485,281,18,171,224,45,580,11,595,4878,1534,89,733,72,29,375,576,34,25,100,18,385259,936,388,149,566,189,28,560,84,24,705,143,16,119,71,24,468,37,394,4011,362,221,117,65,1187,1907,603,90,118,7714,355,984,102,82,17,115,744,7032,211,373,106,144,176,191,73,330,138,242,575,540,415,29,816,609,2419,122,628,1541,194,183,797,44,13,353,9,77,720,84,181,92,1016,358,927,576,116,53,9,1340,20,495,61,40,30,483,27,450,1324,61,101,115,374,195,10219,53,536,98,277,63,176,97,10,881,1182,138,182,418,255,55,879,13,941,2,2569,410,4321,131,340,146,156,132,733,15100,122,380,373,167,61,278,164,7638,106,1292,187,41,2136,39,23,663,122,52,23,172,98,79,43,130,2,339,710,150,96,41,42,27,26,563,565,6334,50,1,1103,102,207,57,882,826,477,17764,5561,489,4305,12705,399,363,106,845,644,398,95,475,801,233,110,246,137,905,567,1777,62,139,144,22,97,122,327,2352,375,14,115,130,533,40,896,24,596,1052,167,57916,62,153,1199,1,947,339,73,173,403,173,65,194,22,265,203,45,394,413,316,839,106,51,163,130,639,466,286,1577,579,408,97,5661,267,132,69,166,2399,229,159,73,4854,152,1978,282,5621,34,45,497,1321,234,102,431,144,65,12112,104,718,323,99,1053,103,420,73,199,73,365,377,53,72,52,62,52,51,48,234,1020,85,2854,611,277,1739,211,89,434,35,392,209,184,104,690,33,167,192,264,4,400,377,63,729,1405,617,193,360,71,70,284,50,107,142,351,384,55,1860,180,1965,2325,7249,2765,877,66,63,634,1196,18,1244,193,1365,617,841,70,135,325,336,509,90,68,307,399,1567,43,55398,763,475,1020,126,339,101,158,9,114498,597,131,305,697,173,95,2,4335,2351,75,317,243,20,5600,54,881,637,965,1141,913,98,115,391,94,571,262,208,125,889,188,209,284,210,170,222,28,42,2561,3649,646,368,365,1040,79,30,261,24,78,687,213,54,1175,54,119,613,618,2639,237,437,133,89,128,235,101,584,4624,272,39,359,366,449,219,151,29,379,10,246,344,99,99,225,188,769,17,145,56,6,136,5561,551,152687,10,360,42353,19,2,17,4954,1176,91,684,140,338,122,363,106,1213,610,287,782,209,24,1539,323,270,358,28,291,95,62,244,821,14,39,209,11247,247,65,61,165,21,496,73,424,80,105,408,1584,1493,1106,277,77,12,152,54,123,946,170,231,822,449,534,125,51,54,348,6939,292,48,46,398,606,225,40,1074,60,2414,8021,209,569,124,113,113,1074,3142,180,75,214,12,10,1637,176,234,33,15,487,144,37,74,394,484,535,2447,143,65,226,8338,490,112,224,55,429,112,4884,217,440,30,6693,533,131,78,705,108,686,42,61,282,146,368,1923,153,80,341,20,14,1214,271,186,433,47,87,21341,5277,114,417,48,3187,720,318,520,1219,149,13,154,13,154,4628,588,21,50,411,148,1154,93,24,605,16,237,46,427,139,122,391,626,48,211,269,1500,4677,402,261,130,923,630,126,212,570,2045,908,27,1222,68,5845,695,481,46,396,205,222,33,919,13,266,82,170,404,31,22,275,12985,46986,3516,632,150,393,37,47,37,3478,80,193,42,62,924,236,188,339,507,6120,35,138,589,727,182,8997,662,264,179,3428,26,192,236,127,28,224,75,454,389,103,58,94,2586,151273,227,262,15718,193,9,409,713,258,14,1474,405,305,685,986,660,1154,342,589,961,168,499,1210,229,180,252,167,291,39,5998,269,252,195,181,294,286,1383,523,48,102,1033,418,76,2690,634,249,364,389,68,231,326,5,62,108,106,182,65,158,2248,778,1058,316,53,210,621,1049,47,736,85,38,22,194,10715,6388,18,123,36,461,60,44,68,135,200,1995,162,214,496,329,81,69,4,267,1303,1094,110,250,321,108,20,66,134,323,97,305,12,181,520,215,543,1260,351,38,23,367,264,129,134,667,95,94,56,380,5125,31,299,1189,2466,964,104,166,372,77,92,18,997,58783,173,642,140,311,540,105,554,109,8377,594,382,405,357,161,388,144,232,192,8171,622,107,10,1699,797,893,93,1104,222,285,175,87,2246,912,3637,150,79,52,208,43,8626,138,651,297,35,182,2245,189,493,36,440,281,72,29,1580,935,2231,448,166,6310,348,109,162,49,102,2572,826,104,27,2288,617,1076,28922,47,1187,328,143,3696,8,494,228,791,140,537,78,181,144,266,421,1640,591,19,304,363,5859,16,367,198,529,119,256,112,156,98,954,558,44,8274,34,37,1966,1454,57,214,207,9573,2,1031,12297,51,167,575,125,59,203,186,184,968,134,167,22,95,169,141,392,248,298,318,359,72,908,746,2061,28,672,113,157,1193,170,250,86,8,879,348,34,736,211,147,42,3135,66,1124,636,1682,274,309,35,1498,163,1390,656,302,110,697,5235,147,791,18,135,114,5118,72,891,723,139,447,323,22,951,65,137,185,97,376,321,56,994,91,343,379,967,120,64,134,7390,2213,137,311,8,158,1635,403,193,160,108,66,1259,132,471,123,2,21,3036,343,5911,90,1523,155,47,212,269,117,1581,325,22,59,643,2229,112,103,72,105,2286,97,377,83,101,49,214,93,69,38,201,326,143,1393,34,387,421,16,162,1320,272,177,69,34,229,9,136,97,604,2,414,1113,30,36,18,206,396,129,338,52,387,72,655,117,590,1247,134,206,128,60,44,240,60,505,626,13,607,596,1166,448,19,408,26,5196,8,760,534,94,695,14,193,4071,330,180,316,239,666,193,269,882,6,254,177,2824,109,30,64,211,19,94,57,15,602,249,30,403,181,14857,54,235,78,53,19125,337,302,87,14,3,120,140,254,170,807,222,687,957,290,363,135,24,301,61,256,146,330,352,764,118,166,656,127,110,1104,38,20,1742,376,131,252,94,18,440,1164,91,19,4761,149,304,252,88,147,445,326,1214,123,121,355,66,2321,61,210,232,342,339,469,103,126,184,213,2186,136,492,24949,551,291,233,36,1222,1564,141,1094,553,117,8,79,187,741,1309,365,208,808,27,6,106,213,70,880,3329,35,72,525,985,207,120,137,212,205,911,12,630,56,355,2206,1043,62,492,171,310,3657,4958,2214,86925,359,138,107,536,7,118,82,117,30,79,5311,73,141,779,79,138,672,1866,114,462,105,92,390,627,234,425,171,207,478,278,77,111,1181,280,2521,270,384,2992,602,57,40,719,104,147,83,162,106,16,114,639,298,339,2213,3658,51,19,161,184,625,1405,307,29,1158,9420,75,259,691,1793,163,158,53,8,1087,239,30,6190,188,1074,69,56,244,121,339,27824,443,84,402,29,237,88,545,167,58,157,80,96,194,220,832,567,4115,411,752,229,329,7235,76,60,49,126,1260,47,105,427,1310,2583,88,184,91,470,340,64,122,161,191,250,15,263,731,150,62,414,52,30,383,217,27,433,612,113,497,4580,240,57,637,69,786,18,160,2528,897,43,163,22185,131,59,183,7192,191,128,400,377,7133,1561,548,2309,219,199,805,615,835,133,459,303,188,2991,206,74,122,214,55,239,85,418,191,326,77,22,374,283,143,758,69,171,22,6,417,288,201,572,675,167,338,64,265,233,129,126,102,256,194,158,218,109,1358,57,600,7142,205,392,267,7423,372,11,6,211,64,52,377,196,94,428,388,370,16,502,136,187,73,8635,276,124,27,101,537,4161,136,2374,1462,206,52,58,577,67,235,611,188,947,394,640,2299,79,26,30,1648,11,22,100,152,79,45,262,424,351,433,46,913,139,63,28,674,22,951,91,873,2165,148,40,190,29,285,63,21,186,369,813,215,179,260,88,958,248,166,206,512,244,380,12064,16,352,448,468,193,556,409,143,217,105,517,195,1988,7,62,97,280,60,212,1267,1739,205,88,1481,42,2174,11,68,10,584,204,185,673,575,456,174,101,213,237,230,570,177,147,177,3,12,158,44,153,33,164,5,163,367,74,8,338,193,5830,6,94,52,1,299,277,755,6915,62,51,1512,1441,162,2906,180,1194,13,10082,114,67,88,30,615,440,108,1544,690,26,25,12,24,100,170,240,1470,272,711,1410,2483,51,426,444,3221,204,249,46,2258,72,85,440,429,25,136,205,490,9,59,657,646,2144,949,8689,688,355,877,464,232,32,173,896,211,998,27,1990,44,1071,38,7,184,388,4144,325,413,209,46,4978,6,34,465,7,75,177,943,212,12,1570,188,284,418,1105,1877,277,13595,191,504,429,109,164,49,373,551,805,46,321,40,224,163,212,65,424,29,232,169,73,231,51,104,348,911,297,155,303,2588,63,13068,56,222,33,428,6807,50,488,2574,942,150,163,320,15322,3562,420,2331,77,149,77,631,374,109,345,167,91,76,1260,1597,85,826,124,583,50,77,3388,571,350,124,116,1781,161,29,7149,450,1377,614,24,31805,744,323,684,485,113,2397,45,250,89,340,121,118,383,30,2099,689,149,2557,1273,383,527,755,789,1562,659,226,84,17,366,47,22,398,1441,71,2554,170,129,265,425,696,190,269,238,20,99,693,126,197,202,300,166,217,35,736,107,918,190,77,481,18,38,132,7390,2155,368,291,557,680,7490,53,5540,736,591,69,965,139,619,511,2899,850,1845,8,222,32,390,78,703,1128,1324,615,265,363,826,263,303,327,311,195,8737,73,588,187,289,267,2300,152,798,167,591,126,166,227,6258,129,9,125,15,1349,620,790,1422,463,578,378,607,222,552,131,80,435,428,5,375,633,118,40,630,142,3985,738,112,68,194,33,4,32,49,39,6908,81,1667,1,135,1274,199,12156,393,57,1542,126,1658,85,242,121,795,119,50,282,160,13,24221,1274,554,502,91,357,777,31,724,964,55,107,243,101,10,241,1236,498,52,117,29,75,3445,50,37,541,647,922,66,68,8,35,42,64,140,546,59,34,373290,345,14,290,1265,433,256,62,23,860,25,62,661,503,340,17,1582,574,468,64,382,571,512,105,602,160,323,171,198,70,467,179,69,74,174,872,130,222,2124,555,8,157,290,23,363,25,514,90,70,165,339,291,1908,435,793,2210,546,340,16,231,747,851,7,223,25,214,102,165,319,131,276,44,109,63821,10,65,143,1649,126,342,11,41,214,262,104,36,37,376,145,62,106,164,426,2896,79,5476,346,197,338,8142,641,2037,185,263,336,270,215,3914,0,10,10,78,238,69,115,199,290,522,684,109,15273,1588,141,1286,148,4078,34,76,58,339,250,1658,4571,21,38,520,1,56,29,906,531,363,686,612,63,1355,56,120,105,1227,1152,2223,419,530,57,14,99,676,2357,258,1077,294,60,1127,46,7,12,734,128,45,380,466,127,158,559,661,1991,132,167,380,1148,160,212,1564,549,161,512,24,5951,250,648,139,294,41,119,26,297,33,554,737,506,60,565,11,6025,76,95,578,90,947,37,85,94,114,975,165,704,262,221,669,82,186,1534,313,854,30,115111,118,731,4743,4322,118,13,164,2476,346,635,25,87,165,103,17028,297,39,501,0,1994,177,1330,457,408,1581,8,444,23,460,333,32,1158,71716,152,34349,28,506,520,3223,326,682,113,204,329,240,2273,291,16,64,151,351,93,1061,297,1513,47,236,217,130,161,394,86,233,304,29,1525,34,1082,316,558,207,255,488,412,810,12306,183,291,143,1399,48,42,321,2624,147,236,74,454,391,357,11,306,858,2044,117,147,160,124,21852,192,32,46,167,691,40,1997,515,83,363,156,442,6,41,31,254,85,260,2349,35,152,229,639,29,950,1394,1314,69,84,234,145,369,178,453,391,9,177,185,886,10,824,177,93,187,250,86,355,2224,1380,287,310,7897,129,3291,290,190,26,294383,132,117,56,87,215,1213,53,64,717,217,544,494,955,209,283,1304,1098,16,139,164,3528,233,635,113,320,124,87,589,111,181,375,139,157,743,2950,373,32,5644,65,253,290,180,1029,532,333,365,188,1120,33,420,1077,2145,41,420,164,117,30717,201,18454,1706,315,60,6398,14,52,1050,648,373,9,225,190,175,2568,402,243,352,1174,431,2989,249,106,491,106,68,418,214,468,20,1506,365,85,70,1531,5393,47,480,380,119,191,325,45687,186,1723,128,468,137,224,1120,527,98,55,834,91,5,232,259,3595,222,1201,278,72,7169,145,695,243,203,143,89,135,623,233,10,162,24,12,80,255,2,120,360,225,477,6970,221,322,780,590,234,133,236,41,4,928,4323,3606,104,241,16,74,512,180,18,86,197,38,54,1509,295,1084,13,324,155,206,35,312,596,2274,277,115,15,97,32,1481,212,512,94,88,22,1548,41,96,251,34,3169,55,274,250,592,3767,434,30,72,644,1699,366,244,321,246,197,125,1360,1410,2641,268,39,938,342,703,362,140,516,396,16689,103,426,943,165,150,1116,44,50,133,138,547,36,18,1373,82,150,64,1250,126,144,98,123,754,493,565,701,100,1052,189,780,29,311,135,1568,371,74,337,173,965,84,42,190,27,86,66,112,616,31,330,98,69,199,165,162,36,444,1039,332,719,51,109,3443,880,51,807,61,205,11887,184,1383,238,245,477,69,169,915,381,78,2176,103853,333,278,84,328,31,721,213,19,43,56,276,112,128,584,209,1891,3781,199,24,289,2248,404,45,97,127,6,25,588,307,647,789,102,58,491,6,1696,329,20729,15,146,180,38,1213,96617,2,84,2,115,28,56,48,86,83,894,414,167,26504,59,253,89,31,433,93,91,68,516,170,621,14225,34,221,522,423,7,84,221,137,122,622,983,14869,37,320,111,296,261,377,220,151,3361,532,15,41,165,96,368,87,52,296,76,15,1022,40,65,119,105,2772,292,582,478,1,644,19,84,76,89,209,342,117,296,2347,185,54,195,377,8521,186,3105,202,894,45,38,554,240,2,26,2708,105,104,204,1286,964,3780,172,419,309,137,70,423,612,1687,122,71,55,353,1665,148,827,423,134,36,10241,1754,154,677,321,220,202,12,116,88,49,64,104,236,88,211,902,633,927,103,442,116,306,216,187,776,310,182,760,143,571,992,284,689,1070,91,45,99,176,24,5753,21236,38,271,94,43,79,666,35,346,391,149,199,143,58,14,182,73,27,71,398,207,19,11,188,78,123,52,962,107,171,181,119,195,39,292,7,40,108,67,577,2747,28,22,714,365,61,91,196,1018,134,20,131,51,45,325,10360,359,871,107,1643,587,139,16822,55,87,34674,1490,278,175,311,80,55,92,120,16,2728,3008,9187,40,104,407,527,550,5377,1321,78,782,168,472,364,89,91,2356,250,85,3,2644,382,269,407,507,348,516,2062,19,22,22,153,276,73,284,44,137,53,599,20,589,139,254,497,29,90,476,548,281,850,428,7435,236,452,278,803,31,85,40,172,993,17,194,8236,6664,256,141,209,98,50,151,507,27015,133,86,571,121,317,2150,60,542,192,17240,139,9,773,41,84,209,45,188,339,3971,232,355,173,305,274,138,226,18,85,718,64,447,4865,396,369,240,932,303,4977,13301,339,1415,226,113,194,40,63,197,2282,201,2752,211,125,30,142,663,31,441,184,79,195,161,155,33,41,15,96,931,458,40,575,1335,315,606,285,85,201,307,99,79,380,172,127,192,402,171,211,46,129,277,0,284,167,90,99,144,436,53,30,356,435,1088,124,23,131,156,310,532,334,7,39,343,170,365,36,168,9694,217749,65,188,64,147,104,1500,156,90,70,1795,1282,33,262,301,103,21,859,694,204,66,300,462,701,200,195,86,288,453,110,86,155,222,14,83,51,44,290,545,1554,581,55,463,349,181,150,111,607,1709,164,165,1613,109,176,140,14611,8537,81,306,313,370,17,1457,20,171,293,374,82,749,214,5820,57,125,84,476,62,254,235,111,414,87,116,268,291,1283,143,67,19,188,114,72,509,241,57,2917,1077,282,20,231,114,45,65,127,3,294,43,415,274,5343,197,73,354,5337,290,1612,246,217,495,115,110,578,16,71083,799,1062,109,133,631,255,157,624,932,162,19950,49,71,371,9,76,507,48,9251,945,52,10,8073,459,61,11966,232,4576,3412,63,64,249,1345,324,388,125,677,1453,83,1494,35,94,15889,160,19428,98,1463,149,410,182,91,417,40,32,1394,178,34,128,522,59,58,30,1525,83,122,121,77,299,18,520,187,141,13443,189,207,121,32,1047,284,88,782,360,373,8141,1062,223,88,605,103,1011,9346,73,69,757,207,165,99,619,2305,33,80,452,529,10708,3212,51,170,807,517,507,296,228,285,5707,769,150,29,104,158,86,349,12086,511,2142,667,70,134,165,1007,65,333,30,23,93,99,313,59,15,87,102,136,2654,10,67,332,113,787,7910,234,59,21,187,65,78,140,69,8583,1268,968,52,1356,829,1177,42,25,938,210,1192,1273,182,63,1955,166,65,94,170,122,632,272,721,178,256,193,108,9549,622,11749,25,10,217,2,613,159,58,31,859,177,121,107,1850,1931,78,60,99,192,533,382,182,182,32,99,34,413,288,642,193,135,202,854,11361,1134,39,201,211,1196,304,1220,73678,268,36,363,3798,206,1752,20,789,948,4076,331,349,170,167,94,50,385,52,385,161,129,325,86,336,15,115,227,91,436,69,97,768,67,762,40,376,1106,135,165,1297,157,164,136,526,23000,497,312,35,11,432,83,345,215,41,305,2295,118,463,120,944,7018,978,760,74,64,59,342,118,35,553,1761,133,11307,2966,38,3070,41,686,1119,21561,158,262,41,192,394,72,16,506,90,72,200,2263,166,6,259,181,135,17,365,68,109,94,23,57,36,3005,9,1526,2030,1708,77,180,177,313,134,145,571,1192,944,534,100,2114,102,131,350,418,35,189,2577,110,199,37,41,441,82,184,82,490,808,355,9422,248,471,543,54,177,32,184,38,5,307,79,882,609,222,78,2899,354,267,162,380,4,192,74,41,204,826,56,167,22,266,151,90,97,270,29,23,72,802,186,180,216,51,414,2667,286,436,227,64,93,535,462,80849,51,474,635,154,132,12,161,362,283,39,43,17850,53,180,1283,3169,1429,57,467,171,487,120,460,99,20,3089,711,208,150,0,1394,111,535,24,232,77,3354,450,66,319,297,54,8133,32,1644,309,83,842,618,2190,128,11904,38,265,191,61,753,390,71,401,266,70,3290,192,4529,90,161,147,558,115,902,89,740,1421,302,44,522,3,330,308,1095,10057,36,43,264,58,198,149,119,659,1132,78,602,907,331,67,307,44,14,11,458,208,26,23,573,581,7,90,254,176,518,24765,875,1332,575,85,96,6,152,3324,143,463,285,112,105,2162,5161,1051,1,150,304,79,1345,0,76,155,59,679,112,1534,354,1290,1408,783,773,45,52,517,138,117,71,122,153,121,57,34,116,66,1920,284,6,112,4489,107,450,64,302,253,75,182,108096,75,99,439,203,360,493,270,697,144,118,464,121,2672,235,27,392,376,90,438,3832,408,1986,172,29,126,483,274,40,188,942,296,315,198,66,16,469,9,1031,129,754,84,132,49,4406,2624,520,409,271,123,396,73,911,272,1437,1316,147,9,126,637,19049,71,350,460,17,475,52,1153,481,838,304,761,247,222,140,8094,954,11,0,873,20,101,50,312,22,856,874,57,52,1,123,309,132,165,155,156,215,113,904,2671,119,977,150,37,101,3406,37,89,1843,51,498,105,86,863,23,94,145,642,104,24,337,6889,527,233,719,131,316,46,1449,1710,26,141,7914,300,386,204,3986,1316,234,575,46,1660,328,385,76,128,330,96,966,461,238,22,5240,521,17,2304,374,443,355,143,851,94,620,153,226,443,76,430,321,5214,31,853,340,560,58,208,599,125,636,30,207,119,244,52,1410,33,333,54,302,370,543,19,170,14,1016,153,66,168,76,527,433,78,49,36,105,1075,480,134,229,309,205,33,548,73,105,21,719,1553,225,1249,11872,63,3906,110,25,316,74,411,567,539,111,81,5392,1331,120,7396,80,328,752,367,571,160,9288,143,408,292,36,1554,315,600,231,178,1522,210,920,94,276,41,3045,7771,197,110992,521,178,3,45,599,995,3470,158,50,106,284,152,1061,312,558,37,395,99,316,1120,435,137,60,308,1352,165,36,560,144,135,1364,8291,113,698,208,2364,4677,239,389,31,71,83,480,308,1007,587,68,15,46,32,581,70,655,455,966,601,208,1099,4319,136,26714,38,222,21,76,133,47,244,50,26,285,187,194,572,152,5402,261,131,210,1345,14,446,263,342,55,16,239,16,43,1554,35003,419,528,113,306,657,414,10462,91,98,393,32,52,2080,95,6318,221,19861,136,98,22,4407,320,40,1664,328,147,739,1239,234,11518,139,117,4,214,173,662,766,1303,708,747,17,41,201,581,9630,121,280,67,430,921,84,240,36,254,143,122,369,566,10,42,54,370,15,103,811,8,178,53,266,116,2300,355,61,69,2741,292,56,31,50,100,28,2077,915,163,136,82,1190,53,182,95,114,164,62,34,29,50,565,272,921,147,294,297,435,131,47,429,851,1147,1539,173,90,148,497,237,413,628,52,812,401,342,324,8,774,160,140,156,94,90,34,35,656,52,63,2245,52,241,69,197,541,118,453,932,457,14,146,315,158,436,59,115,75,325,76,281,44,111,64,90,138,144,581,116,144,379,354,11,1452,254,778,19,382,20,416,11,5946,368,4,94,442,49,156,142,572,69,89,100,25,234,246,505,93,56,577,139,40,546,348,139,138,744,5920,2520,790,480,62,192,358,9169,137,247,44,554,1365,1,220,57,35,31,52,258,66,9571,469,194,72,874,6410,38,420,32,1041,367,1259,400,1713,448,394,163,24,22751,783,228,136,26,6582,218,33,430,496,171,129,9,495,707,214,525,1053,713,11,661,101,99,114,2605,199,3428,383,50,301,223,387,51,12788,335,263,0,137,1018,105,602,82,271,113,1988,69,420,23,66,74,1348,247,115,137,327,795,210,17,180,167,38,410,164,401,310,1695,125,769,111,169,31,80,94,3721,91,363,109769,52,228,1030,254,2159,470,63,2500,1356,34,280,127,2119,166,377,97,259,242,322,18995,464,44,100,113,364,350,61,35,118,118,164,185,17,30,197,188,242,140,439,2065,4250,150,75,2637,224,186,230,161,22,46,56,13,47,818,23,720,1342,344,120,109,416,421,725,744,211,226,486,299,2845,392,191,57,46,996,363,85,356,708,332,287,225,299,53,367,595,340,2842,1204,240,222,6970,112,183,3352,14,471,697,209,279,251,468,426,4279,946,753,95,399,188,1711,18,188,121,16,419,883,26,305,128,425,209,7498,1542,364,203,25,928,379,96,155,56,31189,32,605,100,170,643,684,215,27,1015,658,156,323,271,32,147,8068,15142,539,32,88,147,4910,188,76,3585,29,3925,48,384,78,199,89,106,7,625,76,3372,4556,3010,52,87,129,47,42,208,47,5596,141,864,1690,507,522,5480,362,120,94,205,781,3137,176,254,13,3288,559,1115,1695,179,33,22,312,67,288,785,119,30,521,1217,181,243,128,72,54,70,1463,1701,417,187,35,193,177,93,30,391,55,644,53,319,9,800,79,84,312,337,96,104,180,198,89,290,377,58,683,838,235,3939,260,177,284,72,59,415,1105,46,702,345,1496,651,4981,141,80,572,1274,69,9,8,74,307,558,2362,1960,1877,18,92,71,5,1126,268,59,204,66,313,159,260,749,175,153,622,22711,18,985,578,5282,1388,43,7,959,198,172,48,71,664,127,1191,151,17,38,601,400,282,258,103,175,37,365,1741,127,46,153,38,65,406,803,3023,258,136,459,28,372,581,370,101,79,126,590,318,20,24,408,1127,121,867,260,52,25,624,264,5,1699,387,483,99,58,1502,222,91,243,1681,810,15111,1393,2516,1371,604,302,287,91,511,100,122,23,3413,379,1101,130,78,88,572,104,519,561,809,1369,13,146,634,1388,68,862,233,848,5056,34,423,130,38,951,2752,123,575,339,196,647,109,389,689,224,94,483,24,21,242,204,612,1428,235,8,781,387,56,1561,104,141,110,3120,795,463,1034,114,444,503,76,137,418,18,286,1261,457,403,110,692,461,157,186,28,9,19,229,273,189,3895,2531,404,114,1368,158,239,2699,43,1195,39,783,130,1565,382,334,39,54,407,140,181,114,11,191,1085,56,186,131,755,4021,484,199,544,1773,167,264,894,3560,288,100,14,20,166,58,92,1989,187,637,239,1732,2100,844,40453,66,255,7,1612,20,108,909,524,2710,554,775,2412,187,57,38,95,430,153,1524,56,120,228,852,75,1602,606,359,163,700,1121,22,868,96,42,108,167,30,65,258,78,2622,1098,276,89,156,1013,317,138,11,259,49,116,311,438,524,285,2381,480,739,34,184,201,21,35,1037,2520,2446,563,762,323,1006,1576,32,223,1310,365,2772,288,163,62,622,172,1315,460,6,560,64,936,263,796,247,138,184,49692,965,562,706,2330,266,2405,471,445,20,854,113,485,776,103,82,214,2779,296,2491,51,846,66,737,504,153,138,2074,241,127,3250,1228,182,21,185,1562,295,228,3950,55,203,8246,288,601,183,966,139,28,287,509,35,466,536,2060,3197,2065,301,265,79,177,280,538,214,2757,177,2276,3364,1072,210,1196,322,111,112,4747,215,43,422,375,19,3634,1484,68,844,79,131,1435,102,155,29,746,3678,30,251,6655,770,353,256,761,3628,515,600,50,625,635,138,1064,248,226,1691,39,19,66,13,1165,22,22473,66,260,107,399,16,259,632,186,33,21,130,13,275,347,344,11,160,63,3666,188,383,168,90,19,2199,1515,404,54,10,58,89,139,555,19,26,690,254,485,784,1626,787,194,396,3436,383,456,129,1044,29,2210,128,225,202,9,149,45,589,2420,657,18,729,607,70,91,320,1284,583,515,19,190,417,377,4348,10443,14,37,131,665,33,1024,88,3678,37,56,6894,1227,300,1096,252,125,245,119,22,262,48,27,64,54,635,22,381,89,244,227,1448,557,130,433,133,2578,171,30,61,178,70,3472,5623,625,7,3548,319,135,546,97,125,33,353,272,241,631,14458,1139,856,100,289,198,60,261,54,121,790,956,3828,59,906,364,76,190,34,596,92,63,131,530,689,41,3704,171,1822,151,9,699,979,284,2948,156,72,623,103,243,350,69,21,368,152,450,5476,112,25,122,462,3,40,627,359,242,342,311,154,93,887,413,1446,4,729,1048,1007,445,66,387,270,7,171,65,218,844,63,383,2105,157,1142,181,30,364,138,53,9,521,36,167,162,99,634,4402,493,62,42,17,1107,194,735,51,616,56,4493,836,427,45,512,948,352,114,78,2277,128,794,71,80,713,47,3500,55,172,49017,19131,1508,768,157,2311,261,168,32,2858,138,1215,2934,160,35,135,89,98,911,26,667,36,24,13,56,626,266,743,580,1729,105,71,1026,2779,180,42,73,247,109,223,20,192,225,1454,70,573,99,1677,146,486,350,911,107,1314,46,4452,439,9655,458,138,623,394,259,81,158,1275,645,1224,46,49,30,883,97,75,34,17,21,923,47,153,314,199,79,1161,774,259,252,103,812,17,130,4952,71,165,526,1007,134,144,437,923,1001,22,99,711,886,46,26,796,76,187,1153,1538,149,538,15,537,26,1042,69,18,11717,1315,34,61,184,548,57,460,362,16704,339,293,1314,88,242,486,43,1436,37,2784,416,312,71,2480,76,25,100,24,422,72,696,125,80,744,322,45,78,13,175,210,402,278,2811,402,336,294,130,48,2137,162,20,167,203,274,81,906,268,446,85,4618,63,170,163,516,469,7,16,948,151,324,114,2127,314,481,35,6,407,632,83,1,580,242,54,7,1033,139,44,240,290,70,437,551,215,87,245,763,183,2101,532,890,3225,1062,1869,700,24,33,332,142,85,295,1108,4059,60,74,246,313,41,17,183,556,608,84,356,164,873,2196,162,34,744,300,1055,315,3151,519,113,85,1248,302,231,440,1543,317,63,259,3718,1238,140,887,3882,43,2774,533,153,69,64,37,96,1250,67,89,241,450,269,522,84,540,131,147,296,103,96,233,683,46,1628,70,211,756,1166,147,5865,217,726,291,516,126,943,392,540,940,34,1614,28,2527,3674,5829,88,1036,16,279,32,5883,118,800,2214,1472,103,963,133,1077,293,152,12,943,1312,294,373,4286,1218,2601,847,910,255,2137,1709,25,47,17,141,188,340,650,41,1594,139,51,56,133,232,30,139,21855,7,82,317,21,2760,162,317,37,9136,25,7839,532,53,2335,29275,799,81,781,47,102,228,407,67,1173,816,192,48,3171,11,372,25,41,53,382,25,98,74,4910,287,578,159,659,221,7430,120,730,2014,37,24,339,419,851,1636,243,730,1009,6325,1761,26,33,368,339,1119,508,0,1204,1016,452,1085,56,28,59,101,361,6072,72,9,145,970,61,362,621,3265,65,176,179,26,531,149,37,63,596,134,54,39,737,187,209,1283,41,66,254,344,1373,17,53,15,144,329,59,346,367,406,144,531,1817,367,216,687,113,208,83,83,1055,261,320,84,3612,40,629,16,44,2548,2287,70,33,204,1239,282,34,6451,74,31,546,54,551,134,151,226,149,37,107,4636,46,391,101,16,166,269,571,215,465,338,122,596,119,58,655,1420,1118,20,165,372,1100,192,250,62,2402,37,155,165,1487,145,52,2,28,59,720,183,122,69,555,33,938,297,1650,1873,275,798,104,712,169,30,165,631,614,171,91,163,212,822,158,654,461,254,248,375,414,490,161,1234,391,150,173,99,449,311,473,572,249,136,52,458,251,2253,557,225,418,324,4334,7820,22,862,50,0,89,30,166,63,12,182,179,142,59,64,90,2182,84,206,1995,333,260,208,555,389,1019,2150,92,14,414,39,314,369,215,4073,827,294,5767,237,186,37,368,525,58,265,2014,101,220,116,392,370,482,40,109,968,135,165,25,33,2247,1202,103,1408,321,64,686,112,1304,177,1619,479,55,513,90,1365,279,58,731,64,11,75,238,75,406,104,96,1852,43,257,773,286,1630,1371,77,47,75,652,202,42,175,1134,360,56,341,219,283,340,12790,65,127,16,182,192,332,31,115,219,157,2776,983,4295,55,29,758,64,9,66,427,2413,141,219,688,168,1113,910,494,687,299,54,51,145,123,246,110,27,413,1066,12,457,102,17,305,336,26,232,262,4425,301,905,7463,101,123,206,1201,17,365,444,2908,967,803,1102,2794,5348,275,247,62,370,132,609,339,1249,1093,179,2849,103,148,85,240,74,34,3010,263,484,55,401,2720,151,532,443,7,8,196,2053,620,20,204,300,1128,6,158,1160,341,325,1768,146,692,598,639,362,13,201,192,333,1122,128,290,754,2364,187,439,67,9,1252,6200,93,785,226,209,159,849,216,584,81,8449,483,112,483,123,653,99,319,1486,519,639,21,1330,13,386,544,963,341,94,14223,33,109,882,133,88,2553,20401,876,83,4532,102,2783,45,131,170,368,1305,96,2714,71,1434,552,109,137,1170,566,58,67,399,469,35,653,567,108,1459,513,3041,3133,695,34,11,90,530,905,95,181,1108,490,4473,253,64,26,365,310,17,199,75,306,67,116,17,217,461,220,741,82,101,64,12,759,17,5,65,71,2329,116,224,5358,399,70,149,710,408,203,167,100,384,111,37,72,107,71,3946,18,2265,326,32,37,7,5313,105,138,362,2155,1224,233,80,553,1948,300,175,201,476,154,195,220,73,82,32,226,23,211,153,770,492,2489,186,865,222,62,3016,1298,561,171,42,95,163,98,195,211,402,10963,443,603,69,223,670,23,29,42,403,358,398,1455,18983,339,56,173,43,524,378,8147,229,151,283,204,403,235,292,936,184,1707,61,1732,40,184,186,20,1136,382,751,231,17,160,72,119,219,10,57,8954,1381,544,591,1,152,323,23,79,178,16159,360,1551,1087,203,40,245,1427,66,527,28,64,867,857,134,2110,938,89,89,10907,163,336,276,1216,257,637,89,71,260,103,65,96,62,567,122,910,157,864,52,81,2483,76,933,75,408,6304,23,461,903,383,308,1494,997,918,975,7401,630,143,127,105,1012,1684,1080,28,151,2298,1529,111,460,1282,317,92,7,20907,406,3233,1324,74,246,881,285,209,818,630,286,2984,156,103,26,91,444,288,216,76,583,8335,575,136,77,103
0,0,13,2,1,0,0,0,0,1,24,1,5,12,1,9,16,0,42,0,0,0,0,4,10,2,27,5,18,1,0,0,7,2,4,0,2,0,0,6,5,1,8,234,14,1,3,13,3,2,0,0,2,0,1,150,2,0,0,2,5,0,0,0,13,1,0,1,1,0,7,0,2,1,10,1,19,0,2,4,8,4,0,6,1,11,2,0,0,13,3,0,0,2,50,0,4,2,40,3,0,1,12,1,0,2,665,2,1,0,0,4,0,10,2,2,0,4,0,0,20,1,6,0,25,1,0,3,0,0,0,10,6,5,9,4,6,0,15,1,0,0,6,0,0,0,0,0,9,0,0,3,2,15,0,0,0,3,28,13,8,3,1,7,3,0,0,5,20,0,6,31,7,2,0,1,20,7,81,0,11,2,1,3,81,4,15,0,7,5,7,0,2,0,0,0,0,0,2,1,0,2,0,1,8,161,1,5,4,5,1,2,16,0,4,1,231,0,9,2,0,1,0,0,0,0,0,0,35,13,0,8,134,1,1,1,2,165,0,3,14,4,10,3,3977,0,2,0,3,0,16,10,15,0,0,2,8,0,1,0,4,3,8,5,0,1,0,0,1,3,1,9,1,5,0,0,9,0,7,3,1,2,2,1,0,1,1,20,0,0,4,2,3,0,19,1,25,2,1,7,1,2,4,26,1,9,2,0,0,2,1,3,1,0,0,5,15,3,1,0,0,0,0,3,3,1,31,8,7,0,5,129,1,2,5,3,1,0,4,3963,0,0,2,1,0,4,0,0,4,2,16,0,1,1,13,0,2,0,1,23,1,0,11,0,2,0,8,0,1,0,0,2,258,2,0,319,66,5,6,0,11,11,81,3,3,1,1,118,20,4,0,2,20,2,3,0,312,1,0,2,0,2,0,2,0,1,34,0,0,1,0,1,0,2,0,0,0,1,1,0,69,6,4,39,11,0,1,1,0,1,0,0,1,3,2,0,38,3,736,0,3,65,5,9,1,16,15,2,5,1,1,8,13,1,0,4,1,3,1,8,0,0,7,3,1,2,1,1,0,1,0,0,0,11,6,7,2,1,1,0,11,0,8,1,3,4,4,1,0,7,1,1,0,1,5,0,2,52,0,4,4,40,12,0,2,2,13,0,8,2,1,18,6,0,8,1,38,2,8,9,0,2,1,0,2,8,7,256,9,0,123,0,7,0,10,4,60,1,0,57,1,0,6,1,6,1,12,9,1,0,13,0,0,2,0,0,0,20,21,0,0,2,4,3,0,9,2,1,1,2,1,0,1,5,1,7,1,181,0,1,3,15,1,0,2,1,1,13,6,1,0,3,1,0,1,4,1,9,0,0,1,2,1,14,1,0,43,0,3,0,8,0,8,0,0,0,1,17,0,1,1,0,0,0,0,2,2,1,0,16,6,0,18,0,1,0,22,2,0,1,1,5,2,5,39,1,7,1,1,0,0,1,1,10,8,0,54,0,0,1,4,9,1,1,5,1,519,0,0,42,49,1,39,1,0,7,1,13,3,2,4,1,5,39,48,13,0,5,18,2,8,0,0,2,0,2,0,2,11,12,0,0,150,3,1023,27561,0,4,1,1,7,0,0,0,50,11,0,3,6,6,215,2,69,1,0,6,0,5,0,1,0,0,50,0,0,100,24,1,1,3,5,1,1,0,0,6,5,2,0,0,5,7,5,31,0,13,5,3,4,62,1,0,0,2,87,5,0,37,0,65,5,19,4,0,0,1,3,2,2,0,0,0,50,23,2,117,1,0,65,21,1,6,0,0,2,0,0,4,0,1,2,0,11,0,0,0,0,0,1,0,0,124,1,43,0,2,2,4,1,0,0,8,0,65,2,0,0,50,6,0,3,2,9,7,54,1,3,0,3,2,48,3,60,29,2,2,1,1,19,0,0,0,2,22,13,0,2,0,0,70,1,2,4,4,3,5,5,6,1,11,8,2,0,12,1,18,3,8,2,0,208,0,22,1,2,1,2,0,5,0,3,0,1,14,1,0,0,0,0,34,14,1,0,25,0,1,2,16,0,2,3,11,1,4,4,0,1,3,0,6,10,0,16,0,14,0,1,7,2,0,4,5,0,3,0,9,42,0,0,8,3,22,5,5,0,1,0,7,6,2,0,0,1,2,1,7,0,1,2,3,1,7,0,3,3,0,7,12,0,0,0,3,0,1,4,20,2,3,37,5,3,1,4,2,4,6,1,8,6,2,0,4,0,17,86,0,1,1,1,2,0,34,0,0,5,0,0,1,0,9,0,53,0,69,1,0,0,4,0,18,20,22,1,41,15,0,0,0,1,1,14,0,0,328,0,5,0,1,1,0,3,5,2,3,0,3,0,0,10,0,0,20,3,1,11,10,0,0,0,3,0,4,0,0,0,7,1,6,0,7,9,0,1,3,2,0,0,4,5,0,59,0,22,11,0,0,0,71,0,0,4,30,0,3,0,0,0,2,0,2,0,2,4,56,0,286,3,7,0,0,1,4,9,8,3,3,5,0,5,1,0,7,0,0,2,1,0,0,22,9,19,2,4,1,2,30,0,0,0,0,31,2,0,72,0,420,5,1,1,0,0,6,3,14,0,26,36,0,4,15,1,0,1,1,7,1,50,0,14,1,1,4,1,1,1,4,1,4,12,0,0,4,0,16,44,113,2,69,0,7,11,7,0,1,556,2,8,0,0,30,2,0,6,5,0,3,0,48,1,2,0,0,2,16,8,0,10,9,10,122,0,2,0,17,2,6,2,1,0,1,0,2,0,0,15,9,17,13,51,0,0,17,0,0,1,3,0,2,2,4,15,1,0,10,0,1,20,3,3,1,0,4,55,4,0,260,0,1,1,0,49,5,6,0,1,2,16,0,3,27,1,0,0,2,2,2,2,5,1,0,7,6,0,2,0,3,2,1,2,1,2,2,16,0,33,1,0,20,1,15,1,0,0,21,6,6,2,2,5,1,1,1,0,18,2,68,9,4234,6,50,7,0,0,1,0,0,0,13,39,1,5,1,35,3,82,1,4,10,1,1,0,1,76,7,7,3,8,1,5,1,3,19,12,0,1,3,10,3,4,1,0,1,63,18,0,0,3,2,6,27,0,5,0,0,1,0,10,9,0,0,9,7,1,1,1,0,0,3,0,1,4,0,23,0,14,91,4,5,33,5,13,177,0,0,4,0,0,0,30,3,2,61,0,10,0,4,2,143,91,0,1,0,0,5,1,2,2,1,1,2,0,4,9,10,2,1,7,1,1,3,1,2,29,36,2,2,4,9,3,5,0,0,1,2,4,6,0,4,5,2,2,0,2,2,1,0,1,0,238,0,4,3,0,4,2,22,8,10,1,36,9,0,7,5,0,3,0,1,0,0,0,2,4,2,3,1,482,0,14,0,31,47,0,3,0,461,8,0,1,1,1,20,5,73,0,0,1,31,5,2,0,2,0,11,62,2,2,5,0,0,2,17,2,2,5,3,0,2,2,1,250,48,1,60,0,143,1,0,0,2,2,1,73,0,1,29,6,2,0,8,0,1,0,1,26,4,11,11,0,1,0,0,0,2,0,1,4,0,0,0,1,1,248,5,0,21,1,4,4,3,53,4,1,0,0,2,2,9,0,1,2,2,1,10,15,9,8,5,4,4,6,0,0,3,3,1,146,0,0,0,1,19,21,6,6625,2,2,0,1,5,1,7,2,3,0,1,1,1327,0,0,8,8,40,0,2,0,1,3,26,0,38,0,2,0,4,0,1,436,1,0,4,5,22,1,25,2,10,4,62,16,14,3,2,1,1,4,0,13,1,11,1,1,2,0,1,0,0,3,21,0,1,14,1,2,1,0,1,2,0,0,4,18,5,1,1,54,9,3,1,0,0,176,0,0,0,16,1,83,2,0,13,0,0,0,1,1,6,8,0,3,0,2,0,6,313,0,1,0,1,11,11,3,0,2,1,11,23,0,1,5,7,6,9,3,104,1,0,20,0,1666,5,1,31,17,113,3,0,2,127,20,0,6,0,2,38,0,0,0,1,1,1,2,0,67,0,3,2,9,0,7,3,0,0,1,0,0,0,3,1,0,4,9,1,1,25,20,0,0,0,0,0,0,0,0,0,0,6,1,5,11,10,0,11,2,0,5,14,17,3,0,0,13,4,3,16,8,0,7,1,4,0,2,1,3,2,9,5,0,1,3,15,2,11,2,3,8,1,4,2,2,4,3,1,0,2,0,0,1,0,17,5,31,1,0,40,1,1,10,8,27,0,3,1,0,170,0,0,45,1,9,1,0,13,0,6,1,0,0,3,3,13,146,0,2,1,5,11,60,0,0,1,4,59,3,0,0,14,0,0,1,7,8,3,1,0,0,105,1,0,1,12,10,1,28171,2,0,0,9,1,1,2,0,4,0,1,0,16,207,4,0,0,26,10,0,0,0,0,2,1497,2,7,8,0,0,0,243,1,3,1,24,10,1,0,3,1,7,1,0,1,0,4,2,1,1,1,0,1,2,0,0,0,0,76,5,3,4,20,2,7,2,5,0,0,4,0,3,4,3,1,0,4,2583,41,10,2,0,3,13,3,0,0,0,0,0,8,0,0,0,0,2,2,2,0,19,1,5,5,3,0,0,2,2,0,8,2,2,0,1,2,2,4,3,23,2,0,0,1,1374,35,12,23,7,0,4,6,2,1492,3,0,0,0,0,6,7,1,1,0,110,1,0,22,0,45,12,0,2,0,3,1,10,0,43,155,3,3,1,7,3,2,0,30,0,3,0,13,0,5,18,4,0,1,2,0,0,1,30,4,9,0,0,53,2,4,0,4,4,0,0,0,8,2,15,6,12,4,8,0,14,2,0,0,0,14,5,3,3,1,6,1,0,0,7,0,12,2,2,0,0,1,12,0,66,22,44,1,4,0,3,3,3,33,1,18,4,0,1544,0,13,4,0,9,8,3,0,4,7,1,3,0,5,151,1,0,2,15,2,5,1,0,0,0,2,0,0,0,3,23,0,3,3,0,12,0,3,4,1,0,0,0,0,0,0,0,1,317,0,5,5,5,3,117,2,2,2,1,3,5,1,0,0,1,1,1,0,7,0,9,62,54,2,0,1,26,50,1,0,0,6,14,2,5299,25,0,1,0,2,10,10,5,1,34,2,4,17,6,2,431,1,0,0,16,37,150,1,1,0,2,1,0,9,0,6,0,0,2,2,3,1,18,0,3,1,11,2,19,8,0,3,0,0,315,3,5,0,0,3,95,7,29,3,0,4,2,3,0,18,1,44,0,1,0,6,0,3,8,0,1,0,5,5,0,152,0,14,5,7,6,3,6,1158,0,0,0,6,488,0,3,0,8,1,2,4,3,20,7,1,1,2,4,9,0,1,5,13,3,0,25,10,108,5,1,30,3,14,80,0,3,0,86,19,0,4,4,7,1,5,17,3,0,6,1,15,12,13,2,9,10,0,24,5,0,2,316,0,16,0,0,0,9,4,5,0,0,1,1,2,0,0,7,1,1,0,1,0,0,1,1,3,2,4,0,6,4,0,0,9,11,0,1,1,4,5,2,2,1,1,1,0,1,0,0,9,10,0,26,74,12,6,1,2,0,31,5,0,2,5,0,3,0,6,0,1,0,21,3,12,0,0,3,0,3,4,8,27,0,29,1,1,5,154,0,1,3,23,56,0,0,0,5,9,7,2,0,2,0,2,8,1,9,0,3,4,0,1,1,0,1,11,2,7,5,2,0,1,0,3,4,1,0,8,14,1,55,4,2,0,347,0,6,0,5,0,0,16,13,177,0,2,0,11,0,1,0,1,4,20,3,41,0,38,0,74,1,7,5,283,0,1,3,2,2,0,28,5,10,168,0,4,2,0,1,2,0,4,4,11,2,4,2,0,1,0,0,0,25,0,5,0,840,0,49,0,7,0,79,1,0,7,0,0,2,5,4,5,1,0,0,1,0,2,1,91,2,3,0,76,0,11,5,1,2,2,1,0,0,0,7,1,6,2,1,0,0,4,0,0,5,5,0,196,373,5,5,0,2,72,0,2,2,7,0,2,22,11,2,0,3,37,2,4,3,3,9,0,0,48,0,0,14,5,202,1,3,1,0,2,1,0,2,0,2,17,0,1,59,8,42,0,0,0,2,0,1,0,51,0,1,5,4,0,1,3,1,3,1,21,9,0,2,0,14,0,1,28,4,0,2,0,6,2,3,2,2,5,5,0,2,0,0,0,0,14,1,8,1,1,4,0,0,5,2,2,0,1,8,6,0,3,1,0,181,0,5,16,1,1,1,0,2,1,0,2,0,9,4,14,1,6,0,1,0,2,2,1,0,8,1,1,0,7,0,7,0,4,1,0,3,0,2,17,9,0,3,2,1,7,0,2,0,0,0,36,0,118,5,4,2,9,0,159,0,124,2,2,0,28,0,0,1,0,2,2,2,42,0,0,4,0,2,0,0,1,0,4,9,0,1,3,7,2,1,0,34,700,13,1,22,10,0,2890,2,1,4,9,172,0,5,0,2,3,0,0,2,3,1,0,2,4,2,0,0,8,0,1,0,63,0,2,1,0,21,180,4,18,1191,2,1,0,0,7,3,0,2,0,2,6,159,2,52,0,1,3,4,1,2,7,0,1,6,3,0,3,0,7,5,0,41,150,1,2,0,1,0,31,7,1,0,29,0,1,1,1,3,5,5,9,0,11,6,0,0,10,0,121,0,7,0,2,2,0,11,0,4,0,5,3,6,2,20,0,5,7,33,4,1,1,0,13,15,9,3,7,0,1,20,4,12,0,0,2,1,0,20,0,0,2,35,136,22,3,2,1,1,1272,1,2,2,0,5,0,2,1,1,3,0,0,10,5,26,0,0,6,3,0,0,0,102,10,0,27,1,0,2,10,6,5,0,12,257,0,8,2,5,1,132,1,20,1,0,1288,0,0,0,0,0,0,118,10,35,25,1,3,1,4,37,16,62,27,1,3,3,2,0,28,2,0,18,179,0,37,3,0,0,30,0,0,0,0,2,6,13,0,6,71,0,0,8,3,0,1,0,51,7,3,16,0,0,0,1,2,14,46,3,0,1,0,6,3,6,1,2,20,1,1,1,0,14,2,0,63,13,0,1,4,0,3,2,4,1,0,7,2,13,2,1,1,8,1,1,9,2,0,0,3,0,4,5,13,0,5,19,2,2,2,8,1,1,1,1,13,2,16,0,14,33,0,3,0,0,5,3,3,1,0,0,0,2,2,1,0,5,6,0,16,4,0,59,0,5,0,0,0,0,0,6,2,0,2,323,28,0,17,2,5,4,19,1,11,2,9,7,1,3,0,39,6,0,6,0,1,356,8,0,12,3,1,47,128,1,0,3,10,1,1,37,0,1,0,5,4,0,4,14,0,4,0,2,0,0,0,1,101,0,12,0,3,4,2,0,0,11,5,0,3,0,2,1,6,0,1,0,224,2,0,5,1,2,5,0,29,4,0,11,7,0,1,0,0,0,7,4,1,0,42,7,1,0,1,0,26,3,3,13,0,5,2,7,2,0,39,0,0,0,0,10,0,0,52,0,2,208,3,0,37,8,2,2,4,23,21,1,1,2,4,9,0,8,0,0,6,0,1,0,8,5,76,4,0,1,3,0,1,21,3,7,2,30,3,85,0,0,0,4,16,0,0,3,16,5,8,0,0,0,0,11,1567,26,0,0,0,16,8,178,83,28,38,0,0,432,0,3,2,0,0,13,1,460,0,2,1,2,0,0,206,3,1,32,4,13,1,12,0,0,2,4,0,0,0,12,0,0,19,5,0,14,0,0,12,2,0,1,0,30,3,1,0,1,1,0,2,16,0,0,0,0,0,0,11,0,34,13,0,0,27,0,3,2,6,0,5,220,2,1,0,0,0,21,392,0,2,4,0,11,21,11,2,3,1,42,0,1,0,2,0,0,130,0,18,4,4,10,3,3,0,9,0,5,0,4,1,0,6,17,0,0,5,9,25,1,1,1,2,0,25,45,3,0,0,0,22,1,0,81,1,2,0,19,0,8,141,0,0,3,0,21,5,0,0,0,0,16,44,0,2,2,3,25,0,1,0,0,108,1,0,0,7,24,5,0,1,2,0,0,0,0,7,0,0,36,0,2,1,0,276,1,4,0,0,0,2,40529,1,0,3,1,1,0,2,23,3,2,2,1,2,1,1,3,0,0,5,0,28,0,8,0,3,0,2,1,0,2,0,0,3,5,15,4,0,2,2,0,0,1,1,57,0,1,1,1,12,3,7,3,2,2,0,1,0,3,0,1,2,22,0,2,0,3,0,13,15,8,0,0,0,2,28,0,17,55,6,364,0,0,3,0,1,0,27,3,5,19,0,2,1,2,91,2,0,0,2,0,5,58,2,0,7,1,10,0,1,0,0,0,3,0,4,7,27,105,6,98,34,6,0,0,0,5,0,13,1,0,0,0,0,0,6,0,0,2,0,4,0,1,3,0,0,102,2,3,3,25,5,0,2,6,263,17,1,2,7,5,6,9,0,0,0,5,3,6,2,0,0,1,3,0,0,3,0,2,0,0,16,2,1,1,1,0,475,42,3,0,1,3,7,1,0,0,15,14,1,6,8,1,31,319,1,131,493,1,13,7634,1,0,0,0,3,0,0,1,21,0,3,1,0,0,0,0,26,0,0,25,3,0,15,1,12,27,0,2,6,4,0,0,2,3,0,10,0,1,1,38,1,6,0,1,7,0,2,1,0,0,4,1,0,1,0,14,3,2,4,11,21,1,6,0,11,2,19,8,2,9,7,0,3,0,0,2,0,8,0,4,3,3,1,0,1,0,0,10,0,11,0,3,2,18,1,0,11,9,4,9,2,0,1,0,1,0,3,3,2,15,5,7,2,13,7,2,24,7,3,0,21,27486,1,14,1,3,32,0,1,0,41,3,15,8,1,0,200,4,1,0,182,5,0,0,71,0,0,1,1,0,3,1,2,1,5,5,6,0,0,2,9,0,1,0,0,0,0,0,1,1,0,2,2350,3,0,0,4,2,38,0,4,1,8,0,3,10,0,0,2,3,30,0,0,0,6,4,0,8,22,3,8,6,0,0,0,16,2,2,1,6,3,3,0,1,2,0,4,0,0,0,2,5,2,0,0,4,1,0,0,1,263,7,18,5,4,15,0,1,0,0,0,1,2,2,1,2,2,8,6,2,0,2,0,2,2,2,4,0,1,0,0,1,2,0,1,48,0,3,0,0,0,23,2,24,0,1,1,2,0,196,56,1,0,1,1,123,4,1,7,698,1,2,1,2,1,16,0,2,2,154,0,0,5,1,0,0,0,16,0,118,0,56,1,0,1,14,1,21,3,18,11,2,8,1,8,2,38,6,29,2,3,8,3,22,1,2,2,3,18,2,8,0,0,6,3,0,0,0,0,1,2,1,2,52,0,3,4,0,0,11,2,42,7,5,6,0,27,4,1,0,1,1,0,1,0,13,5,5,14,202,1,29,346,1,0,36,0,22,0,14,0,6,1,0,100,3,0,1,19,3,0,2,20,3,0,40,0,3,0,2,0,0,10,8,40,1,0,0,0,7,0,1,5,3,3,0,0,4,0,23,0,25,1,3,35,2,3,2,8,6,37,1,15,0,0,5,32,3,4,7,3,0,0,0,112,0,0,6,0,1,28,0,3,0,82,3,44,0,21,2,0,0,15,2,0,28,5,0,2,2,5,0,19,0,18,2,0,4,0,3,7,2,0,0,55,0,15,1,4,1,0,2,1,3,0,0,2,6,1,0,2,4,3,2,0,10,19,0,7,4,20,37,0,70,22,1,0,1,4,0,0,46,6,3,2,1,0,10,0,4,3,0,0,0,4,712,0,2,10,9,2,1,145,2,6,0,4,0,0,50,0,26,0,1,2,2,6,0,1,0,1,1,0,13,14,2,20,0,2,0,3,1,1,0,0,1,7,7,0,1,21,3,1,9,6,18,1,4,3,58,15,12,4,20,2,0,22,1,2,0,0,12,2,21,0,3,4,0,6,0,3,0,1,0,2,8,3,6,8,10,3,11,0,0,32,204,14,0,0,2,46,0,13,11,16,107,5,4,5,0,36,24,1,2,22,3,1,15,1,1,79,0,0,1,0,12,53,0,2,21,4,7,7,4,7,2,30,23,1,0,4,1,23,2,0,5,0,4,69,2,4,3,0,0,7,1,1,8,21,15,1,19,4,18,1,0,1,0,0,0,2,679,0,1,0,19,5,28,0,25,4,0,3,1,4,6,5,1,3,3,0,7,7,0,0,1598,1,0,9,0,1,3,20,9,0,0,0,0,32,0,3,1,0,1,67,2,0,5,0,0,10,31,0,10,0,1,7,8,1,0,0,11,3,4,0,0,7,0,2,11,1,1,0,4,20,2,3,13,15,0,2,1,1,0,0,0,0,0,1,7,1,16,1,1,0,1,1,1,7,9,1,4,0,0,1,0,1,11,1,71,0,0,6,2,0,0,4,31,19,0,2,1,8,2,0,0,1,6,35,21,0,1,0,7,3,2,0,12,2,0,0,8,1,0,0,0,3,39,0,1,12,105,3,34,21,0,13,0,0,2,10,0,2,0,0,2,2,0,0,3,2,14,0,1,4,0,0,1,73,1,1,12,0,6,0,6,0,2,0,1,0,1,0,50,6,13,2,0,3,0,6,2,0,1,1,1,2,14,0,18,0,1,5,0,1,2,10,12,2,0,4,2,0,6,7,8,1,15,33,4,1,3,1,0,1,0,1,1,37,7,17,3,0,1,1,0,1,8,0,18,292,1,0,6,4,0,0,8,6,0,0,2,1,1,197,56,0,5,2,1,2,1,76,0,253,0,1,0,2,25,0,1,0,0,4,11,1,0,5,8,1,0,0,0,2,7,1,0,0,0,2,0,0,0,601,752,17,2,4,0,1,0,0,13,66,1,2,1,1,3,104,0,2,34,23,1,1,66,3,6,5,1,0,1,2,2,2,1,4,3,0,0,3,0,90,0,3,0,4,1,2,0,5,6,1,0,63,1,10,1,3,5,2,2,0,0,1,18,173,0,0,1,5,1,0,0,2,5,12,0,0,0,3,0,3,133,0,1980,1,2,530,10,4,1,1,0,14,0,0,3,0,4,69,11,1,2,8,3,0,5,0,1,4,1,0,16,5,0,0,5,0,1,6,2,1,3,11,3,0,4,10,183,0,0,3,2,1,7,23,5,1,5,0,0,2413,2,7,0,0,0,25,0,0,0,0,2,5,3,14,1,1,4,3,62,5,0,0,0,0,130,5,9,2,0,0,0,1,67,4,2,0,1,0,12,91,0,20,0,0,2,0,3,78,0,1,14,0,1,1,0,0,0,1,0,1,10,0,0,5,154,1,0,1,1,6,3,17,0,1,1,0,0,0,1,2,0,0,0,15,0,0,5,0,0,0,10,5,0,0,5,3,15,27,1,1,1,4,0,2,11,36,7,0,0,5,0,9,0,0,0,8,0,5,1,0,3,0,1,1,7,0,1,4,5,4,0,8,0,5,6,20,0,3,0,6,0,6,151,0,0,1,0,0,1,2,1,1,11,0,22,0,7,3,23,5,2,2,18,4,12,9,33,0,7,0,0,5,1,1,8,6,0,1,3,0,1,0,0,1,3,1,613,0,7,10,1,3,0,4,1,19,8,1,1,46,47,0,5,1,1,2,13,0,1,0,0,101,2,1,0,0,1,1,0,31,1,2,0,0,1,2,167,0,3,2,3,0,26,0,0,23,0,10,0,0,0,1,0,1,1,0,8,0,3,4,1,5,2,17,1,1,2,10,86,140,0,2,183,0,1,11,4,5928,38,1,2,1,0,0,0,3,0,61,0,1,4,4,9,4,1,3,0,3,0,15,103,0,9,0,9,0,3,8,11,0,1,18,3,0,1,3,6,2,6,86,77,6,0,1,34,4,122,0,3,0,12,35,1,5,3,554,0,1,7,3,0,2,25,17,0,0,10,1,1,0,0,4,0,3,8,4,15,31,1,1,1,17,10,1,2,10,5,0,4,9,0,7,16,35,526,3,0,0,2,2,3,0,0,1,0,2,0,0,1,9,0,45,2,0,0,2,0,0,1,1,15,0,2,0,4,34,5,26,1,0,2,1,2,17,5,3,1,2,3,2,2,3,0,2,0,1,1,3,0,3,1,1,0,2,3,0,0,5,5,1,1,0,17,0,0,0,2,0,3,0,6,0,2,0,0,2,1,4,0,1,5,12,0,1,1,2,0,74,1,0,0,1,7,2,3,1,1,0,0,2,21,0,0,10,3,14,0,0,322,3,7,188,1,0,2,0,2,15,0,85,9,9,0,6,0,0,17,1,39,0,0,4,153,926,0,8,1,23,0,14,2,6,1,14,20,5,3,0,8,2,10,30,0,0,2,0,5,2,0,3,1,0,1,13,25,3,125,0,3,1,0,1,12,0,2,3,0,1,3,2,11,11,4,3,9,28,0,1,7,0,7,1,23,0,1,0,1,18,0,30,47,6,1,3,20,3,3,0,2,6,3,0,3,2,0,12,8,2,2,8,5,46,16,0,0,0,1,0,3,2,9,2,0,0,6,1,64,2,4,8,1,6,0,2,27,1,0,10,21,14,0,5,2,0,16,6,4,4,9,9,4,1,0,0,0,0,1,1,3,0,4,1,3,7,14,22,0,0,15,4,0,2,7,81,0,2,1,1,220,9,0,2,1,0,1,18,0,1,1,10,0,2,38,0,0,0,0,11,5,2,5,3,0,0,5,36,0,0,1,1,0,0,4,6,19,2,8,1,77,14,0,6,1,1,0,136,0,9,5,34,8,9,17,3,1,9,2,0,4,6,0,0,1,9,18,0,2,0,4,1,1,11,0,0,1,3,378,13,2,6,5,1,0,2,1,0,0,20,0,2,0,0,0,2,0,0,1,2,8,4,0,1,0,22,0,1,1,75,133,1,1,0,0,2,2,0,3,12,6,8,0,10,6,9,1,0,1,2,0,2,1,4,0,1,0,1,0,0,30,4,1,1,2,3,518,97,2,0,16,6,0,6,0,4,4,4,5,2,4,0,216,5,101,0,70,0,0,13,0,0,2,0,8,2,3,12,2,3,6,2,15,2,48,10,22,0,7,4,11,2,41,5,49,0,0,14,5,2,2,6,0,3,7,3,4,3,0,20,1,0,3,1,19,0,4,0,1,2,6,13,1,0,1,4,4,1,0,3,4,0,35,0,2,6,1,342,1,3,3,2,0,6,4,5,16,10,0,0,6,1,0,6,0,0,3,0,7,12,18,0,0,0,8,0,18,0,4,1,1,21,0,1,2,2,29,3,0,2,2,2,3,3,11,1,6,99,0,12,8,0,3,80,1,2,1,1,0,21,0,0,3,1,4,0,14,0,6,0,3,0,1,0,2,2,4,1,0,8,3,5,3,5,4,11,1,0,0,0,0,133,1,4,0,1,1,21,0,4,2,4,2,0,2,4,61,2,0,0,0,14,0,0,8,15,37,3,3,0,0,0,1,13,4,0,8,0,1,0,1,143,0,26,0,1,10,3,1,0,1,0,1,0,4,1,585,0,11,1,0,1,0,4,0,0,0,4,0,1,25,8,2,37,3,48,5,7,2,1,0,0,22,1,13,6,0,2898,0,0,3,0,2,0,25,0,2,0,6,2,1,1,1,1,2,0,1,0,5,3,0,1,20,4,3,0,0,0,1,5,3,6,3,9,0,0,23,0,0,1,24,1,2,8,3,3,17,5,0,5,1,0,3,27,3,8,0,0,0,3,0,5,0,0,0,4480,1,0,0,3,0,20,5,3,8,3,5,0,0,0,0,0,2,1,16,6,2,354,2,6,0,1,0,1,31,50,0,0,9,10,16,16,12,3,7,2,1,3,12,4,0,1,3,22,4,0,0,1,0,0,0,2,5,0,80,0,452,3,0,0,3,122,26,6,5,3,0,1,2,0,1,9,2,42,56,0,0,24,7,0,3,4,1,1,7,0,0,2,0,10,0,5,0,3,0,12,0,0,2,0,1,0,2,0,66,0,0,6,1,0,0,0,2,2,0,0,0,0,1,0,14,0,0,11,2,14,3,11,1,3,32,10,11,1,113,0,0,1,5,0,0,12,5,0,2,7,8,3,0,0,11,3,0,0,0,2,2,51,0,1,0,19,0,0,10,3,0,0,4,1,195,0,8,0,1,37,22,1,5,2,1,0,1,1,3,4,95,0,1,0,32,64,0,1,1,0,0,0,3,0,1,5,0,2,82,260,0,3,0,1,189,12,2,0,1,0,2,7,3,113,3,0,0,6,0,9,0,0,0,0,12,4,0,2,1,1,0,0,0,0,19,21,5,12,1,12,11,38,1,9,5,3,0,53,3,0,797,2,1,1,2,86,6,4,0,0,0,1,32,0,0,1,4,0,6,71,1,0,2,0,0,10,0,12,0,0,0,34,1,2,1,5,0,0,114,0,11,5,0,10,3,25,0,6,0,3,2,2,1,0,0,1,0,1,2,3,2,0,0,1,0,22,0,3,1,0,5,38,0,2,11,2,8,1,0,6,2,0,1,10,0,4,2,2,2,8,2,40,4,0,1,38,1,0,31,6,15,3,1,0,144,4,0,1,4,3,2,3,7,15,15,0,6,0,8,31,0,0,1456,2,29,1,1,0,0,0,46,7,0,3,5,20,1,4,3,1,22,0,0,6,2,0,7,1,3,14,1,0,529,0,6,3,0,3,0,0,0,0,3,1,1,2,0,5,17,13,10,0,1,0,5,8,18,0,0,0,0,35,14,8,101,3,0,19,1,1,0,8,1,3,1,5,4,39,0,2,14,1,9,171,0,10,5,0,28,1,4,0,0,1,3,18,3,0,0,3,1,30,1,7,1,50,0,0,0,1,0,0,0,5,6,2,2,0,2,106,0,0,3,5,6,1,0,0,0,2,0,13,0,8,1,0,3,99,3,7,0,0,5,0,1,0,1,1,4,3,10,30,1,6,0,19,35,1,0,1,0,1,0,0,0,0,2,27,62,1,10,1,4,1,0,0,0,1,53,0,0,39,1,0,4,0,5,1,0,3,6,1,1,14,0,3,15,3,6,0,10,7,7,11,3,9,0,0,0,3,9,0,5,2,2,6,0,0,7,4,2,0,2,1,0,3,0,4,1,5,1,0,1,7,4,4,1,3,2,7,3,1,9,0,1,4,0,0,0,0,10,0,0,32,1,1,0,5,1,5,1,4,1,0,3,82,1,7,1,0,0,20,1,0,0,0,12,6,18,4,170,0,0,8,4,0,2,0,0,2,0,0,0,13,1,0,1,471,0,20,3,3,3,1,4,0,3,18,0,0,13,5,0,4,2,0,3,0,0,0,1,1,0,19,9178,0,0,7,13,6,1,0,1,173,0,0,1,68,17,1,6,1,3,6,0,0,104,9,3,0,2,0,9,0,7,5,1,1,8,3,0,1,0,0,15,6,1,8,0,1,0,0,0,19,2,0,0,2,8,0,0,4,0,27,2,0,0,1,0,17,3,0,0,3,0,16,25,1,4,2,4,5,0,0,20,2,7,0,5,4,3,38,0,3,0,5,0,8,1,4,2,0,1,1,2,0,20,0,1,0,13,4,4,4,0,6,0,2,249,0,1,0,0,10,5,5,11,3,26,3,0,63,3,9,1,1,32,12699,0,772,6763,31,135,2,1,14,32,50,10,0,0,3,2,0,0,2,26,13,0,1,7,18,1,0,2,1,12,193,2,1,1,1,28,5,0,4,8,0,5,0,15,2,8,3,30,0,7,0,3,0,8,11,0,23,0,50,12,0,0,1,1,18,14,288,7,656,0,5,83,1,0,0,1,0,6,2,0,0,1,2,75,0,1,3,1,1,0,120,1,33,4,0,4,4,2,140,8,3,12,0,3,0,0,21,1,0,2,0,5,19,4,1,0,1,8,1,4,32,1,0,1,7,0,4,0,0,11,3,1,13,0,0,0,3,42,2,9,9,1,415,178,0,11,8,0,1,3,7,0,0,0,9,8,2,0,2,1,4,14,0,1,2,1,0,0,3,0,0,2,1,1,27,0,4,0,3,0,1,102,4,1,0,1,6,0,0,2,0,74,4,0,0,8,2,33,0,0,0,6,2,6,126,0,53,3,1,0,8,3,2,8,1,1,0,0,0,1,11,0,0,1,13,10,1,4,36,12,0,0,5,0,1,5,2,0,18,1,3,14,0,1,15,3,254,0,18,75,5,1,9,0,0,2,3,1,1,0,16,6,2,0,11,9,1,9,0,14,0,1,3,0,4,2,2,29,0,0,3,6,2,744,1,1,1,9,1,12,14,3,15,3,24,6,1,0,1,0,4,5,33,4,5,0,0,2,9,42,1,28,23,0,5,33,0,1,0,0,1,0,3,10,0,23,0,0,4,2,10,5,0,1,69,0,8,2,106,0,0,5,4,3,42,11,0,2,236,0,3,1,1,8,0,5,0,25,0,4,0,2,2,29,2,0,9,1,0,0,120,1,3,0,1,1,8,4,25626,2,2,0,1,3,0,22,1,55,1,3,0,0,3,1,85,28,8,11,0,0,1,209,227,4,7,386,17,1,3,24,17,1,0,20,0,6,15,0,4,11,6,2,7,1,5,1,2,1,90,3,121,1,58,2,1,1,14,0,3,3,6,1,0,1,0,0,0,0,0,0,0,5,42,7,0,0,0,6,0,2,2,0,0,0,4,0,0,1,3,5,29,3,9,16,4,0,13,1,0,12,2,3,0,7,337,0,1,2,6,0,33,10,0,2,0,1,0,19,2,1,0,0,1,6,3,2,14,0,29,2,0,0,1,2,5,0,2,0,0,1,0,19,6,1,1,4,1,2,4,3,0,2,3,3,2,0,1,4,6,0,0,0,1,0,0,10,13,8,14,1,2,6,1,0,1,14,3,0,7,0,11,4,0,0,3,0,0,0,0,0,20,1,0,6,2,1,0,5,9,0,1,0,0,0,13,4,42,0,0,3,17,0,1,0,4,0,5,70,1,0,0,0,0,11,1,2,4,0,1,0,0,4,3,8,4,0,11,4,7,0,6,1,3,3,3,7,0,0,14,0,5,7,11,1,3,2,4,5,0,0,1,2,0,6,3,1,1,4,25,0,11,2,4,0,0,0,0,1,0,1,0,16,1,27,1,2,27,13,6,2,79,2,51,2,0,4442,0,6,0,1,2,11,3,1,9,2,9,2,4,198,1,3,2,0,6,3,6,2,4,4,2,76,83,2,160,33,4,6,3,2,0,15,0,7,5,0,0,0,2,0,2,0,1,0,0,0,3,1,2,3,7,1,19,38,0,0,6,0,0,138,4,14,91,65,0,1,4,1,0,38,0,2,0,0,0,2,7,5,0,1,2,5,36,0,0,0,113,0,9,8,15,18,0,2,9,19,92,0,3,1,2,0,0,0,0,6,0,1,0,0,7,2,0,0,1,1,0,7,11,0,4,3,5,1,0,6,6,4,23,0,1,1,0,3,2,2,5,0,1,1,3,2,3,0,0,1,0,1,1,0,4,0,0,3,0,2,3,0,0,7,928,1,4,3,0,0,5,0,1294,0,19,2,0,0,5,0,2,0,0,0,14,8,3,114,1,9,1,97,11,15,3,0,3,6,2,4,0,9,3,0,7,11,5,69,53,1,1,0,1,2,0,1,0,8,0,0,13,0,28,0,0,10,0,20,412,6136,0,5,71,5,6,1,6,6,2,18,11,9,14,4,18,3,0,24,0,0,1,2,6,13,5,2,16,1,0,1,18,0,3,1,0,1,8,3,23,0,1,0,9,1,0,1,4,2,12,0,2,2,27,4,0,0,5,16,0,0,4,5,0,0,5,1,6,2,4,0,1,4,67,0,1,0,0,4,0,3,1,2,4,0,0,309,0,18,1,0,6,2,2,0,19,0,0,0,0,10,2,7,9,4,2,8,0,1,2,5,0,0,3,1,2,2,0,2,23,3,0,0,4,0,4,0,33,1,1,1,8,1,3,0,0,0,0,0,0,5,4,0,3,2,0,37,0,2,9,2,1,1,19,64,11,0,0,0,15,0,0,4,0,27,0,1,20,0,0,21,4,63,1,31,4,0,0,2,0,0,3,5,37,0,1,37,1,11,8,7,0,61,1,1,4,10,0,0,0,0,1,0,2,2,0,11,1,0,3,1,17,0,18,0,5,2,7,7,8,0,0,0,1,2,56,9,4,4,4,3,0,1,95,1,0,0,0,0,0,1,4,1,5,19,259,0,0,5,1,3,0,0,5,7,11,0,5,0,0,4,4,0,2,8,2,80,4,3,1,4,0,0,0,0,1,0,0,13,3,3,0,1,39,0,3,1,1,0,0,2,0,4,5,14,1,0,7,8,1,0,0,0,0,4,0,1,27,4,0,6,62,14,0,2,42,10,3,0,259,2,58,1,0,5,2,10,1,0,1,11,0,3,1,0,0,1,14,33,2,28,13,0,2,0,3,0,17,3,6,7,2,0,2,4,31,0,1,3,0,0,4,0,0,7,3,4,0,70,87,7,2,5,13,3,1,17,0,3,4,0,13,6,3,0,0,0,3,0,1,1,2,9,0,0,0,1,1,87,2,3,56,2,5,1,0,0,1,1,1,9,2,3,4,9,2,34,2,3,1,2,0,0,0,0,6,0,0,0,3,0,7,9,2,25,0,25066,12,8,3,1,1,1,0,13,13,1,41,1,20,0,0,1,0,46,2,11,4,19,7,0,8,9,4,5,1,3,4,26,1,0,0,0,10,2,5,173,359,1,31,0,5,48,0,437,0,0,0,3,2,0,4,0,39,16,2,0,3,0,184,0,0,0,1,2,18,0,17,10,0,3,3,0,8,9,48,8,1,1,13,1,20,1,0,0,66,145,310,0,36,4,0,5,0,3,2,2,0,7,9,3,1,1,7,531,5,0,2,2,8,5,0,4,14,0,0,3,5,0,0,5,0,1,2,0,133,5,46,0,32,1,3,3,2807,9,1,0,7,0,24,3,119,7,649,6,62,3,0,0,0,3,0,6,8,0,71,1,0,0,3,10,8,10,3,2,0,3,6,3,1,0,7,1,4,5,8,4,2,0,26,1,0,0,0,0,9,1,0,0,0,4,4,0,1,14,1,6,0,4,5,0,276,2,4,0,2,1,4,4,2,2,7,0,2,9,7,5,1,1,4,2,0,16,0,0,0,1,4,1,2,4,19,0,0,1,0,3,2,3,5,0,0,2,1,3,0,2,0,6,4,0,7,0,8,0,1,3,4,1,2,0,2,2,9,1,4,1,0,0,27,3,1,0,14,1,0,1,5,2,3,2,0,5,2825,6,19,1,1,0,0,1,1,8,1,2,1,0,4,4,48,0,1,7,10,0,10,2,9,4,3,9,11,1,0,1,1,0,0,0,4,2,0,2,0,5,3,3,27,2,1,1,2,4,0,0,0,0,5,2,178,1,1,0,1,9,22,1,9,1,7,1,0,4,4,12,5,5,1,7,2,199,4,1,2,0,1,0,2,1,8,2,2,35,1,6,9,10,0,2,0,18,2,6,0,0,3,3,2,5,1,0,1,0,1,20,1,0,0,0,29,57,0,3,134,2,0,1,5,12,19,0,5,0,7,0,0,0,0,6,9,8,1,0,1,5,0,3,3,180,0,1,0,1,3,24,3,2,1,2,4,0,0,3,0,1,1,0,0,27,372,5,4,0,12,2,13,12,21,0,0,0,19,2,0,0,3,0,0,6,7,1,0,5,133,2,14,2,3,5,1,6,0,2,1,1,5,16,1,3,41,3,2,4,0,3,1,57,0,1,1,69,1,31,1,3,6,0,1,0,1,2,2,0,45,1,0,3,5,6,6,9,3,1,0,1,8,1,7,4,4,0,54,3,5,0,3,1,0,9,0,0,3,1,6,0,0,0,1,2,0,2,1,6,1,0,0,14,229,31,1,1,6,0,4,3,0,13064,0,0,9,0,6,238,1,2,0,5,1,0,2,1,5,3,0,0,209,9,48,3,0,12,27619,2,7,16,0,9,0,4,1,9,0,1,31,1,0,1,19,1,7,3,0,1,9,1,0,3,0,6,35,10,30,3,3,1,0,0,3,0,3,0,78,0,4,6,4,22,1,14,0,0,2,17,1,1,1,0,1,0,4,2,8,6,2,0,478,12,0,4,5,0,0,0,0,0,2,14,0,12,1,3,8,0,277,9,8,2,0,1,0,3,1,13,3,1,1,0,0,0,0,12,0,1,1,5,328,19,0,6,1,2,2,1,1,9,0,0,1,0,4,1,0,6,0,3,0,11,35,0,12,733,45,3,0,38,6,0,4,5,0,63,0,1,0,0,0,0,7,0,68,103,1,7,19,3,6,0,0,0,0,2,53,3,1,0,0,2,4,106,8,9,3,1,1,74,0,0,1,4,2,0,1,20,3,1,4,1,6,10,0,3,0,0,1,3,26,1,5,0,0,1,5,15,0,1,0,16,9,3,34,0,0,24,0,3,158,3,3,3,2,0,2,4,0,858,4,0,2,9,2,1,1,0,1,5,0,0,55,1,8,37,31,1,0,0,0,5,0,3,2,0,12,0,1,0,28,0,0,0,6,5,1,0,0,2,0,4,2,6,2,0,3,10,3,1,80,4,1,15,3,3,3,0,3,1,18,23733,1,2,2,2,0,15,4,0,288,0,1,33,4,5,1,102,5,0,14,47,1,0,10,183,4,0,12,0,205,0,6,6,9,2,2,2,7,4,3,0,1,0,6,5,9,2,1,0,6,3,2,2,17,1,61,1,8,3,5,1,0,0,4,4,11,0,31,2,1,1,0,0,0,0,13,19,0,1,9,1,3,92,10,0,4,1,0,5,1,0,3,0,1,0,0,4,1,0,2,8,1,1,13,0,6,54,0,1,1,1,0,6,0,6,0,14,1,4,0,2,1,0,2,2,16,18,45,4,1,72,1,0,0,4,4,1,1,9,3,0,2,1,3,20,0,14,0,0,6,11,13,5,0,1,2,1,0,7,0,0,0,5,3,2,1,2,1,17,0,3,22,3,70,2,0,0,1,0,1,4,9,0,1,3,1,131,0,0,0,3,35,1,1,3,0,1,0,3,8,1,0,0,134,49,2,264,0,0,14,1,33,1,2,2,0,230,17,1,1,33,0,12,2,41,13,4,1,2,2,0,0,219,4170,4,3,3,1,1,0,0,2,0,12,0,0,0,1,5,0,5,7,15,0,1,7,1,1,0,12,62,0,187,8,5,0,56,0,0,0,2,0,0,40,9,2,0,3,3,3,7,1,0,1,0,1,61,0,8,1,1,7,1,0,62,0,1981,4,0,7,3,0,0,0,1,4,0,94,2,4,5,2,2,1,0,10,1470,14,37,0,0,3,14,0,1,4,1,0,2,0,2,4,1,0,0,0,14,5,0,1,20,0,2,1,1,252,5,11,0,0,25,18,0,37,11,5,41,7,14,4,0,0,10,36,14,0,0,12,67,4,5,1,4,4,2,0,2,0,44,120,2,3,1,0,8,10,0,0,0,0,36,2,26,4,15,0,1,0,7,4,217,60,0,12,8,0,0,1,0,0,0,0,8,3,0,0,17,2,5,4,0,12,2,6,3,4,0,0,6,1,30,0,1,4,2,0,8,51,1,2,2,0,7,8,1,1,2,0,0,3,1,1,257,5,0,0,0,9,15,0,4056,1,21,62,1,1,0,0,1,1,11,5,0,4,0,0,2,0,1,5,1,630,3,2,4,0,10,0,0,338,0,1,2,0,0,0,88,3,5,57,0,3,0,4,1,0,0,470,0,4,0,0,8,2,0,2,3,2,4,0,236,9,0,0,3,17,1,1,1,1,0,53,0,1,1304,0,2,13,1,0,0,0,1,0,133,1,10,0,0,0,5,0,46,2,3,3,0,0,4,0,1,67,4,0,10,0,55,1,0,4,0,1,0,0,0,7,0,8,9,0,0,5,7,0,0,2,0,2,1,1,0,24,45,0,102,0,1,0,4,0,2,5,31,0,2,0,12,2,150,23,2,18,8,0,26,373,3,0,1,0,34,0,7,0,0,2,0,114,1,0,157,0,4,14,0,16,2,9,17,2,1,8,3,0,1,0,12,0,16,5,0,8,2,3,4,34,2,1,0,9,1,0,280,37,1,1,35,3,3,441,52,3,6,3,7,0,0,4,3,18,0,8,6,0,19,4,36,22,0,2,25,27,7,0,0,0,1,27,2,30,9,1,52,1,3,7,0,2,0,0,0,10,7,1,0,5,0,3,10,5,16,1,1,0,0,2,2,21,1,2,0,0,9,0,0,67,3,0,2,3,1,1,125,0,2,333,0,33,1,0,3,1,30,0,1,0,3,0,0,1,11,3,0,0,5,94,79,0,1,0,3,3,0,4,11,11,41,1,34,17,1,0,1,2,1,6,0,1,369,17,0,2,165,0,3,4,7,2,27,0,0,3,0,0,0,1,0,0,3,9,0,15,0,55,0,0,65,0,0,0,8,0,0,0,2,1,0,0,0,68,5,0,2,1,2,1,5,3,12,2,2,1,1,9,0,0,1,8,1,0,1,3,3,0,0,0,0,1,14,14,0,4,9,156,7,2,18,0,1,1,0,6,1,11,16,0,8,1,16,5,8,2,43,26,1,31,0,1,688,1,138,0,1,9,6,1,1,0,0,6,1,68,6,1,32,8,0,0,1,0,0,1,0,0,0,4,0,14,1,0,199,0,5,0,7,0,3,1,3,2,4,0,0,121,0,3,0,1,6,6,0,1,0,1,0,122,1,0,3,0,12,3,3,31,4,4,1,1,1,3,0,14,7,2,0,8,0,0,1,1,7,3,7,2,0,0,11,8,0,14,0,6,5,5440,0,6,8,3,30,13,0,81,21,2,7,0,27,2,2,0,0,4,0,21,1,21,4,0,14,0,0,0,3,0,4,0,0,20,0,5,19,0,0,2,2,5,3,0,17,8,0,37,1,3,27,1,1,0,16,2,1,2,0,2,1,0,1,1,1,0,84,49,417,1,1,98,2,15,1,0,0,9,4,6,14,0,0,11,0,0,2,172,1,4,3,2,9,2,0,0,0,5,0,0,23,0,0,2,8,0,0,0,0,1,0,2,0,1,3,5,1,2,3,4,0,2,0,2,0,1,0,1,1,21,0,21,0,55,0,2,7,7,0,6,1,0,3,0,4,0,3,29,0,0,16,7,0,3,6,1,0,1,1467,0,4,3,2,1,1,12,15939,5,1,3,17,2,0,0,6,0,7,1,0,3,0,5,40,9,20,3,4,0,1,0,0,0,0,0,0,402,0,1,24,1,9,0,3,9,0,19,1,0,0,3,0,11,0,2,4,2,0,0,3,1,5,0,0,9,302,0,5,0,0,14,0,258,1,6,6,9,0,5,1,1,2,0,8,14,2,0,6,9,2,0,0,0,111,0,1,0,1,0,0,109,0,2,2,0,10,11,1,48,0,0,0,68,27,17,1,83,2,16,54,16,32,3,1,8,0,0,6,0,4,2,1,1,4,0,2,14,22,0,618,0,5,0,0,3,8,3,54,7,1,27,0,1,83,2,7,3,0,3,3,4,0,1,3,3,64,8,2,10,1,0,3,0,9,2,7,8,0,1,1,1,13,0,3,0,0,5,2,2,0,0,0,1,0,0,15,2,0,1,2184,2,1,0,2,3,0,0,12,0,5,1,3,3,2,0,4,7,0,7,1,0,9,2,0,12,4,21,0,18,4,0,0,0,0,143,1,0,0,4,1,11,4,0,3,425,0,9,18,4,2,13,0,0,1,2,1,0,1,0,1,0,4,3,0,0,0,1,1,17,10,2,1,12,0,16,0,0,0,0,2,2,0,22,7,0,0,0,29,1,2,0,2,24,1,0,5,29,0,18,1,29,0,0,6,11,33,2,23,0,0,12,0,0,4,8,9,52,0,2,34,4,0,1,4,0,55,0,0,7,236,636,0,15,1,1,0,0,3,9,1,1,0,2,324,1,1,2,4,2,9,0,1,1,0,0,3,12,3,0,17,0,6,0,7,1,3,0,4,8,4,1,117,1,18,1,1,0,0,5,3,1,8,0,1,2,2,0,14,1,0,0,5,127,0,0,0,0,2,0,17,5,4,7,9,2,5,2,9,9,7,12,12,53,0,1,46,0,2,3,11,0,30,0,39,2,1,15,8,4,70,2,0,5,1,0,0,0,11,0,1,8,9,3,1,8,3,0,33,129,0,6,10,6,0,0,0,11,3,2,1,5,5,12,4,5,0,10,8,5,2,0,2,1,31,0,17,2,0,5,0,41,5,1,1,4,12,0,24,0,1,2,7,3,12,0,0,1818,0,0,0,5,0,4,8,9,0,2,0,13,1,0,1,1314,28,0,7,0,3,7,1,0,4,7,3,31,2,0,15,1,1,54,11,1,0,16,9,3,0,9,200,3,1,1,8,4,13,1,3,0,1,0,9,3,6,1,0,5,0,0,4,0,5,0,6,4,1,0,0,1,2,25210,4,0,7,4,3,9,17,3,2,0,3,0,5,9,1,0,0,8,1,0,9,0,1,6,95,0,3,52,0,6,0,147,0,1,0,2,1,2,3,2,0,0,23,1,6,38,10,41,1,0,1,0,4,1,0,0,5,1,3,0,0,3,3,0,0,7,3,12,0,3,1,9,0,7,0,1,1814,0,25,0,65,1,9,3,3,5,1,22,0,0,3,35,0,5,3,3,3,4,3,1,5,6,20,1,4,9,8,182,0,2,1,1,7,16,3,1,0,2,9,9,1,0,4,50,1,4,32,0,4,0,0,9,2,0,2,0,2,7,2,3,3,2,2,0,0,2,0,2,3,2,1,0,0,8,7,16,6,1,16,22,1,0,1,2,2,79,0,0,3,0,45,1,1,1,8,7,0,13,0,10,1,17,4,0,1,1,6,0,6,0,1,0,0,0,5,0,15,3,0,13,2,0,1,0,7537,0,3,1,0,0,84,0,9,0,12,0,0,1,0,1,1,0,24,4,0,459,3,14,1459,46,1,7,0,1,3,1,83,0,0,0,0,184,1,0,13,6,6,0,2,1,0,15,0,2,0,4,0,0,0,1,6,1,11,1,0,4,6,3,3,4,2,2,2,4,29,0,1,2,61,0,0,4,0,0,1,4,4,0,69,4,26,2,7926,1,1,2,0,21,128,7,1,0,18,27,0,32,2,110,0,1,0,2,1,1,14,1,11,2,2,1,1,4,3,9,1,5,5,5,33,14,1,0,32,1,2,7,2,9,6,0,7,3,0,10,3,1,0,2,36,1,3,24,0,2,1,4,13,2,0,0,0,0,38,26,3,1,20,5,4,2,9,1,8,0,2,1,2,9,0,11,0,0,0,0,0,8,4,0,3,7,20,0,1,6,0,0,3,3,19,2,3,0,3,33,2,3,1,2,1,0,1,6,5,18,2,0,0,0,5,15,3,17,0,1,0,0,0,3,2,0,23,18,4,1429,2,1,0,31,40,4,0,2,6,3,0,15,11,1,0,0,0,0,11,0,3,2,3,1,1,15,44,4,1,1,6,1,1,9,10,1,14,15,0,6,2,0,12,1,2,0,0,26,0,0,0,191,1,7,2,8,0,5,3,0,64,0,0,0,1,4,14,5,4,3,0,2,2,0,0,0,8,0,107,0,2,0,0,12,4,10,4,0,12,14,9,0,0,5,0,0,1988,2,6,2,7,3,19,0,6,468,6,1,0,0,210,5,2,2,1,2,2,1,2,0,0,3,4,1,4,17,1,47,1,1,4,3,1,1,1,3,1,2,8,0,3,1,4,17,0,1393,0,1,11,0,0,1,5,1,0,8,4,0,3,0,0,5,0,3,0,2,0,5,1,0,5,1,0,1,0,2,2,1,4,1,1,1,1,2,0,3,2,4,90,0,1,20,2,10,1,8,7,17,3,7,1,2,0,0,4,20,0,7,3,0,0,1,2,63,0,8,1,2,2,75,0,1,3,4,2,18,1,0,0,191,18,0,48,5,8,1,0,4,1,0,1,1,0,0,0,0,0,0,3,9,0,22,0,0,2,0,3,122,2,0,0,47,0,118,1,0,1,1,1,1,0,101,2,1,1,10,12,0,8,7,0,6,81,21,4,2,0,0,0,62,0,8,4,3,0,0,110,2,1,0,5,18,7,4,0,0,1,9,165,1,1,1,3,0,6,3,0,0,1,11,2,0,1,18,0,0,4,0,5,14,0,1,26,11,109,0,0,9,1,1,6,2,164,2,0,2,0,0,0,2,1,0,0,0,6,3,11,47,0,1,45,0,0,3,1,0,13,5,46,3,49,52,1,22,0,2,1,2,0,7,29,1,2,0,3,113,3,0,149,0,0,0,0,0,1,2,8,0,0,4,0,4,0,0,9,0,0,13,99,1,106,0,17,1,1,5,13,8,9,8,0,0,2,4,2,2,1,20,0,3,10,3,1,3,1,0,0,3,0,9,0,4,4,6,9,4,32,2,1,14,3,8,34,6,1,0,0,0,0,0,4,2,201,2,7,1,49,2,0,0,30,6,6,1,5,0,0,2,144,8,82,10,3,3,5,3,2,157,1,0,0,0,48,2,0,9,5,5,0,0,0,16,12,1,0,7,1,4,0,1,6,0,0,44,8,9,1,3,10,0,0,1,1,0,10,0,9,14,0,1,0,0,4,1,0,2,0,1,0,1,0,2,1,6,3,7,13,0,0,0,5,3,0,0,4,2,1,2,2,5,437,10,0,7,2,2,1,0,0,1,2,25882,0,4415,0,5,2,6,2,0,2,0,52,1,1,2,2,1,0,10,0,1,0,27,3,0,0,0,1,0,55,0,0,5,4,2,1,4,1,5,1,0,2,4,16,0,12,8,2,17,0,1,1,2,0,0,0,0,5,1,40,0,0,24,27,2,9234,6,0,3,1,5,0,6,0,0,1462,2,10,1,2,1,4,3,0,5,1,12,1,7,1,0,7,5,15,2,239,0,26,0,76,3,2,0,137,9,0,26,1,1,2,0,14,2,2,1,0,1,0,1,0,0,2,1,1,0,8,1,3,9,2,0,1,7,0,1,4,0,2,0,0,17,0,2,32,3,1,5,0,35,1,1,0,0,11,1,1,0,1,0,17,8,20,47,1,7,1,15,489,25,3,15,4,0,2,3,8,17,3,0,1,0,3,9,0,0,0,0,0,31,2,1,1,1014,5,2,115,2,17,8,1,5,64,31,3,121,4,340,0,0,1,0,1,41,1,5,0,11,2,0,2,2,6,1,11,5,0,0,0,0,2,6,0,0,1,5,0,0,4,1,0,12,6,0,50,20,16,11,65,2,0,0,0,0,2,8,39,5,33,8,50,7,0,18,1,14,0,0,7,1,29,2,0,1,1,0,141,4,0,0,0,5,4,55,2,0,0,4,2,7,13,0,1,27,0,1,0,19,2,0,0,0,1,2,2,0,1,0,4,0,14,2,3,0,3,1,0,0,0,2,1,0,4,6,0,0,3,1,5,0,2,1111,3,19,30,4,6,1,3,0,4,0,19,0,185,0,0,3,4,3,2,26,0,14,2,1,1,0,2,9,21,35,0,0,5,17,1,6,1,0,1,4,3,0,0,1,3,0,1,2,1,0,25,2,0,0,0,21,0,1,0,14,0,40,2,2,106,0,0,8,1,0,5,1,3,0,1,3,7,25,4,3,26,40,0,0,52,0,1,22,20,0,4,0,7,0,1,0,3,24,1,1,2,3,0,0,3,2,0,6,0,65,0,5,1,1,0,0,0,9,2,4,3,5,4,1,0,7,2,0,1,20,0,0,0,3,5,0,0,1,9,16,8,2,11,0,0,0,2,14,13,2,28,9,1,3,0,3,0,3,0,0,1,1,19,1,1,0,10,1,10,2,1,0,9,71,1,0,2,2,1,7,0,1,0,0,1,19,12,2,10,9,0,0,0,5,1,0,12,0,8,4,4,1,0,1,0,82,2,0,75,11,8,3,3,0,57,0,1,0,0,0,3,23937,3,10,0,5,2,11,0,1,1,3,1,36,10,0,0,3,2,0,1,0,2,0,7,72,5,0,38,19,0,64,6,0,2,2,1,2,10,7,0,0,0,1,56,1,3,8,0,8,10,25,0,4,0,4,4,4,4,11,1,2,0,0,20,2,3,0,1,0,0,0,0,9,0,0,3,17,10,0,0,9,1,21,2,2,13,0,0,0,1,4,1,200,29,7,0,2,0,45,0,103,0,2,0,2,1,4,2,0,4,0,125,1,2,1,0,3,1,1,0,9,7,2,4,0,1,4,0,12,294,4,3,1,7,0,1,21,5,9,1,2,27,59,0,24,6,4,1,24,2,2,451,0,0,1,1,5,3,6,2,0,13,0,29,0,8,43,29,0,1,6,0,6,1,1,0,0,0,0,1,0,9,1,9,4,4,4,5,2,56,71,1,0,2,1,12,18,12,2,0,349,1,3,7,1,1,0,76,5,62,3,108,9,1,14,2,4,1,0,0,0,0,16,0,0,29,0,2,0,4,0,24,1,6,0,6,0,9,15,1,0,10,6,8,15,2,1,4,2,0,5,11,0,0,10,1,1,60,1,53,0,21,4,0,3,1,0,1,7,0,2,7,0,0,1,9,0,0,33,8,0,1,177,51,0,35,0,0,1,1,0,5,9,6,14,701,14,4,1,3,0,1,8,5,4,4,1,17,164,31,25,0,1,4,1,4,7,2,0,1,1,1,1,3,0,2,0,0,0,0,31,48,4,0,1,0,0,3,6364,14,34,0,1,7,0,41,0,82,0,9,1,0,1,0,0,64,0,2,2,1,3,20,19,2,7,1,0,10,6,7,1,1,8,1,12,15,37,0,1,2,5,10,157,0,1,12,7,1,9,3,82,0,4,1,17,0,0,0,0,4,0,5,2,0,0,0,18,2,2,0,1,1,19,1,0,5,3,42,0,0,5,17,0,0,2,5,1,1,2,0,2,3,0,7,12,2,10,0,0,1,3,0,1,9,0,0,1,138,0,0,1,0,1,10,2,1,27,0,14,6,1,43,2,5,28,8,11,0,9,3,1,0,8,0,12,0,1,1,15,61,2,0,4,0,0,2,2,3,1,0,44,6,6,0,0,0,9,35,6,9,0,0,1,26,8,8,0,2,2,0,1,0,1,0,1,0,13,54,59,2,0,11,0,3,0,5,1,0,2,3,0,5,9,14,3,0,1,0,10,0,0,1,1,0,0,0,3,5,2,0,13,3,1,0,1,1,1,13,1,4,1,1,149,2,122,0,1,2,2,3,0,0,1,9,0,0,7,1,11,3,2,1,15,3,6,0,5,2,3,2,4,5,0,1445,0,17,4,0,42,0,6,0,1,3,2,0,8,0,1,2,3,0,0,5,4,6,1,0,1,0,1,12704,74,0,4,9,0,0,2,18,12,3,1,1,5,1,2,3,0,0,0,2,5,2,1,66,3,0,0,0,1,49,1,0,0,0,0,5,7,19,4,15,6,5,1,3,240,5,5,0,0,42,386,9,0,11,0,0,3,6,2,1,0,4,3,5,3,0,1,1,3,0,4,2,0,0,0,3,3,2,2,24426,1,2,0,1,4,18,0,21,0,17,0,0,3,17,4,6,109,3,1,7,0,0,1,6,17,40,2,3,56,15,3,1,3,1,13,1,0,74,3,3,3,4,1,34,5,3,1,3,5,2,0,5,0,0,4,4,0,0,0,6,0,40,0,13,1,0,470,0,1,4,1,1,41,1025,12,0,9,0,2,14,4,29,1,1,8,0,0,18,0,3,0,2,12,2,0,0,18,10,0,1,11,8,9,0,287,3,0,0,0,0,4,2,1,18,22,0,4,0,0,6,1,2,1,1,0,3824,12,3,2,8,3,0,2,0,0,20,2,0,2,0,0,0,1,0,73,5,2,1,1,10,9,0,3,0,87,0,3,0,1,0,2,6,4,0,0,0,1,6,3,0,13,8,5,12,2,0,0,9,2,16,2,9,26,0,0,4,4,1,71,0,0,5,0,0,0,5,1,8,14,2,0,1,8,0,0,0,1,0,7,0,6,5,1,0,1,9,0,76,1,15,1,0,0,2,2,0,10,28,0,0,1,0,0,5,0,35,0,51,1,28,2,5,1,0,3,8,30,2,5,6,1,1,0,1,134,2,6,1,1,7,0,0,8,4,0,2,0,0,0,1,3,0,8,1,0,1,0,1,0,0,6,2,25,0,0,120,2,2,0,21,12,4,236,27,0,33,106,5,0,0,68,20,1,1,1,6,2,2,11,1,15,0,27,1,4,0,0,1,0,18,134,1,0,1,2,0,2,10,0,0,0,7,727,2,0,13,0,4,4,2,2,22,1,3,1,0,2,0,0,2,0,3,2,2,1,22,0,2,8,4,10,2,4,1,46,1,1,2,4,86,1,1,1,143,0,34,0,65,0,0,3,27,0,5,2,0,0,222,4,9,0,0,16,1,7,1,1,1,5,9,0,2,4,0,0,0,1,0,15,0,28,1,6,24,0,2,13,1,7,5,2,0,1,0,4,2,3,1,5,3,1,1,17,0,1,1,0,2,3,0,1,10,0,2,0,9,1,13,52,70,16,204,3,0,3,13,0,24,3,10,3,1,0,0,10,2,1,1,0,2,3,23,0,1557,1,6,5,2,0,1,0,0,2960,10,4,10,24,0,0,1,71,31,1,2,4,0,139,0,3,16,39,4,5,0,1,5,1,4,0,7,0,12,3,3,17,2,3,3,0,1,40,25,8,2,0,64,0,0,2,0,0,1,1,0,5,0,5,7,90,15,3,40,0,0,0,4,4,2,127,1,1,0,4,7,9,1,0,8,0,4,13,2,0,1,4,2,0,0,0,0,0,115,0,7479,0,2,702,2,0,0,94,10,1,9,1,2,0,12,0,21,9,5,19,25,0,9,1,2,4,0,2,3,0,2,8,0,1,0,193,5,0,0,7,0,1,0,9,1,2,1,125,16,6,4,1,0,2,2,1,3,3,4,10,3,3,0,0,0,8,66,8,1,0,14,3,0,0,19,0,59,83,1,16,2,2,0,27,19,4,0,3,0,0,7,6,0,0,0,1,2,2,0,3,4,18,27,0,0,0,153,4,0,6,0,3,1,26,3,4,0,77,2,1,1,8,3,5,2,3,5,0,0,22,0,5,0,0,0,184,0,0,4,2,0,544,48,1,3,0,50,10,3,3,162,0,0,0,0,2,138,2,0,0,11,0,13,1,2,24,0,1,0,3,11,0,2,5,0,2,1,16,49,9,4,2,6,6,2,0,8,31,2,0,21,1,34,8,8,1,3,2,4,0,11,0,0,0,2,2,0,0,0,300,715,44,2,0,3,0,0,3,24,1,2,2,1,12,0,1,7,11,10,2,3,3,6,0,635,1,5,0,19,0,6,1,0,0,0,0,1,7,0,1,1,62,8689,3,2,786,2,1,14,7,2,0,22,5,6,9,8,4,66,7,2,4,3,11,22,5,1,3,1,0,0,376,0,5,39,3,5,5,8,3,0,5,46,12,0,43,37,4,17,0,0,2,4,0,0,0,0,0,0,0,17,15,32,5,0,4,9,8,0,2,0,0,0,4,276,79,1,3,1,0,0,0,0,0,4,18,2,6,4,0,4,3,0,0,11,21,1,2,3,2,1,0,1,2,0,1,2,7,11,0,9,7,4,0,2,1,4,0,0,11,1,1,0,2,60,0,7,1,44,15,0,0,5,0,1,0,8,315,0,10,0,6,1,2,3,1,13,2,6,18,6,1,4,0,5,1,243,16,3,0,1,9,5,0,14,7,7,0,0,26,295,22,0,2,2,2,0,273,0,2,0,1,19,18,0,4,1,5,9,0,3,18,2,12,4,1,191,0,0,5,2,3,15,12,0,0,54,8,8,510,1,13,5,1,46,0,6,0,9,0,3,1,3,1,2,0,12,13,0,8,0,78,0,10,0,1,4,4,3,0,0,8,4,0,50,1,0,11,16,0,0,3,199,0,8,174,0,0,14,2,0,0,6,2,8,0,2,0,1,3,4,19,0,5,6,1,0,9,11,13,2,9,0,1,18,0,2,1,0,2,0,0,7,0,1,0,14,1,5,7,24,1,1,4,7,2,15,9,1,0,3,50,0,8,1,0,3,46,1,14,9,0,9,0,0,6,1,0,2,0,5,2,3,3,0,4,5,12,1,1,1,29,63,2,0,1,3,11,6,1,1,0,0,50,0,2,0,1,0,41,0,22,3,9,3,1,2,3,5,11,0,1,0,19,8,3,1,0,0,10,1,5,0,2,2,9,0,1,1,1,7,2,18,2,1,0,1,1,3,0,3,0,0,10,0,2,1,19,0,2,14,3,0,0,1,2,1,0,1,1,0,9,3,2,8,0,2,3,0,0,0,14,0,6,1,1,9,8,0,0,5,0,103,0,11,6,0,7,1,0,39,42,6,2,0,7,3,1,4,1,0,1,48,2,0,5,4,0,0,0,0,0,1,3,10,3,345,2,0,0,0,378,2,4,2,1,0,0,1,11,2,5,1,5,3,3,4,0,1,6,4,17,1,4,0,3,1,1,1,1,0,0,0,0,30,0,0,0,3,0,51,27,3,0,156,0,0,2,7,2,4,8,18,3,0,19,0,10,0,1,2,4,1,4,0,1,5,7,27,1,13,382,7,0,1,1,7,21,4,18,36,1,0,0,2,9,54,0,2,3,0,0,3,17,1,411,83,0,0,1,11,0,3,3,1,0,6,1,4,0,2,14,3,3,4,6,1,71,219,464,4872,1,1,4,0,0,1,1,3,0,0,372,0,0,9,1,1,0,270,1,1,1,0,0,4,1,4,1,1,3,0,0,0,5,0,30,1,12,30,0,0,1,6,0,0,0,0,2,0,0,2,1,6,35,17,0,2,0,13,0,55,2,3,1,103,0,2,9,11,2,0,0,0,5,1,0,52,0,9,1,0,12,2,1,518,3,0,2,0,1,0,2,3,0,0,2,2,0,0,5,4,40,4,6,1,2,69,1,1,5,1,0,2,1,1,16,4,0,5,1,0,8,0,0,0,2,1,0,1,17,0,4,5,0,0,0,10,3,2,1,5,1,99,0,5,3,0,13,0,0,14,6,0,1,383,0,0,8,96,0,0,0,0,48,10,7,14,0,7,8,11,6,2,3,1,0,14,0,0,0,0,2,0,1,0,3,0,0,0,3,0,0,1,1,4,0,0,1,0,0,0,7,4,9,1,2,1,0,5,1,3,2,1,1,0,14,0,0,119,1,0,0,116,5,0,0,0,3,0,0,5,0,7,0,2,0,0,0,1,0,91,4,4,0,1,3,35,0,32,1,1,1,0,26,0,8,9,3,6,5,5,15,1,0,4,22,0,0,3,1,7,0,5,36,3,8,1,3,7,0,0,7,0,4,0,8,23,2,0,5,0,6,0,0,0,5,2,1,1,1,0,81,3,5,1,5,8,5,235,0,0,0,5,1,2,1,2,1,0,4,5,57,0,1,8,1,0,1,32,25,4,0,26,1,62,1,0,1,6,10,0,2,6,15,8,0,4,1,2,18,2,7,5,1,1,0,0,0,0,0,0,2,6,0,0,1,41,15,0,9,0,0,1,1,5,67,0,0,7,23,0,80,14,14,0,115,0,1,0,0,2,3,0,16,3,0,0,1,0,4,3,8,36,4,9,63,11,0,5,12,35,10,0,0,100,0,0,3,2,0,1,2,11,2,1,1,18,11,19,178,4,8,2,68,0,0,2,22,1,8,0,25,0,14,1,1,1,2,81,6,1,0,0,37,0,0,1,0,2,0,18,0,2,25,0,3,8,2,21,2,163,0,1,2,1,0,1,4,7,5,1,4,0,1,1,0,1,8,0,7,3,0,5,1,0,4,27,3,0,3,27,0,20,0,2,2,6,84,0,1,50,19,0,3,2,189,55,4,60,0,0,0,17,41,4,13,3,0,0,29,3,0,8,1,2,2,0,221,1,7,1,1,10,1,0,19,0,3,9,1,1218,7,3,9,5,2,28,2,2,0,0,0,8,6,0,28,5,1,10,2,0,5,4,3,26,6,1,0,0,3,2,0,8,25,0,20,1,0,5,3,6,4,1,1,0,0,2,2,3,0,3,0,0,0,3,0,8,1,0,10,1,0,3,64,32,9,9,13,3,125,0,126,10,2,0,10,4,2,4,62,2,15,0,1,2,3,3,1,4,9,7,3,6,12,6,2,0,8,0,26,1,4,5,1,4,36,5,5,6,4,0,0,3,88,1,0,0,0,24,2,6,3,5,5,8,3,1,0,0,2,3,3,1,5,5,0,0,2,2,41,17,0,0,1,0,2,2,1,2,120,0,37,0,3,19,1,113,2,2,4,5,8,0,0,1,3,1,0,13,2,0,3191,230,0,8,0,6,1,0,10,25,1,4,6,1,0,2,6,1,0,1,3,0,19,0,0,5,10,13,0,0,0,0,0,0,0,13,1,0,2232,1,0,9,14,1,1,1,0,6,0,1,7,9,2,0,9,13,0,0,2,3,37,1,6,2,3,0,3,0,5,0,0,0,3,1,1,4,38,15,0,0,4,1,1,0,1,2,0,0,2,1,24,3,3,19,3,4,0,3,33,6,0,4,0,7,0,0,3,0,9,0,0,485,0,1,0,16,2,3,0,0,3,6,2,0,1,4,0,0,0,0,2,40,0,261,2,1,0,252,1,30,4,1,4,2,3,56,0,0,0,0,1,0,0,1,1,0,8,1,722,12,1,13,2,53,0,0,0,5,1,19,28,0,0,11,0,0,0,6,0,5,11,17,0,6,1,1,3,11,7,20,9,6,1,0,0,0,18,1,15,3,1,7,1,0,0,3,0,0,2,4,12,0,2,1,12,3,3,4,16,0,0,245,7,1,7,0,139,10,8,2,2,0,0,3,2,1,1,17,3,1,7,0,152,3,0,15,0,4,2,4,0,2,9,0,8,2,0,12,3,0,10,10,10,0,3420,0,9,97,72,0,0,5,41,3,1,0,2,3,0,191,2,0,0,0,30,1,37,12,9,56,0,11,0,4,2,1,18,2157,1,340,0,4,2,178,6,8,0,0,0,1,118,7,1,0,0,2,3,7,8,21,0,2,1,0,4,6,1,5,6,3,10,0,4,3,15,2,6,7,3,3,199,1,1,2,20,1,0,1,63,0,0,2,14,0,9,1,5,6,14,0,0,1,0,611,2,0,0,2,5,0,29,1,0,0,0,1,0,0,0,7,1,38,32,0,16,3,15,0,5,18,3,0,0,0,0,8,1,2,2,0,0,8,0,0,6,3,0,5,2,1,5,35,4,1,5,326,8,25,0,7,1,15133,1,0,1,1,1,33,0,0,6,2,23,7,6,4,3,22,4,0,1,0,70,3,12,2,5,4,0,1,2,5,7,2,1,16,12,1,7,92,2,0,6,1,2,6,11,3,1,15,0,2,17,31,0,4,1,0,503,1,262,27,4,3,1741,0,0,13,11,0,0,3,5,1,45,4,0,7,4,1,26,3,4,2,2,0,7,6,6,0,8,3,0,2,17,248,1,1,2,0,0,1,673,0,53,6,2,4,0,10,9,1,0,2,3,0,8,0,158,8,23,0,0,77,9,2,2,1,2,5,4,9,3,2,0,1,4,1,0,0,0,2,21,1,117,1,0,13,4,0,1,0,3,0,25,137,9,1,1,0,1,6,4,1,0,3,0,2,29,0,11,0,8,4,2,0,3,7,42,2,1,0,0,2,17,3,12,0,1,2,1,2,0,0,0,52,2,0,8,4,45,2,1,0,2,19,5,0,4,0,4,2,16,28,141,0,0,5,3,11,1,0,4,5,863,1,5,8,0,1,5,2,2,1,0,5,3,0,20,0,1,1,16,0,1,1,8,4,4,0,3,0,10,1,2,0,6,1,36,10,0,5,1,4,0,1,0,0,1,1,0,4,1,5,2,3,1,0,0,0,0,13,3,4,0,1,35,7,0,0,0,3,195,0,5,2,0,1,1,7,17,3,6,35,25822,4,1,4,2,0,134,1,0,0,0,3,1,1,25,0,28,80,2,0,1,11,1,1,1,0,1,0,5,1,9,13,0,0,15,0,28,2,365,0,1,3,0,14,1512,0,1,0,2,1,0,1,2,3,8,0,1,3096,2,0,0,0,7,0,0,0,8,4,6,283,0,0,0,5,0,1,4,1,2,6,19,990,1,3,2,0,0,6,1,2,60,0,0,0,2,1,23,7,0,0,1,1,11,0,0,0,0,29,0,9,2,0,11,1,0,5,4,8,5,0,2,425,1,0,7,10,115,1,20,0,8,1,0,9,3,1,0,94,0,1,7,19,6,8,2,2,1,0,0,4,1,8,4,0,0,4,19,1,13,4,2,0,109,61,3,13,1,9,3,1,1,0,1,1,0,7,2,0,99,10,13,1,1,0,6,7,4,0,3,2,4,4,6,11,1,2,8,1,0,1,0,0,46,257,0,2,1,0,3,4,2,2,4,2,2,2,1,0,1,4,1,0,1,0,0,3,0,4,0,3,9,1,0,1,3,0,0,1,0,0,0,1,6,33,0,1,10,8,1,0,1,12,0,1,5,0,0,5,97,2,10,3,36,10,1,279,5,3,248,9,3,6,6,1,0,2,2,0,18,37,369,4,0,6,5,5,20,19,0,22,0,4,5,0,0,26,3,0,0,145,6,4,6,6,4,0,54,0,0,0,2,0,0,9,2,0,0,4,1,13,0,3,3,0,2,2,0,0,7,5,56,1,3,7,3,0,2,0,6,12,0,1,89,26,1,2,0,1,0,1,11,357,2,0,1,1,4,100,2,47,9,382,1,0,8,0,2,7,0,1,5,119,0,2,4,5,1,2,13,0,0,5,0,1,94,5,1,3,7,3,102,250,2,4,0,1,2,3,0,2,3,0,12,3,2,0,1,9,9,4,3,2,0,0,5,0,0,0,1,6,16,0,5,10,8,8,24,0,1,0,0,0,24,0,0,1,1,2,5,1,0,3,0,2,2,0,0,4,1,1,0,4,4,8,0,0,2,1,4,8,3,0,0,0,8,3,2,1,102,6320,0,5,2,0,0,7,0,1,1,26,3,0,1,0,1,0,12,47,1,0,0,5,4,1,6,0,8,8,1,0,2,0,0,0,1,1,7,9,20,4,2,12,1,0,2,6,1,7,4,2,8,0,47,2,796,171,0,0,8,3,1,16,1,0,5,5,0,4,1,186,6,6,4,2,2,1,0,0,3,0,0,5,2,6,1,0,0,3,0,2,3,3,3,28,9,5,1,1,2,2,0,0,0,6,0,2,2,142,3,0,0,28,3,7,2,5,4,4,0,9,0,490,5,13,0,4,6,13,2,5,2,4,222,1,0,16,0,1,9,0,30,7,0,0,46,1,2,186,5,60,219,0,0,0,11,1,5,1,3,10,1,14,0,3,58,3,284,0,0,0,1,5,0,5,0,1,18,1,0,1,1,3,0,0,10,0,2,4,0,1,0,0,1,0,307,0,1,3,2,11,0,0,17,9,5,24,16,1,1,40,0,14,1040,0,0,9,6,0,0,1,85,0,6,2,7,78,37,0,0,6,11,9,1,2,2,110,7,1,0,1,2,0,4,155,5,11,25,2,2,0,14,0,8,0,0,9,0,0,7,0,0,4,1,23,3,0,1,0,8,100,0,0,0,1,0,0,1,0,60,32,3,1,23,6,7,0,0,4,10,16,9,0,1,20,2,2,2,0,0,37,2,1,0,0,1,0,151,4,78,0,2,1,1,22,2,1,0,19,1,1,1,29,17,4,1,3,0,1,6,0,0,1,0,0,17,0,4,7,1,0,12,305,7,0,1,2,7,6,34,1554,1,0,6,37,1,22,0,21,39,2,8,0,6,2,0,0,1,2,2,1,1,1,1,0,0,1,8,1,2,0,4,0,1,16,0,4,3,2,4,21,1,1,2,2,377,1,2,0,0,0,1,6,6,0,10,13,0,0,3,1,173,0,5,0,0,1,5,0,0,3,34,1,150,46,0,67,0,7,10,262,1,2,3,1,3,1,0,0,1,0,1,19,4,0,0,1,1,0,5,1,1,0,0,0,0,24,1,7,30,19,0,1,0,2,15,5,2,3,3,13,3,18,0,1,1,1,0,2,44,0,0,0,0,5,0,2,1,4,100,9,285,21,0,2,0,2,0,1,0,0,6,0,13,7,1,0,32,7,0,0,13,0,2,0,0,6,4,0,0,0,2,1,9,0,49,0,0,0,32,1,0,1,1,3,106,1,12,1,1,2,2,5,6106,1,3,16,5,3,0,1,6,3,0,0,251,1,3,41,7,13,0,0,4,6,2,0,1,2,22,4,5,1,1,8,1,7,0,1,3,47,4,0,1,0,0,42,0,15,1,2,17,0,17,3,99,0,6,0,1,11,5,1,2,0,0,203,5,50,0,2,7,10,2,11,1,11,18,3,0,10,0,2,2,16,19,0,1,7,1,0,0,1,8,2,2,2,2,0,0,2,0,0,0,14,0,0,1,4,7,0,0,4,0,5,526,7,18,7,0,0,0,4,72,1,10,4,1,2,11,69,14,0,2,11,0,1,0,1,1,2,13,2,22,4,9,6,4,10,0,0,1,2,0,0,0,2,2,0,0,7,1,5,1,0,3,106,6,1,1,3,1,1,2,21058,4,1,2,1,3,5,1,2,0,2,3,1,29,1,0,9,0,1,4,31,5,5,2,0,2,0,0,0,4,6,2,2,3,0,1,19,0,19,1,2,0,1,0,38,85,3,13,0,1,4,4,11,0,7,15,0,0,2,8,82,1,36,0,0,3,1,9,3,4,4,4,2,1,1,69,4,0,1,26,0,0,0,2,0,1,3,1,0,0,2,9,1,0,5,0,4,0,14,24,0,20,4,0,1,296,0,8,6,1,3,0,1,3,0,1,2,6,3,0,0,88,6,5,8,2,5,1,36,13,0,7,219,1,1,1,170,21,5,9,1,20,0,8,4,6,0,0,9,5,12,1,145,5,2,19,2,1,3,4,5,1,23,0,6,7,0,8,1,21,0,22,3,3,2,2,3,1,4,0,1,1,2,0,5,1,0,0,2,0,2,0,7,1,8,0,1,2,0,1,5,0,1,0,0,12,13,1,1,0,2,0,6,1,1,1,5,7,2,9,147,4,59,0,0,2,0,17,1,0,0,0,67,8,1,161,1,0,5,36,8,0,2331,1,0,1,0,3,0,0,5,2,15,4,7,1,0,0,194,75,3,1659,3,0,0,1,3,13,172,2,0,2,3,0,0,2,4,0,2,2,4,4,7,0,0,2,12,2,0,3,6,0,21,37,2,8,5,29,12,0,1,0,0,0,3,1,9,7,1,0,1,0,22,1,1,7,18,13,0,8,108,1,485,1,3,0,1,4,1,1,3,0,3,4,4,3,1,32,7,0,3,21,0,7,3,4,1,0,1,0,0,32,260,7,9,0,10,19,0,54,0,0,0,1,0,16,1,48,0,177,0,0,0,65,5,2,16,3,5,9,12,1,398,1,3,0,2,0,1,12,0,13,2,0,0,0,10,114,0,3,0,0,5,4,2,0,1,0,0,6,1,1,1,0,1,0,2,24,0,3,0,0,1,15,8,1,0,34,0,6,0,0,0,3,28,18,3,4,2,1,1,2,0,0,1,0,0,0,0,1,0,2,2,3,1,1,0,0,7,40,43,20,0,2,3,3,4,3,3,0,0,3,0,3,2,7,2,4,0,5,1,1,0,1,3,0,9,0,7,2,7,3,3,2,3,6,0,34,0,2,0,0,1,0,4,1,6,1,1,1,0,1,1,7,3,0,13,2,0,15,1,19,0,1,0,50,0,203,3,1,5,4,1,1,1,1,5,0,1,0,3,3,3,2,0,0,0,0,5,6,2,1,7,96,10,0,7,0,6,9,337,5,0,0,26,7,0,3,0,0,0,0,48,0,175,15,6,1,4,187,0,0,3,3,2,11,6,19,5,8,3,0,484,21,4,1,0,88,1,0,2,5,0,1,0,9,0,0,10,11,17,0,12,5,2,0,12,0,33,4,0,3,1,10,0,251,4,8,0,4,9,3,4,0,1,1,158,1,2,2,1,2,10,2,3,1,1,15,3,0,12,0,0,1,16,5,4,89,0,5,3,9,0,4,3,93,1,4,21134,0,0,2,0,14,3,1,26,2,0,2,0,6,2,1,1,3,2,0,282,8,0,1,0,2,0,0,0,1,0,2,0,0,1,1,1,3,1,2,151,74,1,0,43,0,0,12,1,0,0,1,0,1,9,0,10,0,0,2,0,0,4,1,7,0,1,9,0,3,0,2,1,0,20,8,1,14,7,1,2,3,0,0,5,0,3,60,25,1,0,109,3,21,50,0,2,10,2,5,9,4,2,77,11,14,0,4,2,11,0,0,0,0,3,2,0,0,0,1,0,57,2,4,2,0,25,0,0,0,1,521,1,3,0,0,5,9,2,0,23,12,1,2,2,0,2,13,93,5,0,0,1,11,1,0,27,0,20,1,4,0,1,9,1,0,6,0,3,8,15,0,2,0,2,1,1,1,10,2,13,26,7,0,20,5,3,1,4,15,9,14,11,0,17,8,14,8,12,0,0,1,0,2,11,1,0,6,5,0,1,3,1,0,1,20,14,2,4,0,3,1,0,0,1,0,2,1,4,1,12,1,0,6,5,0,0,0,0,0,4,0,1,9,16,2,15,6,14,2,1,0,6,0,0,17,3,6,10,10,1,10,7,4,3,0,0,0,6,9,10,7,34,0,0,5,0,16,3,2,6,1,0,1,1,3,6,4,1,133,1,9,0,23,24,0,0,1,1,0,1,0,1,6,4,0,0,0,9,0,13,4,2,3,0,4,5,1,0,8,1,0,6,0,35,2,0,1,0,3,3,3,1,3,0,2,0,1,0,4,7,5,4,0,1,0,157,0,0,10,0,5,0,2,37,2,2,0,26,4,161,22,5,19,6,1,1,2,0,1,1,0,31,2,2,0,0,2,2,0,6,2,1,9,1,0,4,19,6,0,8,8,35,0,6,4,1,0,117,2,1,2,1,6,3,8,1,0,1,5,0,0,0,7,0,8,1,0,11,2,0,14,2,0,0,40,3,3,4,0,2,1,3,1,0,0,0,19,2,0,0,0,2,2,4,0,0,0,4,0,4,82,9,3,4,3,9,10,64,0,11,0,7,3,44,2,5,0,2,7,4,0,2,0,1,12,0,3,0,3,5,2,0,5,6,0,2,3,3,0,1,0,0,3,0,1,50,1,19,1,6,11,17,598,0,4,0,2,0,0,26,2,13,11,5,23,3,2,0,2,2,8,11,0,2,0,0,3,2,4,6,4,14,0,1,13,0,0,0,7,0,8,2,3,3,8,1,1,1,13,3,1,1,1,0,1,6,2,8,5,5,11,16,0,2,5,0,0,2,6,13,4,14,4,5,6,1,4,27,5,34,6,0,0,3,0,7,5,0,0,4,9,6,0,3,0,2,234,12,10,6,27,2,1,3,7,0,1,5,28,3,2,2,0,14,1,43,0,6,4,4,12,0,0,3,1,1,4,15,8,3,0,22,1,4,164,0,2,52,1,1,7,7,2,0,7,2,1,4,2,6,30,70,4,4,0,2,11,0,0,10,1,4,1,3,1,7,4,2,0,7,2,3,2,1,0,9,27,4,8,0,1,1,0,2,0,8,79,1,6,2,0,0,3,3,9,2,2,0,1,4,1,1,7,2,6,0,0,0,0,2,0,299,0,0,1,3,0,0,4,0,0,1,3,0,1,3,8,0,0,1,23,1,4,12,1,1,68,1,9,0,0,2,0,0,0,0,0,10,0,0,4,5,6,4,2,30,8,1,2,43,0,12,0,6,2,0,1,0,4,31,0,0,9,0,4,1,0,1,9,1,1,1,0,4,8,125,1,0,0,7,0,4,0,10,1,0,54,24,4,12,3,1,3,4,0,0,0,0,3,0,4,0,1,4,5,4,44,5,5,0,2,26,2,0,0,5,0,0,262,8,0,1,16,2,0,0,1,0,4,10,1,6,35,39,0,2,4,2,1,2,0,1,2,2,17,2,7,5,0,0,0,6,0,0,1,6,3,2,6,1,12,1,0,0,6,22,20,2,1,17,0,4,3,0,0,3,0,3,71,1,2,2,0,0,0,2,8,0,2,9,0,2,11,4,3,0,1,14,2,7,0,1,1,0,1,4,9,5,0,0,36,1,4,2,0,3,0,0,2,1,0,0,0,0,1,62,4,1,2,0,5,0,0,1,19,2,9,0,5,0,0,0,0,0,1,19,1,11,0,2,12,0,55,0,6,388,17,7,0,3,10,2,8,0,2,4,8,6,0,0,2,0,5,3,1,0,0,0,1,0,0,2,7,7,31,2,0,9,161,4,2,0,3,1,1,0,3,2,10,4,0,2,7,1,3,7,9,0,7,3,91,4,30,3,0,3,0,1,1,1,9,7,6,1,0,0,3,0,0,0,0,1,11,1,1,5,4,0,5,11,16,0,1,4,1,0,15,1,0,5,9,0,0,5,2,15,1,1,8,8,0,0,8,3,0,7,1,2,3,0,7,0,1,1,0,18,6,0,0,6,8,4,12,2,51,0,3,37,3,1,6,1,12,0,5,1,0,0,7,3,0,0,1,6,0,0,0,0,6,3,1,0,0,1,0,0,2,12,0,8,3,2,0,26,7,0,3,1,0,0,20,10,4,1,25,0,2,3,0,0,1,0,23,0,0,0,7,15,4,0,1,5,3,0,0,8,2,0,2,17,4,0,8,0,0,2,7,3,0,1,4,3,7,2,16,1,9,8,6,0,1,6,2,2,1,7,86,0,2,2,0,0,0,1,5,5,5,3,3,53,5,1,1,20,1,1,13,11,1,0,1,20,4,0,1,28,7,1,0,9,6,0,0,18,0,80,6,1,0,0,0,0,6,1,0,3,2,0,6,0,0,0,3,5,2,0,11,6,0,28,5,3,6,0,6,60,3,6,1,3,1,0,5,9,0,0,11,0,38,6,1,2,12,1,1,1,7,1,1,12,11,1,7,0,18,3,2,0,1,2,1,2,18,3,18,14,1,3,7,29,1,6,0,0,0,7,9,0,4,2,0,0,1,0,0,4,65,0,2,0,0,15,5,4,3,29,0,74,2,0,142,44,9,2,28,0,0,3,1,2,22,9,7,2,13,0,2,0,2,2,3,0,3,0,8,4,1,2,7,1,21,1,9,15,0,0,4,2,10,9,0,1,13,121,14,0,0,0,3,9,3,0,6,5,4,2,0,0,0,1,1,85,0,0,0,27,0,4,0,24,0,1,3,0,1,0,2,1,10,1,4,0,6,3,5,6,1,0,1,3,1,0,0,1,2,0,2,0,2,8,0,1,6,3,0,15,1,0,0,0,1,3,5,1,83,2,2,3,1,4,13,1,0,2,1,6,0,41,2,0,24,1,1,1,1,4,12,0,2,59,0,1,1,1,3,1,6,4,1,1,4,1,0,0,11,8,1,1,0,19,6,0,0,6,315,2,2,2,0,3,2,0,0,1,6,3,0,4,2,1,14,1,8,11,2,0,2,15,1,0,1,16,8,0,0,0,0,0,0,2,4,0,4,1,2,0,0,46,3,1,1,0,9,4,11,1,2,2,3,1,1,13,0,1,1,0,78,38,0,3,0,0,1,1,0,1,0,4,5,1,1,0,0,6,0,1,7,6,4,0,3,0,3,9,0,0,1,1,1,4,7,96,23,1,21,1,3,0,1,14,0,1,4,1,0,1,0,2,7,1,0,8,1,0,0,0,15,25,10,1,2,0,5,3,5,5,1,21,0,16,3,11,5,0,6,1,0,0,3,0,2,0,1,3,0,3,6,0,2,9,0,0,1,6,1,0,3,6,9,1,10,2,4,1,237,0,4,1,1,2,6,0,1,0,1,5,1,21,1,0,4,1,0,0,2,49,0,0,2,2,7,4,4,1,11,0,2,0,1,1,1,0,1,9,0,0,2,0,4,0,1,2,3,86,1,14,19,5,0,3,24,1,3,1,204,0,3,4,19,5,2,0,0,9,3,7,2,8,1,2,4,2,3,0,3,1,1,9,1,14,0,0,8,3,1,7,0,0,1,5,14,0,9,3,6,0,0,7,0,1,12,0,6,6,6,9,1,0,0,3,2,1,3,10,3,2,4,4,0,19,234,6,4,7,0,3,10,6,2,0,5,1,0,18,0,3,2,6,7,14,2,0,5,4,1,4,12,2,0,17,1,0,23,0,5,7,703,3,0,25,0,40,0,4,1,3,4,2,6,2,1,66,1,0,14,21,1,0,4,3,1,1,3,4,1,1,8,5,14,2,1,1,10,6,0,3,1,3,25,2,2,3,4,1,1,1,0,7,1,0,0,0,4,0,0,0,1,1,2,4,0,0,1,1,6,0,1,88,4,2,0,4,5,0,3,0,1,0,1,0,1,2,2,1,4,4,0,0,0,12,0,2,0,1,14,7,0,4,11,5,9,0,2,0,6,5,1,0,0,5,0,7,1,21,1,2,9,160,4,1,12,4,6,0,3,0,0,1,0,5,2,35,8,13,0,4,1,0,1,0,3,11,11,18,36,0,2,0,0,4,0,73,8,0,1,1,7,3,9,7,0,6,1,5,0,10,4,0,3,24,3,1,1,1,0,0,3,0,0,11,7,24,2,0,1,5,0,1,0,86,16,35,4,3,0,0,6,0,2,1,1,1,2,1,57,7,0,0,31,0,1,3,42,5,0,0,0,0,4,2,2,0,0,1,23,1,7,1,3,33,0,4,0,2,83,0,1,31,3,3,12,3,10,2,155,0,2,1,7,9,3,17,2,5,3,5,1,5,7,3,0,0,148,4,51,10,0,16,2,0,1,6,14,0,9,5,1,1,2,1,0,0,4,7,56,4,1,0,0
15607,284,14614,13812,17589,2275,19131,4108,1295,31913,3035,3823,10318,4993,5862,48647,11939,10563,5738,8626,5743,1033,225,24469,21081,15225,2906,56253,2177,11452,11702,4636,16612,22932,52863,6398,20918,14458,9890,14318,37941,20054,11777,87810,12770,12091,14732,19180,20191,5709,5964,1891,10204,1269,4647,6931,5787,1778,3543,16554,16613,442,12692,3221,6094,728,9843,4114,5930,4449,4058,9965,6691,4232,47954,4623,47284,8821,28916,5509,14878,16103,11498,33874,1740,17840,18628,8179,20922,5633,5702,375,4153,21142,33648,10270,14684,3619,9625,5827,5138,2745,32383,11393,246,40804,9203,5007,10206,2066,4195,16343,3510,3791,2776,14985,340,7443,1979,5362,49298,5637,653,9597,178185,3084,1964,8087,4401,219,17248,23272,25351,49818,17307,7486,16353,20342,14514,42676,3113,851,3268,4715,1101,17892,9495,2635,20435,934,6613,7397,13206,6090,44702,2032,130,4764,46238,44566,13131,28100,11155,35338,8274,5857,12435,34884,15641,14991,22953,39150,44350,4173,4503,4178,8538,3827,67054,3143,7700,14884,15284,10753,14682,11606,1047,1359,18520,14953,49228,5840,14205,2985,11905,189,4715,1786,29724,704,592,2908,11837,7577,6158,2777,6800,15618,10585,54813,6904,10239,54663,519,48366,2963,41770,9002,4695,2371,3800,15401,1755,7610,6608,2848,1872,2645,40066,8298,2233,22746,5214,1376,3990,20019,12576,667,929,24052,5128,3823,41233,39542,0,2204,4001,8275,1382,6481,16264,41406,11960,10056,8473,20354,7662,1938,8201,10636,3868,15774,39471,30254,2138,60708,350,14397,5155,16666,8384,24059,38312,2448,12038,4075,4394,3738,21576,10375,1897,8588,31159,4997,2900,18361,12607,9138,4012,1008,5279,17998,7954,4769,12831,1109,32578,3308,2333,8077,10510,33534,3264,8842,8941,7245,9230,5891,5787,12750,8720,19211,7319,803,42924,8544,25719,7222,12617,913,7006,3524,1466,9119,14746,9506,99130,6303,45202,2070,12346,6824,6351,13430,22586,17421,13875,643,18084,0,4579,56,10200,881,14631,16713,517,5428,22151,299,7665,13110,876,13637,14940,11035,1061,10068,2552,14398,2879,3284,6147,925,1335,1638,15017,9541,5557,4382,4416,6869,2508,4771,4599,909,127424,12812,23043,3112,11593,42216,24792,14512,3230,911,3179,21705,60126,8793,611,20651,13271,19039,13062,13141,350,5826,9484,6748,2317,8309,452,1920,4205,9647,5122,1822,2434,17235,6667,17417,14453,1374,181,7257,3714,3941,11969,8838,8817,12765,24147,90956,6569,2178,10640,3405,142,15587,7960,6130,1444,13979,7588,18744,2243,35060,7519,4511,2283,4812,40556,5597,1754,22093,7260,7010,2832,3482,28366,6726,23237,3776,1920,3571,30623,2709,107,24404,3142,1249,20078,4452,13006,6598,19683,4203,1591,13948,1910,3504,10834,8321,43834,7501,11304,1107,7330,15873,8730,4013,42361,16577,6201,18756,6162,148,15604,14208,4928,18832,525,6507,11923,17926,1911,11901,849,15736,16550,2009,20960,2520,4644,5402,54950,17719,56537,36338,19775,5567,17924,14805,33959,5342,29093,4595,7995,24598,7024,6033,217,1882,797,2754,24790,2579,13155,3454,6381,8781,34391,1788,20460,21847,14457,16203,162,20454,13829,14051,30232,1516,43833,6905,32212,20235,9404,9731,42194,3094,15775,4580,2243,1285,5329,13,2096,2067,1437,9856,25984,21664,1347,5357,16008,6382,677,8386,5703,5089,7851,21975,2842,12449,1954,1308,9598,11983,2590,39005,9266,3907,16913,6430,19877,28654,19119,19235,30715,547,2155,17305,95,3009,17947,40014,720,10797,8522,12808,7721,1963,6151,2998,5545,9970,20465,44363,9151,2799,1591,5304,20499,255,3849,44849,8432,151,2419,1131,6541,2087,1501,2540,23005,31570,2951,36158,19988,3324,30593,3326,11491,10707,41228,24106,16401,6004,10106,91798,13476,25610,141442,8853,15298,6345,4138,2474,7058,8771,21365,5113,26816,15498,10122,5564,620,12446,19748,55914,2729,4888,3950,8653,46205,1856,3565,151815,47210,20756,6739,9814,394,13178,4129,46725,26862,25414,20746,4756,18095,4838,4106,14558,6364,28163,36305,7965,16732,5562,5992,2222,30919,3664,1205,2999,22490,3361,3636,7214,906,34490,319,2,7279,41394,4464,16217,13552,3949,1039,1114,32506,5639,4204,5083,26572,103558,460,13188,584,10547,39439,27752,13450,39182,6874,10464,18944,6884,26217,1121,15096,813,775,3579,19099,2860,35784,2627,19454,8877,3549,6110,12827,1832,489,24622,145926,28422,16434,113719,12269,39210,17188,28611,17224,11666,9239,433,2038,11238,40753,20767,19269,9416,2713,6017,11404,9624,7744,6069,11816,44019,5530,19658,16326,543,6633,10501,16113,26023,4518,19547,4932,3164,17265,6278,5056,22931,821,2380,56723,4859,12260,2083,294,6747,5805,778,24431,7071,3154,1028,9069,3984,3260,31071,2889,6163,8406,10809,10179,5952,18172,8086,10184,3657,5225,76302,8314,113075,20249,5439,8248,10810,35502,10786,44725,11047,19444,58054,22011,7405,13530,13645,6781,6123,4119,6134,9396,4065,32367,1930,3647,3615,14686,11863,6855,2725,31546,12507,35818,751,32911,756,489,16700,4212,8713,18752,8296,22235,19825,66016,4031,6507,4119,35850,4666,11525,13873,24864,5039,18013,13524,21703,5816,1705,4874,19924,1412,5859,3230,17606,1962,40725,689,12290,10125,11823,9611,17212,4854,4109,10230,41,77,44433,3635,4915,20171,21705,20102,13383,33608,11301,519,31722,47070,12565,34961,32556,806,8461,20243,4971,19292,10276,10155,22641,6982,15363,1116,3012,6677,15803,1789,33079,9438,3449,10780,12264,11794,88944,921,17167,25405,30754,4219,32760,11079,1849,6482,1510,61931,9110,14234,19470,18559,25260,10997,6652,9905,1070,9651,36599,6092,6270,2221,339,48089,11684,229,45749,26452,3906,8272,3086,26614,6160,6952,21658,87306,14033,49024,26846,2048,8507,1992,15710,3597,39975,4009,11931,27141,12212,18748,8233,918,4483,2333,21296,11628,766,5702,13216,3276,2129,102912,4485,488,45038,14786,16787,10201,4069,31231,11718,38510,84,5186,22468,8362,9715,7682,2094,3715,45222,80503,1412,1861,17667,1704,1415,7891,1993,11287,26858,543,4336,83,9789,15657,4669,13987,2190,7510,10432,5395,26659,8876,451,30200,3122,5409,28205,8210,10672,11744,31773,20300,14193,14890,13022,7870,20332,15209,21606,64467,414,839,11515,13856,3518,2778,1686,7786,32257,1326,994,18368,16132,1572,4561,8083,11270,18044,15990,1718,26897,128882,17145,634,8642,4730,4700,7502,10616,39787,6687,4007,791,5671,5466,12212,2970,9123,10404,4962,40715,1758,1513,25,16027,35669,904,902,7460,10840,2659,20225,4402,9261,8652,7599,2009,8798,4980,15300,2234,2162,6022,15235,2959,4574,26200,10724,12455,7688,19218,18576,10372,4330,1328,5056,8708,6889,1676,11670,10228,2848,7028,24478,9830,14203,5121,3191,3235,31924,13235,34061,2004,15092,1718,379,6197,1998,17536,7317,11818,5488,17523,15083,2031,1649,34981,23613,1222,17745,8326,25646,9787,16701,16456,5422,9518,4367,7097,4687,420,4363,32201,21424,9578,1065,952,36807,27628,15356,826,16439,64,23046,25476,6406,1550,7412,3578,3097,6528,18728,2799,11320,15854,2005,864,36356,510,5673,20143,152090,31656,5379,9654,19872,39107,68728,0,17457,2516,1431,5261,1188,2076,22740,7808,64865,5013,18452,13570,1478,7453,23331,61382,22073,9252,613,6567,1414,17059,1408,3858,10726,50,6229,4670,12144,18763,10830,808,15095,10463,4447,30310,14094,13229,5141,15708,18945,130913,24364,12338,94768,8425,13306,52396,3995,1900,15496,30103,2408,10120,7401,19371,561,19589,694,2011,2727,2780,8452,6286,8536,14318,17308,5260,2748,18066,9853,20307,5250,357,15526,18382,7648,19179,2431,17382,16097,3262,5278,92819,27241,8617,18661,2438,63768,2781,6706,1518,18432,8755,23274,4136,38926,20158,6644,15730,7055,2466,143815,2280,1666,108528,7,14572,16249,4154,12627,5903,2848,11220,10345,4456,15313,41016,16257,19701,18778,7664,20718,24218,5344,14391,2111,10698,5926,3963,7680,7483,29045,18172,32365,13655,8473,4731,10861,5981,3257,30580,352,5200,19650,38503,10082,64647,1089,91,528,4055,34615,6643,5942,3801,6080,33458,9021,12754,17172,8222,1631,8594,10735,31395,60306,3603,13622,10031,60211,2861,10332,3134,45848,14120,13238,6836,7916,12981,4212,47191,7630,18036,1415,5407,15107,1587,7040,13868,34434,5127,3380,23331,2155,9618,1750,29574,910,13327,39719,443,5771,549,16188,2860,49482,392,4996,487,10390,8838,19741,5766,7231,2080,10133,15072,20645,6331,9951,19136,23800,25057,25176,18413,7661,18527,17059,18382,11830,7470,7839,8318,13129,42793,6055,1082,36342,5583,2357,3327,10173,16017,77711,1198,9826,38655,19405,14805,1330,17129,3775,1567,1505,4507,11301,2803,849,20972,18005,1181,14586,8867,15672,30547,25790,12418,17760,22868,1216,14132,4133,2372,3020,9158,7768,199,1309,2426,15762,9784,4391,14460,4850,334,7380,6405,22845,9213,1005,2677,10768,8942,264,19220,372,32107,3017,7179,30169,10865,12519,6928,587,11185,1055,14915,7672,44471,27051,2851,39096,23144,29965,7323,7834,4759,2370,25963,4230,9186,5630,14217,11868,10541,5244,11492,10313,1620,7299,2975,2051,3181,4400,6609,6446,3367,24777,5719,6244,13135,5323,642,8355,43373,20074,6605,18375,13955,438,554,3083,22853,6789,33396,27553,6380,434,3779,320,7603,13903,3338,7695,5950,4205,24759,25992,28,4749,11422,10793,3344,19328,5060,9030,18944,23913,26540,9853,2840,5055,1307,8899,17700,4063,1519,2545,4133,24429,1042,14273,7039,28597,4405,23478,31748,11521,25713,3683,1658,6922,4196,8255,45359,5670,8572,1958,790,212306,34028,1296,4,12278,19069,755,1128,10306,33621,14967,13845,6614,6345,20459,19195,3010,14236,5547,16921,61641,10190,403,4058,4442,3545,31974,2780,5724,17105,1679,8484,3250,26629,413,17830,606,22754,3616,19898,7896,2022,4368,7352,30431,14725,35574,9536,362,9158,4624,1695,9131,5091,26285,481,26354,2761,16254,17901,15644,1848,5099,7641,9926,4487,7147,14325,17324,5536,85801,18432,38358,7007,2482,5262,1591,882,11263,31699,12488,5523,11503,20940,874,53343,6462,15045,384,1337,12920,967,1296,1769,4308,4753,2507,8995,138,5058,3709,8283,2717,18392,17421,28343,6116,6326,3655,15668,5275,9487,24183,12169,9071,3656,4850,817,21167,18543,22286,19842,3125,705,7036,10505,7824,4000,21893,6154,22380,43179,5769,4261,4594,351,16083,7517,1243,15623,14781,609,28576,2867,4543,3727,15552,1186,5167,4889,17043,537,795,110268,4478,1944,6076,5219,4422,6822,2957,5646,2865,1276,7837,25191,2493,3613,66754,38821,5597,8401,1634,12633,29355,14237,11683,4053,1912,28273,27124,1045,2970,38672,19810,1664,937,5146,4929,325,1286,1295,1441,1665,4384,12568,385,10368,7073,7227,14025,14152,18069,2531,14002,32767,12480,10232,1081,1334,19146,18194,6292,29257,3337,9762,5589,3077,3648,2041,8727,13976,10806,24748,49847,15665,36097,2796,21038,51125,2808,24039,23316,18015,1724,4178,22986,9971,5739,27660,31287,6469,619,16025,3627,6717,6561,1378,16049,23014,27756,26432,6088,17147,11863,578,14191,26864,19684,1029,24321,3768,4021,9712,13161,6758,26301,15367,64748,6289,1195,2604,3213,10970,1256,6351,10060,12027,33509,7035,38272,9034,23223,4379,45055,9082,21373,2738,7931,5393,16233,4549,7279,12761,8168,60861,4032,420,11948,21904,9884,5592,2894,20383,3369,9701,44845,1409,801,18015,33086,1447,2,2601,25630,11530,22962,1138,3879,12588,530,12904,11509,18436,739,84457,5851,11546,5148,11811,46153,11047,4900,691,202,23845,13026,49,7735,15133,12377,1821,7773,3345,141140,16702,16854,1279,37891,21290,5894,2183,11089,8216,41953,11026,6478,10890,16092,8553,9964,8428,29448,3894,1114,10281,12018,2210,2073,7582,4044,104847,20230,6870,35678,3753,8364,6079,3865,14788,2707,4193,9488,956,14383,12452,12556,5184,2575,39497,19,2438,11358,1673,3512,19167,10221,28387,12694,210,8856,16026,2482,35806,6241,532,421,927,11264,5324,25848,2739,7024,14894,16803,82557,61021,9110,1272,6683,1321,3393,19569,9794,13655,1001,17480,18850,925,3200,12797,13695,37951,7212,10280,7419,7,5659,4103,22414,7063,4186,1139,33761,13624,28,5975,16314,8491,3920,7054,29739,13620,2150,5090,5260,136522,20109,5300,4016,2485,129539,30756,17551,3657,4377,7939,4743,27792,10321,16254,777,10323,19932,8200,24548,2276,14835,4749,25008,554,15851,211,13053,6624,4562,25288,17189,1388,3636,10316,4150,3877,18271,2005,14002,13254,7808,6586,809,4879,18758,10192,7883,14855,1535,3367,3766,14125,22352,24066,17007,3291,5267,2872,1113,39891,5620,2049,9034,21419,2483,13235,21537,4165,481,35896,11212,17637,281,1679,1872,2088,11833,19452,14835,1905,6524,7805,551,2820,19060,6072,1563,11637,18868,17063,16265,7114,9548,2683,29289,3846,981,183,9413,17626,9313,9472,24567,47315,32070,800,5093,42307,4748,22184,7795,27039,965,968,2567,3499,14262,14751,30770,15412,1415,30394,2106,25276,7251,8276,1498,72236,957,5874,16541,18553,6574,17708,4266,10373,43230,2089,4579,1582,7071,14009,1529,1902,2610,14609,440,1221,21049,433,20091,8631,197377,20693,13886,37265,4707,3013,15091,5989,2953,462,24229,2246,7731,922,7239,13564,42517,50245,13210,1948,18581,8869,101629,22939,18849,4944,3102,15006,36188,1584,44,1288,6620,1557,22874,2959,9087,96024,74731,15288,2197,22548,16165,7447,12005,33860,22,4650,13713,11988,18104,17358,24583,5664,5001,3681,27375,3446,6925,2712,1440,3494,595,726,10631,5464,11924,19853,4266,2210,17450,3050,18497,6416,125617,6723,4222,17074,33004,2583,378,9984,12844,1227,1401,26443,1087,2706,3461,12393,818,2806,1717,4195,2035,4254,8589,48781,3138,2866,848,14301,9648,2503,37071,2348,2254,816,13826,29855,575,6401,969,13128,9945,3445,15218,8526,51036,25,3593,527,129,20923,368,2662,25033,6320,3774,9348,1219,3348,4404,1108,50384,4216,6438,6043,42138,20967,3022,7644,19243,850,3614,2361,39553,24416,3707,12717,16474,5328,21600,57614,10636,1043,19593,358,1438,7577,5451,3995,35195,28317,8217,52542,12656,21993,1498,25807,18191,9441,11635,11902,2929,24606,30810,1952,8404,4105,4310,13271,2679,14526,19827,12079,293,4898,26560,35515,55309,41537,2133,8923,4829,12852,17130,10753,14778,7359,5101,7148,4230,19253,263,14832,4631,19595,9846,7298,3009,23753,14843,9720,4575,42357,8212,1239,11239,6081,21341,565,2831,7881,3544,7830,1034,3735,2169,5537,256,17765,18320,1977,60603,1710,32461,26012,3713,8636,681,3304,9349,69,13932,11251,1197,7220,4713,21799,16612,10002,3346,11855,13501,40063,5817,1938,25614,848,21527,13773,15562,13032,2082,4558,9043,22731,6351,2137,4247,12225,2554,3147,14398,2382,2632,532,16476,11428,17312,9170,7415,10832,2071,22171,69330,6627,69886,1102,3138,9970,4418,28449,4250,1775,4569,37064,1211,19325,14494,17930,3440,5392,935,10088,37156,6086,161,3433,3939,11530,71331,19979,9099,5868,925,2687,37205,13102,51342,1237,11020,2693,20511,1806,2839,5196,539,25683,1949,5789,2001,5671,18919,7780,29127,59006,256,15016,6774,10485,15594,11329,18004,1101,12752,3299,3221,6921,22519,9710,24413,11447,38060,10109,3109,7898,26662,10542,1481,27251,1846,17732,4690,56736,12584,12469,13813,5227,1963,4444,1019,7066,2611,20307,51025,5967,272,2521,13702,443,31377,337,8035,6259,10397,25939,6653,6700,19793,32842,28283,4815,9475,15447,2334,18467,15254,10999,15291,94370,28364,40481,13853,11663,3585,70519,3046,988,6577,5099,4526,654,972,8125,28215,4082,9048,5500,319,2782,20618,946,1446,22955,20127,5596,3147,119,2136,17008,2363,1171,19096,957,15861,7488,813,3400,2091,9660,35063,5052,21635,12623,4671,1570,14032,12774,11912,13773,6857,780,1308,63634,1657,24974,5205,18124,48467,768,16658,2959,4652,13123,7727,2699,2914,2415,7050,59989,3944,7287,885,6839,11793,4415,1506,5144,19923,1847,11789,2104,4576,286,2769,9990,81438,306,13746,12706,9379,7369,836,1813,23996,1000,4860,3108,34704,196,22720,8254,16302,1476,713,644,8284,13329,7584,25143,6852,3303,8673,6943,11454,1000,14963,296,135,14963,883,28350,9527,9114,11886,4414,8720,8939,24088,18022,9110,3599,17435,21226,25645,12992,10492,1407,46290,15268,18291,2882,15619,14477,4186,3924,13176,13112,1757,17286,1094,53224,44149,14625,10139,31096,8359,4180,232,3617,2992,1778,595,10320,14803,2912,12567,5463,1959,2284,2845,9222,971,20831,3407,8022,2142,22516,10270,22019,0,3898,595,3133,3072,2415,10432,9513,1575,40754,7577,4184,19888,10312,14268,7512,13514,831,4053,36770,26901,10430,5069,26107,11065,4780,31235,421,13882,15346,3370,1423,1983,11258,40298,3576,4793,2539,1614,26425,4582,28734,8305,5210,13348,2173,21351,5139,1357,3383,19288,7459,22388,8105,39521,9682,2329,0,7370,5649,3541,58063,28212,1019,4741,1708,11551,12347,14352,3773,54,5192,22303,9376,5775,18110,26183,17504,19823,7347,855,4295,608,5514,10365,1954,1318,3435,2188,540,8995,48856,53,4682,3875,5453,2944,39618,33071,8043,11116,1263,32836,10174,6053,24356,4390,1896,16902,2351,11981,15982,23358,47417,740,19175,22127,5250,2607,11781,1237,39179,29193,3793,15570,536,7263,59,832,8274,16001,2921,59304,14433,11757,4724,5271,7136,9520,8386,13855,54344,19551,11973,8224,3830,1775,13378,2413,27709,6806,1765,12027,18322,429,4338,7681,513,24959,8502,16697,6335,16447,23623,25401,1263,12479,6584,49233,30343,4753,18076,19470,9365,6322,10723,112191,12161,6777,7461,5951,7958,27176,19072,20024,1065,366,12947,1592,897,50298,6478,16827,6369,2118,2251,4795,10686,8517,14922,1782,113,23466,27276,10945,1989,53978,2375,9474,12795,14768,26696,12121,4694,9684,43011,3151,1810,14350,24858,17605,1915,16844,10651,265,3896,934,13412,6484,422,2720,5542,9648,6663,13325,10184,2422,3894,8854,11149,10122,6616,1242,17300,5971,21937,1251,909,1504,274,21449,2156,9953,751,46361,74475,33005,4609,9195,4291,10522,14780,31303,16975,110859,8127,5270,5121,16026,1728,2523,5086,23990,137,29923,1139,19331,10633,15661,5285,455,3034,2841,1354,9910,9,24720,26549,31770,10433,52716,6350,3322,1336,7189,5955,3274,7833,4047,4146,15012,7611,7354,3798,1781,1280,38024,14947,65907,20182,13592,769,1961,9911,60219,20809,22709,13258,7887,13172,18542,14479,11580,18543,5818,11646,2565,21166,41645,3648,1458,11034,2023,11223,16221,9055,1209,2068,8896,8795,160406,4368,10332,2503,35849,1674,14646,16432,1641,178,234,22123,14323,3050,659,34901,1101,7323,8678,5966,1858,9370,18319,7211,3304,27203,2306,25628,19443,12173,2649,33920,7768,7626,14459,1067,6739,20132,7005,6427,10011,3408,28136,1460,8166,27002,10840,5667,70928,18909,14841,26754,18037,5688,5992,693,21794,16983,6857,8002,7886,8927,21267,17211,10067,5775,122,12954,15410,111036,8363,4393,6732,72491,31619,4678,4046,2681,19875,7173,19699,707,26419,14602,8377,22742,15055,6309,5761,9221,5326,6832,8569,4287,7691,25316,3818,419,3230,18057,6884,6620,16583,4431,1153,1939,23476,45484,19925,30287,19027,16956,6639,8175,813,7592,1189,4993,8223,12042,2787,8747,7001,14791,27496,30904,149,22320,620,21700,480,3436,9033,315,5804,21047,3806,3577,862,220,10110,1383,28661,31993,10783,6634,1045,58,3723,12387,30907,48850,448,11768,5890,5547,222,14170,17578,10796,9374,17933,35529,12321,8388,2493,2723,5010,16725,12467,22523,4392,11134,0,11323,5057,2136,4492,10689,7785,1831,1920,10833,2808,6006,59903,16936,2086,366,19616,10532,1619,36445,15694,13176,33603,30950,6404,432,22540,9986,18196,79936,855,7642,4719,797,18585,8408,4144,6619,22263,3545,9146,4709,16955,23450,4507,6232,21174,34085,15477,58367,7067,21252,5480,417,1772,1931,4200,43042,8045,25856,881,28348,1221,9159,2252,2809,11289,1379,9726,15673,194,10720,738,3088,1847,84085,15362,64,8402,61773,20109,5365,151,38,14580,25192,13475,11998,16442,10794,663,677,8180,13552,23347,13384,4018,2834,986,6499,7640,111757,1414,13501,6775,7131,1293,1901,6829,29563,15878,1888,1444,9872,1915,298,32233,13969,1352,16663,1037,1672,21125,21969,5228,18105,11794,9267,14608,1479,9759,6410,3545,17765,8173,154396,9445,11187,4184,2990,1154,4543,5354,11068,117777,50116,5349,1000,33522,14,38992,35847,12608,5576,27393,25537,34315,7083,10903,35955,655,16507,231,1242,10777,20733,13599,55696,22863,70603,6598,2931,41752,218701,3463,10793,15702,20810,367,3144,343,8153,48680,7250,27056,27352,13353,33889,1711,710,14354,27066,552,31030,5866,8385,27086,7452,1981,2392,11969,27993,7731,19959,2703,10546,10844,1264,21187,43675,12232,2751,33218,14977,110859,10487,8996,808,14596,1025,1194,2753,1711,3211,5584,14581,3027,17679,663,55807,13932,2466,3719,772,595,14390,117072,681,5693,889,22528,40294,2363,1781,621,5639,14934,345,13836,5620,28639,11311,5437,3784,3428,14805,3344,1398,19537,4575,27963,7286,1057,2205,1332,16300,40768,4927,476,1996,4638,790,17612,4440,24897,0,8080,2226,5761,3165,3332,872,4824,3813,26012,8761,6537,7188,7963,12204,4815,10788,6484,728,42877,14185,108736,12729,12263,3998,7750,3855,12073,4732,4715,15946,20287,2932,7925,10677,11105,22359,2620,6979,39398,1426,6125,4391,4098,28714,1169,9088,11720,3989,20865,8334,28892,7558,1714,4942,2752,2842,446,16317,5814,21571,25168,33315,5080,10158,1645,11131,8253,27048,10164,53485,1536,493,11439,5241,31523,2209,50470,9840,15020,208,2486,1387,12239,5421,9457,46,13626,19433,7160,9023,3537,4176,17817,13042,15165,959,12261,2695,3895,2641,31215,2288,6007,4283,41376,949,12505,5328,1532,8139,6221,4710,10065,1993,8737,36480,46526,2145,4078,28686,8493,10316,12704,4955,634,17003,1358,4746,15376,1938,4161,3850,23297,9121,25811,7234,10855,15526,8377,4791,16202,8317,18496,10425,4497,1709,10823,1672,16113,11117,4602,15191,2060,17394,1283,6510,8758,19950,56988,17150,9727,13593,1586,12843,13715,6518,11058,28160,4486,12192,7296,25889,24503,1342,7455,3858,1219,14382,22863,1557,180,9167,7660,20982,9503,454,44,6813,32701,5866,11860,13823,45922,37944,6504,7679,39836,19886,14019,3184,17600,18616,10690,88079,12900,897,721,5501,16108,25,22549,12737,1461,3676,5446,11949,2007,3879,8462,1603,1703,10589,13350,535,800,19045,5499,2953,5015,12384,14063,5624,30441,4407,1397,5058,8549,3966,15348,24212,445,3920,4486,1934,1073,20432,6804,3871,832,48406,3978,22416,891,8668,27722,369,37240,9065,4609,9073,28986,8017,15794,26206,3311,28650,13237,7580,19859,22650,15174,8644,10958,3818,23339,15504,3019,16255,16683,40126,4185,2809,929,994,31649,8736,2687,10723,4304,7104,11140,17985,9469,34734,3121,1264,5727,19815,22469,44012,11313,26110,20054,17575,7615,21615,41926,21947,16038,21314,13042,4124,9429,3329,14239,8673,17343,12925,30768,31616,21187,17972,13670,14711,7904,6863,20162,13936,54264,804,88998,1,2667,25707,4542,19831,4407,7655,19391,11170,23046,12364,6713,25186,6759,2880,1629,4510,1418,4858,184,18690,2792,810,16822,12910,2360,6964,33868,20571,14615,9954,18161,3771,4618,38720,11764,2444,558,1352,28747,7886,19485,528,5918,786,12637,1271,3153,14849,11821,3005,102,18758,485,5481,8234,2728,6813,7730,23210,41434,11127,1625,7761,9580,189,948,22472,5266,15593,2086,14012,5191,3298,21738,466,23589,10558,11130,30701,12531,10579,3503,4030,29109,12233,7252,16388,24301,16806,12704,16544,1475,8072,5703,17550,5482,5479,4381,25533,11330,14746,269,8740,43721,30912,12359,3214,1870,2049,88915,31023,20693,30045,10548,13233,9492,271,7400,16140,2401,20782,3460,25657,11294,27812,8667,14461,9594,3543,12399,1732,20124,16533,11904,13909,4828,8239,14409,6243,1749,12767,4703,1373,28514,18294,22992,5440,7864,11278,38546,19506,25840,545,988,2946,3769,2123,417,5490,12146,603,14374,7203,587,6465,3100,31359,269,24093,840,11356,7573,2747,15229,2718,813,2507,12843,3947,5587,18758,3788,2505,1934,9748,12246,1013,19130,736,21815,6543,2700,6328,58930,6929,32632,18018,32544,134401,7980,39852,27678,47160,3397,203914,45851,371,28171,37061,7669,20725,33846,1940,27148,5833,6073,23868,12371,2910,5316,5923,16494,24458,6384,9225,42754,387,5796,4369,4843,7751,5098,714,23364,7261,7025,3122,38563,16193,542,16880,27766,4767,1386,10379,17897,24785,1634,7039,1056,360,10005,3428,20320,9840,5099,5941,297,31719,23184,1122,14246,10485,10938,1542,55659,9222,22607,8054,28675,11639,5481,11590,3460,27942,691,9898,5457,3883,16304,19839,23373,13551,9901,8502,4494,1530,24459,1244,7104,13274,19036,16255,6864,11001,6492,8756,17274,8771,13413,4953,5862,14472,308,6878,6042,162,25986,757,5703,5273,6128,19877,1066,12550,5677,14447,17915,9940,3589,1773,14618,21408,29027,9400,8172,7045,11523,17982,2474,3676,1606,6125,131,5099,8479,15731,8840,7678,2013,33684,3618,1896,30958,8632,168,17040,4202,726,4943,15399,3649,8629,15398,11288,914,37639,24313,34464,28590,22602,10446,79399,8356,13745,5535,1810,25724,27470,7593,26161,8007,5775,32929,28662,24319,7776,30920,490,6540,6181,13905,10138,1847,12178,4607,33389,2225,15096,16878,8577,4006,23769,6707,20510,7571,14389,25515,3782,15029,5023,15893,3077,11329,5106,550,27448,8342,1793,13467,6790,3056,3091,11585,849,14627,26580,30162,8191,2173,3209,2050,1098,8104,6663,6953,33445,22298,2525,15338,5242,26891,94606,19194,5053,3263,3253,29374,179,39008,5405,12969,854,10182,24136,268,24525,7783,7024,3920,511,17137,50769,4587,18762,15057,31982,434,5002,601,1702,1531,9562,10798,18486,57853,864,9403,10470,8208,11080,7435,44173,3574,6128,25849,30404,15297,34122,7185,16805,10975,29705,6976,107526,1764,3857,9030,3967,123814,1593,9369,1022,16292,7535,726,31098,3119,3698,4715,5576,1274,10958,28183,12867,8389,4559,33989,27601,54591,18770,2975,2188,23478,25337,1257,255,9570,2579,17652,10019,59912,12495,68589,8516,15589,11226,11526,14895,14856,9913,16258,7769,2013,853,35743,8366,19444,567,18317,7418,1019,7881,14446,8632,7313,23534,36108,22405,25410,3525,32161,12263,15432,13062,25639,9179,1435,32116,14015,4339,28860,5461,1609,15412,28243,76667,2471,28927,15054,11546,625,27586,30046,14543,43468,9855,16150,6532,12859,15274,9230,6682,23864,15116,5110,10199,16711,5185,8099,274,8726,4014,11446,1863,20248,6984,103987,17031,657,5403,5226,10045,15362,17066,24462,46303,13716,13696,18771,17486,26297,417,97,10468,6408,16071,9354,10019,7438,14060,15905,1906,3852,4029,9686,8028,7054,6056,6162,5675,2298,46071,10192,7867,19210,5939,2208,20148,7571,3860,15012,1353,7333,13970,26065,12199,12645,311,50085,18676,20001,1531,8413,9012,10176,15094,6351,3988,21917,2690,42093,108,14432,28189,32797,1475,111,3291,5134,16800,15025,3335,813,13453,7356,15017,18421,1810,9741,49418,14490,123,10313,11607,17474,18629,30357,1238,6410,5425,23693,1056,6223,5825,24538,19775,11458,6911,15729,22855,4628,13755,19192,14756,30314,13995,5164,9212,12574,38048,7482,3783,6655,2483,23394,3399,7838,1859,5455,1494,15820,13783,5749,1838,5317,12427,7304,17146,4183,5130,3943,6290,1946,10000,2173,1904,7259,3240,550,13186,19554,4917,264,43577,8628,4277,30531,14914,1493,18861,4231,9672,37196,9850,10321,8167,20667,7092,17474,1126,5789,12937,2003,13180,4429,5544,12225,5626,39000,2759,31292,2605,6754,36682,3507,2384,8826,10518,1987,3457,16141,13737,8327,9645,7970,3231,7488,13573,20491,7449,8209,15316,3523,3628,1511,2392,2503,16403,9398,20973,10767,7612,11898,11388,6789,25813,2981,54133,13525,7725,5456,17356,28671,551,29203,111495,1012,6087,7672,3911,24,2502,5761,3478,7465,17914,30718,0,14601,1172,5898,3065,807,5623,10228,3281,20933,69928,9251,587,9193,10072,5223,665,18966,19636,5946,9640,8991,2083,11636,3021,19635,249,16515,6361,9655,24688,11320,237,6200,8722,1290,11148,4660,4479,15373,4820,8710,6538,2896,3465,67463,22801,8815,2270,9171,1164,751,1763,1756,3548,5073,17979,4837,983,3204,25255,903,2487,9749,25258,2363,16512,17649,65168,441,8362,2953,7807,3504,2537,5677,12732,3646,1554,7795,500,13888,7354,2439,49976,14952,6427,53330,15789,9264,22452,3075,9283,16727,7095,21598,14729,5673,14993,12861,418,471,12742,5011,432,1727,16529,5373,13435,9682,13296,1244,10296,21591,10691,3674,7374,4228,5330,21105,12080,5341,14850,1265,6284,984,13819,44900,414,3306,32992,12147,8062,23226,5665,10346,11064,23656,8796,2657,2339,5531,7161,5096,2416,2399,2797,221,17870,15787,519,13062,1763,5882,3401,5434,28049,859,7041,10484,1419,17263,12841,15497,32603,6170,21356,30169,977,24888,8520,13231,25564,20191,11518,38000,7908,1200,2508,10629,6107,8792,23649,14524,6726,12894,61654,12300,4306,10437,108498,10322,6908,15360,9871,22537,2807,1303,26357,5859,1555,14022,1202,7527,19,1398,16506,43317,484,25384,42811,4783,1004,10055,213,3370,4123,7315,5668,5385,5617,1868,7547,3014,7385,13142,3842,4560,935,326,7263,29852,10689,11033,12691,967,13481,5536,2492,858,7856,12613,1901,41501,11518,17849,22414,8829,2693,4571,6056,6032,1078,12370,3816,26646,2985,8883,7425,694,2500,5623,16033,123,1926,33174,2546,12599,23118,121,5868,5540,10169,802,14925,9259,22051,36782,5334,4009,1991,1447,2909,8950,9119,3376,8713,1738,8095,6084,4948,56195,2894,10339,4242,12357,16212,507,3569,26039,10816,16863,101249,2497,6430,2597,24923,517,29859,42628,23111,35648,28188,15762,15234,1008,22172,12069,267,35196,13907,16935,16235,14513,7458,8424,3781,10615,3537,7928,11580,12572,15202,19149,36661,1181,20502,855,9163,5607,7050,8231,15894,1623,16673,14010,11693,326,881,10797,12402,1277,10622,6808,13137,2960,19020,45506,1901,7835,470,7727,41877,47036,28502,5322,10701,10228,5631,6172,4261,1721,1459,16072,6121,10830,5943,1333,8753,29380,33030,16872,17215,11291,106,2521,7552,2470,7367,14719,5014,155,5833,49237,24397,4599,6029,471,27217,18699,8948,25348,6298,3270,11333,4662,1784,39935,1226,9478,3764,45195,4291,7247,21573,27003,5143,20002,3137,1770,2748,8551,7788,4491,9933,11455,7594,1073,569,17280,5185,44348,1955,15812,2448,12239,4230,12102,10064,4797,67032,23,36031,12090,2672,2280,24016,549,23789,21440,1772,5775,1732,22982,11236,2912,26256,45859,39664,5741,7024,14035,23202,1375,293,1435,23848,172,2960,6319,20483,10314,125,2259,14607,2080,1995,1622,1932,434,16335,9612,2939,1826,5653,9489,9301,12303,42606,9569,32386,27449,14802,418,40722,729,136,19203,10480,3842,2999,16911,44315,67353,11370,5576,4440,15221,1025,20331,43654,14544,15669,59342,980,5699,10098,16,15322,1448,7674,7593,978,5812,708,72555,45250,7952,1772,10676,38,1881,2663,15262,22325,3810,5896,7129,18859,4412,1017,6481,2102,8414,7218,268,68218,639,59739,14068,17493,63842,11216,1556,13408,16749,53920,1774,294,19545,8888,25911,9913,13761,7912,3854,46500,13019,6619,269,21320,11469,239,3637,4644,2078,4085,2001,3752,1086,10309,780,2724,12296,35920,6015,10702,6532,2809,5012,16525,1544,1305,5262,7769,7743,340,1142,400,1162,110902,1641,3072,61852,13197,17570,13062,2495,3853,4646,8059,2525,39863,10114,23114,45927,20069,2568,3008,1035,19413,5142,11224,1621,2282,1015,1868,14259,11813,15897,6916,4703,15215,12463,39598,20606,13389,25917,2588,7956,2628,17206,2437,7518,768,21472,2946,9128,1002,10520,23981,7254,14399,17961,569,14615,15682,26750,6080,27650,4167,10389,2508,40089,5578,4151,23830,18226,15315,47783,2092,9558,3066,2589,13394,13893,6698,3319,51965,16027,3961,1160,707,373,10948,11819,24989,15735,2279,3245,7236,12235,2809,7095,5371,8395,16065,6164,34220,4901,2556,16845,15785,22793,17015,4944,10418,1436,199,23101,9646,23608,15858,3261,13155,10943,124578,3743,6026,15241,13292,55761,12145,9463,7094,46373,35011,13092,909,27981,1206,8551,18693,1305,15037,24917,3403,7324,38064,10174,8667,38150,1396,36555,15984,13703,7338,37175,2181,12090,5454,3321,9605,6706,16617,12120,1880,5098,998,9576,15555,11939,13337,11266,1565,3498,2219,18747,7432,6582,3072,3482,691,351,9415,22626,16655,9583,21435,39640,5734,9066,5365,4466,17331,3390,1374,1793,19393,515,30242,8422,26541,21864,8349,2070,4714,14183,72,1399,4557,8993,692,6669,15776,11084,19752,3010,6891,16675,11700,51069,15886,17834,10141,3420,33004,549,4425,5132,11284,7186,47370,15899,15289,17295,15720,44502,1294,21083,22570,32647,15887,9947,1324,28531,15261,2129,6246,17389,3715,3961,1868,3584,1864,8599,3768,27203,48753,6118,1689,7749,3543,2682,35219,1101,11428,14413,3663,496,20744,6987,1065,25366,7901,9864,12024,3831,8850,19901,3540,3460,4423,43200,29265,5656,19687,64295,16,1544,9219,603,21310,19741,20214,2168,15706,2011,12738,5553,12453,10515,19650,7890,7922,1611,3012,10815,7956,70924,8354,93374,4512,12114,5718,6220,13468,11474,5866,23665,5867,1554,23267,12257,2984,13237,3411,17294,1003,1645,17390,6655,2177,10752,16977,6040,11708,16159,15567,24485,5120,4420,5051,5418,23257,5439,40542,356,907,2772,42614,160,16685,16993,3240,21316,5258,654,25047,1074,1398,849,25952,1667,24856,47,14234,2348,11019,18053,1892,11380,6708,35386,13303,2,1080,295,7274,4394,2297,4829,2713,1622,19118,13979,754,1305,24116,58054,10373,8870,8053,21974,16145,946,1496,6437,24852,3385,456,6950,346,18425,9803,26829,20318,440,27557,14893,13653,14680,4895,4392,13047,12323,2026,3875,4259,5823,7465,10586,8030,5758,8937,3902,6237,1032,19086,7337,15846,5449,4018,28662,2658,2923,15002,1098,606,5163,6362,5223,10273,21498,1857,5842,641,12407,40606,27667,7701,7486,55604,19960,6434,13070,17251,2503,56223,2421,2673,12117,18992,25957,3365,47230,10852,42958,3651,5746,6040,27249,1194,28755,27688,2117,5197,8165,40573,9686,23760,1103,9578,4112,13997,1473,9179,26193,2845,21129,11632,5068,6633,25994,31499,6541,11836,4711,5786,18006,22949,5693,17687,7615,6597,9414,304,8398,36576,365,299,875,9588,39743,20332,3625,5895,18023,48227,25535,13376,10303,386,11499,4031,5005,15084,3262,4047,23856,7498,11473,49112,41524,5000,1801,9312,19234,8408,25184,11968,29237,11647,10613,14175,511,578,26931,12457,28307,11046,2812,10375,8504,5924,8304,12618,15532,14253,22274,17212,2204,28426,60059,8142,39968,213,5281,9246,18297,5720,901,135360,5805,3318,4162,12778,25996,7270,20272,5455,25062,11548,6624,7220,35061,5192,7761,12594,7335,2250,11500,33396,14582,9445,7275,20391,22906,24912,2633,1622,9265,6770,3129,3883,822,29038,1406,3668,11687,11878,25933,8656,8490,3985,19568,1049,53210,7841,11720,2189,6757,4168,1858,16915,152,1621,26793,16307,43863,24483,5865,8010,298,6856,7052,6091,8840,853,48649,3455,9574,4211,882,23185,1971,72844,6270,3148,3333,31326,720,889,5870,2631,16618,24895,11326,6725,65851,4739,72230,9811,8754,8589,363,15921,131,1479,19322,8549,1438,1957,29651,20729,15497,12207,20559,182936,13192,1990,2417,11520,30858,1018,6540,4117,9487,20649,330,8286,4779,4537,24081,9968,22212,651,4380,13480,2219,6572,19654,28583,54332,1629,679,16331,5975,1830,3037,2720,18384,23840,17231,25231,7961,12916,28116,16274,864,7571,5981,20578,25641,56036,5567,22178,86,1002,5449,6908,31,8091,2353,27090,7301,5347,17624,39218,38584,20034,11585,3162,3191,1198,27709,15787,10389,11816,1095,604,1392,14663,10934,32969,5496,10001,2638,0,15096,1494,769,4510,3839,19502,2708,31602,19100,27867,23524,1203,8656,28006,738,6604,15691,11258,16533,2466,8719,166,8383,14376,505,1726,3640,19114,6554,2437,6144,3423,24291,11612,77149,71946,20531,23485,11902,3409,5049,4352,35323,3898,2926,10963,19360,88683,4333,5516,23,2010,2188,379,754,8143,1935,4011,20145,3802,172,8623,165,18355,24727,49,1291,15847,14033,17836,9060,5774,10913,15738,6617,12764,26067,2259,23341,25542,8257,2008,23440,8801,440,13131,5889,4738,31228,17673,13572,10514,3078,6142,970,6520,1525,6976,2095,27332,9457,5459,1209,9658,2815,936,33242,23690,6765,16347,7237,26381,4707,12802,7745,5609,35385,8709,11486,6769,10544,7756,4812,2345,41708,12633,7154,15279,12545,15815,15237,5985,26404,24894,9631,17233,49758,6895,1880,7955,2715,2171,4383,15770,10218,27392,12140,9758,6905,12333,62088,3328,10807,2948,24691,25581,549,6259,5088,6143,5744,2054,7019,3628,3237,101958,354,1947,13373,12913,10099,637,18653,8433,1613,10235,92021,5464,1637,36621,14998,6058,29331,3940,3404,1374,22301,8022,5617,7047,11836,2920,24122,6580,49244,27010,1248,5143,5192,15492,2636,4799,3889,6285,5978,15686,2249,7483,6327,41757,15830,8360,1244,17540,1333,17651,13199,1766,3573,3306,21403,14217,25232,12548,2031,8511,10983,3537,1743,19375,9457,1283,11422,17737,10609,27336,255,27054,11438,783,1415,8205,18260,49504,8204,7979,3312,11098,5277,6593,18015,21907,2084,18872,31266,27841,1412,14543,9181,1681,85,16741,52123,1087,20094,8414,17746,36576,11056,1282,1831,1935,18621,3238,9032,26671,24497,562,54,18835,12507,2529,8709,1236,14466,19964,27894,34823,4344,13766,6861,151764,24174,4486,18686,23961,4374,13475,86332,23921,13293,11860,2988,21893,9333,83618,605,5785,4705,15177,17172,9939,2211,3821,9871,12633,12002,2383,17918,7863,7781,1543,1878,12365,3136,16700,5095,36381,8598,5858,8151,12538,57785,2538,17304,3119,2500,9749,14507,222,27532,18071,10764,17909,5676,19734,17184,6518,10309,30334,7156,8318,9271,2860,4429,20011,11958,12568,14956,8684,14741,21162,12874,1578,1891,25685,17878,2553,2568,37011,24912,5032,26492,4888,5327,1188,10745,1765,23287,15802,728,888,14684,21093,28772,8678,10717,15732,5165,6692,21311,16437,4724,17204,20383,27635,4632,4557,2758,3072,32667,6432,12279,8648,26519,202,7764,6905,30845,31678,18053,7488,745,18730,28382,6933,74161,5838,5628,11572,18535,1080,7775,7118,2306,16763,17039,16311,16143,6859,83028,1561,3721,8551,5890,19159,7601,10895,5298,4998,1327,13520,10117,4559,41040,19089,9975,57235,5554,15739,3090,66697,9789,11290,674,7641,22209,4971,6481,5587,46282,4520,51484,29134,12187,25106,16768,341,7730,15207,8647,1792,736,11599,2686,30909,11977,5043,4494,26628,8603,198302,9198,1240,1292,21519,5589,1773,2650,4418,2590,11692,5853,9611,3178,4711,14865,12340,6414,3116,301,4042,1558,16667,68841,9243,3664,7186,3332,8962,785,10404,1373,10309,7718,1695,19274,16706,7566,10176,16544,1448,6972,419,10968,4483,15371,9170,29729,12400,49096,8031,19713,493,7998,9824,10399,705,8924,1718,6150,14265,12125,2669,448,29491,6303,8980,22475,10771,70562,23000,2058,3909,274,10951,7634,16351,4557,960,13558,1235,6792,5668,2804,4784,14071,6878,1011,9130,29765,8566,7631,49576,959,8292,141382,6090,25621,339,16343,18230,24308,32715,21567,7878,6536,5013,1124,13168,25764,5681,61308,14140,10672,2989,7539,213,39821,29702,28561,5987,17692,18544,7324,8776,1566,14573,5352,20165,1180,3815,1364,2374,15168,14409,6362,5479,1302,16716,18169,11692,11137,16069,7730,7079,387,18323,8036,1485,3354,2226,9307,16542,2902,9005,619,39807,21188,23812,30762,2878,5790,386,32629,8651,11074,25996,5378,863,2585,6916,15935,285,1275,3651,16031,8048,10401,5297,567,7629,16266,15269,4479,9539,2549,3091,737,5713,21852,3509,3906,4286,318,7267,256,504,247,5470,19196,24252,10303,3263,1148,1182,13904,104024,21989,6811,22805,13611,17091,2696,7319,8144,43919,3034,12819,2027,30079,8351,3603,5628,6,3925,2178,5287,2601,20353,4746,3257,10970,29530,13652,547,1182,4678,33732,18513,8196,268,4543,5715,8027,2696,12890,32983,21509,693,6671,3116,49385,681,29870,14495,2702,18011,14651,60558,386,12909,8023,939,2196,7681,7540,6042,3957,1300,15662,3513,4797,19479,1013,376,17757,15462,36662,3326,3203,23976,3450,4797,851,5486,1905,14737,10227,50460,5669,10186,4108,11862,11297,6313,42164,9654,5039,17182,2657,9851,3144,3993,103510,4982,19730,2002,9599,17941,10904,23170,2295,8892,1280,8332,4829,42216,11668,16536,3210,9488,15905,2006,4323,11199,33158,3731,22081,1182,23854,13379,9160,3940,4369,24616,14133,27629,5343,4285,3603,18813,5818,26382,15717,7403,81,51538,169229,21789,7420,24426,4267,19903,6948,8158,9348,1,2156,905,29,8094,1384,6176,6179,25574,16706,6580,17850,2605,3335,5613,5662,2076,11608,64312,27819,5694,6242,7160,29613,25364,3776,1493,2489,7518,9660,46492,11527,389,5836,25674,5681,10262,800,6861,9414,4946,28356,10524,34141,41429,14910,19053,6406,32923,15879,1208,6887,14644,35293,16473,5447,8178,1993,1284,18727,2486,29905,11087,11846,29479,2887,51172,8436,8711,2626,3910,7332,414,2154,2591,3234,4743,12758,8494,5085,3040,7724,22796,24984,3886,8415,21085,4335,7428,11166,3868,9248,3957,21,4528,2754,15067,15968,9432,3997,42027,22560,5447,29523,24,4085,3974,35403,3805,15428,1879,6641,12146,8854,2257,2206,11863,13689,5505,5997,11490,22250,4878,8488,21978,219,37475,1354,643,19214,1677,0,7480,680,1051,561,20903,815,22969,11809,20620,16270,49,1355,11285,24692,50366,20161,6196,21968,49714,3465,6127,2761,33916,24835,4098,8187,9895,29528,15736,9293,6459,10888,12249,2136,1552,1629,3150,7998,16603,3560,10792,8017,2906,11524,10304,2776,1185,1473,9518,1052,10672,271,6513,7587,10109,7232,16831,5715,7050,14041,24340,1475,3225,94470,19142,5800,27852,3889,19669,18604,14609,13065,2601,28103,53698,29739,3324,9112,22449,23388,1854,9559,9529,3153,338,3186,1050,18326,32215,12397,10360,31451,11513,32389,10204,8980,23555,91766,776,6470,6183,14917,941,10503,53201,18345,112564,5528,180,5663,1385,8508,37846,9193,7584,8479,5966,20697,2705,10083,12067,1730,11948,6614,10869,7274,3708,857,34622,22446,28031,5141,8545,11705,17135,14991,18825,7892,4851,20637,12239,235,6028,3073,2833,6189,2737,986,521,17094,13299,4196,4763,7940,17595,5822,4627,3604,15116,26643,1743,16034,13700,11592,6691,403,15524,23094,19166,30315,3754,28743,24225,4307,1860,1409,188825,8927,19997,69810,6891,21018,12735,22346,1184,7541,5621,2703,16960,668,21424,25339,2557,4116,404,13902,7244,4777,13288,14196,5683,4009,3252,8293,27892,22914,248,12964,424,7488,13291,8522,66807,6019,9344,10070,177,4298,10558,4220,1107,26674,843,31837,655,48475,19626,20060,15495,43776,11967,44137,15525,5122,14774,4160,5242,482,4506,5293,1138,2753,6380,1113,29481,16828,8,6027,3152,5682,2317,10471,1345,3519,3852,9718,48297,20591,10661,11506,41890,1573,29579,3014,19558,114039,7169,63338,7830,127,6625,12044,13962,494,29178,44431,10122,15023,24937,12779,820,3951,1849,20153,19709,8142,8250,35483,27871,11848,23928,4333,26980,2539,13825,5795,2103,22113,9618,1869,6005,9494,23598,10333,8025,1480,18343,2560,63844,5406,13043,14484,10635,609,3634,9370,1499,2632,18351,3273,135626,10003,5817,10344,7874,33961,3023,11528,2367,7714,10096,2561,7664,2021,453,10083,8396,12597,1022,8926,4670,22831,556,6710,25931,6466,1345,9395,9022,38839,727,39733,114,2034,14959,18504,14950,180,2196,2249,3009,2409,6179,409,10493,1681,14104,8407,3480,4161,4359,12380,11286,17226,42827,6469,105697,4769,3536,26633,885,366,68706,264,2561,3342,9817,12722,16230,6487,34647,18336,10496,5168,2138,4661,39,9683,2909,18040,8155,16475,16405,11075,9394,15102,31657,3852,996,2944,3743,2655,14971,4052,13174,6377,6984,14906,25867,25010,935,5356,5685,12744,37836,5671,7255,1849,6455,15041,3756,2288,41365,1746,5812,8582,9493,9442,2917,5038,773,8606,9561,1042,12133,14434,72926,19767,21317,7377,7829,4431,16393,5818,20130,3044,4301,21358,14745,6204,11226,3178,8576,955,24928,65956,11540,4278,9061,816,2890,43294,2333,30927,17446,18434,9771,4162,928,14990,8174,32620,30573,9025,6496,22537,26767,1367,30067,13359,12636,8144,8632,18455,6409,221,14814,3150,4447,11307,1600,1946,16370,1160,15645,7653,3086,8881,848,30638,7178,23185,5002,464,3550,10369,7348,8823,19027,16822,6081,2997,19934,305,4739,673,15514,1929,890,5863,7632,14098,15588,6646,1075,16968,41592,12160,72120,36157,5104,12037,7344,171,1391,40058,1485,6687,25523,27546,21955,10949,2281,20775,4752,11620,21514,2666,879,2571,10044,1709,8647,11248,26840,7650,10460,30916,11015,804,6746,15235,25559,67516,16863,32538,8580,6264,2817,13990,557,16909,30064,369,3959,15995,1197,11129,2321,6112,11525,6061,7251,572,44434,10794,4439,15703,23101,4987,37885,30672,5036,1746,39937,3552,5774,55451,4656,4797,168,38377,3115,25234,12071,37696,9033,9053,5189,11471,1935,328,1752,13263,19288,5080,1932,8657,10617,4359,4659,925,9595,16301,19659,6349,7509,5529,72904,4362,3567,16472,8779,11874,40267,4688,10429,2005,3033,8945,3394,1797,5915,8412,2992,17512,1362,3874,13677,11378,5509,1699,38,2119,3726,5895,2122,4505,12151,16538,11894,14419,105,21569,46194,5172,9419,1860,2662,871,686,4930,9066,7960,39065,1607,3612,29519,9765,19320,42805,4156,12393,14311,2379,12205,15158,4646,10469,19170,6683,18225,4407,3792,28910,4295,11862,66987,74,13328,16053,16340,13142,4964,14309,2182,487,15026,19086,4709,13525,16082,7280,1882,15592,26957,6304,1280,4526,21481,3891,1896,19312,2514,3377,7783,8052,87573,9508,2957,13576,30917,1938,11631,5061,32876,13952,1754,11821,23320,22088,43831,12550,1401,16290,8850,24795,6638,2247,3902,4833,14802,647,2904,11781,13686,7199,467,10330,18171,11884,51986,211,1,591,7412,7087,27038,9371,15397,33027,6971,16796,25057,23219,14534,6553,3894,68349,13690,8966,11565,704,22520,12925,2401,23252,17372,7798,10460,1974,6231,8480,849,1821,4169,7136,8887,4151,3311,7027,15513,15962,13716,12610,11729,6731,2184,9328,16459,18267,27895,36480,3614,4118,7820,3631,12890,855,4530,21866,68926,3949,7735,16334,3274,9171,30627,29478,7763,26414,4299,9409,1592,13677,55062,84640,1087,16223,1429,4067,13923,6870,4892,25590,7408,12404,2823,5592,130,2019,23832,4192,27931,17915,8668,11631,9123,125143,4406,5708,4295,4696,8560,18614,59956,16187,28007,12315,23971,392,7067,15869,59477,1591,6876,10881,10859,8090,3358,9279,13940,144896,2011,7025,2725,3667,3177,9835,337,13223,3668,6346,4021,28135,4621,20277,1915,2635,544,4297,5559,5075,15227,9999,7166,3122,15357,7138,4861,1070,17437,33340,3537,2649,34832,29028,24386,71667,1355,2482,10579,3388,6242,5981,12608,1278,544,182,2684,45415,3905,9027,19211,1350,23419,6901,16112,10215,5370,6573,13550,3811,1654,9509,6024,6606,1563,8797,45728,17565,8150,41177,22388,263,2967,2690,28442,2751,17245,10944,209,17949,8273,16470,5914,5284,31657,6950,13348,11387,4421,14870,1815,15810,24245,21524,5684,31926,15386,76079,16822,58126,14259,2898,13858,3218,5192,3512,18893,21002,19374,9473,9936,4756,12858,95052,11146,7476,4210,860,8565,11599,2853,15031,1914,33385,44553,1658,664,820,9676,8562,5041,3253,19365,29178,10848,43966,635,9761,3612,3831,52688,19699,1674,30546,24406,2235,3439,4894,5147,4808,4846,1625,446,6327,2643,12173,9341,669,2832,13316,1099,9519,12690,3187,17184,36182,8014,14122,245,1780,6987,1465,8449,19353,24016,6680,9532,17169,5832,1214,2880,204,1865,2845,19929,1583,5698,67184,11622,3712,7461,42462,18684,212,12332,23499,4037,8441,5819,8747,52455,226,19179,14534,19872,4686,17784,7169,7619,2995,9852,6609,17097,9290,6020,3804,1666,21955,11697,1668,17960,9937,3338,5867,6675,31867,13627,5020,30611,38449,35794,3217,13038,23528,6589,56930,1738,13648,36867,12247,10795,2907,3866,1415,30107,36552,37686,987,876,5633,14819,13533,15876,10948,14103,3735,15166,3890,2988,26672,1064,2692,16739,7328,6018,4564,6530,5922,2438,5992,15463,1619,26724,2913,653,1427,3339,12295,870,2782,15586,1276,20729,58641,7972,137,4175,3748,5861,25445,44541,7598,28102,7861,204,24157,4530,8604,7667,6737,6209,9557,2884,11012,4252,150290,2429,12454,3450,18577,910,8248,28553,29415,13698,13646,34,36863,28188,2286,5083,5159,16690,10597,18587,63558,1373,1833,4851,45994,6970,2471,3025,9736,17822,5485,7816,36483,7180,33006,621,19764,27125,8697,10077,25603,8494,32966,4908,10655,606,21948,17310,8779,14621,16000,1922,312,5616,4315,18399,14028,8079,3437,310,4509,1024,7560,9990,4513,5195,24461,861,13937,14928,17777,6982,5349,4808,1541,6129,1606,3583,5767,33089,16967,10594,58717,28953,12218,10396,17518,2853,31516,37218,12746,20359,3316,15049,8702,5652,49099,7629,15659,13887,221,11048,2384,2977,26622,22959,9240,16545,17599,8224,20265,4035,4875,4287,34421,6793,6207,6760,9451,9,39182,8610,4758,40266,5739,40963,5925,15921,7385,1326,15982,4245,8161,9002,4953,3927,12481,7100,10334,10240,7892,12148,37690,7478,12116,24435,21781,37046,2619,14597,5285,5985,28312,7314,17613,14285,28,15728,15398,21455,711,7381,14649,3882,1538,5129,5538,3372,50735,185,23265,2191,41403,13934,30300,5821,15588,16845,18884,5849,1287,38408,4216,9893,2155,728,12450,4672,33939,17636,20804,19925,8611,3843,34796,2591,1952,2732,15430,14712,33557,2453,17412,5226,2465,26428,16495,19148,8131,5468,5124,8418,1003,49058,14203,28777,1210,13248,27506,1689,24688,575,22021,7708,11791,4798,19275,621,9623,29561,11248,16568,16500,8914,15694,4198,4101,39826,1182,15553,583,6961,7457,8784,10253,14077,9288,3175,10391,571,8023,10124,4378,11078,7107,432,3285,6576,12981,32560,7590,7925,3625,58098,19535,608,16438,5322,5891,1892,12670,4750,10742,8302,9413,1249,14765,35917,19326,19077,16233,17655,7013,4408,112825,20115,147,6236,27376,8764,9243,4615,8036,8702,16617,4773,1544,4986,88,1863,72551,12907,62,1829,591,25882,44810,22388,15639,27386,6425,9863,10868,22384,859,325,15519,38960,42328,27965,22915,910,19723,19359,8793,49404,29364,5543,4336,8069,7181,10371,6474,8294,2606,18672,5494,4595,2464,18350,10126,14092,14229,17357,5108,3136,28802,27194,3913,19809,4627,9165,12947,14223,491,2215,9515,2724,6448,31792,5814,12207,11298,14482,33886,14600,2258,11210,13400,35581,31242,7475,9082,14864,17326,406,6919,5071,16356,3241,2561,6668,6057,9273,9550,5949,5897,27453,13117,13038,7169,78331,7942,2126,2684,13604,1799,21720,1655,4639,7829,12552,12696,14658,6375,2660,1101,802,305,4494,12364,5891,13310,1919,36178,22328,9501,20000,1884,13217,190,873,16134,22322,78899,2713,9789,3106,23543,7397,2427,4383,2848,19719,11467,29729,6914,3419,2452,19047,8605,9671,14105,169,3742,11167,1506,40428,27188,5068,16086,14792,7182,1310,18817,173,5188,29072,197,7332,19170,2119,1583,17312,350,47088,29279,4164,90459,17007,24259,8445,34778,7212,10830,4121,8740,8095,3745,368,7373,3554,19597,14056,22941,1575,7512,24639,1115,10872,2309,25121,9020,7353,8026,30021,2096,6254,30430,23594,9976,8402,3453,8261,5558,16872,5031,11745,5628,15565,5702,6424,5347,6751,8472,52935,11562,1658,6360,8593,26370,2376,30693,1079,3586,6669,799,2011,8965,783,4145,7544,24767,24978,24468,12241,25623,2013,6492,21378,17383,15931,28791,13515,11382,515,2075,25749,59873,4442,10315,21524,3066,62083,6297,1566,5365,14758,22774,13744,3398,1169,1950,14001,7383,17720,16223,29817,22401,5669,2178,24798,5803,10193,40515,4384,9940,6884,12706,10476,1743,12,10060,1378,2360,3516,12309,9726,601,4873,5068,18655,8028,1246,66028,476,10261,17054,3071,2314,4343,29646,20056,14312,21102,9924,0,1665,17034,25871,3587,6611,6712,25781,9712,17930,5306,19426,936,8519,2347,16111,21485,8685,9130,21952,4483,10428,22022,9137,1652,13078,6076,18254,55942,23536,33849,13825,21430,23224,4119,1696,10985,6645,21861,2580,2000,32680,18461,34977,12389,31455,2530,26921,807,4511,8121,16354,21401,9285,10785,13699,3949,717,11936,22749,38225,19787,15404,11775,293,14442,2470,14570,13449,21278,367,3139,5461,36,8932,88574,3532,16284,269,23770,15412,1215,690,3057,4816,16016,22102,33247,3244,9377,15829,20218,4870,12144,14803,6891,19546,1346,4817,132651,9962,81,4508,2923,6921,112301,3850,29552,8898,7812,49864,1920,15585,7546,19096,4164,5554,1995,41261,14654,2533,10249,5710,12055,986,36196,3043,14517,8474,7288,4834,4513,921,17934,30922,2352,35615,18071,2138,169,852,11846,3209,1647,22545,4025,17757,4689,27224,725,6295,9581,28960,21543,18865,20485,6108,2356,10123,9354,58373,8754,3823,196,14900,11929,19741,720,10493,12470,16254,1338,4010,129986,2290,6236,1332,22800,14793,704,20171,14092,17020,1312,3563,348,48354,29058,521,23094,6938,2391,10389,7990,5981,5404,10489,8865,8396,2732,15243,22199,1045,3698,1333,3403,28014,6010,17240,3019,5671,53656,11019,42510,438,24563,3241,163,20461,20745,13994,6158,6715,765,21215,5022,2647,19665,2007,17545,5220,9322,7904,10044,4255,1616,2097,17506,866,12150,23434,6420,8639,4800,17268,7031,4796,9448,16270,6653,32726,12488,6154,27245,15767,4636,3119,926,17004,15088,15136,3025,4184,11664,10719,18318,29529,15745,7912,3769,9487,14863,11485,26323,3954,938,8690,19018,53076,12708,29982,19119,23690,18470,4942,0,11847,9284,10160,10641,1319,20867,33241,22690,23538,11552,7272,7691,31693,19234,20286,653,60426,8535,830,53138,4833,3616,10955,2264,53087,1853,9751,417,655,4649,4741,57421,23873,37135,8160,25038,16635,9473,2741,32184,1723,4226,60265,36504,24559,28355,19468,5424,13721,51600,19986,4562,24722,19070,2296,5895,29524,16282,5414,1675,2673,4797,14998,5163,5666,2213,124327,15748,3481,976,1922,19156,4189,2213,3584,15022,953,16115,31781,10976,8140,3004,8815,3954,39783,8999,7507,12312,4911,5839,48605,2070,27193,9224,2624,8974,4085,4624,27378,25811,16347,9967,21270,2026,19997,24628,7246,7170,7558,4523,8254,30906,15532,27730,8146,4231,7290,6834,3407,3924,6782,3532,36030,35818,20048,35407,544,13017,17782,3481,1182,1364,482,15261,5142,6229,5079,9066,22671,1168,28957,5130,24769,6317,5331,12075,25065,4353,13722,27827,3517,16988,14243,6351,13765,1372,1450,76327,6170,2314,762,31274,10269,14534,2851,5193,11849,18918,4190,551,16663,12182,27617,5936,1043,7771,8517,5685,6235,53957,40146,6948,31801,21834,9622,242,2043,4715,20092,47691,9578,8884,5172,26309,8559,19390,11004,3288,29061,6609,8522,11847,372,14267,5748,102857,2585,1212,14409,12153,3719,15156,7576,15135,4819,159,19134,25671,2209,15876,4396,52559,5002,9565,9108,13908,466,12162,10975,10434,1007,912,36,1833,8304,3968,23230,6970,8980,1148,12296,4537,24097,603,2676,811,2368,6812,1455,33113,22045,28033,10894,9797,2487,543,3217,11622,19093,7566,4611,52153,32333,7336,10540,34404,30738,81,5574,1072,3677,1872,55014,21698,12361,6084,16005,15517,14307,23999,1275,11137,4259,11429,4272,9898,1524,8572,2923,20551,18220,7003,3851,5190,15069,13,4796,3154,31585,7482,2780,20863,4941,32461,22650,4517,2395,8511,753,14330,5532,13192,20264,2296,14532,33,50729,2052,1492,2385,11272,24664,7839,14230,508,13795,5428,4817,1141,21557,99722,2041,5724,9019,2542,60958,4691,3202,18409,13471,3643,2939,7004,3860,28868,29015,5211,2754,1584,2135,25810,9493,19402,16863,5518,3187,9298,10693,16937,2148,9897,16087,3,6112,5379,8655,46238,3762,5457,23234,3845,7741,21923,15136,15698,1550,5317,11885,87,5341,8132,3893,4632,84002,14102,4287,1335,1312,3448,12911,3146,22815,14090,77656,668,2446,34,22380,3626,1182,914,4181,23661,43443,4283,5623,1812,1923,1138,2423,9709,14802,21187,2058,7543,47704,12743,19251,17666,36977,40835,7963,6448,13846,4742,5110,499,12879,2794,7338,4929,1180,11896,6615,9123,20292,30394,5936,15260,2555,4291,5749,4074,4027,21664,9071,17713,4087,29791,5552,24634,203,15601,21712,3582,11187,9785,84206,1283,84,8964,6831,15238,10770,2291,8031,6275,11794,3039,13279,18090,984,29900,1848,3746,9797,5296,6393,39157,913,79,8944,20661,12234,1726,29356,2730,894,239,4701,1138,5770,5221,7956,24528,828,15042,29637,185180,4128,3222,1142,47804,7229,18885,858,2103,3310,13015,2313,1200,8847,4883,4765,11518,30125,16947,39305,3501,5769,31183,2454,2584,5555,11602,9093,6621,20721,622,6755,681,1268,7614,40,16,10066,9399,3492,3682,4769,33383,26868,3790,11912,3914,8549,5800,10070,9077,18145,42981,2102,20957,10454,6173,4408,568,1648,4418,7778,30775,8408,10069,49012,4214,16261,4353,12099,22380,6353,11771,2311,1590,6717,19822,5036,7634,11951,6760,9959,14665,6693,5657,1509,1057,408,4777,6519,15536,1826,11993,20298,1380,2826,3948,20731,9071,3292,33026,9476,1677,9040,6727,8123,7882,12325,1640,1470,26710,5502,20903,9075,3354,9674,6091,6686,48,2425,1346,145607,2676,13968,7570,2478,1617,948,7152,41487,240,24234,2072,29530,8736,28409,6979,7907,16749,29068,4458,2009,17710,18341,679,12922,7994,11511,11110,18678,10482,12094,11765,9350,18597,37,19523,8830,15658,3617,14870,7120,2106,175,2236,4362,3117,25422,34951,11946,1184,10328,6537,980,35855,10745,9337,6090,14921,1200,33562,5298,24223,13522,8506,59530,38996,7721,17084,1898,37905,12618,45841,36934,325,15433,6591,20365,8566,502,2150,9122,4039,21244,38582,165,10508,17658,18486,7149,4374,2113,5628,10928,27099,6108,13377,4407,26443,3375,32192,29310,19784,3269,4411,4073,2033,2110,4467,6499,3799,34093,9455,16341,10005,18833,10675,10157,2999,15470,17287,25354,8675,43540,9210,13895,1078,2710,22538,33253,204,9778,3626,76227,15188,8579,32988,1953,21572,7003,2033,8946,2971,433,3782,3011,629,7112,19250,9002,19860,20132,2641,6937,18312,18322,56774,20632,25280,11602,20265,7015,1986,34,16400,9290,18602,1960,8768,27,38794,109,6080,8077,18701,14225,18069,25733,166,12267,9494,1347,8007,1192,3341,148,75367,8743,9062,9703,2341,2888,45805,160,7976,5895,4199,46658,3738,789,7387,2716,2915,25438,6170,10967,3494,46707,2794,1404,2775,22179,6972,916,7839,7069,11515,19194,20619,57204,21802,4153,4899,2115,16739,7439,3012,41217,9524,17702,3784,1928,8938,3652,13850,234,11868,2939,10406,13339,24153,3781,24655,18437,1743,24796,1091,48239,9911,12797,1831,915,4323,13398,77817,10991,5193,18518,7538,3866,10969,17430,21502,14130,6984,10141,129617,11574,1752,506,3455,910,6954,12408,6125,14717,7980,21269,8505,11043,3942,6778,84372,13366,13110,10045,22368,9811,4575,2834,1709,2698,4053,167,2499,9324,4438,3734,29313,18569,715,1047,1168,26363,10618,28576,3929,13727,4080,14678,16048,20588,5879,2271,876,4616,6801,1126,634,10534,10506,4329,5881,14508,16144,7355,27338,2130,19211,18671,6434,12503,9448,19775,4456,36610,9626,28746,10124,2774,2130,25322,19898,2380,23429,160,34322,10990,2632,19663,2388,19520,19541,2608,6242,2538,1096,8315,24325,145,77655,4007,40012,11929,206744,2183,4103,1641,17364,23293,20633,10189,1940,8119,641,17589,1078,34504,3732,10013,993,775,10195,11329,80043,13924,156900,18324,31321,1828,7645,811,11512,5122,279,5177,9655,5892,34225,13667,3507,22256,4874,19935,21562,4598,18361,8874,5944,18666,28278,16714,96357,3583,8605,17,7609,8757,6950,27625,341,3873,9558,1484,10079,3566,2497,32418,7908,15045,12483,1106,26419,3594,2302,15282,93835,17948,17301,6626,8867,975,25346,18317,10267,9934,9585,3816,16617,3458,2253,2870,189,2676,2242,9054,32402,36196,28614,1905,9414,8380,16031,5992,11980,25810,820,5415,11729,66853,2776,8518,3639,3896,9866,9543,17991,535,4301,22601,15825,10169,3041,3797,3892,1368,10191,953,8279,3765,2891,435,3947,7994,2465,188,50316,175,11265,5181,12236,12121,18180,15559,17638,7320,306,22381,3752,20678,5439,25715,2283,1209,4001,16413,26689,1266,7126,10914,6777,2902,6701,47,4041,8899,20512,13593,7768,7552,1001,0,13364,7494,25769,22657,8841,15553,2384,13690,19664,17055,7623,9631,1461,43,19750,88252,12069,887,2783,24775,12128,14695,4610,6388,2444,2680,122,8536,22182,5095,1851,12486,15900,13404,2998,16372,8595,10771,20949,560,5716,1617,4288,3618,24287,789,10662,8641,5916,3088,3549,22548,7818,22863,1236,15875,43140,81566,7044,22152,4654,4941,12191,861,575,16566,8241,47023,43842,8381,4545,10297,3215,1864,2768,13012,9858,14727,16024,41240,24581,5681,564,19134,4424,6300,3775,23300,3321,4798,9308,15631,3994,6957,22321,5234,7643,3216,31847,6745,18769,421,1487,7816,27017,28375,54182,27863,3469,9739,19060,46232,30674,29563,17932,34821,15972,12054,757,64917,6085,22737,7116,3276,1764,15879,13681,6332,603,36672,13734,785,21767,9821,5966,10918,7816,2210,69277,6937,2389,4427,1782,1122,10880,3918,3172,5149,9658,1054,535,5808,10128,450,10728,17409,15107,22674,11765,4973,7721,4616,1544,3300,852,43314,18305,9413,6418,437,3329,6908,1911,7974,5334,863,10052,3861,36854,6549,38102,6831,3222,1302,26359,4062,8876,12088,9089,3433,4630,776,8586,6604,769,17361,18308,1701,19731,5850,12858,11349,5940,9612,43718,4529,3739,9694,27658,6539,48224,4034,10517,25876,23409,583,12493,4588,71668,5564,132263,6224,11820,4196,966,3380,527,5238,6562,6506,8277,26839,12421,9027,5335,10209,29886,5038,40016,18871,8198,8086,48187,18361,7288,3655,9233,38861,260,3782,648,5035,10388,18,11557,1921,1471,2058,5868,10175,6622,16547,9427,3568,17766,4545,9083,13299,13673,201,13362,10331,22306,10330,23989,22673,52,8670,11337,15154,16263,5337,250,12344,24325,23944,957,3340,3012,12611,45945,31768,1409,1055,1709,6985,14274,24069,7780,3646,13896,5280,7591,869,34881,14654,33308,4791,1502,1717,5873,4522,4948,1443,14711,13104,3652,535,3295,13876,22264,370,147,3413,8670,12631,958,24698,463,22368,27227,9338,13514,4896,7736,16353,4201,6583,15847,4220,39930,8966,3060,15447,8509,28406,2337,16175,20268,9521,539,18055,8957,34851,858,7598,26073,3942,11419,5137,10614,5712,10368,202,2907,102328,7837,5439,2595,5854,1455,12561,11829,17314,9336,113,11587,13817,9850,25325,3357,1907,9336,26,46810,1479,1425,1850,5198,26077,5698,16506,13689,9362,14113,5255,10520,14565,8274,24502,26205,21821,34045,16396,12601,4141,3303,9320,10914,5058,41780,28197,38172,3556,1943,3284,2316,18762,16800,19281,8367,718,31814,1666,31228,7744,3619,3810,3756,84351,1506,296,18892,140276,23945,22898,15396,11978,11532,6868,714,2116,9729,145278,3915,3580,1082,4330,110736,24179,13256,185,14602,56603,27662,8666,90416,9689,2797,54400,10845,21025,9571,3602,2640,13511,1853,25082,8291,13357,10682,1019,40550,30966,14218,11924,20482,9864,1788,20191,7962,3965,7243,13556,35935,48933,2466,1538,0,142,8686,10859,4307,6082,10896,18706,52943,586,23805,1495,45266,12637,1294,7076,68,13220,44944,8550,7280,11090,19604,37125,7506,18595,16768,25257,89643,18116,5126,26141,9288,27373,1551,18828,18592,4498,23588,1286,31045,451,39602,6695,22430,14007,1710,26123,4693,29699,8184,32431,22297,12478,9256,13996,34523,12897,9437,10152,19116,8774,3916,8072,1302,40120,555,35253,6062,3088,2956,4645,6259,24234,17,5525,7756,36896,52551,38230,35397,6223,12563,11288,3647,14376,4500,33353,39277,6094,1816,6961,30090,11593,7639,28989,6308,12198,12854,4957,2965,7680,4816,1837,7942,4777,21132,871,926,346,1853,22659,9699,15792,7151,2242,1039,29797,462,11962,6457,546,145571,27067,12497,9228,12246,7492,6591,183,4168,32345,14486,11550,2403,3951,17291,10279,776,7023,15075,1399,51397,5593,4636,6706,66554,1122,6772,14458,18286,29,236,102222,4256,2390,8997,15716,7258,16502,32658,37765,11504,1107,8618,6476,101739,8185,25102,2466,4099,16751,27156,3164,1868,11941,4048,36056,11853,63197,4389,15089,214,1460,21555,3861,14547,5271,23476,20594,15780,6101,8034,4981,49090,12256,3595,882,30048,576,19802,81840,9006,40779,9268,10304,26587,44046,5094,11857,8636,14984,8468,10871,50370,14407,8057,19422,570,2154,2942,2008,4231,22915,2271,8858,2132,24929,11281,3886,26095,15670,19517,23463,16857,20037,5564,31388,2315,5813,7077,13707,1839,2255,3697,96591,7966,9941,12476,7709,10114,1859,2329,6822,9323,63971,4267,10108,10513,9458,14678,15101,18,25204,1468,1269,1422,18707,2264,24643,690,30437,20810,13053,2539,8,6806,18121,2609,9,149,356,2491,5791,806,4243,433,27694,652,16739,9709,3168,5199,12680,11753,3902,3051,10052,10571,31971,328,14932,39419,33,21490,35125,13684,425,11742,13884,38,82909,450,13359,526,7183,975,12819,3497,85702,39396,11056,4537,8169,7044,285,47252,2388,12678,5083,41858,344,2560,21699,23223,17947,987,37886,12429,2337,13961,24953,14725,65134,17029,1529,8417,7458,21230,34759,4129,7857,23562,3918,2624,13024,17574,9092,3146,9676,3145,15752,6522,12078,15785,44639,4780,11211,45222,21832,3509,1477,85043,10759,18780,1774,11134,39652,26611,3424,112740,14003,3231,4754,14347,2364,2774,19362,10418,31618,13182,29776,2361,10940,11852,6127,13755,45669,74614,23545,17943,24831,16340,6042,2682,306,932,87963,6712,31146,20229,17186,14954,12950,8489,25541,21557,4212,44468,458,13660,2803,28804,24300,8774,20301,120191,521,4071,3702,14934,1731,9608,3548,1037,8197,2058,10002,3833,13155,12381,9292,10142,9648,4332,19400,9072,49300,1328,11013,21248,3936,86279,6863,23743,2035,1346,1471,7393,5047,24066,14302,20568,3611,17674,16449,1127,2537,26709,2946,6142,7079,6980,9714,16267,10558,20354,596,57761,4741,22836,9098,52404,750,2337,7273,2303,29999,6551,9674,4897,6208,22084,6264,11395,2687,18142,23552,2008,6777,5176,17412,6494,22702,14952,3882,27652,13238,88,7339,6453,8813,144529,41211,37343,407,6378,28745,21088,4112,40294,18132,15702,7727,5273,33925,4224,5528,7457,13370,6475,7357,14001,4196,66056,1319,20434,13953,22083,4644,5928,7326,18149,9083,1198,18846,33631,4559,12149,4278,5492,14027,12804,5320,17175,2634,25534,10927,63,1843,48076,2925,8593,5664,20644,2758,3760,15146,274,15765,2991,310,1744,2069,7043,4628,14261,40646,8442,7236,10782,20763,2530,16960,325,18770,836,21264,1116,49284,15586,10076,23136,4468,34292,9227,1969,66805,22766,4594,3165,378,25300,2634,6248,65,3686,56550,12331,8878,18675,4715,17685,22110,994,17070,11450,3353,10388,29528,22698,4277,4864,14450,3225,15601,5090,7236,7012,19335,11336,29073,8475,32710,18029,1063,64865,837,2688,8393,9808,2977,7458,11804,9455,8252,9769,43572,310,6593,28012,17134,110316,562,21,10037,4958,6560,8854,11933,2308,7454,12769,692,11556,9530,12027,13875,12178,13341,14280,8482,25258,3330,18779,11694,18607,8988,15001,8274,19597,16495,7936,6350,5183,11005,16970,42850,9983,11158,135013,6491,10982,14829,5406,23100,11674,2787,1105,13210,4640,1077,10540,12952,9806,9487,27242,9987,18022,24097,43288,9507,14044,19708,26581,1256,22340,1376,10842,4162,24442,3564,2564,12267,68999,17697,16693,8030,27128,2022,10292,7918,10294,7058,26598,5989,3151,134,1265,33731,2132,14788,82570,19079,23754,218,23181,2011,23913,2068,6672,8660,11014,3925,7392,13385,1267,10514,53610,9691,2374,243,6475,24014,18159,30123,7402,13128,3409,11098,38392,5841,9826,8500,3395,5439,23906,10808,5468,7246,73534,4190,8415,12235,21206,3649,191,7914,22703,9600,33069,7541,22131,25433,4837,11199,6471,7227,6444,10492,11016,10879,19756,1813,13229,2630,10996,14782,4546,14012,11843,35643,7645,2602,147,3087,34013,10556,7589,5876,533,5981,8746,37366,20340,4321,10346,15500,12499,23382,2577,25825,61327,8395,7431,39264,1284,5149,6322,2335,1677,67038,33235,98,4752,9360,25566,6965,6001,19170,1092,149,6117,40,6865,1063,9430,1453,33172,8234,5897,659,8129,36569,24630,3314,73639,9642,10447,11981,1105,3032,3232,5042,2362,18051,8956,1869,17686,3957,4112,3040,32411,1971,11927,0,3346,17072,3563,6040,746,16629,5329,39610,962,24783,2849,1359,2584,5145,4856,31328,10165,2890,11970,11643,8032,4610,4498,28842,14117,1157,2311,1593,2188,8029,27634,3889,39543,39725,4496,49208,13698,8520,16201,4533,23346,9929,17823,16816,2103,6156,8367,9811,22875,9524,67969,4341,22682,34611,31393,4837,8132,153,608,7642,2959,7354,30054,3916,8290,43314,6554,41640,6860,2535,10727,7723,10632,31458,11572,42283,11343,25352,1533,7428,676,25563,282,13751,2171,465,15118,11679,33568,17525,5088,11824,4542,46755,28348,22722,4560,11990,2433,309,3608,11481,12740,4175,2846,30395,17451,19660,5018,18409,12313,16651,9798,3822,10142,55766,14002,6023,22959,575,6061,474,29106,2009,20177,17627,1135,11784,38320,27485,12209,14695,7395,8273,1309,3718,17817,4488,5111,15120,15295,23173,2667,6066,7299,1047,5668,83323,4610,17274,4136,775,9121,1172,13053,19035,1210,13031,3663,444,3632,3355,8833,17364,9662,3112,1000,28960,18538,55358,14711,529,9562,11519,18603,2796,2027,17914,7220,5701,26579,11946,15725,3199,6422,993,8191,17029,39953,6745,4987,41658,8928,17401,22,6162,59,12733,8053,11390,59809,19182,943,6847,2647,8523,3757,28709,5218,7226,3119,4932,22275,7674,2133,1728,18235,10590,7717,1398,23786,17268,11762,13458,40068,17215,13721,11890,5756,19967,3937,18532,23755,11106,20081,5223,18544,9114,7042,55453,41710,31356,13405,6449,5162,4439,1495,9220,2461,22966,2198,38313,11992,158617,58767,189,1151,84171,3700,21,26800,20433,12030,9682,39414,1474,8328,7073,746,28562,10709,11675,9450,9217,14473,10624,6767,19057,46463,4906,5501,7853,9309,2849,4377,2281,9378,19315,23421,94,8930,7801,2615,29837,30590,4107,825,12164,15086,1099,29689,19100,4634,20363,8436,5712,21818,12830,1365,7017,2253,4121,6821,9981,783,6522,3759,9137,26,22678,7608,20733,6445,5532,2364,7583,46990,1786,5257,15961,449,11925,273,91,19904,18900,1451,23434,1613,4283,1770,2017,50279,196,2413,10083,6382,12406,675,13927,39498,2154,2078,4262,26053,17154,25930,5474,36384,7499,22529,83,10126,30633,46139,12744,3188,6123,26823,12570,15968,23165,8216,5934,7853,8764,28386,414,3805,9498,8378,225,35950,14341,24668,5902,1614,19859,4424,29059,6355,5565,23879,15261,15834,15234,1762,5894,8912,18624,491,16831,4910,1249,465,2302,5945,8207,13873,3500,29978,17412,4759,21846,8495,9201,5406,11124,2264,809,985,2256,2933,11859,44539,20656,1803,4744,16910,1631,1962,5443,22026,4958,25915,48582,1630,144282,15267,25986,35345,117706,10909,18754,2792,88,1538,13229,11596,13070,7040,3826,6239,1478,7635,1507,6586,6814,5572,53,36822,753,3273,25149,17301,4560,3240,20610,678,27122,25431,3765,2358,2077,503,21844,115551,20411,11209,1610,14092,6080,5816,66603,9646,6849,3438,1883,5001,29931,4525,12510,1307,6483,1158,10121,12182,4566,4198,7882,11879,5627,24827,45677,15004,5816,6875,8362,69206,2167,1356,4787,15077,18230,535,13130,7015,2989,1119,11313,4260,30891,2451,12290,32,15717,1441,6542,3766,16995,5295,11438,7929,23624,12480,23424,2775,8850,6590,3991,6483,12003,19011,10988,16714,3434,25641,20589,17938,16586,1956,15499,5740,21619,22970,4744,33624,14277,6944,22744,3571,15361,1246,424,17635,27658,18629,11370,18976,9591,245,1399,4092,7814,3437,16022,2447,1296,5849,1790,7892,5747,2005,1961,26659,500,9227,6578,10331,11025,2485,2113,14527,45901,10419,27832,33026,19827,2904,25614,9414,29655,3515,16676,13905,14900,23156,8601,1028,1568,12361,18213,9780,12748,6860,31730,17656,27284,391,5717,4785,3774,14439,2139,3773,7324,86097,9001,30786,21345,9335,7476,265,2139,33200,4323,9557,1934,2604,6415,6270,17999,38701,31953,44383,5003,27357,6828,2219,16927,19246,6999,1078,6126,6515,945,668,1493,7681,14510,3921,80,31473,7167,39419,9823,1332,5965,1056,681,13212,6204,7489,47666,9690,2775,39310,24408,0,1053,23306,3083,11378,9319,2580,6209,4248,4659,35783,4020,2950,16767,9990,10026,94,9147,668,21871,10183,41885,18202,11740,14783,2749,14089,5746,7462,12311,14812,12003,41511,6409,20362,8952,17714,4901,712,5013,12494,11119,189,18022,1518,18786,5493,11846,3526,5957,1030,6325,2680,12933,22212,3366,2028,10122,18227,30005,8246,23751,542,6974,1849,9516,512,9940,0,41198,43487,20892,32830,7457,8206,5449,12642,1887,5434,21139,2630,63045,12566,3092,5612,26360,10787,3304,1562,6170,5224,9397,4866,16653,4468,159405,11973,2440,2641,17257,9518,6367,24978,1316,6996,9075,52810,2245,3624,11486,6497,7164,2305,4382,5707,10734,35806,9281,45187,118,25628,1308,15402,21848,23632,20665,28235,450,18990,11959,11523,13957,18365,11488,11206,7886,559,4231,2446,8218,25715,7916,54798,21028,3926,15202,3157,9026,772,13761,27516,17549,41828,38085,5537,665,9760,5305,7904,16994,299,3774,35539,8158,8807,872,3822,746,674,18330,21766,730,20869,10732,20400,9106,1043,7365,20136,5903,20372,21307,10278,7575,4485,16063,21940,36900,29559,2316,17177,4380,298,6765,22543,4176,36520,245,9960,9624,1911,44372,660,10033,18671,10663,12790,7113,9634,67261,20169,2632,18055,31829,10763,26865,6143,7026,13639,330,17585,4842,2099,8860,34949,11402,14811,23841,14214,10270,6197,53845,10036,30405,41686,7359,4801,5951,5059,10001,24809,7484,57915,1570,9587,1697,2009,15018,7757,34280,8046,14069,23977,4149,10070,12355,53,1441,7206,15859,11012,2218,1687,44709,7384,22432,15605,4223,136,12580,2888,17270,12249,3466,19627,9253,6465,28127,9436,22644,17566,11981,22583,810,4610,1802,670,12203,456,782,70598,1469,200,5210,6612,19594,1090,19303,1027,10236,10207,6504,8953,19537,8819,23092,18951,15690,10988,63406,23848,19981,69537,10697,16437,11648,10728,637,16216,15852,24491,1333,11664,16696,6760,4147,3769,1398,4004,2689,21063,4940,11647,9417,22,15653,27384,942,15390,37536,1464,10508,21076,6095,1143,1119,10123,34613,7044,10344,2144,11082,4619,3822,3887,14494,8713,14938,2512,7892,29311,3711,12516,8421,16279,62679,26435,9133,1299,19622,13982,8233,18302,19074,3351,7417,48747,8915,20999,1536,6971,1799,9381,17376,22477,15506,3248,9910,10217,3686,8976,10862,846,17295,4592,7639,44346,7491,84836,1161,22672,15326,2882,13506,9811,3375,2,91739,55253,4251,17235,1609,1273,55334,3074,724,4924,10713,16377,10533,30988,1120,6620,23283,1236,31192,13655,10720,4576,43411,8494,30957,22002,7786,5938,33905,2265,21247,2662,14171,6273,14171,81099,6458,21175,1391,29879,17825,27085,9135,5572,591,10012,18669,6475,2742,24877,21930,8669,816,20055,3852,49571,5315,677,737,7724,17408,9764,17517,15671,4968,3859,4037,8639,1176,11958,10164,9429,3028,7353,16094,577,15961,15527,108305,1671,31304,25409,19435,7429,1507,6769,28603,220,6771,11452,4708,4048,25598,8076,9657,18613,1695,14561,6045,5508,8397,57449,9989,20392,30587,1207,4914,10415,56405,18599,11335,11326,1235,7705,7608,11765,5071,9838,12131,2167,11900,528,11123,1000,40396,24075,32855,49640,4049,34139,7364,17558,4396,19762,4914,12283,2049,7659,5633,27343,34506,25073,7042,14252,1249,7413,27992,19254,9483,4424,11615,19600,8447,16122,4122,13076,2409,15876,35004,38986,9042,4539,11006,15747,19677,34215,9158,14375,4904,9451,3855,4345,25461,14168,5972,18704,9555,13408,179895,17030,4085,16890,9709,15124,9632,2622,4617,6322,418,15434,6310,6746,6261,16832,27951,25519,1746,15833,1626,51355,11704,7095,6354,3951,40124,1829,4300,29319,24512,17101,4646,9201,7271,10410,2952,2323,6370,6282,23618,13210,13907,10023,1972,5340,7678,14448,357,6582,8630,15389,16433,22064,48664,7973,21306,6332,2640,59014,2466,16349,19195,2247,1893,11427,15297,40098,8801,30234,9356,8175,14190,105186,5123,6601,111,11869,2224,10251,18526,5358,2386,12975,823,721,17513,7542,6160,7294,9735,12497,401,19227,1079,1064,35668,66047,25242,9465,48961,20805,1354,6158,13,34866,29163,6785,10388,1233,3496,9937,3361,25773,4923,24487,31941,12094,7806,10825,7818,8760,14205,10474,3202,7429,5474,1634,245,10433,2588,2042,1289,2520,4466,2867,12071,196,3672,13251,32078,16055,10639,7240,6401,27617,36940,1683,18826,10652,11473,44352,1361,5385,3849,478,19797,18821,2574,3044,3232,7559,4318,34877,4432,10556,6896,6517,10777,36903,1654,20905,7210,19358,2532,22746,9900,7073,17636,12302,24022,23955,971,4853,31,4685,3087,12278,10365,513,18773,18299,48323,7227,1763,17932,11487,22023,39494,25555,16595,35851,16988,7025,5625,10898,2601,4236,26966,21180,16870,10684,18628,20087,28742,24926,4150,11387,2341,5120,11331,3723,3520,247,12123,29929,6370,10482,15453,360,4825,11881,8672,14213,7399,42597,17571,4018,2078,4313,9915,2246,27085,2398,6332,11,27947,17048,27827,3626,16791,23073,822,12288,15062,4730,18882,12474,53964,63,4832,2631,946,5543,4227,16372,586,7398,2885,20746,422,2631,22779,4425,2639,1434,6247,40963,13477,268,4894,11270,37034,4428,36281,30074,8526,43305,3500,25550,3681,225,4005,3699,1425,15388,775,10036,72768,26921,7387,45020,1258,2436,6581,916,4276,1307,5972,1490,0,37904,13837,8432,25236,7078,2681,17639,11561,301,21031,7456,1315,14742,5795,1469,37382,4660,24849,1886,8442,11060,11653,2563,36657,41597,12991,1681,1324,4779,10203,84123,5000,7612,435,14398,678,34488,8310,11537,4219,7848,9037,2553,7722,24225,2450,13415,27750,29519,4829,1147,16843,27252,33805,13517,18272,2458,890,3147,27074,5186,642,28657,668,1527,58327,10675,12871,4636,26100,15625,8767,15867,14007,4497,291,12573,2135,8747,466,3526,2061,41348,2402,27833,62550,4624,7502,7313,21075,9497,78210,6568,29044,2398,26290,3519,17409,13536,2306,30679,105,12334,14696,10388,11105,2911,24668,797,15578,139,30742,3795,153921,10382,18887,4959,1917,14014,29514,149659,7516,31161,3040,16986,5545,9879,2586,1421,7415,33484,7040,3665,50356,2127,424,9924,9896,4065,1996,6424,5663,2716,3370,9376,365,10023,10751,3129,257,3854,3297,1186,1850,25264,12219,128840,2007,329,2095,4497,13861,797,5764,20854,19797,16227,23895,4328,42686,1166,21866,7783,3670,15344,3470,13835,10953,9739,44023,15856,8913,2471,11455,55726,1414,10629,2424,13316,5237,2414,9838,15249,18385,8013,967,2043,11842,8192,3418,5197,2660,839,7119,33426,22035,24,6431,5107,48629,80,12513,7150,5180,7205,9623,13549,6797,19724,1313,23572,4058,2833,9334,6586,13205,14123,6490,3215,17686,13241,7493,19552,23357,68575,9330,7005,13002,111448,14214,5072,4305,16210,127082,23167,17259,4744,3991,3760,2708,19179,1258,2037,1499,34454,26398,19952,3303,20056,9997,3579,2064,9169,28741,12989,10491,10977,2169,1597,9647,5593,7843,20491,23286,1610,9069,3535,552,99,4399,1904,3812,36348,7090,71613,22093,22715,1611,945,2706,7932,2455,18083,3592,16014,17353,15210,1702,9402,5573,17579,529,30402,27596,5665,14200,3966,49336,4784,12081,3314,7767,22658,6203,16891,3938,30465,25043,2261,4167,4366,15691,13840,20720,8899,12571,4362,4710,33178,19422,1184,57645,8096,27053,43830,63579,6844,10579,25213,42659,13480,2726,6831,14234,21140,1603,3820,185,25041,18768,53285,4601,20704,3424,9713,237,20,32574,5124,24152,30974,14994,5137,85,117008,995,4476,30626,21800,2196,967,2441,295,39465,61661,10357,50625,12684,8850,17484,8917,22095,7760,12363,14566,11514,1641,14277,6126,21650,14266,7596,2237,3605,7965,77797,34593,19031,17403,55269,3470,617,5183,1572,1926,21816,21491,1030,20336,6986,2878,43589,1477,87256,464,32138,2582,6704,9853,9265,9221,4146,1283,20346,466,20521,4049,8015,22361,14834,1088,30605,2284,30504,2613,1918,5580,14257,10771,8867,873,7177,4126,395,7013,40444,6382,12,134,9444,54,1037,147,539,1136,13498,8541,11,3020,16171,16816,36154,8017,9612,20668,16341,17909,19103,2605,29384,18924,23179,18919,1957,10487,1615,7534,24237,22535,979,6559,13926,6982,22169,3647,4308,8328,2167,28030,3702,10033,13848,12541,29572,37202,40216,52829,4373,1808,1495,17587,6788,6882,25675,14852,17430,10815,28967,28235,11270,1165,264,29807,3704,13156,2161,1491,14080,11082,7417,2509,4766,6140,359,11818,16467,1610,14932,8385,1096,3021,1715,1159,8170,8637,2101,52,49671,21894,18198,2018,617,10143,5862,1145,5339,22310,12308,11256,1168,1623,257,8966,35957,13419,9635,6599,5999,21396,7618,2017,19550,9333,2122,928,21377,11459,8996,27254,10351,41692,2116,7073,12673,1965,10336,68884,5010,1974,6602,668,564,3465,18034,12623,3415,4165,6957,26,21966,8123,5849,1706,645,24465,21017,37682,32417,14319,3331,3791,1294,2479,10429,13935,1653,5290,29692,13327,7963,8909,2916,12361,1418,8208,5159,35224,7145,9977,14180,9163,3983,16564,9499,13704,27670,16743,10906,11329,9266,22414,6316,16987,19759,24275,23919,2342,26711,10571,48226,49752,29398,2431,15984,17291,6619,3577,27522,1265,18515,1745,8607,30164,1588,2144,17286,1830,1621,17309,8949,12054,19960,515,5555,3076,49038,4508,13643,5878,6760,31442,13406,1955,2163,46022,57133,4246,10946,25888,32082,18514,2866,7144,6987,17222,33434,3001,6697,19941,12133,2567,17795,679,19325,15621,884,3832,7998,1835,18,12455,25173,437,18985,1076,18429,2413,26595,871,32453,21166,9535,25871,36105,28138,12096,12793,21049,28559,11081,12526,554,6117,8820,18232,10673,17117,587,8902,13219,18228,15504,22247,5085,6501,8473,14092,4472,11576,63251,21339,7628,4639,40720,5482,4557,27983,8190,15834,12490,146,4641,11824,5799,12773,7266,9674,38041,5197,7043,10156,1779,19495,2736,2995,613,15896,2975,590,2024,6416,738,107,4359,13272,3589,14643,5854,1148,2816,8497,11361,88369,19308,17389,5703,22164,1113,939,152,12686,2431,20871,2604,14007,25157,9622,1494,1822,6430,16756,6540,14536,1947,12421,27345,6902,9239,25579,8182,4400,963,11064,8682,11959,1390,13269,4043,5696,3048,20679,10379,2902,5634,7752,10300,5948,10652,13369,9186,3507,3332,172,18309,66397,12377,19466,8176,25374,31472,7536,38107,10213,75167,5861,28301,11004,14472,7718,23452,10999,11655,2942,1462,39527,10759,405,18313,23132,45977,11787,28705,9549,18188,18727,8317,59045,13932,18300,9672,1341,4173,15154,3615,561,5122,33406,6080,2880,1,19513,12468,16099,3612,18541,22377,7462,4104,17071,16841,2229,24944,12583,5226,7724,1196,17174,2486,6915,114888,24631,8818,3991,90672,5791,37198,27,3526,28179,14682,3845,21515,350,21553,10962,3734,5489,26202,5236,4851,10642,12797,8844,89377,42017,2090,5507,20745,255,840,21301,16826,4009,11816,13123,13156,14023,94,16333,15465,1866,7383,2969,2328,19636,17520,3724,2976,21593,4308,404,13576,400,1012,12242,25941,9683,6384,9539,5358,17357,21672,2712,14191,2246,9905,9289,6322,22161,9077,754,15375,19739,5369,7602,21690,20741,2295,51968,7109,12495,49746,5016,12111,6824,97,52647,35513,3648,67133,5332,9301,3559,10249,8441,41310,29562,23598,4126,7001,2941,10501,15691,5276,21901,14785,5736,40123,93089,3649,7373,903,1512,1631,50215,5356,20280,191,11388,8305,7459,1127,33162,3986,11287,6205,815,28412,23524,5981,15801,9118,26523,13865,31139,3590,5717,4711,199656,8162,5360,3283,163,8902,20808,18653,14394,15251,6600,8539,4210,2960,27153,7055,253,2263,9417,17702,26198,8680,28685,10062,3606,10826,3779,11117,9001,6160,1069,1445,39587,63574,1405,3715,2527,7234,32974,5799,0,6590,6767,1947,6414,3940,9404,1308,16481,6489,9499,2925,5235,21300,4925,484,10362,29067,24783,3974,771,613,16848,532,2276,6663,1930,85,36526,18634,2995,3577,1561,12714,13836,12637,15916,1590,34576,1530,33153,1019,22788,34666,4887,908,8164,4729,4552,13461,1529,13854,42150,628,22173,8560,21243,12280,185,6483,653,1009,606,34579,42521,12510,29703,2021,10229,22090,18146,12843,10629,10215,35753,14769,20529,17488,558,15612,12389,829,11510,1967,4922,11292,2122,3012,1039,2094,23399,23682,163,29338,11910,1434,2510,8043,12325,3446,2057,14861,20239,6974,1727,454,7491,17175,13729,18974,5091,14978,28630,40644,18105,20213,776,2292,14946,161,10504,7954,25356,15187,46674,3217,6534,23673,7460,2356,10730,2180,700,29607,36894,5189,11346,10711,2930,11625,1013,6101,3494,11724,13115,3302,26872,3530,8122,30474,11395,56943,9356,15104,23348,4355,27486,709,16502,13200,29892,6185,17476,9120,11685,8165,13457,5595,14493,16263,43,25478,21467,18266,5766,10059,18217,3704,7155,27110,12637,192,6491,7789,67717,15800,5343,3943,43784,413,623,15598,22479,6066,23,1380,3312,4942,26661,26813,9922,8383,11028,16156,7036,32145,1811,8078,4147,27305,60856,23114,5619,22519,3172,19685,8107,238,21423,14,23384,12193,9644,4215,123,4058,6159,5121,1471,7266,12616,6179,12911,8432,3572,2010,5996,3882,9717,33125,7978,2441,21007,3958,13719,30223,2708,15617,5847,18376,2895,11433,31141,26895,44048,6757,10952,19811,7537,5121,580,6014,8263,12460,6596,21924,10369,260,9345,5474,12480,8753,5719,9571,2598,1698,12507,12670,49755,12003,5326,1437,9393,1179,6530,21754,3134,33695,16940,12461,1354,315,61721,13752,348,51035,4372,12913,3626,2914,12445,9572,7816,36,15044,3367,8732,1460,15055,10527,24730,22708,6107,20410,6410,4745,10810,10502,12916,3251,1857,19454,42337,15358,18252,19368,2488,655,4810,7280,71234,2942,6698,20917,4408,15248,8997,8146,9716,4114,16213,3997,5628,8534,18228,3850,529,18405,19039,17320,6834,20261,1661,4714,8951,23315,3277,6275,33592,4830,41773,100702,20529,5588,27022,5525,5160,1729,3864,7529,50590,3571,8117,29,3529,4558,11652,3662,14659,9134,7974,5122,96437,3095,20357,7986,1023,9537,60525,44519,16826,13976,21430,12570,17951,112185,13369,7339,4587,17949,6107,17140,7858,25829,11625,5551,3484,868,32538,3237,13972,6041,7269,9910,1895,512,11850,8753,11038,43868,12654,17214,21535,2752,10957,22777,15485,10561,10433,13566,13209,16418,21088,9895,58723,4548,13866,252,9377,14190,9679,2559,15701,1333,251,19113,4908,6383,15836,8647,11205,9308,13427,4735,292,11037,10347,12053,2792,16034,23432,10133,4083,1765,45110,4941,9989,9171,6019,7071,8123,4119,19358,4531,18696,24131,15431,23197,11330,4660,118823,6725,1260,1864,3950,959,1378,11209,4200,3238,2526,11899,9582,11487,37083,5175,62778,2826,2620,859,5391,1868,44257,10139,17150,27490,9845,1260,10060,2402,13285,681,272,7359,27067,48129,21303,14543,14018,4391,16035,13071,7639,4369,6718,17102,28515,6742,807,16315,13320,31178,5507,12733,11421,8027,25189,4965,44481,4265,23744,523,2384,9819,19069,5602,4790,7634,33839,3076,10634,1671,2654,229,159,7059,297,8505,7138,9205,12004,17238,591,18529,1657,12090,20691,18831,13735,21316,5336,11016,444,1130,13727,2271,1543,5125,16057,521,12342,4787,1906,289,2674,1356,147040,390,7469,2436,92,12282,11138,4424,32659,2200,884,45940,17407,3561,2148,12133,2959,632,332,7259,2005,6354,4491,9750,22967,12784,6552,37581,3572,1432,546,1745,9787,4888,14542,3702,24386,22775,27781,34192,1521,23887,31328,10742,20340,10682,2569,1417,527,5079,9741,20896,1732,11590,3242,5778,609,2636,12136,4461,24860,17163,3418,17683,23088,39890,19369,5039,4517,7083,11464,11006,38176,2052,11561,2308,1383,272,1135,10643,3862,1397,14439,3871,2544,2719,76314,1500,1752,23314,372,1145,8872,17848,14584,427,15808,16449,9457,14582,37380,3412,18518,45884,5913,28315,10383,8973,9040,2953,7957,25060,55260,717,26114,2198,13137,15949,12982,7690,18400,4540,20402,11035,2524,12239,4402,1153,21826,11723,21534,6549,23102,33042,3781,150071,5209,10819,1813,26930,3379,3592,27375,15672,8558,13336,15754,11569,6342,18732,30128,41181,6267,16142,1377,23024,14373,15602,6360,18896,3076,5706,31705,12557,10815,26107,13667,37962,6209,4809,353,20339,16341,6419,11550,12024,6938,4009,73812,26704,7710,35282,1378,245,56926,8265,16907,5906,7190,1331,3724,17644,9291,1443,6661,4332,25358,730,3960,7863,7217,20650,65481,23324,36206,39762,7990,3861,23038,2526,5667,2635,8390,3351,930,8863,36136,7444,83069,7891,11459,7979,17208,11415,2996,12860,4919,704,8685,17474,5957,15720,14737,21570,20329,19722,943,1907,8132,33130,18847,7647,35290,1399,2370,7625,39515,13535,7586,21915,26406,51091,498,2879,14657,12440,22711,1482,19650,12849,26867,21598,823,14545,3421,1468,4186,1514,22118,3569,10240,53311,50561,24761,9390,34141,6529,5648,14255,9587,7298,1982,11231,5795,4879,13628,32223,9659,513,4391,3694,18226,2131,7268,7716,20563,2534,1215,1167,8813,580,15710,20917,32611,22919,27948,2078,13288,4713,13085,6594,9665,1902,25075,21482,165,10274,6095,10178,2457,42550,2019,42827,23886,12529,6517,2004,831,453,3308,5219,2031,36952,3765,20999,303,3930,29476,4963,16197,21174,1934,82931,19459,22214,10852,20293,11097,29372,6220,384,8534,8443,535,444,21874,7100,32686,2966,13243,44488,834,26203,26817,3023,9885,19892,2654,1330,17371,68734,22084,5789,5022,2203,6858,26802,671,5343,3111,5344,11577,4808,7020,553,1685,1674,8855,9652,24298,6101,4830,0,14454,841,28112,25858,33035,2406,1228,593,25460,587,5315,40347,29204,26447,3090,28435,22578,10308,5956,33894,20219,3170,6321,15409,10416,21136,2845,8180,7817,25488,22046,7360,6593,5766,23153,11305,11607,9514,7218,342,8533,16328,686,1334,949,18080,8100,5189,13069,19920,16695,6966,21259,28930,37333,8275,17985,1016,22230,15924,8739,220,8038,1008,5206,941,4966,21671,5697,32000,5867,7967,1728,1291,6125,2714,92431,11696,12072,241,342,18292,10119,5577,1466,3018,9494,14648,695,3087,17636,5605,2242,11289,241,12162,16752,22624,514,20409,7987,3488,13175,17549,9421,16582,1450,95,579,1062,6781,21627,5694,9992,12268,4545,26034,42887,17179,413,63324,16902,5483,5752,21125,4079,2766,4089,25009,10598,18225,7609,2006,2534,16364,202,2070,4418,19779,16317,22430,16378,21758,7433,18129,3669,13091,8843,20509,32572,8769,17341,20479,2039,1521,8785,28782,49413,9249,29650,8068,3265,20594,1936,684,2034,35818,2744,3506,27663,20874,24,12140,9330,30887,88827,5812,7383,28632,6093,9386,9132,3312,40116,9693,27066,2289,48981,20246,39496,1211,7977,316,6804,2122,5030,2778,27309,26291,27553,3688,10084,513,248,2641,5933,3052,14183,14776,3260,4986,7595,7757,7924,11544,16660,13776,10495,1766,1096,17744,20075,9967,49675,2660,47,5806,12750,805,59584,3879,1571,5101,110979,29424,8065,415,9504,8163,8966,4324,5505,2880,7578,14,9172,8650,7173,12144,37389,17327,615,23689,139,6243,23880,3007,25468,37,11534,6208,1195,16176,8550,59575,18088,9743,8671,2222,18462,12341,5053,3624,2309,5019,13160,16038,2817,62124,13168,1547,2580,9288,4653,2017,10094,8155,5813,10964,12389,2179,8590,4928,14094,8922,4190,18734,7807,24752,8334,31364,83242,20682,19420,8051,64567,4300,2795,8067,20686,6964,6173,6037,15849,2534,10435,239,9227,28059,70413,2467,4341,13427,9339,1284,4569,2642,2993,11645,40155,3769,8330,19627,8365,6169,4247,9380,645,3452,2555,2761,2603,9985,78988,973,22171,10234,17371,3044,8647,4705,81493,8672,1692,3640,12601,9324,5320,12422,23448,659,17785,8968,9158,371,17311,5865,8756,15817,10803,11248,21247,20987,10365,18832,32139,607,7579,1055,5360,13543,2362,0,4785,13423,3128,5468,13635,39944,4291,2666,5484,18731,31587,5808,36996,9172,18944,6433,3658,478,2543,8036,6804,17450,10868,13003,10417,1798,3498,6816,15844,18116,27265,13663,15841,9500,18263,18493,3282,2211,7699,1266,14992,11063,29125,55716,2684,35240,12217,12591,4987,12313,26654,4792,2308,8091,16067,1431,149,3576,457,96358,21295,2781,911,2126,5217,48253,27625,2209,435,15329,12492,13399,26853,14101,8312,13511,62151,18478,23175,9779,12665,4206,9546,8941,3047,8237,24549,392,30767,6140,10770,9462,18349,38,2415,7398,23562,5357,7110,6718,131,714,24605,14507,12265,11827,14809,30062,11104,2280,6291,34325,7323,434,27271,12191,2269,16202,11427,14556,4093,5229,16694,30587,17500,11921,10173,6693,9759,9078,11949,1560,21071,889,909,6690,8232,823,11462,27365,7279,29076,975,2382,3918,12037,15952,7616,2981,11914,961,401,13838,95712,49382,11893,9828,243,1976,8276,7934,1354,9356,6666,4259,2587,3768,15363,57215,421,30504,5828,10317,4259,834,13242,118542,18151,3505,444,13789,1145,14575,26190,21462,4241,3670,2143,20934,2350,5789,6137,3572,5420,3833,4695,12861,20863,18225,7531,2889,5148,15343,46190,11499,14668,26110,13534,13804,7591,7152,4222,5911,12862,1667,29908,14630,22415,32063,3460,27787,3889,541,4942,20163,19339,13453,17189,37075,2030,7850,10899,8984,14242,3761,1735,6886,4396,11897,2242,2477,4228,7755,4055,3565,3429,32829,2293,14689,5981,52315,6594,17736,1018,16979,11564,18933,17844,6310,19026,16611,5750,6375,3133,13297,1973,8022,5594,13141,29989,2350,11552,7418,3907,16466,8603,15497,4564,23522,14441,26684,8979,2427,7352,47534,34584,3909,33271,5448,13814,2857,10808,15216,14871,2389,8926,3349,8263,46899,20486,4800,16368,3,10183,20097,9909,25179,1311,5329,13877,1697,3935,4927,30903,4875,12780,12773,3115,531,4754,19762,1118,12061,68687,18203,2895,9264,1539,1639,1873,29311,27380,34935,10977,1674,5095,12464,26,29230,20809,171,1230,15401,8182,6238,7910,43,290,877,356,3936,2971,2091,3095,8713,11730,12507,29181,9223,214,6401,2068,1348,369,4300,6529,7043,7568,5582,10020,37496,317,1326,5268,2105,30773,434,4535,14105,9693,13845,2360,10754,247,3257,23259,5022,32299,9195,19814,2743,9514,929,5869,1246,910,1888,6190,23967,7366,1865,4717,2573,3713,10081,2275,6052,4694,11085,31755,12026,13229,5851,70,18056,1083,7081,5301,6241,132,14900,8716,33447,3684,11812,2519,15293,911,801,9620,6852,9981,3659,2945,1883,38875,8260,202,2238,4538,6271,12392,15748,8866,33727,127509,13351,30741,9578,5834,4724,11858,11934,69860,9540,2761,5270,8148,77564,15070,9677,9786,5594,2577,25816,6996,13061,18806,24485,17920,7318,511,12239,9212,4662,8056,8855,13955,7180,4388,32185,32792,47262,5105,15326,8825,20130,21096,6053,9968,12339,13096,11726,9461,43320,3556,1475,5749,55033,7355,2819,11535,12197,525,83847,480,2196,7430,9923,6332,8005,13335,3308,36705,13661,12564,5510,10516,1516,1991,1153,3473,1730,3466,6845,15841,975,2785,4068,7670,13800,4196,24356,6407,4209,11831,16042,2753,1583,11231,157,3262,11098,4082,25716,32930,775,1725,17615,6539,2272,4296,16322,19227,11565,2535,10,7281,2625,19276,1214,30023,4860,10283,10816,17096,11179,887,6859,7918,6040,14459,18195,103,7266,13306,5035,9357,2160,1120,37577,24321,150,1929,4689,7884,10406,52478,45417,17283,5380,5397,15545,44525,7717,1864,3588,110660,16367,2751,133,3252,22279,19847,22999,3523,9760,21590,16270,2267,368,1093,8202,7352,2452,2695,4427,10630,517,28708,1209,9114,1909,10816,22127,4218,8530,20389,2013,13880,29444,17421,49988,12237,31280,13097,38133,2852,8180,3779,13149,6551,1388,21270,12366,155089,6171,9883,5211,1359,3747,18780,22925,6692,8264,9387,12581,10465,14685,14744,4033,2917,6229,354,13482,518,7394,2242,5836,18098,2106,18522,9691,771,7091,19024,11925,23224,18626,10121,18025,1879,4323,7606,1463,17161,74101,5948,12404,5798,28789,22330,3686,4719,19266,21633,10320,11147,19147,4787,571,13335,39876,5320,44432,9288,11021,755,4987,14461,2007,8538,21055,10109,15973,18602,13295,1423,1619,1095,2445,48757,2363,142,28544,6472,22394,5968,11398,9498,9413,11252,1290,2913,31658,18529,7228,8307,19256,4193,5519,7051,3666,2996,64,14145,15657,2326,2028,11576,17576,3689,1764,19707,21194,46264,4638,1527,9784,6857,7886,18232,15923,1933,6567,8139,18238,16538,3497,17485,63432,4,7245,7530,6417,11206,678,28871,11834,9312,2494,18251,19693,715,10081,13601,9227,1489,51446,22120,23031,3610,22214,20750,40432,6160,23711,10903,16877,2902,12726,1002,9540,17468,700,7876,5281,2197,27633,7272,5427,30509,4109,21246,7506,20975,9867,6113,30872,20312,6681,8384,34662,1675,14921,11155,97,13619,6420,18330,4077,8362,3865,55013,1291,3061,9742,11313,10104,13684,22339,10241,6743,9971,5811,30574,7008,3064,29994,10148,20664,6564,1268,30741,16099,56883,12384,1653,2666,12518,2659,10948,37062,24864,4288,5983,22639,14392,2120,10672,5396,3856,4761,12391,110,13084,4073,27844,20585,8085,12243,4457,3042,6663,14208,6234,3477,13129,15891,7446,10178,10792,602,265,49231,41746,6955,7354,23380,40799,19181,25679,39351,10845,3437,3018,6540,23201,1367,3164,32728,1571,94316,4362,8305,718,56727,15623,5457,153,16029,16178,354,3719,2703,15320,20574,7051,13609,1562,18719,11241,8403,17596,2673,5396,116931,11845,91,12352,28539,15150,16761,11610,5235,25398,2483,1428,22703,9685,2476,13061,9036,3970,8935,2267,3883,4868,10362,13885,5466,9520,2116,25247,3797,2664,519,46,10587,6488,3418,4173,41930,4190,4611,14907,16384,12174,7818,19164,2579,12419,9814,19454,7826,6661,2219,10478,2592,5392,7613,23701,17120,1055,9102,34138,38113,22801,2030,3423,3773,28608,11375,51897,11551,15030,17827,1180,23168,16874,3456,8755,2692,4929,19606,80450,27218,36805,10177,10928,3381,3225,41265,1184,22682,661,851,1719,8739,30229,1944,1532,1256,7515,16029,8474,1247,9786,4219,9814,52913,38200,4129,6500,730,20160,784,6956,2286,2097,125692,6162,46450,6491,30881,42402,18355,1964,555,44408,15941,2580,12280,2631,3385,58676,16822,2370,2115,12353,5406,5918,16548,41827,7321,422,11568,10942,1559,11738,75030,1774,1468,7299,511,9086,1303,7580,2280,33443,9399,11181,12786,1857,7084,9580,5017,11719,16313,29702,2860,11064,8270,3928,2459,1466,20801,17322,15986,2039,14330,6704,5456,1839,65597,1338,6314,16300,51987,18632,22346,15,12147,2147,14848,15182,19109,590,1872,36616,1645,147657,12714,1320,7392,4709,6710,4153,17657,7380,10556,15989,15592,14469,6264,17949,1267,4843,11044,3742,3652,4700,8871,17474,5374,35573,2330,22783,2327,8612,18853,4139,607,4826,10888,19358,156,4954,28316,4926,1484,26456,6965,3048,11603,5968,13464,52227,11901,39149,9939,50986,2804,43530,44625,3547,3437,2694,12727,14344,3646,13316,23092,11226,1485,1626,1418,344,4639,40827,6438,3251,18910,22788,3619,6878,26685,1187,1062,26701,1321,8052,8486,26059,16298,114,16732,13923,14091,2141,11335,7999,8609,4733,1404,4909,3435,20613,486,29513,29987,20134,4139,9814,6667,14953,9153,6591,17518,39726,6189,7694,11027,120553,2775,16126,18158,37204,6253,17505,3776,1220,13583,570,5704,7614,9451,9528,1010,28404,45388,8904,10528,18213,2109,30992,3278,5460,4499,9487,3398,294,7852,9208,28460,11298,15822,7269,7881,6633,9538,1579,5000,248,13391,1400,215,9037,12182,2408,1920,800,7075,8779,4821,13653,185,5138,1910,1670,25748,10692,15450,15769,5819,9985,3881,13264,45863,24989,1322,8133,9051,36001,54,3265,18204,41240,11187,7632,640,15511,3535,23012,1396,3223,318,5079,14661,7942,3358,22418,2086,21054,1000,34312,7799,6402,10050,1683,22978,18360,22229,12242,106,44756,8323,14180,2048,16447,7570,2227,30596,1289,16488,6198,2811,29859,362,72052,4548,2459,18062,60110,27349,13019,53277,3402,13101,12969,6899,31657,11723,5186,29276,5027,2506,1850,13407,1359,2968,5292,16682,31381,17325,9280,6699,13851,10232,11359,1372,5879,57,31573,14951,14765,161952,855,2653,4838,3551,5534,16429,8873,16371,35378,5914,17136,11318,2010,8138,11506,640,1091,404,22125,7723,1490,4610,20209,18607,272,6008,19860,11882,18992,211,33708,8915,21584,10936,5659,919,16166,2393,17932,24055,30935,11630,15428,55184,1985,17424,217,3602,25079,6259,40708,1,5901,14647,5274,1031,9744,39307,28271,9334,32057,34703,50560,1124,629,18277,10784,8986,8686,12805,16250,12632,3101,4236,7357,5443,28260,18827,18,8466,61195,8403,2032,6721,16029,31504,6788,21358,6,1509,10220,16479,12467,30416,3794,12157,11215,5362,11895,34788,8059,22119,12925,1119,26348,24648,1484,16504,93910,22014,26878,11245,2868,8460,18068,6789,1460,4030,41108,21580,4839,14771,4853,1705,2452,913,26690,10154,18335,6345,5226,3667,3528,28975,21098,29037,969,3808,27307,6100,17203,18730,22345,682,3527,1035,12216,22166,146193,6430,3277,40553,612,6320,6970,43245,15458,55670,8747,41431,5906,18549,7704,18910,18219,494,185,4090,1548,14442,2731,21623,675,66934,52082,4359,5930,81,11823,5186,11902,9913,8875,9175,7007,1169,17854,11562,9488,7260,2950,1118,12128,7966,1212,10945,71398,3115,4885,3577,6569,41074,1860,3684,15315,37984,13184,3179,14212,2137,44292,17205,897,14008,29125,3010,29163,35982,2544,9474,183,13638,27632,16700,255,12411,7633,1947,3598,11572,8420,4750,1123,5928,6164,11183,11279,15417,6773,1856,4073,30714,598,7465,33925,16968,10186,16034,63526,7997,3389,5031,16147,22006,8020,7745,10411,89710,2686,20062,9027,5115,7483,1509,44518,10279,6686,2519,17926,12711,13338,2939,37253,2951,8398,2047,35642,9561,29240,617,5277,926,39615,10984,2557,15188,6486,31108,32926,1811,2869,3654,8175,4626,28903,10719,11561,13202,6383,2163,12726,1516,11222,1401,34692,23630,11684,16685,649,6442,23428,13134,230,16045,6379,8809,6094,18024,7840,3797,3919,41477,8607,22233,10640,4447,3764,15220,22622,12157,367,16322,28872,25261,632,33646,11393,13331,12544,21963,30668,8071,31389,3396,3108,1546,42681,23686,20885,32,2578,9523,623,1167,44078,15062,34055,6906,839,3138,14146,6052,14205,21170,44165,3787,21153,10356,15922,45686,27725,4152,4014,27850,8409,4425,2559,5190,15228,6552,53493,19455,3998,44984,15009,515,70243,14612,14094,1250,1361,12913,25855,23892,26338,26685,5622,2256,5581,4160,9656,3109,6634,35405,63217,11040,21858,23446,6879,17957,37,4282,27972,862,12531,8734,4913,27038,4048,821,25629,4063,12078,14008,11002,22841,15881,12209,12821,22130,165,17253,22837,12321,3276,266,28312,479,2472,4069,1182,2303,25581,14349,23923,2662,9045,52329,4644,7757,8761,998,2521,9327,10641,2039,5793,9220,16287,6610,348,9267,20513,2864,4271,11367,19433,22190,61732,8265,278,12909,11121,69,11510,7206,3297,43529,83744,3436,15983,996,2708,13144,24382,65331,6635,2345,3804,34385,56592,2281,4584,3258,18669,17816,6184,10430,29207,1287,1100,5729,21534,741,3577,4686,434,9849,1910,2443,9226,66434,16349,4056,7194,7610,8709,3639,877,2538,7439,590,9393,17556,14201,3103,11091,34031,5105,18529,15655,9153,10570,1007,135,947,1205,7809,18990,51100,11204,28588,21473,39367,10637,1485,25620,18546,41698,9381,6193,393,13251,12707,20116,9913,18203,2066,11910,28232,10847,3251,182,30736,14189,6547,5273,6693,8008,3275,3817,45268,6070,2543,18126,5203,11369,2495,18899,6223,13825,36180,35115,24946,609,2280,11482,13014,39355,2944,5426,6721,5948,5823,17278,2683,2486,3655,5062,15615,11075,33775,10032,1587,12788,19489,1174,40158,10132,16209,2612,2935,2100,25231,599,213,12282,18,1362,13222,794,2104,3080,7715,7583,6621,5182,597,17487,17856,14097,7269,6290,11963,13936,3941,22587,14497,6450,7399,58353,23563,26195,32114,10382,3624,3,2998,504,12445,8599,2211,1950,29687,231,12267,3499,840,2849,1620,7651,4402,284,9891,8509,4779,9256,23702,2400,19195,1344,17071,9552,53661,20190,1270,30905,19582,10240,2963,1259,8546,18248,5852,967,787,5274,1606,12478,22174,1582,4482,334,29499,7371,607,17009,32499,12462,1371,14655,6683,4761,2703,106722,15656,43955,30521,4863,20494,292,13345,836,2533,8278,17665,106,4738,14495,11069,12264,5441,6186,8320,61591,2456,24921,1366,7013,7468,40742,21515,2900,4099,12305,19639,12533,1917,1793,5642,3576,5633,14722,26388,25751,7854,9130,32921,13743,10468,3591,7648,15573,1181,8876,21488,5,5235,10482,18695,18622,41744,5447,937,47045,31071,879,14196,10342,36057,14709,5237,7459,14912,16318,1886,348,15129,4442,11596,5375,20404,6393,7413,2305,16621,10663,16345,22218,2124,465,21650,18233,13294,3105,11566,2081,124482,6813,6252,5386,4176,4561,14795,13043,1997,2422,3419,1416,3802,2336,1999,10010,50288,28410,10252,13627,30571,42543,5765,21104,2549,4234,5249,3014,15619,13288,6324,4762,5969,30376,19756,8885,13306,3001,19283,8393,11337,12699,2613,26323,15493,23312,27496,2939,17108,3728,1187,10085,8112,14451,1751,23996,16343,17546,10211,7488,1939,40319,19940,45719,31413,4278,10124,10079,7722,1725,10279,14908,241,11144,46198,1708,8407,3240,6404,19118,5334,48135,16155,14031,1359,13033,994,801,3815,3743,371960,653,33734,2093,10056,2345,5388,29475,3836,69,6605,5451,22130,8163,1520,4095,77921,316,19890,81,6371,19371,104634,7034,4571,194857,3058,124065,4864,21429,3012,9376,1189,13778,644,47062,7608,57677,55759,123793,1365,9934,2383,264,509,1168,8772,7044,3612,79523,187325,45328,37112,59130,7228,8949,4184,21248,42685,45295,7457,14255,291,67021,54622,19440,9,29,525,746,37353,6865,1094,1581,5419,766,34864,16293,11842,6998,2364,2160,364,7917,102275,100403,35838,18,2767,8470,6742,3614,542,14798,4071,17404,4062,14415,1810,56842,3126,7347,22562,21824,4020,9608,4004,6716,6047,12442,6087,3742,30762,15109,7393,26323,62,2934,26291,3101,5547,14226,12344,4854,16022,13721,73947,30635,39712,14025,3731,19093,17061,7196,1100,1378,1994,1388,23790,30145,55329,12686,1804,3635,7588,2295,28150,19985,3190,15929,3633,2477,6664,7722,14682,16482,3953,20981,144218,4379,45464,64813,248955,86095,3692,728,7680,6279,5218,2559,3879,42231,12309,53676,6953,1200,2848,55119,12073,23421,30179,790,5415,2510,8312,47059,13871,864,2325,633,5655,27659,10398,77434,19359,6832,3159,463,20525,24934,41815,7254,3209,15722,65862,3029,1638,3401,11919,31916,16124,40477,16860,157,123,6763,14943,743,121615,15207,18966,10211,3924,29591,2838,8462,8567,86043,56160,356371,54010,175617,126770,55788,20352,13427,8911,21788,3362,7583,1199,219,13295,29171,452,5897,5665,3760,5115,34759,24409,43163,15330,1202,14280,29849,55070,6979,7674,3173,16183,139220,4128,5179,1886,2808,9270,0,4102,8034,32361,3185,9577,10965,21908,32458,13550,1252,33693,3265,799,457,24498,7037,89496,15177,249,39844,37360,3026,12996,5339,8803,5410,101556,41142,34764,20646,5522,5766,1405,1445,2373,29871,2459,9284,119917,35595,21022,13152,25836,33887,7478,37,1409,258,1430,8955,30388,2480,171540,99227,8600,4049,135323,10046,33945,93405,2678,54974,10,31579,3658,1,31911,13684,1547,2743,38503,6781,19159,5976,616,9519,66750,4400,4836,4881,52473,40951,23617,3447,13054,60362,12807,22294,32421,58353,19603,2626,975,544,2602,10745,6685,121552,13816,53525,4969,27447,29212,55684,379341,8096,4350,520,86263,144,12383,24261,27619,94835,22087,56010,44783,7906,3278,2353,11311,5080,2294,50266,1127,3271,28486,8629,4886,12596,9164,4401,9407,75015,23537,1121,68119,996,1339,1903,14642,2402,999,9405,819,48132,32769,1399,5681,8444,82409,3785,8530,613,3138,2882,2249,16680,6232,11585,3211,119059,26702,33904,1806,9325,23150,1939,3677,70749,23486,19551,26542,35339,3072,22385,41124,13,24220,132,9831,159450,17836,3465,2221,12682,15031,45136,28973,727,28385,5730,23884,10644,4581,13773,19347,2117,336000,2016,9289,42529,20876,19466,42593,18163,29050,1803,70431,2662,35242,23427,8882,4385,18783,137426,11231,6783,3395,34917,325,23914,2713,6275,5122,9036,20287,8968,47264,108056,12815,1237,4649,125,3888,23050,81333,4606,12227,144184,1581,51052,0,4700,15419,2172,29958,26386,1793,32097,24967,41684,241773,35432,6041,31804,8813,5203,17498,45486,5779,57945,10354,13887,24017,22713,16010,1569,36272,50,350,372196,12943,2828,4994,6158,1031,35673,61278,1134,18079,906,11937,17544,7184,3194,2186,16234,3811,3673,21397,30852,64997,25145,7265,25171,48596,32822,48134,3043,8795,2978,1069,18232,3764,3207,1831,1831,1033,3111,367,88795,1097,180927,6692,15773,3935,35254,1058,13484,40987,6393,643,70,4492,1100,33664,22934,7695,1720,11218,6153,96698,14544,2657,907,6201,449,809,15462,30423,4349,12,5392,3570,3193,32455,258,459,34636,1800,35356,12410,22461,34423,17168,44009,3139,3970,26646,4639,44913,3019,63631,7796,18550,8606,351,20788,3674,24426,36341,2840,2398,243,29300,3658,2897,11995,66789,686,16904,252,14050,12914,46017,40012,3560,2086,599,748,63282,1371,63757,1014,12455,2525,4359,188172,44397,33388,50,18707,8627,24733,14263,1296,30283,2973,597,4683,3274,36256,2023,5789,3312,13620,7502,50981,39016,9072,46935,168,94167,6991,1489,1457,1047,4822,62328,756,47100,807,27266,6649,11265,25720,7259,12233,1018,17878,11124,15034,41541,184476,1755,39931,5093,179,128,2085,31487,3617,7122,53845,90243,118929,4680,25068,27171,6560,8312,1589,15509,2469,7495,2733,29062,25918,586,43552,310,61091,8785,549,34625,79070,36425,70433,8819,38,964,5546,8137,6879,1501,462,19891,260,23300,431,8238,1348,146,7370,338,1617,10938,1511,34690,43698,25552,75,8534,98607,18193,31506,473,21781,81744,30850,19889,4818,48303,19174,899,18692,2441,3355,53392,6601,18556,68170,5723,42747,714,2271,25063,12713,3774,1043,40776,2172,3521,12335,1036,19398,83,38010,4609,4723,740,74892,15953,10082,4151,10,2601,175882,46395,9932,458,5173,11496,9575,9170,6154,94307,6179,25472,401,16738,48488,2183,3,4710,11771,61,247642,116680,17893,3265,161371,8995,1997,4879,162991,9289,26745,54491,10183,971,10182,2551,3187,26062,2090,8959,3047,761,1274,1493,6052,8499,39325,18963,164467,12343,3851,56206,110254,8136,2935,892,19262,7752,8533,2226,19124,10576,123176,2676,40705,3649,6081,4475,30806,14573,159,10984,53769,3018,47,22050,146921,1255,8567,27867,5387,25046,6127,5696,67213,10914,15199,1300,2388,858,10307,8060,7959,3655,1038,2161,41395,5165,2314,9113,14523,9827,66202,20513,24723,28816,3240,24055,2185,11171,215577,25,15448,47382,14015,14809,15844,30987,36403,64695,2423,318,15601,31433,2209,922,54147,8763,3766,8287,25655,2949,11193,1326,12584,2650,10333,6062,1486,138535,43505,761,4974,1499,9348,1889,21222,18977,191890,14778,24519,79209,1470,11702,32373,2365,146194,440,157460,24479,10732,4800,26066,5532,1239,8227,1946,36042,3784,4700,6327,1750,68876,5195,6531,5080,1121,4637,30361,8655,37329,159838,5103,13026,17789,9863,2325,89806,2646,2256,9427,6430,12928,5715,73733,4856,39395,10240,112054,1263,4962,14257,27214,2439,589,1101,25111,6418,14242,1799,83421,2,9259,4139,1416,13111,47005,3018,199,3170,22792,3114,816,8488,4497,958,14971,4415,647,10551,31275,18850,12444,20427,23392,5451,47163,10975,82,35562,86120,102325,38441,2385,3688,7791,499,7033,7166,7579,267,8344,2735,1204,22610,4181,1753,7840,9042,40332,9404,836,3633,56629,22233,6068,2953,37150,9644,123512,23741,114313,34211,4154,333,72868,1934,4412,42732,1020,16264,327,16738,131610,95351,3175,26413,159335,5752,2080,44533,8607,2283,762,3396,10127,50058,7649,8512,8510,35350,14454,2760,7024,50784,3211,9067,5653,4068,5756,941,29315,682,89655,6227,13383,5446,6447,1325,49539,11143,13039,20775,26269,5754,7804,12149,1578,29788,2169,95250,3428,96117,78876,37821,7112,74113,1448,30844,513,56033,6560,16049,24805,62799,5099,44728,5472,107757,922,2535,243,99150,10590,4524,7092,218834,14982,165890,54,15431,6663,19062,33042,553,791,2010,5445,12209,2830,35483,5738,97063,14649,933,64,10389,8875,1579,11427,202301,271,5568,11216,525,70263,1295,4422,2941,291036,3401,245017,41162,4352,92391,455474,955,2578,30688,757,9888,8103,21183,7315,35868,50912,16608,6203,178698,1938,12329,2200,144,1339,3909,2097,7516,1323,63726,6962,39212,5194,17590,16308,34755,9832,57200,73016,2269,1954,11904,4365,38971,57613,16930,52998,42913,57726,20801,2844,1744,11824,32955,23164,6231,68,92938,21047,28893,78471,376,2940,1386,12519,22421,886,7511,1780,7592,28358,9191,17912,20922,175712,1432,8535,5719,2478,38105,5529,3597,1861,8673,8330,4552,1139,9572,12483,9909,40707,3957,4332,9822,17810,20547,1347,4736,351,5934,1965,4767,3870,26652,11704,9133,9385,68424,4045,2771,19310,6031,19716,4538,4300,9060,12997,173,1089,21448,2532,15614,1493,79,52230,66300,4869,1411,7074,43308,24140,1597,124502,6313,1346,6250,1248,17259,10606,1982,7027,12324,4296,4137,1637,4075,746,10980,908,0,24078,36518,25073,9783,6881,12809,57002,11910,6799,57246,73105,30925,2896,11165,84,1816,1937,15127,5260,2,3905,11744,8004,24277,13471,1060,660,3203,4401,71321,3184,6603,696,44500,1312,45568,9144,9130,89231,32035,6826,4708,29543,5297,873,13933,53334,21463,11209,11257,19489,7592,11225,8750,34220,28354,29040,6276,10079,3711,10203,15671,34153,37933,7587,3091,11357,39705,9424,35380,21292,25524,165,4742,4763,9375,63217,15497,30433,17119,6799,216178,281727,1489,19538,4407,473,9333,2455,7629,6422,1006,23974,2622,16692,7745,7789,7507,50008,2035,22084,199425,7440,15817,9154,42440,4564,86070,105254,1592,890,22205,872,30580,22809,10872,255611,9472,10782,154253,12951,16097,5009,26883,36464,6326,30949,87595,5314,9857,9137,45743,15363,10777,4310,1786,14263,1103,1492,1215,3758,148020,806,2077,52173,31477,6831,34092,1750,64107,1861,19712,38666,4501,25141,5243,30304,31963,2313,56749,2068,828,6716,19132,5929,37108,3843,2355,23096,3181,7589,30705,24760,38144,33028,5438,410,613,348,12582,3985,4381,29139,27857,3957,30288,6838,19474,16181,126474,2264,10381,874,2154,2958,12262,426,3482,3031,3597,57959,14880,134147,5361,858,58987,6165,1874,4911,382,576,13892,19376,7749,2285,36510,74884,3403,34086,20802,3191,3484,3230,1046,4080,13324,3325,11603,24655,151,8533,6349,1496,3043,5594,5394,4595,24982,14843,510,31869,83549,3014,13022,22916,32280,519,8849,12209,110593,5745,11206,32300,49331,56910,24286,16758,5839,11224,1911,25222,14056,47975,45039,11050,73655,6704,599,27,19612,7633,3152,14880,5888,45724,4441,7982,252453,13414,51131,5680,338,44,2267,11660,24156,1196,23131,14895,134413,768,8940,24381,3693,29757,82096,14386,19580,41475,27771,2878,5,6294,21248,26959,10959,3530,14937,508,45289,9898,29702,1342,860,222,62236,4514,22813,5840,18964,1978,20360,3912,14187,3248,65509,7715,11891,2781,6743,34732,5102,23289,40046,51651,3703,1087,24527,1326,11616,46037,11456,19101,6871,62171,3323,1574,73,7182,2728,79978,43340,46052,3231,208265,12737,3174,3248,12591,6185,29654,20420,4492,118794,288,19303,2814,1140,4633,8826,14701,843,1057,3497,32469,1491,62991,34316,12649,76503,38043,75459,15121,12042,2044,744,9110,8312,77031,6071,13235,32948,32510,81319,16331,5497,1406,41,11536,1260,10062,8809,20437,3521,4149,645,18804,43838,2425,8306,7153,10174,4807,770,25077,905,89,9858,5666,82096,13506,13350,110316,2510,8058,18405,11928,22937,13560,8721,2997,2724,5505,1829,3283,3918,3909,66630,297,44643,29475,1389,2030,504,58513,3889,914,9476,31999,22760,7560,2325,37594,133197,29229,12549,17281,26069,6084,11565,22649,8166,6954,3112,15073,420,11124,13641,30596,35344,105280,15493,14538,17013,4358,73874,80274,47606,16010,5317,10469,5070,668,19208,675,29820,180510,34136,2,3714,4497,43677,1736,1746,402,18571,28571,19369,40614,178635,13690,2798,11677,3329,14571,18359,23840,10033,10921,13444,5795,35963,13843,34439,37247,4576,53961,1587,70429,5932,12763,5260,1326,14773,30922,38328,11522,2786,3495,3841,2205,969,807,3548,81887,48011,24176,18682,367,3002,18002,2316,6399,14689,229760,12835,93233,17660,17954,1436,654,26189,4541,47085,1328,971,10059,27742,8903,38519,76400,897,12419,183848,6343,13061,32722,714,25859,24983,6901,1334,374,8061,6675,5959,4899,25323,9065,1460,1413,90386,5511,3990,11433,3389,39773,715,5780,4910,1388,18667,11147,28238,15114,152159,87889,24050,20529,309,31265,4754,722,6768,39189,27440,1231,2952,640,8715,38193,11413,7532,74542,24414,1745,1018,238607,28220,10581,23783,4743,11851,21217,26246,1437,15089,66254,5024,42365,5514,2821,1195,3307,22940,24602,18243,7948,22283,7159,53309,6157,2039,12405
1976,54,2598,3161,2482,817,2380,394,386,5363,424,1216,1058,899,555,12076,2826,1258,4611,1575,673,261,61,524,2266,3498,311,8685,1196,1341,1898,868,2456,3509,8816,2262,8245,4572,1306,1217,5365,3763,2699,11517,5763,2016,1623,4188,3888,1265,3113,748,1609,162,1025,1630,908,479,657,3754,3589,81,2441,903,258,127,491,680,939,844,3594,1742,1174,1085,7818,907,1895,2306,4879,1573,2283,1781,2326,5932,316,1770,4964,2009,2139,400,620,140,985,1483,627,2196,6288,831,2907,618,1527,981,8220,2760,40,6008,1627,1424,2779,386,1099,4165,732,761,399,3457,41,1030,108,1037,9056,1269,41,2626,27897,655,212,1962,917,49,4707,1588,5291,7923,5549,1745,3937,3194,2170,8121,531,144,119,886,423,3073,1835,1498,3725,133,1264,1425,2356,1523,6267,385,25,3012,9710,9578,4852,1233,4432,6639,1032,871,2033,6657,1971,3298,4658,1961,7013,1200,465,1244,1744,1298,11439,657,1687,3659,2825,1192,1407,4082,152,315,2302,3333,9323,1486,4415,1580,3180,31,2314,524,6090,139,375,678,3709,1330,682,152,799,2839,1248,8947,1325,2740,4241,433,7801,2202,7966,1937,1943,333,956,3126,530,1065,1119,606,475,454,3723,900,488,2325,382,406,957,2880,2687,75,63,6142,774,829,8424,8534,0,415,771,1038,255,2037,1837,4258,1795,1661,1397,2275,910,411,2169,1877,1052,2656,5099,4615,232,9128,73,1865,1294,3914,1136,3248,6122,1877,2915,928,865,403,4207,3528,648,1985,9116,1163,715,3258,2203,329,1359,242,1171,3513,1769,851,1403,356,4478,1536,1799,2534,1778,6123,739,2808,1920,1902,1067,846,1076,3250,1700,2410,1146,172,5796,562,5205,1057,3700,630,1430,762,171,873,3492,1706,14637,903,9514,460,273,468,2351,2574,2813,1404,2820,78,4332,0,481,13,1765,259,5156,5774,276,3075,2247,235,2021,2750,111,1297,936,2659,288,1575,597,469,470,708,1189,207,190,275,1996,2303,1586,945,981,1255,600,1107,704,35,8363,3080,3776,707,2014,2170,3778,3490,1134,120,811,2486,8514,2256,158,8944,7473,3549,2752,3775,20,790,2348,1047,608,970,104,472,628,4444,868,275,586,3297,1082,2165,4280,435,47,1480,1492,956,2430,3022,3316,3366,6482,2008,1639,552,2264,638,26,764,1126,2055,178,2874,2568,3847,285,10372,1390,1173,896,337,7892,1000,338,3148,412,4304,926,879,8179,848,4221,798,259,997,7969,595,102,3178,599,428,1965,696,2540,1696,3169,563,313,3376,362,1229,1503,2630,7271,1559,2553,307,2347,1628,1151,730,8505,2436,1103,7709,1436,92,1780,4565,564,1970,263,1619,1477,2699,525,5114,180,3460,4093,273,3701,469,1757,925,11429,5458,9704,6673,3644,278,3706,3399,7422,921,6782,1450,4166,5890,1565,1044,105,411,313,673,3548,2776,2486,928,543,1081,4583,271,3641,2382,2519,3866,9,423,3810,3045,1888,287,10274,1825,5894,1559,1257,1977,2729,881,2612,738,817,214,1797,2,276,528,791,2083,5276,4289,214,1679,2446,1378,206,1270,2242,1036,2115,5036,1688,517,248,42,2001,2763,790,10035,1648,678,6138,1210,734,3587,4497,4040,2984,27,540,3133,76,1140,162,8095,172,2990,1954,2262,79,237,271,888,97,1834,6328,9174,1371,534,858,1267,4786,23,293,10029,1449,47,406,909,1969,524,258,807,3337,6854,622,3107,2468,540,4524,1112,4259,2456,4062,3561,2095,1344,1207,11385,2693,3134,14510,1413,1709,1104,613,375,1464,1625,4425,466,3163,3165,1393,614,106,2448,7275,6830,592,1152,1185,1630,3873,510,691,16565,10719,4026,1421,749,125,2142,1496,6109,5445,5507,3728,1039,6822,41,295,1883,1784,4301,3759,1270,5376,2438,2119,636,1977,4784,324,755,3390,818,900,1847,70,8597,7,0,952,6708,841,4954,466,1323,314,309,8244,9464,769,1499,3802,11696,39,2579,170,2368,6821,5370,4629,5368,1093,2774,4831,2822,4685,177,1192,65,131,1962,1236,108,7621,375,5538,2271,1232,2252,3621,3112,109,5000,13203,1643,1130,14221,2391,4641,3041,5114,2543,2739,3317,79,433,1580,2001,4319,3358,1386,495,350,1234,3068,1285,2924,2307,9006,966,5235,2702,113,1457,1467,957,11950,308,6150,850,2333,2064,487,761,4948,68,715,10999,889,3027,450,18,4704,1445,148,6425,1915,447,310,3152,649,652,2673,510,221,1903,1109,896,1291,3291,3870,1093,1024,846,12808,1235,4477,1648,1174,1884,1135,6761,6542,7647,1903,8127,4137,3463,1624,2585,3015,1781,601,631,1298,2174,535,5378,429,780,709,1011,2771,1360,2043,7266,804,1849,106,7191,154,184,718,1494,766,3125,945,4322,3730,10438,955,1029,97,6064,1909,3892,6059,2557,1539,3283,6383,2057,1430,80,689,4357,521,1111,825,3641,335,4697,100,2425,1897,2429,891,3023,1055,1065,2485,8,57,7158,527,1377,5965,2762,5402,2507,6619,3104,142,6592,7595,2227,6700,3960,320,667,2983,1331,3365,515,2193,4377,1387,3693,282,800,354,3513,360,2463,4568,945,3137,2937,2263,10499,107,3428,4489,9084,1926,2230,3718,248,4072,322,8120,1332,3198,3652,1806,8813,2082,1285,2082,323,983,7114,1432,1083,818,90,9433,2739,29,7749,2555,2752,2445,628,4462,1189,1854,3085,11250,1505,4699,4488,863,980,91,4162,1030,4628,3871,5172,10193,956,2354,1418,188,958,365,444,1734,196,856,2596,1742,364,20949,913,188,4757,3263,3245,6870,663,5803,2201,1773,11,96,4482,4792,2202,1781,513,192,5784,12139,306,325,273,318,319,614,412,562,4829,127,991,15,1966,1556,903,2147,165,1404,2315,2179,3853,1794,102,4634,280,803,6843,1148,2947,776,4168,7886,2366,519,2321,1382,4640,2901,3820,7668,101,117,2278,3982,525,713,395,861,5453,548,267,5957,2839,331,738,1326,2586,5076,3213,358,3362,22739,2044,64,1918,276,1111,1773,3070,5297,1223,827,298,1308,907,1939,1215,1603,1578,862,7607,367,360,12,3222,3455,161,212,1455,2909,12,1579,841,1577,2991,1788,444,4197,967,3398,472,409,646,2791,683,1141,1658,584,2161,1175,2806,4620,1976,1231,185,983,1532,1612,100,2148,1183,125,2951,94,1544,3379,1313,718,662,4855,2750,2424,492,823,165,93,1458,1252,1212,580,2713,1892,3378,3519,1239,288,1472,4914,1178,2640,955,8157,2419,3926,3173,1693,3733,1090,1599,1081,75,2594,5729,6041,2428,24,229,8774,4177,2201,183,875,2,5690,3365,955,323,348,757,596,1897,4858,585,1788,3444,93,1017,8713,102,1374,3495,29060,2816,3294,1184,1461,4947,10008,1,3434,877,238,1345,507,284,3718,4556,10890,1724,3282,2282,183,1514,3332,4585,5014,2219,115,938,1138,3200,178,794,2353,26,3044,992,1957,2201,1836,52,3461,2428,565,6114,2519,1822,2832,3415,3779,15169,8157,1574,12620,2460,1837,9084,817,397,1641,8579,907,1856,501,2059,106,5099,359,386,419,484,4210,1888,1988,1998,4465,1288,587,3805,1419,4238,1347,23,2218,3655,1401,3484,2281,2270,4842,259,1198,14137,8804,1490,5043,621,6237,868,1741,316,9953,2637,631,1493,6754,2356,1067,1358,1276,193,22177,1146,216,21690,0,2930,3981,953,1225,2114,670,2421,2360,1486,3648,8749,5043,3441,4482,3400,1918,4143,1284,3273,1041,2626,1342,1402,1980,2430,2864,1850,4632,636,2439,3487,2389,768,393,5407,292,1689,4809,2442,2862,10031,354,5,1254,3720,5654,1293,983,945,667,4379,501,1662,4606,699,267,1512,2492,5835,11532,707,3546,3283,7429,543,3162,526,7692,2724,2216,2109,1070,2346,1711,6959,2092,2499,249,2714,3210,237,1712,942,8491,919,491,6108,544,2110,402,6337,109,1158,7669,63,2611,84,3973,502,11343,79,863,137,2170,1282,4547,1063,1463,405,2128,1614,4320,844,2930,745,3606,6365,5345,2375,394,2519,3552,3009,2419,1759,524,2215,6705,5802,348,560,8469,940,452,533,3120,2058,12350,307,2586,3038,3371,2456,213,3099,832,663,304,2513,4337,108,195,1711,2917,216,2212,2179,2286,625,1855,2400,2640,5515,215,1858,458,559,1923,1973,1811,11,494,528,622,956,1782,2137,714,1201,2167,189,2691,2852,67,733,1628,1590,8,3020,84,3288,1119,1402,11708,2341,1720,1350,133,3026,113,2616,2080,11831,6682,687,8492,762,5236,1436,714,483,1284,5207,763,4056,1861,1560,2476,510,1068,2967,1453,36,224,733,817,1119,155,969,932,537,6688,1586,1504,528,2063,101,817,6285,2023,1849,1322,2945,117,82,486,2647,1670,5593,5229,1261,98,521,31,2888,3664,761,1710,1853,1253,3438,1406,0,1274,1609,1591,888,2397,425,3199,3802,4443,2953,2551,552,1036,355,2178,4702,515,372,649,571,4260,907,2729,5965,6440,512,5376,5286,1825,7197,800,404,997,74,2170,2879,1029,2262,390,315,31909,910,408,0,1580,4856,357,299,1851,5323,2630,3101,3900,2671,3640,4100,231,2144,1154,4156,8873,2132,103,769,1902,1102,6596,1531,653,2396,542,3347,1057,4102,238,3428,15,1838,624,4831,1403,1768,788,437,3340,10092,7365,1070,16,3456,5596,289,1785,986,5202,128,2742,963,1751,3851,3200,363,986,1616,2578,622,486,4408,5482,754,10487,5013,6804,1519,2152,1501,160,417,497,4768,2447,922,4066,4307,116,9488,1940,1552,76,317,1059,673,366,418,3381,1124,149,1552,51,1181,3148,3110,251,3911,4586,5598,301,1079,711,3961,976,1719,3043,1037,3385,916,888,176,9662,4299,3377,2852,1285,182,294,1470,1753,1344,3499,982,5072,2169,822,401,907,238,1779,2470,46,3417,3140,34,7417,105,456,927,3370,1880,2884,424,3417,148,83,16890,1130,621,1089,1780,554,1460,614,1459,504,405,5078,3441,82,755,11180,8384,1220,2321,292,2783,1097,1407,2367,660,333,3637,5764,144,1783,4662,3419,283,110,1044,667,67,129,175,288,416,898,2088,483,1751,1773,985,2814,3988,2235,178,3934,4017,619,2535,137,217,3317,3044,492,1299,364,2311,945,494,7995,1639,878,1227,1079,7632,10520,5092,7178,1073,2946,3411,695,2488,2183,1652,615,1170,4536,1936,1083,8598,9642,896,89,4130,784,1410,1043,288,3155,3612,4150,6636,1531,3662,1545,81,1415,5341,6571,229,3408,887,599,162,2811,1485,4713,3625,7647,1451,554,2574,538,2229,879,1453,1481,900,4691,1937,1614,2288,3865,711,8539,760,5443,540,900,1071,1964,3308,862,2381,1121,6854,739,336,873,2252,3910,1217,661,3435,694,3567,8593,437,166,2757,1636,190,0,522,8996,2106,4818,64,494,3208,118,328,2701,2303,115,15839,774,2145,994,2020,2547,2106,453,126,62,2481,2719,1,1112,8962,3866,459,2981,1931,805,3708,3692,273,4565,2216,689,1043,4201,833,8626,3755,910,3166,3189,4284,2224,1330,4898,1293,146,2030,7097,346,654,1514,846,8143,2469,744,6359,329,2388,1320,258,2241,625,751,3326,10,1690,2777,2006,909,361,8422,18,280,982,319,653,5190,1455,3697,4579,29,2031,3013,637,6820,1667,58,81,111,1772,3085,2345,11,2885,3210,4020,14438,4671,1463,194,1258,116,1046,3957,3703,1653,371,2742,4711,327,641,2185,2690,4979,198,956,1334,0,1250,1269,5951,2396,1112,449,2975,1091,3,656,1518,1406,886,1020,2261,3302,1703,1140,1684,687,5002,2135,394,517,14983,2748,2806,1088,1236,866,1255,1802,2312,811,33,3459,2553,1201,9907,583,2210,1080,2636,93,2980,99,1074,1553,677,1213,1792,321,660,2013,865,691,3452,160,3775,6864,910,1254,206,1046,4789,2382,644,2998,415,553,434,3574,4851,4785,3193,391,2099,1730,400,6952,2742,713,1593,4598,581,459,4664,1133,118,5290,2933,4451,43,919,340,1538,4341,6487,3008,345,1416,460,95,128,2781,4325,217,1403,4509,1265,3014,1912,550,703,6577,1060,187,14,1826,1966,1580,1392,3039,7917,7400,279,359,6707,1067,3116,1382,3036,21,191,257,589,1886,1967,6687,5329,256,4825,382,5902,392,1412,278,8071,390,1561,3430,2803,840,3756,764,1680,265,453,1460,377,2305,2115,219,418,664,3618,27,213,6489,101,5204,2633,21045,4010,2039,8581,999,1102,2945,1370,279,43,5790,454,1649,122,667,2291,2359,7180,2930,727,3643,1199,10648,6875,3779,1226,802,3642,1775,325,0,854,1568,404,5608,482,1043,15016,17405,2960,112,4774,3548,6025,1711,6847,15,890,4037,1872,988,4116,7129,1189,735,750,3890,1257,2605,1407,229,1290,89,180,3377,1302,1766,3071,377,392,4005,863,3044,1068,22562,3404,824,2731,5772,586,54,2061,2644,153,240,4623,8,280,737,3002,44,588,384,290,413,1214,1098,4290,723,735,242,2397,1571,266,5637,437,248,116,2878,4664,90,654,210,3802,2008,1309,3627,2692,3591,3,979,124,29,4354,48,607,3192,424,443,566,576,1217,854,60,9541,864,972,1339,6868,1378,936,1126,3653,167,523,599,11555,4337,797,3281,2938,1418,1904,5101,494,359,7251,123,108,2350,812,1125,6811,5302,568,13605,5056,5593,419,1545,3531,2727,10253,2606,93,4039,4907,320,5174,1563,346,1031,83,4270,3347,3350,12,732,1069,6727,5000,11147,545,1567,1301,2358,6466,1912,6924,2975,1033,1094,952,5214,60,2458,855,3344,1925,949,653,7287,6809,2637,1292,4521,1275,542,2097,866,4455,157,258,1979,641,866,136,770,430,1024,32,648,2477,300,7245,18,9146,4565,754,1809,70,196,6028,43,2925,2808,180,1744,768,4549,3543,1346,753,1424,1652,3806,1185,438,4064,627,4884,2753,1882,1569,643,4662,1251,3139,1767,568,718,2578,702,321,1500,1263,691,100,2955,2773,2434,1372,1209,1882,439,963,13071,941,11704,234,772,2773,1578,6088,629,75,1028,2557,246,3540,4005,3834,1143,1823,132,2309,4802,929,38,2469,1031,1896,12430,3150,2311,1416,45,510,7117,2609,9538,321,2304,7336,4683,62,587,1259,146,2995,370,729,368,2043,2627,614,6278,13904,22,1126,1393,560,3124,2820,2206,188,2306,578,1648,1826,4654,2310,4157,3098,1587,864,821,1380,7063,2949,320,6857,296,1120,694,8350,2171,2278,6948,1033,432,189,156,1222,276,3879,4632,678,3,786,2195,99,6630,269,195,1530,1878,4279,960,1817,1602,5084,3179,1135,1086,2693,277,4131,3934,830,4465,5567,2166,7328,2554,2731,769,11572,971,268,2019,1194,1566,86,61,1273,4490,524,3329,1442,56,116,4267,333,183,6732,4150,1127,809,18,174,3005,1070,265,7433,8,2767,2980,289,842,111,1978,3248,1371,3116,2412,1145,335,1329,2379,1920,2754,1175,163,256,6197,420,4328,1036,4606,1714,222,3574,399,1220,686,1868,388,119,578,1977,11220,974,1496,95,1744,3254,781,243,1376,3492,494,2087,487,489,92,657,2485,14676,59,2115,1731,2106,3944,241,1253,548,277,1435,723,7929,259,2625,1046,2437,314,351,130,2560,2991,1485,6312,1398,566,2384,208,2931,188,1191,58,22,4343,88,4098,1467,2981,3267,912,2855,4366,4863,4032,2864,852,4023,3795,4717,2705,691,360,5653,2427,2573,685,2484,3460,1050,1908,1720,2009,601,4862,243,11604,8714,2833,2278,1713,1185,754,47,77,1052,515,171,1844,6325,622,2577,1207,505,327,567,4079,368,6881,669,1633,356,4741,2345,4778,0,585,133,586,523,1130,2219,2036,294,6215,1188,81,2683,3010,1453,1243,2493,20,446,1836,4598,2685,1515,2298,2290,1112,6421,64,2774,1775,779,93,192,3078,7507,618,2300,688,253,4102,1259,5226,2515,998,1745,216,2619,1322,328,749,2571,1327,2744,5617,3382,433,875,0,1668,1099,1419,7765,6336,71,534,377,1907,2257,1651,171,172,1184,3713,1986,773,3918,4633,4211,3521,1928,226,4462,226,119,2675,389,47,985,303,11,273,13690,2,2112,603,1818,575,6691,1610,1438,1168,331,6387,1418,218,4856,611,566,5580,1970,2955,3004,3103,7495,124,2547,3429,754,533,3683,127,6571,4786,771,4888,487,2657,222,1633,2643,3371,574,12385,4178,2657,255,1173,881,2204,2092,2721,9777,3687,2708,1406,1176,285,3223,668,4914,2063,191,2997,2845,273,1795,1481,109,3711,2600,3216,1990,693,4120,7249,476,1952,1156,6813,5237,1779,2745,4317,826,1339,2324,16608,1952,824,1169,864,2299,6113,4520,5538,275,101,3093,434,225,3721,1436,5290,2362,283,83,915,2272,2319,2891,483,7,4759,1283,1462,588,3959,561,1064,1554,2241,861,1158,810,755,8946,367,331,3146,9189,3723,315,3838,1593,18,778,316,1830,1025,82,612,1652,4143,3667,2607,529,2683,594,5636,1250,467,998,41,2462,126,1999,241,22,454,61,5103,627,2765,156,11737,13137,8334,1246,1953,786,1607,3033,5294,2066,21290,2235,985,992,2158,288,542,2355,4314,49,3382,48,3729,398,4233,921,106,215,972,775,2153,3,5287,1797,4575,2371,10990,397,739,245,449,1883,133,1449,1112,3256,3338,2369,3445,704,377,243,7746,957,9182,3247,1714,340,321,1681,10400,6166,2217,640,2333,956,2018,2282,1875,7168,830,3033,374,6363,8204,737,227,3297,254,4234,4661,2012,340,405,672,1358,26594,656,3675,940,8593,370,2180,128,164,22,153,4007,2512,1251,200,5572,159,4344,1917,1988,196,2023,1157,1385,1053,5904,444,3163,2828,7440,967,6077,672,1315,3080,224,598,3672,2083,2319,2264,505,4203,306,2771,3752,1948,1038,15275,3962,848,4886,5096,1074,1534,185,2899,3955,1151,1874,1083,2462,1566,1321,1706,1114,15,1525,2923,13285,371,483,509,7153,6294,1302,894,163,4063,1567,3796,118,5332,2035,1143,5603,3953,2632,841,2693,850,315,1507,1666,841,7584,793,94,1393,5700,1506,1667,3521,799,252,453,6533,6211,2407,4155,3707,2771,1749,1302,69,1136,218,490,1137,1229,786,2478,1452,1555,2801,3928,23,4180,56,6438,84,661,1567,12,723,4684,944,700,50,100,820,580,3487,4601,2371,1317,404,0,702,2494,3167,10062,105,2994,972,1236,60,2399,1311,2140,2195,10422,4075,2870,1729,484,709,429,2695,3277,3170,510,1504,0,1593,1326,464,285,1258,1832,470,440,786,561,2166,13124,3752,539,13,5175,737,273,11162,2974,2251,10388,3666,1497,112,3116,2222,3013,12591,168,603,1100,275,4537,421,460,1836,3245,619,1858,1226,2733,3963,1380,2444,4230,5019,4289,9502,977,1112,1203,29,493,383,660,9653,570,4007,210,4378,1152,3548,1548,433,910,175,1858,4855,19,692,218,693,436,11760,6177,9,1474,9354,1335,1096,32,0,2756,1203,1962,2574,3001,1329,110,5,2714,2182,4989,3063,800,432,440,4278,1510,20526,92,5965,1868,1489,458,252,2226,3253,1764,220,217,780,335,28,8617,3120,152,1456,317,286,5342,2855,1163,1906,2487,498,5394,298,2128,1270,757,3709,4125,29795,2261,424,1024,368,184,1045,1655,1850,10836,8901,1286,170,6577,0,9803,6608,1993,1808,2261,3868,7368,2016,2723,6446,196,1777,13,259,3290,4589,3397,9493,2610,14651,1665,667,9936,23122,652,2347,2783,3739,62,702,12,1851,8412,1112,5352,1792,2362,5586,297,166,592,8226,88,4313,920,1327,8478,1306,321,467,1301,4711,1411,3775,879,747,1906,144,1603,10404,3163,547,6598,1539,13899,3501,1242,34,2591,246,338,135,141,239,280,1744,405,2902,141,10474,5880,1060,873,124,104,5022,17406,160,782,181,7706,4825,563,1862,34,1372,1359,551,2323,5003,5753,310,1275,809,433,2638,776,296,2136,677,5572,2120,187,201,281,862,8240,698,82,273,3966,257,3996,1046,5949,0,1343,657,1721,787,710,926,1111,67,4278,1402,688,2766,8350,2006,753,3571,1046,148,6843,3420,16573,2976,3190,673,1078,1026,1784,1875,631,2464,4330,319,757,3163,5198,1199,454,1328,6490,348,1151,1464,794,5812,215,1124,2011,676,4153,433,2062,813,27,662,294,585,106,7659,688,837,1833,3971,1310,4064,368,3132,1351,5009,1248,12909,275,64,2952,280,6898,252,6462,929,3273,2,670,255,2517,1900,1742,6,1981,3979,7030,688,658,1148,2973,2403,4489,212,2232,510,562,459,1922,600,1339,446,11266,154,1679,1003,258,1571,2350,862,3304,1396,1214,3830,2836,529,944,2251,2568,1783,3306,1279,129,2019,449,401,1025,124,807,4436,3950,1341,8373,707,2831,2187,1522,820,196,2116,3124,2514,727,1083,5009,368,2718,2804,537,4326,439,3397,1865,2496,1325,4073,9221,2767,1609,3762,280,3728,3267,2111,2828,4493,1672,2070,1571,4423,4762,282,1439,640,264,2045,3377,595,5,1557,2408,4259,2113,223,1,1839,1380,934,1821,2441,11730,5604,1383,1512,3300,6237,2984,572,1200,1601,1026,9229,1095,1757,39,1551,4592,0,3075,950,778,774,387,2698,349,977,810,202,492,1481,3726,110,336,5538,2419,668,240,622,2925,915,2319,1058,944,481,2299,1082,2924,7605,107,880,994,654,286,1662,1008,219,156,5099,1219,6145,307,2190,2455,52,5204,3200,958,2091,4047,1309,2473,5110,295,5361,931,3061,2165,1396,4542,2401,2883,705,9013,5051,1999,1789,1761,5946,3669,391,331,153,9135,1959,775,4699,1387,752,1761,5842,2076,1738,595,133,369,3819,3058,7558,2974,6497,881,3549,1697,4195,5078,1366,1857,2639,1620,557,1543,967,3049,802,1970,2357,5900,9886,2253,3096,2256,2980,731,2368,7388,3242,8101,275,7783,0,580,6268,652,2843,647,1577,4213,2570,2069,1139,2987,1572,947,668,70,471,435,773,46,4013,1399,65,1005,2717,410,1373,5796,4136,2892,2484,2387,748,4080,10857,1309,510,122,748,2355,1516,1602,64,1126,837,2840,233,521,4050,2069,1485,0,2952,371,1224,2670,441,2133,1858,4457,7091,1966,582,1181,2395,17,234,4004,1180,484,482,3307,694,728,2048,83,2998,199,2449,5118,4128,1975,546,2216,2348,2524,637,3034,5667,2124,2266,4363,317,5840,1244,5176,2696,1162,775,5124,2672,3112,34,3113,964,4132,2524,783,371,93,9585,6276,3842,4684,1620,2406,1207,120,1948,4197,1080,5456,1094,5731,3282,2716,569,1076,1975,1043,2660,427,3692,3554,2320,7911,613,1897,5080,1647,367,2609,1779,380,2911,3442,4580,1312,4652,3806,4442,2180,4679,94,503,524,780,382,38,352,2432,133,3133,552,21,2548,972,2213,2,2777,137,3344,1642,417,5746,606,173,2165,2110,785,1368,1788,1386,2014,208,856,2526,87,1821,385,11463,1672,670,3711,6962,745,3626,5575,6593,17890,916,4529,4976,9142,1182,22896,8600,37,5996,6966,6038,5535,2891,493,4338,1133,336,3045,1663,943,1228,867,5309,4420,1494,1371,8790,46,1313,1272,1092,1142,802,123,4290,1019,2735,325,2090,4613,9,3042,9086,1807,400,606,2438,3000,333,1583,302,46,2438,526,3519,1741,3431,1592,8,5915,2864,42,3073,2106,862,300,6896,1114,4108,865,3217,1984,1092,897,634,5141,163,1517,731,944,1256,2233,2632,2320,651,2065,994,1525,3361,84,1679,3349,2111,2928,1894,1864,1905,2918,3013,3783,3165,1416,1376,3614,80,2086,1069,16,9808,209,941,877,1963,2306,196,2045,1389,10929,5656,285,1005,386,2658,4022,5367,495,1533,445,2960,2167,532,524,159,1417,18,1560,2518,4252,1412,455,372,8235,975,147,3280,946,116,1751,1493,58,1183,1492,652,1625,530,4380,379,7456,6501,7153,5215,1191,2502,1552,2629,4239,3290,645,3338,8595,474,8218,880,412,6804,4153,4020,1219,6314,98,1961,784,3691,2077,483,3052,3937,7172,831,2571,2342,3345,1659,4752,302,5159,1016,2767,6295,1118,1448,2052,7411,344,4924,1364,97,4080,2356,295,2883,1821,530,536,2872,184,1638,4345,2326,304,428,344,418,169,363,1285,1734,7335,4759,928,4323,199,6090,18201,7451,1935,707,609,7476,97,4478,1386,1831,108,1683,5610,64,6221,1889,717,1091,74,1627,5179,1283,3937,3810,1817,127,3153,213,538,313,1817,2757,5332,6089,155,4722,1276,1511,3620,1680,5831,1058,1540,3005,5490,1359,10381,1125,2942,1398,2435,1938,20266,210,913,2865,652,14909,415,1762,160,162,1670,79,4144,786,542,602,1148,217,2727,4679,2042,4526,1597,4961,1830,12077,2853,993,265,3644,4187,271,77,1918,118,3319,2604,7572,721,2230,2022,3492,1299,1765,2002,3105,1781,4398,2517,552,157,6267,1616,4825,30,3069,1254,156,4759,1079,2539,2049,4029,3839,6492,4780,547,1679,1616,3189,831,5903,1376,203,3269,3242,153,5943,1685,1254,3987,4687,11387,220,7629,3607,2649,138,5713,5813,3362,8077,266,3237,2428,1160,1692,792,1589,5287,6608,1032,2165,2381,1301,426,68,1649,1070,2435,517,1802,1997,16375,1930,81,441,1370,1825,4408,3920,4644,8714,3767,2400,2710,3671,6766,103,3,2355,1713,4911,1997,2177,1472,1937,2644,265,788,1175,1778,7382,2435,1353,1254,519,376,2308,2857,1722,7231,1161,421,3884,988,1120,8077,174,1312,3213,1765,5156,2685,67,3490,3742,4290,773,4611,444,3382,3286,1202,545,4741,389,6823,2,2293,7061,4104,216,12,647,1122,3133,3294,825,169,1988,1731,3538,1811,248,1258,7489,1212,109,2067,2761,3728,3764,3284,94,2043,983,3459,222,1357,1239,4515,2641,2079,891,5890,8157,1220,1861,3293,1267,4042,3419,2346,2612,2797,1491,1397,504,731,537,5872,202,2308,474,1222,554,1752,1302,1397,475,54,4465,321,4409,406,1197,681,2089,288,1858,149,365,1726,727,141,2395,2579,1449,16,8935,1599,960,5487,4003,329,3261,1107,957,6296,1800,2319,1561,1722,4025,2524,181,1427,2250,417,4270,415,324,2129,1122,5387,659,8066,383,1698,7391,1379,330,1303,1652,444,688,538,1123,836,317,1269,640,1457,2563,2805,814,1631,2197,687,1273,533,546,295,3180,1386,3124,3271,1451,3548,2984,647,4890,205,5767,3026,1793,1140,1996,2119,129,7790,18156,612,930,1265,854,2,676,527,708,1226,699,6437,0,1919,116,1497,1033,441,689,345,804,2596,6255,2393,85,1371,502,800,56,2539,3435,960,1789,2655,310,2484,279,3370,51,5200,805,1031,7000,2358,18,363,4383,274,1683,1226,25,694,928,1655,1060,376,826,10781,4452,992,667,1788,410,164,477,748,1148,1765,5176,616,353,738,3159,175,1592,3843,3110,48,2963,3460,9787,105,2646,342,3045,816,245,804,3669,745,273,1724,65,3413,1149,177,14994,2688,781,10854,5200,531,2452,905,1764,3489,1640,4374,2821,504,2895,3949,210,70,2546,1440,32,238,4246,806,2870,2092,2174,231,1235,4184,1611,952,1051,785,882,3343,1780,129,2455,172,2206,329,2913,6236,426,732,6110,2536,2160,4706,690,3090,1637,6117,3579,488,585,1214,2776,598,371,157,659,4,2958,1504,9,2008,384,1219,869,724,2349,111,1372,3001,372,4121,861,1681,7501,2444,4909,5175,268,7299,1214,2497,2841,5308,1778,5523,2996,845,703,4857,1508,2171,3975,3284,2125,1779,7437,166,760,1179,19814,196,632,2757,2058,4711,542,880,2106,735,208,3517,258,1912,0,1023,346,1108,171,7321,5545,935,167,2206,33,587,716,2166,644,808,986,367,1336,109,1131,2468,1023,995,221,300,2847,1048,3160,2476,2418,194,2551,1133,83,168,1801,3002,436,4957,3566,4204,4225,1585,330,1376,1202,5524,263,2536,966,3789,1023,3080,1867,128,512,1233,4378,40,240,4186,2671,1496,1395,7,911,954,2069,111,3680,707,6644,7700,1132,2024,164,585,364,2052,2062,677,974,280,1599,1259,1381,6844,681,1299,1255,912,6670,134,580,5515,2304,2367,11967,1176,1248,392,6849,110,6008,8851,3843,5603,5280,1144,2244,130,4368,3475,66,4266,1301,4711,3438,635,1530,2130,471,3382,669,1332,1608,2930,1952,2130,10126,214,3460,63,1966,946,1221,2040,3917,264,1028,3005,2419,5,149,1189,2892,151,2650,521,2854,742,4185,15104,141,1595,91,344,6395,3117,6114,1595,1848,2483,1431,259,1562,264,298,2003,1416,1833,931,397,759,5282,7962,2811,4570,1931,28,669,1148,371,1772,2683,725,29,564,6763,3707,1716,825,199,2613,3985,997,3808,1218,979,603,157,490,6255,385,982,1655,3032,1287,1616,5218,5393,322,6191,644,379,559,1955,552,1267,2786,2732,1687,344,147,4556,443,9521,409,1095,516,6573,1189,4090,1696,651,10411,5,6568,3256,545,330,1541,77,5088,2033,294,799,312,3527,3141,278,5919,8538,6622,1297,1565,2387,4948,63,13,189,5618,47,563,850,1990,3849,0,313,2495,634,416,164,524,134,4464,4003,288,292,869,2157,2283,756,9452,3318,6136,3401,3093,103,2203,45,36,2258,3439,164,550,3480,8166,8361,1164,1649,489,2087,415,4099,7587,3496,1079,6651,203,823,3235,1,1799,269,2244,836,146,177,143,10706,2894,1699,373,1373,0,403,590,3060,3545,1497,1147,336,2186,1212,135,4205,497,1575,249,56,16826,90,5341,4035,196,9138,1018,395,2810,649,5272,96,128,3060,2375,3046,2125,3600,483,1043,10071,3774,4444,300,3734,3201,47,1047,1027,336,1729,789,389,198,2516,292,594,6364,3676,1594,3114,2010,699,1053,2054,397,201,1068,1011,2158,78,290,48,233,13902,1235,139,10699,2350,3438,1851,1007,321,623,1051,176,8543,2279,2279,13078,3581,601,568,298,4184,643,3135,306,367,223,390,2397,1196,4646,3679,530,4866,1785,7433,5362,2546,5676,185,1997,294,146,633,2468,141,3907,1007,2634,243,2748,5393,831,3319,3457,85,3025,2601,5827,1050,6168,1867,1969,253,1192,1130,548,5315,3037,2680,8266,208,1942,661,553,3073,1404,565,353,2096,3540,76,253,124,15,2771,2180,1409,4158,489,270,1908,3737,416,1190,355,3600,3512,1530,4257,1663,364,3500,3411,4627,3989,794,945,843,45,4592,2049,5358,5137,632,878,3091,21497,726,1832,2278,4325,14586,1893,188,1837,2967,2398,1325,605,5800,192,3074,1641,190,771,3434,370,2449,1063,2649,1849,2068,169,2399,4709,2782,2543,3822,294,2054,353,831,1519,1489,3040,1139,134,329,123,4029,1269,2677,2103,2382,403,579,2374,3110,853,4049,738,3412,156,67,1693,2290,4118,1725,3677,3412,889,1348,1276,728,6436,343,260,328,6454,108,2185,753,4882,3589,4838,1668,568,1687,13,216,871,1525,187,2423,4494,1489,1405,869,854,1761,1503,10755,3269,3918,1000,682,7669,114,930,6328,1803,1817,3787,1622,2204,3003,3755,4183,291,11116,4220,2918,1241,663,2475,7722,2726,257,1170,2770,880,778,127,1001,385,1479,468,1487,10870,931,91,1890,546,275,8862,145,1800,3772,165,163,2347,951,164,4793,465,1886,2129,966,1224,841,910,736,173,6532,5698,859,4589,10837,1,588,2777,116,471,2370,4020,885,3651,845,2104,1120,1025,1936,4305,1568,4122,238,694,2585,4498,10788,1191,17873,851,3291,884,797,980,4833,1175,4419,339,410,724,2366,1913,4275,550,4225,836,279,3597,206,461,76,2996,762,1003,2061,2016,648,865,411,1585,2457,5399,1340,825,21,171,763,5251,9,2174,3671,1066,4526,628,128,4381,375,312,223,655,167,2627,4,2865,623,1593,1893,543,2449,1067,9150,1777,0,222,222,753,1289,472,1608,57,97,3875,2831,132,220,2631,8651,2038,1094,5742,3443,1510,216,147,4015,2586,967,114,1855,101,3505,2523,6053,3475,44,7448,1410,3740,3668,1206,1030,3134,2474,595,1123,1284,363,202,3725,1429,1814,371,1989,626,244,5346,1693,3059,4301,161,4382,441,134,2876,38,261,707,2044,962,5291,4039,229,849,98,2825,8335,3708,3230,1625,5598,1750,1075,2441,1832,271,6144,166,494,2656,4003,1370,934,2018,1217,3448,870,1041,1717,2828,275,8122,8550,445,1192,5638,7831,2010,3794,122,453,653,908,332,1883,5449,645,3059,3038,1319,2258,5116,3915,1552,2790,829,1417,2035,3322,1185,2965,3131,416,1130,53,1485,4244,65,11,237,3540,4512,4488,784,2688,3377,7811,2901,2701,2818,94,2221,855,967,2007,563,844,4216,1656,672,1273,6033,852,376,1490,1354,1311,4445,2301,4380,1518,1560,719,50,351,4093,3257,4026,2137,435,1891,1703,779,1012,2639,3181,4208,2873,5964,662,2274,12054,1952,1495,8,1217,1995,3659,1174,39,22601,1034,541,611,2834,4783,1351,3351,1425,2930,959,1571,1295,6919,1187,1175,3598,562,541,3212,6164,2784,2947,1904,2486,5667,5729,284,360,2705,1206,653,497,307,5805,491,1011,1629,546,4903,2177,1090,62,1257,189,4956,1173,1754,1029,2076,926,340,1373,32,290,2919,1103,8745,5001,1521,1412,101,2791,2202,706,1729,245,9562,1291,555,3208,201,3662,512,5760,2116,597,5504,6974,198,200,969,1428,2780,4237,1729,2043,1596,763,13372,1982,1444,1442,47,4009,59,381,3109,2720,247,361,1820,2874,2978,4871,1658,22278,1529,868,443,2607,3622,504,420,1055,1497,4300,50,1204,1311,828,1846,3107,3329,158,917,576,544,1640,1521,4230,10031,236,115,3125,1718,621,823,976,5641,5357,6024,3315,2739,1104,3484,3446,214,1376,1530,3087,5089,11295,1314,1861,25,901,1227,1210,5,1308,145,4420,3214,937,3921,8971,6890,3310,1083,601,547,165,2150,2246,1050,3134,179,232,267,2191,1691,5009,1301,1596,668,0,3505,88,148,877,391,2224,426,3423,1716,4801,1363,182,1944,2890,143,1006,3343,2400,2724,465,989,13,801,6913,341,585,883,841,1806,193,1298,716,500,2020,13812,11263,734,7997,3063,1053,1253,1425,6957,4479,557,2841,1909,13339,1159,1178,9,664,445,27,123,1482,608,778,3721,778,19,280,151,5335,367,47,1123,2690,1251,3508,1802,1252,679,2475,1362,1844,4084,193,785,7325,2419,348,2384,1907,178,2156,1669,958,6857,5868,2432,2042,583,3983,202,3050,407,705,814,2061,2246,532,221,2308,393,129,2221,4629,180,2531,2221,2177,1141,2198,1258,1145,5822,2380,1491,1600,1767,1828,1157,613,2791,2293,1341,387,1133,4794,3319,1772,4314,6022,748,3126,6463,2131,686,1599,882,1635,1255,2845,2571,10252,808,2114,2210,2041,11283,791,2002,390,4234,6885,178,1689,1091,1288,1217,59,1488,666,728,18619,93,300,1920,3384,2230,239,4609,1339,237,2394,19753,851,1652,9115,6989,1417,5218,539,402,313,5344,3766,835,1819,4205,520,3848,1234,3060,978,340,82,1839,3448,555,849,896,1311,1159,1487,563,3572,651,5041,3808,1064,859,3285,40,2400,1969,515,958,555,4416,6295,2737,300,667,981,1744,3486,518,2312,920,245,2344,5961,7883,5842,44,3320,1442,250,281,2078,2177,8011,3478,3075,1239,2101,936,329,3739,3305,365,3772,7400,3841,296,1218,3281,357,3,2384,10260,173,3814,456,3345,5695,1739,307,197,517,2883,743,678,5100,4743,62,10,894,1523,52,1932,239,1817,11067,5118,2853,855,944,702,20256,1130,1015,6930,4131,924,1930,11298,3917,488,2043,672,1821,3433,15028,154,1328,987,2858,2523,2306,1658,242,1318,1366,2475,250,9211,1433,2249,329,254,2570,919,4501,1957,6321,4882,1005,1213,4875,10639,2292,8634,322,3864,2359,3960,25,4510,2385,1686,1895,1286,3997,4052,1765,2961,5899,2371,736,1675,516,577,2513,2426,2811,826,1139,1861,4336,2047,377,177,3110,3146,708,1587,6395,5249,1079,5712,974,297,147,1806,1292,4195,569,49,305,3124,3651,7144,1495,1959,554,958,1455,956,2035,909,1308,1342,1829,992,1623,817,842,3427,1330,1860,3349,1737,47,1962,687,5935,5589,2913,1491,376,3402,2240,1739,13314,2118,811,2134,3415,145,1223,1893,620,2731,2068,5223,1109,2076,13772,681,839,1415,1661,6898,1368,1669,1106,1053,144,846,1131,651,14874,4019,2179,7726,813,2990,706,5271,3079,1378,122,3395,4491,169,1021,1443,6133,761,3866,1189,3188,4930,5182,74,53,4061,917,500,134,4118,617,3802,1775,855,960,5648,1527,20943,1065,428,176,5250,1176,318,431,1543,644,2841,1337,1595,1194,2713,4016,2566,1515,110,13,575,406,712,16054,2356,1495,328,641,3230,260,710,137,4496,1656,447,3012,1423,858,2601,2947,506,2336,81,2509,773,3231,1667,1596,1933,3197,2471,3976,954,1428,3060,837,137,1506,270,1924,3065,2284,1267,89,3513,1339,3456,5388,3632,9458,2594,505,1358,43,4057,626,3763,389,257,3088,62,1463,933,828,888,1269,1756,267,1848,5740,1606,1504,2908,231,3238,14817,497,5077,88,621,1603,5193,2757,6913,2223,1069,749,571,1883,3440,860,7853,2284,2129,560,2220,217,7120,5369,7786,1195,4919,4405,1001,1204,408,2928,769,5185,170,666,234,474,3069,6409,1191,832,427,2797,603,2984,962,3338,1171,1588,28,6679,909,304,1055,865,2227,3065,492,2366,100,7761,5739,2265,4859,4810,1245,67,6327,732,1900,4726,1378,162,656,521,3494,57,235,696,572,4746,1037,2149,106,2808,1839,2088,748,1849,252,519,132,1569,1775,864,1028,8501,59,1092,88,17,22,2362,2897,6417,2598,613,654,226,2721,16775,1975,1808,5376,1077,2567,753,1176,2304,7101,1025,2334,419,4780,1670,1221,1438,0,837,1603,961,395,1600,1235,557,4200,108,2599,72,177,294,8170,4818,1870,54,652,2063,1572,661,2049,3789,4412,175,1540,566,5685,367,7203,1130,730,3179,2410,7409,139,2665,1325,211,6138,1608,635,2934,859,268,2326,1500,1806,7535,1,167,3812,3692,6722,1522,571,5914,1237,3073,431,2172,275,2881,2583,4352,1595,774,726,2466,2119,993,7374,1803,660,2670,565,4924,1043,1121,13925,2705,3072,1021,3382,1724,2691,5932,448,678,398,4243,1824,8399,2367,3248,690,3244,2937,966,737,807,3344,801,5522,319,203,1206,867,846,1801,7111,2990,7156,1373,721,606,3343,1570,3524,3323,1427,997,6531,27753,4000,1329,1646,916,2574,1801,1254,8239,0,282,53,0,313,185,1045,1352,1451,3553,15,1316,569,451,888,953,462,2190,10189,1227,1672,1348,1310,3106,8260,686,301,824,434,2259,1087,3391,121,1097,4683,2037,7315,109,986,2888,895,906,703,11066,699,1695,5210,6404,6496,893,574,1096,2606,6036,1908,1630,5013,404,231,1789,806,5068,3570,3646,1517,207,6296,1431,1667,744,2354,782,36,782,370,795,604,3363,757,1023,440,1927,4839,2126,976,4474,3465,1049,1559,1841,62,2589,178,3,988,832,3214,3042,850,428,7926,1697,2152,2456,2,1780,183,8653,1246,2690,699,1333,6787,1719,376,445,2691,3366,2821,774,1007,5673,1386,2238,2286,61,4761,106,93,2091,339,0,806,202,300,84,2177,151,7346,2912,3917,1645,1,43,2274,3500,3917,1452,1049,4977,10268,831,1452,655,4585,7144,1452,2708,693,6972,3890,354,1388,940,1843,1014,286,536,518,2239,3506,808,1754,2432,379,2161,830,687,258,455,267,69,1357,64,4931,1166,329,931,3237,1162,1633,882,4866,285,704,11960,4000,1368,3082,656,3497,8127,2075,6795,79,6594,5748,5567,783,1155,3703,7029,702,2227,1411,324,59,459,178,5362,5060,1113,1168,5873,5605,959,1166,2021,3011,13754,126,1233,891,4430,186,2080,7372,3635,14097,1085,19,3151,318,1295,5616,6408,8094,956,546,2546,1942,2553,1045,330,3164,3337,2143,2143,745,143,1583,3235,5132,902,2754,1146,4729,2491,655,3038,605,4582,2573,4,262,535,662,360,1119,322,184,5193,3835,674,2193,1483,5475,534,471,746,1574,4820,227,1680,949,341,916,66,4057,6123,3210,7770,47,4346,2171,62,213,134,27985,2454,2645,8415,902,3627,1851,1274,372,1023,1379,665,5097,143,3850,3019,479,1127,82,2658,1136,885,1066,2916,1489,1509,167,2043,11221,2416,35,3647,60,1339,6609,5222,16593,594,1688,1718,18,1085,2857,972,202,1891,157,6385,192,8530,1299,2739,597,8848,3121,9462,1399,834,1336,1029,1431,282,331,1247,223,387,1506,256,4627,2671,0,892,509,1116,530,5032,652,1116,1089,808,8135,3224,2836,2622,5440,587,802,1316,2138,14303,1692,8670,2008,10,300,2814,874,2,5908,8122,3117,6516,2073,1475,208,273,416,4382,2509,1871,1835,6397,6579,2937,4658,817,1847,829,3779,664,94,1743,1496,543,135,3279,5430,2106,2960,505,7794,50,8939,1016,3190,1901,1829,97,906,1087,327,391,3146,604,20927,1686,1073,1648,779,3017,786,2393,295,1414,2809,596,249,467,50,1844,2530,4671,220,1593,3529,1200,42,1255,4866,1912,230,904,2655,6831,62,6624,9,716,2180,3934,1504,29,932,553,446,914,1368,120,2736,128,897,1224,868,760,556,4336,3989,560,8219,1052,17141,805,613,5557,92,75,13491,69,470,905,2811,2328,2547,1055,6587,2659,1586,1106,416,422,27,2163,761,715,2076,2654,1859,2257,1721,1510,5101,805,172,331,1204,439,3520,666,3438,1647,171,3744,3854,6848,115,1200,2300,2095,6546,1221,2915,350,482,2778,468,363,2846,325,1052,2384,743,1767,643,983,76,2186,2617,224,3165,1201,4741,2966,1110,1219,1645,1191,4203,1093,962,451,885,1032,2638,935,1950,407,2342,210,4554,8903,795,1024,1928,150,706,7224,214,5496,2311,3746,1604,448,184,2944,2036,8001,8248,1806,1079,3979,5555,228,2112,1464,43,1290,1057,2045,1410,47,1577,581,664,1902,329,418,3347,252,2313,1311,564,2319,152,5509,1489,1928,585,129,782,597,2667,4637,560,2570,4000,384,5263,77,257,97,2322,430,132,1244,1253,224,2159,2532,635,2525,4584,2828,12303,8118,1132,2706,1363,8,248,4309,246,1661,5635,3453,2679,2138,447,4118,700,2940,3996,296,283,582,1861,663,1675,2361,4113,1838,433,5136,1835,14,719,999,3164,12072,2633,5318,733,1020,641,2211,127,5115,11586,68,481,3006,322,2062,412,1216,2456,2033,949,105,8945,2958,2408,451,4886,695,7537,3646,492,507,2245,846,1182,6000,895,408,100,1623,614,4220,1728,6415,2109,1991,766,2994,323,69,343,2692,3236,709,405,1315,3072,679,116,223,1259,3480,4680,1226,552,1200,9621,5996,2875,2625,1538,354,1747,926,853,444,514,597,184,377,1219,1362,607,2992,181,709,2206,1544,1043,695,2,504,667,1002,473,143,1306,3044,4576,2429,26,3940,6268,1142,7695,713,1598,124,276,145,1159,1670,2350,144,2097,9767,2080,2251,6261,1217,1537,2958,388,2720,4079,1193,1449,2919,3292,3162,1291,735,8555,830,3154,10226,0,2428,3325,3512,4097,1069,2449,426,4,2846,2751,4022,2782,3694,794,530,2559,7681,902,141,1666,5125,814,1027,4556,1060,900,1920,1180,11299,1540,665,3359,5689,1895,1539,1582,3239,2541,431,1627,2264,7197,7713,836,708,3685,1152,526,1968,845,793,1056,3616,270,750,1932,2898,1069,73,748,2411,1687,9243,17,0,86,2070,670,6935,1375,3123,6682,2561,2642,2191,4888,2779,1278,1208,890,2997,1750,5162,182,1705,4903,257,462,1714,1663,1502,1457,2007,2284,186,285,1000,2562,1561,959,807,1806,1412,739,2102,3353,2556,500,592,3256,1889,2126,4568,1802,1152,499,2120,549,1380,239,1500,3679,2209,1419,1298,4198,862,5440,5711,6536,1439,1773,786,1777,525,2709,3642,4852,144,4033,1681,1130,753,3570,880,4898,1235,1364,707,1232,0,439,1391,559,4681,1800,1745,3987,2359,15070,966,896,668,862,2614,3499,5597,1331,3662,2638,3947,145,2273,3853,10289,28,1715,2990,1691,3047,699,1412,1631,25674,429,3592,505,1113,733,1933,30,2904,512,989,436,1081,763,3733,537,535,105,676,1609,1018,2597,2131,784,1253,2741,1340,1263,242,4337,7173,5050,553,5928,2217,7028,13592,124,568,2112,41,1524,1440,2590,217,69,49,560,7260,687,1590,4574,63,2751,985,904,2491,1010,1632,731,880,366,631,2874,956,296,3450,6206,4083,1676,7405,3419,51,244,750,5102,757,2913,1771,67,3698,1741,3638,1388,972,2967,1210,2641,2396,856,3830,682,4292,4122,1081,1645,6199,2252,12926,2108,14856,2724,599,3029,604,1468,1149,4217,5692,3127,1522,3363,1409,2202,11737,2552,1764,672,91,1354,1934,532,3009,107,7920,2116,122,102,135,2179,2299,1588,878,3694,2615,3796,9718,353,1280,688,1393,6282,5707,736,5255,2921,719,154,1242,178,1783,3193,344,119,1314,520,3437,3274,171,257,3841,28,2114,2260,305,4328,8683,1328,944,52,292,2037,226,3348,7064,5150,1827,3017,1167,1275,193,618,28,367,658,3232,443,1905,11675,2047,545,2378,2211,3527,29,1488,5921,999,4428,697,793,6788,7,3782,2527,3509,1127,2462,1637,4821,513,2878,1285,1556,2989,728,378,78,6983,373,439,130,730,723,289,1898,894,1569,6383,6652,5973,7230,3616,3542,3474,272,6772,290,2508,8165,1967,2520,444,870,659,8616,8210,8335,234,175,1263,1505,5466,5132,1944,8248,836,3161,286,631,2912,183,101,3719,1689,1845,956,1948,700,435,1060,1074,243,4252,415,138,537,611,2378,18,533,861,30,3499,6030,1527,37,1113,1217,1226,5759,7437,6865,6379,2075,0,4950,590,4385,2177,917,2537,1979,683,2078,1209,22403,607,818,366,5293,161,2924,3283,3604,3301,2112,0,5506,2755,761,1396,1011,4983,1641,2241,6307,324,47,2005,6567,1904,373,448,1616,4024,610,138,7483,67,3928,126,1821,8978,1086,2471,5216,2768,6244,295,2796,113,4937,5674,4443,5241,3425,213,32,123,545,2901,3819,499,134,13,667,329,716,1359,1631,928,9256,173,1745,3693,4521,1100,1087,362,231,1372,723,576,1069,2782,6382,2388,7534,3766,2074,2019,2548,571,5860,6919,4867,9333,771,3005,982,2658,7266,1572,4169,2425,29,2068,860,458,534,3520,2265,5297,3977,710,2871,1463,741,752,7712,2043,965,2937,1007,7,2050,1600,582,2294,2781,2042,1176,3233,4027,231,2537,814,2737,1753,994,571,4206,776,1833,1822,2799,1350,7254,1356,1408,4628,5656,5583,98,2460,1304,2938,10803,933,5512,3243,3,4743,3459,4265,1528,985,2043,1047,323,438,1134,476,9152,48,814,1511,9116,3090,5740,1766,6680,4229,4180,827,306,7836,2250,5645,278,146,484,1681,6422,1781,1784,4405,1752,1126,2752,50,278,643,2537,3810,1965,857,3056,1623,371,5486,2166,2672,2042,3150,1143,4298,144,7648,3398,7167,83,4134,9307,495,5188,150,3959,1267,3286,1134,3873,174,2489,7369,1078,5195,2927,1526,6459,259,999,7507,190,1858,39,1484,748,1069,1728,2529,3694,658,1812,129,1722,3051,427,1990,3381,157,669,1017,2331,4053,1132,1587,490,4729,1637,153,3982,188,1624,262,2664,1282,2661,672,2083,291,4072,7944,712,934,2343,4354,1347,1209,16717,2269,19,1313,2040,1865,1884,778,4331,503,1688,1147,475,2699,0,224,8783,2192,105,350,163,4793,4763,7794,1822,2641,1548,3059,1921,4600,26,48,2680,5863,6969,3921,2803,240,3727,5718,1636,9913,2930,906,528,1356,1327,3423,1194,2786,486,6412,627,918,504,2598,1785,1290,171,3138,2407,553,5852,6147,699,3800,1481,1089,2022,1711,29,416,1079,591,1831,4666,953,2696,2800,2390,3398,2678,330,2551,4188,5547,6095,1963,1791,3176,2601,80,956,960,3817,1450,621,1379,360,2355,2279,1510,991,3405,3046,3085,1659,16083,1464,402,540,195,380,2068,584,733,1946,1506,3106,2569,729,1062,283,156,51,1046,2974,1348,3037,307,8454,3231,2700,4957,126,1298,23,190,3549,2414,12633,739,1469,502,2423,1218,433,1140,594,4064,2607,4487,1200,973,379,2836,1980,2268,2235,4,880,2361,414,6652,8235,1494,3608,7297,1923,407,2329,36,1382,5269,49,2052,2821,488,266,3446,48,7548,1533,1357,11543,1943,666,2075,8594,995,1703,714,646,536,897,76,2163,908,3991,2660,4984,356,1583,1934,71,3743,1390,4401,1545,2802,3564,2723,627,1409,5088,4969,550,2163,700,3268,819,2517,1051,4429,1850,1619,1323,714,958,1175,1332,6034,1392,1460,3107,475,3702,497,6321,222,568,1939,99,596,488,172,801,1825,5184,5047,5777,3033,3959,412,639,4654,3685,2672,8037,2756,2510,96,86,4073,8153,925,2299,3092,706,7349,1428,311,1398,3557,3421,2804,472,2049,1348,2754,1437,3213,3325,4654,4746,402,179,2373,860,1672,7518,498,1414,1672,1565,2299,323,0,2555,321,1699,984,2079,2276,126,1098,591,3356,1416,222,6525,73,2169,2188,752,241,40,5326,2394,2030,6673,4657,0,294,3116,2963,1189,2588,1531,7247,1440,3113,1494,1337,326,1632,461,3089,3227,1608,1671,3918,880,3244,5095,693,292,3209,1376,4264,10046,5577,3633,4602,3187,4468,1074,474,2961,1386,4653,366,167,6560,3478,8467,124,10357,666,2738,158,915,1463,1244,3233,2176,2319,2776,1178,154,1841,4172,9582,2751,1660,2040,47,1164,518,3436,3978,4671,9,380,946,14,1216,9575,556,5366,122,4381,1509,294,43,604,410,3417,4118,5973,678,1699,3161,4557,543,1298,3700,962,3231,227,999,25604,2680,107,927,2614,1178,13500,634,5532,2502,1786,8721,532,6949,5411,4786,1439,1440,432,8640,3427,734,2807,1040,2107,400,5792,1533,2254,390,1327,653,702,253,2039,5566,103,2916,1099,665,11,171,1026,603,309,5059,548,2775,1031,3773,1069,1397,814,2165,3234,1501,2880,1309,768,2616,2512,7244,2583,579,416,3347,1255,2398,7,3690,2434,2837,405,902,14438,312,843,211,4732,1942,72,5767,485,1116,186,620,71,9621,4097,106,4821,2374,403,4256,2166,2212,861,2294,860,3927,537,4033,2568,1230,560,323,480,3819,858,1610,580,1355,7036,2367,8153,21,3959,2468,13,6527,4144,1610,1448,1439,23,2023,1141,410,2549,401,3563,967,2752,1416,2727,254,371,270,4048,610,6480,4431,1484,1962,251,3339,2112,706,1028,2162,1746,5895,2824,1510,6819,2025,692,373,179,5941,944,2390,1165,853,3043,2576,1400,6424,2815,3191,664,2766,1304,2314,4871,281,605,2094,4118,9259,3364,6703,3034,6599,2929,798,0,2249,3821,1815,3063,258,3157,3578,5263,423,1876,1222,1949,5741,6011,3603,68,8421,1432,80,3416,775,847,1442,234,12722,231,762,80,96,463,1023,10664,3203,6916,1182,5482,3787,2352,841,4969,764,1139,10681,6940,6823,4406,2778,1946,2044,8755,2850,1254,5006,3907,276,1282,4418,2868,658,464,876,469,3133,1125,1953,398,20011,3362,923,11,325,2677,866,385,1750,4419,212,3102,6438,3032,1132,746,1466,699,7836,2370,1379,2542,566,1813,5896,368,5550,1811,720,1602,1074,509,7178,2750,3480,1260,7256,590,5175,1410,1326,1474,1441,931,1273,7392,1349,5735,1920,386,1427,1394,802,932,951,1147,7021,9874,6132,4732,179,2682,3309,210,215,414,110,1616,664,2975,1463,2281,2638,276,5858,1368,2844,749,1067,10289,7717,785,2282,6150,223,2829,3678,1154,1658,79,256,13176,1513,511,108,7064,730,4561,536,1511,3432,2757,725,177,416,2085,2676,656,177,1628,2380,359,976,7099,8544,779,6793,5502,2847,149,291,1124,2589,482,551,1572,1117,6502,1567,4586,1858,535,1688,1407,3612,2659,48,309,2419,9155,466,271,6004,2391,273,2559,2269,3872,1151,4,1016,4139,329,2417,911,8973,621,835,1850,2728,83,2387,2275,2240,710,8,0,494,1094,1969,6296,2235,2252,240,3161,1009,1419,162,401,180,838,2959,134,5954,2432,547,3054,1528,457,133,712,3394,7231,679,760,4459,5000,1074,2263,10844,5789,15,1112,394,376,1495,1245,5886,2918,1950,3998,1764,3119,4888,167,2376,1769,3201,1096,1540,482,4050,654,3645,3985,1169,571,625,3702,3,1536,426,8226,1570,636,1901,920,1916,3849,1217,105,2023,610,2328,982,3109,4064,488,2257,1,4886,280,465,548,1606,10629,1592,2713,21,3176,955,913,188,3427,17983,447,1882,2347,616,9245,202,556,3598,3209,671,638,2137,552,7250,1104,583,499,223,134,1139,2605,2663,3735,957,109,1814,528,4648,752,4021,162,7,2083,1252,1796,2678,604,1529,2616,760,951,5216,3096,3323,240,615,626,10,742,1761,759,957,12354,4663,883,303,211,757,704,1190,3207,3318,13235,147,428,2,1679,838,53,145,1345,5617,6909,896,798,437,406,178,1114,1948,646,4468,338,1512,3103,3982,3714,2921,7233,3312,1127,487,3382,750,1099,540,2313,545,3590,262,235,501,1651,2561,4925,2789,917,3157,792,767,1037,3911,776,2461,2701,3397,813,6614,1115,6827,45,3263,4095,576,2335,461,17051,491,0,5671,2757,1464,4512,512,1894,1235,1677,554,4447,7099,134,4630,452,1065,465,724,1426,7886,201,9,1674,3186,2137,363,3914,1100,118,7,827,250,1140,731,1630,4698,30,2650,5391,27828,762,1287,270,9588,1195,3545,255,1664,759,2214,533,458,1714,89,936,2213,12477,3381,10083,397,971,3194,631,937,1327,3078,1700,1128,5416,151,2459,127,505,1274,1,7,2641,1142,3233,4354,1259,4969,5011,1158,1514,551,5976,547,2313,1013,5492,7299,705,1807,1304,1663,1302,96,377,1058,4564,7925,494,3159,6398,730,2507,5293,1309,4149,3908,2683,309,235,1449,2505,1416,3013,6114,1337,1091,2572,1543,3444,401,251,73,902,1172,3067,170,1167,4867,230,136,934,3956,1914,1423,7721,5096,354,1485,2042,3159,1523,1911,697,54,2292,107,11030,1932,1390,2488,236,1299,40,718,136,25832,305,9342,1456,493,266,129,1742,6168,28,1414,550,5496,2493,2583,1268,2647,2786,6506,753,827,3866,5404,243,2926,1201,1538,1990,5598,1734,1754,1562,1210,3956,11,2268,1479,2846,1053,729,1297,547,52,830,668,872,3058,8041,2915,53,2185,1354,4141,4612,3502,2512,2511,3421,126,8566,747,8573,2166,1676,7948,3967,515,4471,428,7158,943,3281,6199,194,2253,1407,3711,2073,222,1227,2484,893,5687,6825,167,1334,2086,2362,1590,1506,502,1383,2771,4619,1582,3383,838,5420,1429,4912,246,4222,539,1437,1037,397,810,2123,1027,753,7520,1449,3380,1610,2778,2655,1303,1059,1443,2207,2386,6061,4438,1302,2150,67,745,3568,6728,44,1864,618,9981,2910,1180,2924,405,3072,2616,281,4536,1041,120,1088,469,152,1800,3373,1344,4167,3724,345,1512,5425,2840,7549,5455,4560,1684,3673,807,589,20,2489,1978,3135,769,2512,0,8396,2,697,1233,5949,3203,3609,3868,233,1407,1623,320,1630,142,631,29,10596,1765,1193,1571,359,784,7804,83,2423,1233,1124,2465,811,194,1630,57,630,1274,1105,770,675,7666,614,248,565,1768,2786,162,1279,599,1711,3786,2379,9166,4154,1554,718,510,2668,1693,722,6631,535,4069,712,686,682,680,3086,36,931,381,1623,1205,2688,821,4085,693,96,6558,242,6944,2202,2247,428,182,2278,2790,11533,1731,962,3016,1547,688,2270,3433,3165,883,448,1672,22952,323,529,21,685,35,907,1845,1654,4631,1437,3732,1224,2213,665,1277,11135,2548,3528,509,7493,1707,898,293,368,405,728,16,1050,1691,302,718,8365,3102,122,31,141,7479,2335,4914,624,4901,701,1457,3478,2356,386,196,261,846,884,216,509,3188,2026,285,1325,2454,2784,6524,5998,279,1030,2161,3227,471,2212,919,192,5109,3230,5686,3301,688,421,6246,3616,826,4044,123,8917,4141,516,3578,536,2125,3574,105,1679,466,231,3076,3670,96,5497,1189,2362,540,24548,215,812,707,5008,3730,2659,2855,232,6582,112,3099,149,4374,366,925,149,172,2591,6058,5029,3463,24711,1392,7233,525,993,232,3942,1517,101,204,1718,989,6426,1655,452,6256,1573,4190,10676,1830,3374,3041,1879,6058,4954,2948,5908,1098,1901,4,2843,1175,943,2046,88,1182,2092,214,2374,553,816,6915,2152,2867,2209,47,1096,3778,385,2831,5346,1293,1331,925,475,238,5451,3188,2648,513,1617,733,3232,1346,483,62,27,338,179,2464,6768,3925,4117,416,2051,3199,1661,1206,2553,4624,98,782,2533,704,518,687,1076,771,2105,1012,270,118,1730,4263,786,2338,273,601,760,223,2844,124,4769,822,1176,88,706,1608,365,31,5539,21,339,1355,3557,1481,2835,2033,3514,2352,21,5448,423,204,439,5496,402,72,115,3105,3201,137,2335,1144,596,868,2234,6,710,1505,3128,2907,1838,2154,74,0,3638,1186,4075,2841,1518,2368,462,1344,587,4563,1573,542,275,7,5621,11315,1269,444,649,4921,3124,2554,742,1184,324,845,20,1169,1611,1211,806,2241,3712,2212,547,4524,1638,2660,3052,89,235,302,1462,740,3816,125,2042,1993,1357,847,739,5563,2195,4370,184,2564,8737,3236,1048,3015,958,950,1563,203,96,3937,2579,7934,5135,1636,3176,1910,644,480,604,4970,3148,1275,3539,10899,173,1271,69,4751,880,1527,528,2017,1437,731,2675,2941,958,1062,4393,1601,936,406,8403,1297,311,82,431,812,5880,1984,3368,4986,721,1726,3153,2215,3328,1027,3645,6700,3076,1741,81,19073,1635,2521,1969,758,319,3508,3523,1839,11,5598,2940,56,3527,1841,1085,2459,2783,539,13706,1985,739,920,266,212,2176,1935,589,979,1282,51,151,1634,1696,72,2334,3964,1636,5144,2448,1204,1306,2144,317,938,1197,6226,6495,3907,375,64,681,707,422,1257,918,271,2257,810,2558,828,6340,1385,658,113,3189,647,2715,210,4243,767,592,254,973,1857,164,2535,1787,462,3573,1197,3302,5359,1387,3336,4532,292,1093,3399,3266,1046,6686,997,2007,4426,8266,116,1007,909,11964,1314,21801,2174,3258,694,180,330,17,959,1731,1075,1314,5675,3966,6101,1323,1089,1673,1221,1974,4384,2121,1852,7442,680,1183,823,1642,3767,9,1030,148,370,2182,10,3113,308,197,490,901,1008,2449,4375,3167,533,3434,1039,1690,2656,3192,17,2515,3147,4410,1903,2129,2969,12,1484,2130,3958,2784,1173,43,3645,3237,2705,303,3846,181,2024,7694,4600,169,247,295,1008,2657,1715,1379,57,3110,1317,1477,141,1861,1124,2367,979,174,352,2616,45,867,508,4834,1271,736,31,742,3240,3170,10,4,751,179,3376,171,2676,80,2075,5924,1583,2236,1090,2343,1819,573,2067,4307,1511,6831,1830,439,2206,2327,4842,443,3105,3880,2534,116,2062,2434,2732,232,965,5456,1061,2401,1188,1283,680,628,123,776,10523,1512,489,434,1025,497,2152,1594,4489,1861,2,1829,1542,2176,4065,1080,527,1725,1,481,1029,399,247,882,1175,916,1656,2503,1868,1842,431,5595,3321,1394,4576,5293,4069,5971,1947,602,1085,493,2832,2413,673,2650,3228,7861,400,398,1871,602,2292,1372,3068,545,92,6838,871,3281,4972,707,827,642,15088,457,61,1215,20580,4276,6228,2332,1512,2916,5420,872,1057,1192,20027,1251,569,186,772,18925,5620,4934,40,3814,9175,7693,1366,15631,2914,491,12950,2183,3338,1674,839,423,3436,63,6045,2111,2319,1815,195,1849,4723,5792,2295,4539,3112,476,1904,1861,1199,1090,173,9229,5887,444,316,0,96,2105,2982,341,906,2731,3388,10454,100,3665,274,7211,1163,229,2305,1,3366,9011,4486,258,2885,4515,4493,2455,2590,3917,5048,7620,3156,3007,7604,1295,4281,168,2675,4603,760,3188,1220,2700,95,2902,45,4025,3546,305,2473,1674,4291,1910,7168,3409,3678,1120,3134,4295,3048,1825,3372,3711,2256,853,3550,898,4190,174,3149,955,1865,519,579,994,2437,0,417,725,4624,8990,8010,4286,2232,3150,1716,474,3164,1966,3241,2355,1018,136,1970,6959,1991,1802,1714,789,725,2391,550,753,2421,308,567,3064,649,583,229,148,106,324,1659,1962,3309,1454,614,173,2565,170,2106,1654,314,23989,5765,1356,2164,4897,1124,2778,9,751,2869,3978,1017,346,453,2585,1881,302,1316,3242,283,9412,1216,1009,1582,17091,234,298,2644,4430,0,26,10622,471,349,1493,381,696,555,6113,9317,1209,226,2510,1333,14862,2280,3622,412,1138,3495,7380,507,417,1759,578,5933,1915,10655,922,1616,47,315,6230,818,3556,1044,6599,5452,4140,1101,1383,189,9816,2788,827,116,5440,156,3061,10427,1547,1370,2562,2154,1266,9047,918,2265,1349,3454,1439,2365,8231,3660,2230,4048,103,214,327,451,331,3870,467,1073,649,3505,1706,831,984,1578,4132,2678,1932,2680,1393,5445,1261,2077,113,2486,243,337,776,13066,3214,2500,2159,1295,2076,404,706,1489,1793,12745,1266,815,2076,4461,3242,1672,2,5557,328,234,340,4203,450,1426,203,7513,5843,2716,186,0,1042,6145,371,0,40,52,673,831,137,231,71,4764,83,6426,2245,982,1555,722,3479,1649,898,4410,1775,5662,1,1916,7698,0,5794,6770,4896,139,2449,1893,72,2841,8,2751,74,1102,42,3311,823,9623,7960,2443,827,1754,1461,57,7915,484,2455,1328,8903,14,484,4425,4705,5188,517,6462,1225,343,2149,7494,3356,9974,2644,492,3123,1108,4282,2371,512,1195,4742,900,474,2904,3807,4455,855,1084,263,137,1964,621,1273,6845,1237,2669,7274,4634,815,256,15761,4267,5158,490,4051,1626,4794,714,21942,4250,1843,1476,3791,376,658,4309,1370,5787,1975,2418,1306,1837,2146,1336,4448,7579,13657,4565,4919,2876,2960,1541,100,245,300,9473,1343,4865,8095,4105,4905,1364,1974,3509,4879,738,6415,88,1210,493,8602,8329,617,2039,10618,90,916,756,414,882,1507,631,195,1481,410,3220,339,3422,3646,3304,833,1620,1006,2648,1287,9044,296,3134,3993,398,15840,1111,5082,421,260,322,967,1119,3181,2561,3802,877,3845,1397,225,784,4993,823,1145,1876,1610,920,3590,1558,7290,1071,7579,749,1162,2359,8020,122,618,1256,748,7489,1327,2661,901,1737,4081,864,7156,451,1723,3614,388,1148,1306,1232,1448,2172,3259,1127,3473,2240,0,1887,2208,758,23064,3958,4002,78,695,5227,3712,506,5875,2671,2584,1559,1090,2077,846,392,1202,3739,1372,1052,1269,1090,4610,450,2626,3241,6614,1058,1178,1632,5108,1175,218,1332,849,1043,2389,1023,1798,3374,2058,1086,2877,495,2258,2442,27,345,1590,3066,2807,2003,6872,845,816,5994,3,1961,269,54,319,558,1077,1050,3023,5929,3123,1656,1735,1527,872,3701,67,2388,243,634,297,11881,2929,2015,3883,626,8678,2403,320,635,309,625,999,9,6724,818,1491,5,433,7920,2071,196,3108,979,4429,2740,38,2792,1753,588,2477,2096,3228,1593,1573,3843,489,809,1310,1751,2116,3295,2217,5095,1180,6492,6385,342,4290,232,986,836,2105,626,2160,1503,3143,1501,1543,252,1111,874,5072,2269,13499,64,1,1467,1158,1642,1742,2112,296,1828,1007,248,1609,4822,1965,2898,2893,2692,2965,1582,5993,403,4578,775,1848,2724,2745,2720,1088,2467,4066,869,879,1927,3537,6466,1848,3603,14851,669,2013,2016,400,5689,2819,776,252,1587,1493,18,1549,2140,2189,923,3937,1579,3459,4616,10713,1521,3395,2419,2217,268,2978,367,2102,800,3401,2960,714,3100,10435,4703,2699,1123,3540,466,3508,937,3606,657,3439,1223,1671,15,53,8091,277,1367,12039,5400,4607,71,3713,412,3787,988,1219,1372,2002,679,2276,2641,295,3191,4600,2960,125,64,1451,4248,3154,7291,520,2825,492,2126,1615,1044,2817,1656,496,702,2216,772,1152,1185,4225,849,1802,2320,1864,535,26,599,2913,1188,7837,273,2510,5326,750,2347,1097,1468,2273,1534,1930,1857,2266,347,3427,257,1314,2449,576,3037,2570,7343,1069,647,11,703,4339,136,2433,1347,285,21,1547,1538,4024,867,2103,3703,2359,3387,621,4034,7207,1809,1501,5540,192,327,781,596,759,9166,4629,3,849,2004,3005,988,951,4107,377,757,712,11,1783,312,1284,795,5598,1216,1402,108,2262,7191,6351,1281,5682,1911,2329,1922,269,755,510,1196,1040,2297,1303,138,5683,78,254,146,3323,226,2578,0,756,6364,987,253,496,2263,1171,5304,118,2301,698,73,697,1336,859,7297,2401,770,1918,1799,1800,781,1135,5675,3110,227,375,351,501,1636,6296,737,5989,1694,1849,7371,1909,2248,1627,1478,3718,141,119,3892,251,1058,147,2257,4572,3611,13857,375,4681,6559,8871,1199,1790,19,112,1521,382,1133,5511,1112,1954,2438,663,7161,1639,164,229,1824,4993,6606,1955,4275,2791,3008,219,2812,123,4484,63,5470,629,9,1820,3026,5999,821,702,1997,953,3288,4829,1946,1010,1299,494,102,693,2462,1754,65,861,8055,4373,4792,809,4446,869,1923,3570,738,2007,5525,3245,229,1537,1229,261,76,2663,235,2644,2231,822,3013,7815,6215,1468,2700,904,529,77,846,3777,4230,2673,2318,3949,870,494,4004,1131,282,1023,13184,764,1573,317,112,1184,104,2777,2053,428,1247,1747,153,709,734,4315,3007,2344,729,179,6830,4695,8475,2714,141,2935,842,4659,547,390,2852,3604,1057,2777,2375,3151,1738,1549,368,1565,2973,5924,1040,1359,8432,1461,2877,0,1856,1,1876,396,1612,11783,3435,690,1926,560,365,800,7452,1855,1584,775,145,2931,2044,416,623,270,2180,1555,297,3459,5861,1789,1155,6690,3250,2546,911,1346,4417,2044,645,1645,1798,2636,967,6770,1023,619,11669,8154,4236,2832,1285,1510,1290,3080,1943,417,7026,360,10360,1116,26957,10778,51,187,13502,904,0,4414,3926,1816,1737,5278,302,1878,1294,188,7328,1033,3433,1811,1043,2891,3925,904,3339,9398,1300,330,1392,1919,619,885,2879,2818,4543,4802,79,1666,750,1615,2411,2656,1417,163,845,1327,337,1635,5279,577,4190,1561,725,2900,1510,341,1287,601,890,1129,2139,108,1585,1125,1634,4,1438,1839,3884,1402,1232,730,1281,3150,378,479,1546,129,2719,19,31,4500,2447,467,170,294,1401,1925,742,7657,16,405,1828,919,1729,399,977,7074,264,656,255,2125,2875,3667,892,3570,1447,2675,5,2542,4766,14770,1673,1240,944,3377,6846,6663,2634,2329,741,1417,4057,6109,56,617,1844,1911,41,525,2597,2151,1429,208,3793,945,1138,4575,3669,13959,2914,4034,2637,309,1997,3454,4188,54,2025,1212,209,111,238,366,2009,5166,1010,1717,2020,1106,5394,1377,2393,1139,5526,457,236,133,512,966,2888,11640,2808,258,1183,3103,479,525,2022,5611,1060,10673,12115,407,21239,568,3766,5311,17619,1757,2685,829,45,338,2701,857,2176,2141,1649,2141,102,1843,350,1792,4912,400,18,6831,64,762,3687,2765,867,747,4375,34,1388,3785,1191,709,430,409,4925,13575,6221,4661,240,2842,308,2170,7039,1875,1468,439,530,885,7195,333,2703,237,1606,203,1078,3307,1002,910,1337,639,1182,3669,9707,2878,1144,1001,596,12442,504,289,297,3199,3713,48,3345,3364,1619,316,2284,962,1909,540,2254,1,3009,465,4412,638,2225,1444,2819,1425,5773,2481,3515,359,5809,1511,1041,1188,2390,4011,1596,14038,545,2120,1473,1553,4296,414,6528,848,2665,10465,1038,4487,2803,3241,5722,219,2405,673,88,5629,7448,2664,2378,3591,1878,67,1134,774,1962,518,1544,674,321,1244,359,145,1298,605,345,3546,66,876,1208,540,644,450,400,2990,8978,2507,3617,7325,3083,1364,4897,1148,6047,211,5095,3325,1298,10811,1370,203,199,3771,2449,170,710,1647,7595,2772,4542,47,1067,471,2023,4936,467,1090,3829,10948,1517,4698,3396,1158,839,43,282,4330,403,889,307,339,1495,633,4016,3153,5090,10162,1421,8551,1312,376,2294,1807,1151,245,1264,1577,159,133,346,1145,3114,461,7,5629,1190,8112,2850,467,1684,157,154,1833,4688,518,10751,2228,153,5582,7073,1,245,3584,655,2137,1809,550,771,674,2860,2081,885,507,3347,1294,4380,254,3745,149,4122,971,6947,2985,2993,5249,381,5080,1633,1225,1943,2550,3739,2192,1162,2850,661,1695,1767,149,814,3231,2262,35,2090,131,5382,875,4804,712,1934,67,4118,47,3104,3153,158,115,1703,4007,5379,1492,3819,123,160,313,1935,70,3001,0,5964,5277,3811,5919,1603,1156,1455,2652,206,170,4558,127,10614,2857,500,1822,5092,1982,668,284,1252,1241,6058,447,5827,590,27430,6840,172,44,2034,1367,968,1391,180,1686,3021,10028,373,401,1554,1056,3863,552,61,1328,1769,3892,2611,4510,11,2416,268,4069,4503,5871,4721,3024,60,3686,3039,2329,2476,4454,2251,2143,2064,98,92,468,2864,4380,875,10686,9423,2386,1212,368,1893,267,3011,3817,3741,4127,1881,1163,126,1262,772,1570,1743,33,1083,8504,2219,1178,130,51,197,116,4851,7159,177,1502,1357,3913,4222,177,1407,4626,1031,3511,7521,1570,1410,2684,904,2650,5808,3893,476,4828,796,25,1662,2917,998,6099,36,1644,715,154,11208,93,2354,10317,4029,5253,1098,1990,19391,7873,784,4336,1819,1710,4478,3126,1171,1904,11,3820,970,772,1921,3700,1553,2852,6931,2663,901,1115,8422,1747,1794,3014,591,948,915,1108,1089,3484,1298,11347,243,1567,231,465,2379,2145,9832,2068,2843,5336,724,904,2574,46,538,684,1962,3945,363,231,10128,1866,1649,1513,730,39,2882,353,4588,2508,807,3060,1906,540,2871,2594,456,3524,4243,1643,176,1679,32,83,2673,115,296,10846,238,53,1352,1787,2337,1907,2167,236,1147,2083,1254,1744,4635,1375,4609,6158,4928,2570,8478,8731,4290,14431,1991,3756,2441,2399,185,3061,1901,4497,361,2211,2980,3916,116,929,234,2019,15,4204,1512,4082,1499,4,2445,3025,212,2967,1775,345,2452,2381,968,157,227,160,9036,3252,2008,924,1425,1167,619,938,3783,1221,5815,519,1228,3856,621,2329,1688,2661,11600,5227,3348,206,3183,1008,1828,4025,2769,531,2510,1320,557,3997,115,2973,493,1325,3546,3862,2979,1177,1322,1636,727,1513,2435,232,2441,1114,1286,1368,258,13617,372,6726,3678,141,3021,1413,3358,0,12953,10046,1611,3647,815,1037,204,455,150,1037,675,3889,1288,4729,199,2107,1446,208,5968,1209,1767,972,4603,7073,5498,2913,1646,1157,2802,422,4315,1183,6132,944,4917,14124,1734,2893,257,5973,3136,4708,1705,382,86,3459,4792,4272,276,5175,3653,3076,257,2591,1218,3176,1151,138,184,1477,595,2312,3983,3266,1050,879,750,1649,218,1521,3364,2874,680,674,3317,84,3358,1938,14907,247,7503,4670,6498,1106,360,1106,4339,36,270,4259,2059,896,5954,1975,2242,3919,1162,4540,1749,2584,1502,14544,2411,2003,7884,183,1963,1781,8432,3321,2777,1825,267,1393,191,2706,1505,7599,2306,791,1471,508,650,578,4896,1504,5451,7472,448,3105,1084,6035,937,1089,1585,2412,662,1457,1399,10078,6666,4246,1230,2062,303,1102,4318,1946,2099,730,2461,218,952,3229,678,6497,268,2926,7331,10881,1338,1518,1258,2836,2057,6372,2150,1492,961,1601,663,886,5206,2997,990,4092,1627,3201,9491,663,96,5642,4522,1837,1618,1648,1273,1296,114,1579,2337,1326,1443,3907,2586,4929,461,4066,379,7081,2110,1848,1422,1372,7698,345,808,1242,2868,3533,1009,2750,1194,2398,758,421,1539,967,1824,5191,2507,1093,287,896,4290,244,66,413,2302,4037,3787,4569,3448,2321,1845,1480,647,10618,644,3371,4694,365,278,1019,4214,5884,671,8772,2086,1704,2112,17235,1799,948,9,2649,63,2884,3001,1590,1155,1963,268,140,6316,2762,3717,546,1749,2031,107,2145,188,185,7115,10445,7562,1894,7542,3648,285,731,0,2252,3944,1030,850,251,833,1820,1192,2574,1356,5051,5675,2001,1692,2724,2431,2261,2996,4209,1008,794,858,312,185,2081,798,363,219,1720,632,463,1256,31,725,1492,5334,2378,722,556,192,2211,7965,424,4730,2994,696,5862,276,1079,1229,129,2244,3343,1053,1478,929,2002,2608,3562,479,2395,1133,1127,1894,11974,351,4683,1435,4106,446,2704,1420,1462,1910,1751,6661,3767,362,1178,0,1751,1498,1252,4902,17,2581,3643,11286,1630,358,4306,1746,4413,4720,5103,3286,1808,3624,2406,288,656,629,2483,5449,1074,721,4948,2093,2576,6387,3577,1045,5026,94,1606,2227,1059,2720,2,3290,4846,264,2144,946,57,720,2347,458,2250,1779,9463,1965,682,3062,428,2501,579,4337,1789,1368,3,7165,4748,2688,1219,4285,4903,222,3668,1977,727,3258,1782,1470,6,707,999,200,221,1364,2875,3,1525,453,6438,231,982,5555,1827,593,180,1640,4950,1543,60,756,1184,6847,975,6973,5228,2182,6404,626,4216,2907,15,528,719,256,5608,124,2866,20458,5759,1717,9583,144,526,3011,188,1054,172,1352,276,0,7088,2584,2165,6643,88,542,4220,2435,87,3390,755,263,3612,1920,201,11174,1511,3277,98,380,3364,2332,309,8345,5720,1588,640,279,404,1638,11607,1094,1230,199,2401,83,2304,1625,1356,1136,577,1100,673,1958,3244,544,1001,10214,4528,1228,293,2168,5946,5851,1721,2063,406,57,598,8799,879,91,5114,137,501,5749,1967,4851,1289,3826,2485,5851,3882,3624,748,86,7411,603,1347,91,835,369,4140,97,6088,10284,1268,2645,2095,4178,1421,4535,1301,6683,486,3770,643,3615,2831,569,7530,40,2971,2684,741,2115,649,3720,195,3228,111,5743,1125,21905,1656,6654,1707,1513,2815,6649,26453,1666,5367,1308,2889,1792,3928,518,45,1938,4840,1274,1039,8977,537,85,2403,2976,661,303,2066,1096,676,365,2008,48,2000,1744,1140,88,739,568,34,352,3925,1930,16663,232,65,81,770,3746,128,1416,1413,2018,1498,2860,1150,8904,22,3146,1717,905,1208,6628,736,1993,2316,5602,3785,2187,1032,1142,13710,696,1327,403,3096,1320,655,2375,2041,3889,1910,239,527,2187,1448,698,1460,354,226,1003,9501,3629,0,884,3225,9534,21,1745,705,1445,1605,2349,3445,2262,2344,510,4093,1062,1005,1947,2168,3299,1534,1856,693,3043,2923,712,4336,4955,11190,1626,3135,1363,17290,3455,270,740,1979,14640,4283,3218,1570,184,949,290,5344,235,406,210,7806,2669,4242,651,3039,2848,778,603,1500,4476,1665,3273,667,279,2566,2000,1448,2130,3592,689,254,2335,606,87,305,1108,257,623,7399,1265,15864,4160,3675,150,134,273,2422,547,1786,375,3091,4916,2967,321,3672,1223,3116,116,7269,4720,1171,2419,423,9027,392,2133,616,1339,6081,1218,3490,897,6371,3396,507,58,489,1113,1735,1708,3461,3254,1024,1458,5302,1077,157,13877,3027,2835,7481,10852,1574,1057,5261,9669,2368,363,1369,5414,6257,23,1025,17,3686,3848,6748,1572,5240,383,1791,63,0,6393,768,5658,2118,4299,968,16,8526,31,2075,6359,4668,356,1818,495,216,8359,7457,2814,7055,2850,1505,1707,2264,1308,973,1456,3332,1698,716,2319,541,3654,4239,1804,430,628,157,4283,6125,4323,3989,9053,917,125,803,267,1082,4814,4117,329,2164,1054,489,8943,730,10538,38,4989,256,1508,2145,1939,1649,680,47,3021,9,3057,2916,1558,1454,2259,776,7245,420,6608,513,1074,673,2772,1587,1523,177,2240,703,58,1495,3521,1523,0,51,1931,0,239,37,168,261,1671,2481,4,538,1254,2615,1439,527,1084,8187,1549,3110,3970,796,2398,4874,6945,4104,663,1515,183,864,4221,2710,176,1422,2776,187,4298,618,514,1971,643,5594,569,3205,3363,2997,3415,14130,6946,2751,995,395,414,3544,933,831,5288,3760,3155,4049,6514,7116,1144,216,54,6026,254,2161,401,772,7163,886,1317,916,322,1270,178,2563,1830,263,1710,1823,132,747,183,571,1547,1125,323,10,8768,4680,3365,471,214,4105,1638,226,1110,2090,5570,2242,384,386,36,2255,1739,1671,1574,2101,1212,1791,952,43,2485,2317,393,179,616,399,2125,3039,2389,8826,562,1305,2733,793,1620,9363,1166,722,824,152,98,2877,2362,3491,1442,979,1225,2,2752,1910,1285,310,213,4169,3358,6846,12513,2272,772,477,314,1460,1478,4733,30,1109,6366,3584,1771,1649,390,3710,322,3713,1045,6542,1753,3007,2271,2031,1257,2095,3262,783,2764,2303,2502,2299,3831,4420,1045,3460,5225,2830,3223,188,2155,3050,3873,11878,3807,582,6976,4077,2402,1012,3359,423,3312,549,4487,3115,351,451,3360,36,40,3503,1651,2484,4393,148,1002,488,13775,714,3540,834,1755,7495,3200,430,462,6520,11498,720,1844,833,4217,3178,1026,862,3717,2133,11430,468,1644,2336,2471,541,6154,222,4079,522,210,1029,1554,373,0,2406,2703,36,3368,269,5739,1919,4564,197,1152,5299,883,3097,6009,6557,5419,4760,2913,5506,2366,3410,24,1352,1339,914,2430,2007,115,1043,2172,4136,3238,2995,1266,2261,717,2040,1424,3168,8932,3548,1310,1302,2606,225,920,7297,2000,2690,2228,35,253,1857,1048,2194,1293,3263,8202,1267,128,7532,507,3989,1021,258,173,3445,595,92,333,1006,9,13,749,1943,784,2109,1284,153,644,474,3049,14269,3981,4188,1504,5618,467,1396,34,1502,473,1107,469,4315,7720,1690,495,426,806,6658,1250,3267,397,2750,8107,4611,3862,1826,834,1095,170,6052,552,2079,193,1490,1604,1118,620,3710,308,105,970,1379,758,795,1593,1488,988,677,2367,42,1609,5040,1835,2985,1478,3625,4799,1648,8259,2255,11371,748,5288,2668,3009,2340,4024,2148,1311,698,12,2371,2168,62,4282,3435,9190,2531,4460,2536,3832,3496,1296,10312,3151,2555,2404,223,1148,3245,728,22,1099,7027,1164,475,0,3098,2786,4218,1119,4112,5082,1089,702,6777,2488,328,1492,3335,493,3122,272,2776,190,1740,18526,5689,2579,1307,13050,718,9021,0,988,1887,1265,2027,2930,59,769,1130,504,737,4310,1102,1665,2174,2392,1219,12541,9591,601,1306,3182,55,36,3958,3603,746,1633,802,3298,2752,159,1408,2007,577,586,733,541,2668,2632,862,396,4498,57,86,2351,31,153,2435,3853,2089,1000,3487,649,2225,3726,781,1978,456,2623,1397,1387,5385,1687,141,2142,3144,1051,698,891,6431,576,7281,326,1757,12249,814,2055,1294,36,10764,3151,483,12925,1277,2213,656,2308,2529,6370,2085,1647,1480,2637,1357,967,1866,2826,6042,3605,1492,3351,14336,768,1420,127,328,369,1987,760,866,26,1780,1842,1413,478,5961,415,2081,1766,111,4933,4326,1173,2023,1810,8876,3932,4147,243,872,827,28666,1369,946,1037,23,2138,1981,7737,4673,3726,1418,1097,1948,679,4599,746,42,237,1137,2992,2935,742,4926,1086,1217,937,1468,1819,630,598,376,263,11996,9994,83,219,567,1234,5759,1480,0,1261,891,438,5268,1196,2101,323,4806,956,2605,800,1019,5741,312,74,1870,425,5446,964,74,107,4257,77,349,1354,178,18,7350,2676,522,459,184,2434,3409,2986,2582,264,5190,318,2897,156,4877,4018,1144,408,2060,817,1050,2056,788,3348,5399,215,2081,2163,4925,2949,91,668,158,92,234,6798,7867,1950,2785,500,2422,578,1208,619,2115,2239,7458,958,6388,1025,102,3374,3668,56,2279,1578,898,4859,549,686,216,674,6153,4248,238,7691,2130,58,348,878,1728,927,316,2104,3524,1025,250,98,709,3522,5077,2759,671,4367,2963,9909,3865,1685,44,543,3345,0,1524,2068,4300,2260,6639,474,1917,3169,2165,681,2161,490,110,538,7709,987,940,1736,538,4654,742,1917,775,180,3467,534,5075,601,969,8896,2097,10671,1036,4064,2500,1019,6631,127,3306,2823,5917,1849,4540,1240,2211,2874,2692,247,2844,1971,1,5213,2207,3758,1120,516,2702,852,2138,5616,2148,47,954,1347,13725,6338,850,2910,8309,90,136,4204,4258,1177,2,78,392,915,3702,4036,1567,3846,1643,3984,1394,7930,398,1158,815,5139,11035,5182,856,9104,433,3834,1396,13,294,1,4444,3382,1601,343,40,605,1572,828,262,2286,1830,1892,2909,5186,538,131,2658,1044,2029,4752,1072,702,3965,603,2576,6079,367,1574,1868,3287,683,1571,2282,5646,4195,1088,2707,4558,1109,860,89,269,1654,1866,800,944,2386,54,1461,1131,4054,1469,353,127,578,209,1457,885,6212,1026,4716,449,1182,42,1148,4527,1105,9198,3428,3327,245,55,9337,808,147,8211,262,4879,1009,811,2553,2397,4644,0,3792,597,1003,184,3861,1763,965,2972,1364,2645,1319,522,6215,464,3090,975,52,3000,7148,3226,4538,861,729,92,1163,764,10197,575,1051,6829,4764,3274,377,1042,2280,517,3252,730,586,2125,2851,580,156,4482,2226,4429,1457,1990,542,1139,1777,4111,774,1354,8759,339,7199,2997,1558,831,7555,1346,1043,283,784,3058,9644,843,1720,5,667,1152,1977,59,2291,1383,1160,1183,6120,418,5240,1886,266,2166,5219,5209,3023,1990,5638,2507,2900,15187,2623,1481,692,3598,1446,2903,1836,4827,3357,1011,1699,227,6720,669,3268,1970,1539,1761,394,163,1217,864,1906,11041,1011,3960,3352,153,839,4694,3888,1590,1639,1597,2258,4986,1755,2155,4315,1066,2692,19,2310,3130,1129,86,1887,436,42,2610,1418,1196,1464,1304,2326,1385,1025,2455,179,1685,2157,3841,498,1554,4587,1947,1154,477,1852,63,1374,2507,1157,1065,1494,1166,1818,1286,3102,174,2044,1868,3116,5426,19269,1091,150,175,2654,260,309,2274,919,466,432,2693,1164,2632,619,1238,10537,566,657,479,182,533,7088,1746,2081,532,3649,255,3050,586,3941,134,60,1168,4683,10000,4462,2351,1976,500,1253,2401,1086,776,755,477,3906,55,238,2733,6742,5919,3364,1364,6541,2253,2314,1470,7180,818,1330,134,396,2141,2402,1288,294,4100,3289,768,1840,39,475,8,21,971,161,1610,1490,560,797,3002,66,6367,385,1933,3280,4746,2849,3578,1296,1449,52,244,2825,638,287,828,3074,140,3186,1413,306,55,364,396,24206,78,1791,946,13,2221,3451,1316,4224,330,99,8200,1159,942,8,2457,805,108,14,1928,548,729,664,2588,4639,2828,1569,619,916,247,100,84,3006,1644,3348,1016,4371,3801,6410,2311,347,4093,2120,1397,3508,1832,507,129,99,689,1434,6540,372,3339,393,3722,96,439,1679,2550,4708,1390,1123,877,6433,4293,3292,677,2717,1775,2748,2162,12100,458,1299,880,185,53,434,1551,488,184,2356,687,467,165,20388,193,324,564,62,305,1707,1842,1426,101,3281,3990,1535,1431,7434,406,3992,2142,839,5129,1358,1571,1434,649,2837,6352,9998,920,3788,286,1894,2156,4089,1499,2823,1353,3737,2043,408,1838,1007,205,6861,3608,1426,146,6721,4004,933,17314,689,1235,441,4505,36,880,3375,3066,1609,1850,1626,2524,518,6277,1627,11932,2241,3143,233,6916,3008,3010,1083,1431,661,830,8595,657,2242,2946,2797,10418,786,1063,8,3238,3872,613,1288,577,2216,760,5810,3317,1714,7090,540,2,9424,634,2381,774,1338,133,750,4448,2117,201,1193,1530,4838,208,399,921,881,3251,8660,6161,4558,8074,1356,433,6982,418,1182,243,2619,1190,695,2078,3792,2223,11701,1661,2282,2799,4630,8680,5156,3751,673,126,1934,2348,1502,3696,2865,9258,3305,4056,218,360,2587,8481,5820,1676,7368,641,818,1332,2117,4075,2356,8118,4420,5909,22,550,3787,2644,2833,733,2565,2015,6641,4675,88,1056,2622,255,215,60,4927,818,3390,8305,7666,4047,3671,7547,2481,5947,2572,1713,1031,1010,807,1095,864,2153,6222,5195,70,4328,1545,3330,611,281,1256,5088,151,2382,443,1488,130,1467,2804,6533,10943,8108,2395,6765,626,2677,1074,2272,449,8620,1425,26,2791,1794,1648,344,7752,997,3528,3976,3188,2748,1680,277,75,500,1035,516,1927,472,2616,28,821,3408,1004,1426,2439,368,13939,4454,4763,3000,1440,2048,3508,1305,45,1490,562,146,34,3302,1795,3772,601,3575,3552,85,7136,7226,1067,1764,3772,1065,68,3424,11579,4438,1304,1115,623,1313,6689,136,878,1050,169,734,366,1447,85,346,609,1706,4145,4480,1392,861,0,7226,163,6693,1816,6194,1201,107,60,4379,187,1903,5829,7554,4379,768,1381,5106,1500,2068,8542,1697,692,1269,1810,2068,1036,693,4221,1770,4274,2693,920,1555,951,11124,846,5140,310,1595,20,2627,106,76,218,252,7388,2283,1340,5526,895,2873,1279,5789,3510,8146,701,4161,202,5155,2077,7181,127,1264,1322,218,426,1158,3967,2693,2911,353,1635,22,335,1506,506,9453,895,1976,45,93,1885,5676,1945,277,734,2114,3032,120,554,3175,3755,611,1683,23,3432,2492,3727,25,2097,2020,598,1967,6420,289,3172,31,12,408,339,1405,4508,785,1725,2471,1057,3667,6217,4988,37,8527,3934,300,1791,1498,1892,492,1395,4135,2318,2600,1607,781,796,2621,32,923,1307,3653,3814,5857,1899,8864,1144,3661,565,2805,2289,6339,8196,783,1084,7136,396,240,3074,1689,6910,2384,9509,1249,685,2512,972,165,367,6243,567,909,4816,6245,17,3327,1045,6345,13037,1835,925,5286,854,1813,2067,853,10051,2805,5450,437,1696,3235,7814,674,1761,49,1447,804,1502,695,5526,3429,7867,330,3177,113,52,470,407,421,3261,6727,883,919,1464,3759,1040,2788,4133,3249,3212,841,52,2809,1886,883,9465,793,0,1668,3239,71,7515,1111,245,874,18398,7032,397,63,1897,984,1861,255,199,407,1431,3,860,1792,193,1465,3110,1044,94,3130,12,691,3842,877,2736,0,3197,383,223,1571,704,7306,2507,1687,892,414,4857,2781,904,701,447,656,1930,2672,956,9931,2794,70,1629,2699,4510,329,1034,5007,887,2169,2721,223,621,1375,5152,1552,684,2816,44,4822,2323,4820,2614,4514,3178,2751,8861,796,507,1841,5329,2205,977,843,2992,410,2041,32,4006,12530,3853,2757,1094,2408,1978,47,1120,548,544,1081,6053,595,548,6411,1190,116,1417,770,165,449,445,367,574,3022,16463,296,3517,1142,2942,721,497,871,15546,1878,470,384,446,3682,1455,2846,3834,142,2723,985,1155,79,4302,3270,1688,78,2398,2514,5407,2848,1271,3781,3803,199,1757,42,925,3170,415,0,1348,2618,394,1016,3627,8645,753,769,413,2938,7926,1445,9930,2864,4031,4675,219,68,1064,2207,763,4522,162,2581,1804,326,395,1742,3228,3301,945,1498,4339,1435,3560,5552,589,275,1748,325,1313,2951,5671,10863,559,5970,1401,891,1110,6519,5343,112,304,871,2837,410,2,785,124,11236,2921,1399,117,461,899,4046,4514,484,103,3171,3307,2967,8220,2211,1746,3427,9877,6331,2583,3061,2026,1043,1790,2193,336,1684,4830,50,5152,1834,1721,1098,1603,33,545,1521,2354,480,1414,4095,3,121,4723,3099,3263,2172,3236,4573,2022,481,1467,5060,1812,73,4434,4021,94,3297,2806,4851,914,410,3620,6254,1733,3851,3690,1201,3493,791,2750,385,3883,191,106,1475,2092,170,1580,4880,1592,5478,57,536,1229,920,2988,1244,1479,3652,267,161,2908,3158,9654,2355,2613,68,545,2498,3364,200,1249,2200,971,1161,609,2599,7404,37,4979,3243,470,864,209,2442,10685,1624,457,143,3122,260,698,3847,2374,979,3292,421,4439,768,2587,1635,777,561,811,1182,2592,1480,2550,516,549,1327,2268,7859,1185,1699,6049,3531,2334,996,1102,804,1370,2343,408,2224,1528,1082,7348,606,5570,8096,40,3001,3658,1794,2635,3576,2030,183,1466,3112,1828,1656,595,544,6583,688,3824,668,475,853,1123,1408,584,340,2959,604,3863,490,9048,1957,3402,246,367,2079,1577,2330,1431,1345,2702,365,1175,389,2021,613,1926,1323,3556,7212,605,2623,1213,1499,3318,2318,2851,1051,1367,494,6725,4203,1034,1517,6926,5908,886,3551,802,2431,234,3824,2510,4327,561,768,656,1567,9784,5250,1407,2028,0,3150,1296,1734,6508,260,1394,4512,328,948,642,5662,1032,2204,3551,645,24,612,5198,792,1909,10191,3488,963,1778,282,384,315,4861,5638,4022,2186,372,1596,1387,10,6708,6947,11,144,1666,4438,1590,1052,1,71,70,220,1347,314,391,1617,2193,3293,2623,2961,2609,7,1712,349,344,24,1215,1241,1841,1719,1717,3989,5538,12,193,798,842,5797,81,1079,1312,2181,76,103,3839,15,868,5533,1057,5098,2818,3773,328,2127,493,741,279,173,182,1798,3564,1747,441,727,421,689,908,1065,1786,855,1937,7460,3889,3286,628,12,1590,135,1441,1028,1226,411,1564,1613,6255,3744,3216,770,3391,177,54,2725,2318,1495,655,977,356,7515,1679,48,445,1241,442,3069,2911,1045,6611,21917,1978,4448,1691,939,760,3044,2549,9421,1910,358,1089,2796,12234,4318,1345,3481,1126,507,1713,2087,3361,590,3635,3777,1881,149,1657,1864,1157,1941,2389,2616,1381,1590,5213,6307,9039,1193,3926,1458,6382,1924,1493,1093,2723,3444,1691,5755,9274,119,241,191,12984,980,365,3907,3375,119,20790,36,19,1880,2227,1242,1408,2539,708,8052,848,1571,250,1759,308,478,216,975,413,841,1735,5938,205,804,987,520,1546,951,3175,1326,622,3491,2896,499,354,2432,15,833,2692,1452,5556,2340,179,412,3606,1630,590,1597,4792,1573,2331,669,6,1704,1519,2777,148,5570,1609,2648,667,1639,1971,42,1430,1180,245,2076,2598,19,1489,4112,453,1873,364,232,5321,11574,31,205,859,530,2054,10849,7055,4316,1114,2585,3594,7502,1794,272,718,16237,2911,688,24,223,4440,4699,6088,553,1749,3370,582,434,355,138,1148,1193,451,763,733,1865,124,2652,198,572,388,1341,5168,672,919,807,164,2540,5371,2553,3814,2022,2328,6984,5303,771,1787,762,2697,161,226,3729,1378,15347,347,1931,1070,117,809,4659,1112,48,2196,1496,1224,1786,1588,1201,1121,611,1482,22,2426,53,947,305,652,4575,533,5262,9076,16,1912,2915,2936,2577,2220,3180,501,697,628,763,314,4062,20233,3994,2292,12,1861,5706,216,200,4143,2304,1718,1334,3951,1101,96,2802,6497,833,14621,1073,2236,153,893,3342,202,1576,4870,1867,4886,4365,4904,335,307,253,459,8251,1350,22,9075,874,3632,605,1834,2643,2440,2648,186,507,6105,4152,1339,2278,4951,842,948,1382,602,576,14,1756,2187,428,237,1556,2848,1003,318,3069,6393,11154,1146,188,2114,1304,4659,2159,2434,312,1254,1196,1510,2765,696,3460,5911,0,1836,2114,1266,1226,126,10901,2236,2156,384,437,2434,119,1963,4883,1632,231,11192,8394,4290,772,6048,2737,3221,1153,677,2392,2129,387,1804,1455,1743,4723,249,2276,737,548,3902,418,1429,2803,684,1860,871,3780,2188,1467,4988,2901,1167,1846,7637,380,981,801,7,2327,1418,1884,181,1857,610,5623,215,789,1477,3481,2024,2281,5156,893,798,2390,1877,5081,1845,736,4696,1982,3657,1167,306,4860,3018,8866,2611,191,741,2835,582,2340,6178,4827,494,50,3685,2689,673,2213,2134,481,851,2119,18,775,1172,1977,4966,1155,1271,1212,537,409,5961,284,1363,4168,2436,1234,2631,1973,119,2,10367,6500,2681,2010,7134,8590,4783,3828,8432,2350,156,522,1941,2889,249,494,4457,255,3549,763,1098,213,17069,5509,1151,35,3105,1399,3,527,971,2313,3064,819,7788,320,4393,2223,1713,1360,430,1311,10678,4711,12,2036,5786,1802,4352,1852,971,2581,601,118,1654,1416,463,1147,1755,1140,1569,781,2768,1160,1201,3903,1176,1657,538,4753,686,544,13,37,3722,1524,427,225,6831,892,580,604,1253,1404,1668,3779,1127,1077,1779,1010,418,1422,656,411,494,1241,1567,4477,3414,378,1775,4208,4005,3116,86,445,729,5374,5303,9061,2782,1535,1365,98,7000,2344,1172,1900,769,1540,1863,2915,2053,6031,382,1305,1157,366,6059,172,4402,95,199,2744,1664,5492,717,186,353,1242,1072,990,202,1750,573,2131,6629,1711,793,1010,208,1342,88,1144,1357,582,9698,3608,7473,2231,6261,7053,1742,284,109,5487,2319,865,4656,844,468,8548,3713,610,559,3874,1368,932,3245,7675,729,56,2466,3912,48,5121,9236,548,341,574,38,2535,356,2006,673,3557,2074,3156,2716,212,5887,2054,839,2661,2275,2510,1040,2086,2037,1012,1645,166,3493,4067,1172,302,3532,1253,42,293,11753,248,1705,3114,9253,5025,5613,0,2601,795,4209,460,4356,63,446,3047,225,21903,3047,726,1640,2574,1461,1173,4463,1751,1197,4417,3636,3389,1536,2262,275,1249,1769,1185,1494,1296,1776,2796,988,5442,487,7213,1557,1661,3917,756,202,901,2883,6421,15,867,4612,1280,278,4683,1952,1103,2191,1721,984,9236,1286,5359,1796,12557,204,8721,6887,1006,509,759,1045,636,1079,3014,1435,2332,36,270,892,17,1032,6355,2130,196,3161,6888,376,2112,5856,435,456,9621,289,2237,1865,2593,3461,12,2773,4218,2844,415,1419,1184,2020,886,236,836,475,5120,67,2431,5750,2501,1397,2556,1172,3951,1633,4844,3349,7779,1924,1888,3148,13858,524,4077,3825,7952,359,1634,59,249,3030,116,1182,2283,2077,2276,228,7143,4516,1468,1672,4338,658,5734,507,308,1250,1683,1085,56,1586,2201,9252,1252,4690,1177,829,2224,1546,1539,1167,49,4332,423,29,1588,3836,597,452,203,1236,2324,1145,2668,110,1214,321,287,4287,2470,2755,3376,1171,3095,6312,1949,5898,4115,347,1336,2861,5349,0,920,4627,6366,4242,1596,109,2981,373,4924,298,678,104,949,2941,1240,3063,2561,386,3690,106,6511,1523,1294,803,157,1652,4713,5379,3365,30,9746,1077,2449,456,2998,1655,1074,6064,326,1079,954,574,2700,40,10351,712,1683,1692,9922,2054,3300,2247,547,5126,2234,1195,7279,693,1053,2267,1117,137,15,3069,174,452,2517,3361,3355,2983,473,1040,1688,317,1359,179,2151,2,6137,2649,8654,25479,71,22,2916,844,1001,2412,1204,1470,6157,1028,4224,1849,786,1688,2143,96,570,106,1445,1008,75,1062,3817,4278,30,1538,3821,1986,7474,1,3734,1421,2780,2332,1283,336,5371,319,3990,1395,6230,2140,2545,14720,572,1098,36,1166,6394,1250,6388,1,1236,3272,1289,140,1540,954,6877,2132,5551,4723,6692,374,169,7475,2182,1890,1615,1548,2558,3715,746,609,1369,1732,2602,3778,3,796,10841,1203,494,910,1860,5612,1839,5301,0,297,2591,4112,1627,6464,548,2052,1843,3572,1842,5725,1288,7970,3427,256,1426,3235,1082,3699,13601,3122,6824,1922,334,3748,3338,1851,489,671,7259,5245,601,1726,1164,372,7603,125,2016,3028,3188,1055,1066,852,249,988,3427,4276,152,761,4263,1131,8441,2491,1282,706,780,146,4082,5206,14001,1594,1042,8608,174,1735,1573,3757,1034,9403,712,10406,1371,4392,2430,2360,983,87,27,2171,234,2711,352,4128,61,14085,8344,609,1143,30,1100,961,2472,1125,2774,1765,1866,193,3192,2761,1669,418,623,460,3614,1285,187,2015,7540,568,494,720,2160,8137,362,1098,2412,6935,3592,124,1360,76,7708,1959,117,3000,4894,776,3481,9163,485,1351,70,4257,4354,2384,20,7673,2345,567,861,841,172,2355,201,1479,1710,1851,1187,5106,2406,646,55,6414,123,304,6695,1783,3215,1916,6573,2511,1097,942,3153,3489,1586,1163,451,7080,555,1307,828,872,1261,64,5245,2126,441,685,3839,4098,6058,566,12190,550,1870,557,7944,1492,7601,274,2653,82,10488,1573,270,3385,304,7690,4591,410,734,1003,1822,552,2778,2296,1658,2113,1320,272,2662,207,2813,246,6841,2626,2751,2523,19,1114,909,4126,98,1241,1594,1706,1259,5996,2536,602,412,10018,1060,605,1796,589,225,3893,2576,1927,226,2399,3689,4311,145,5858,1653,2645,1990,4536,8524,1897,7756,848,854,435,10537,1317,5708,0,637,3073,177,168,1175,671,6977,1420,216,4194,2132,1516,2316,3335,7905,1440,4018,1414,2232,7497,5685,860,527,6371,1034,559,440,1094,2966,1489,7006,2495,949,11040,1930,139,5383,4172,1847,384,253,2861,1180,1020,791,7672,1195,542,1366,887,1067,365,1866,4138,7406,724,3710,10097,1160,3023,17,647,5156,313,2135,1774,1264,5826,834,166,7078,965,3274,1317,3052,2749,6122,1660,580,6409,38,2798,6972,1628,1113,57,4769,101,779,283,9,359,6642,2407,2883,291,6887,2163,1149,2241,1161,252,474,2071,2958,130,999,609,2681,2596,84,543,3585,804,3391,458,748,4814,3116,1282,72,2265,1964,27,2981,1940,995,7290,10586,1217,3298,99,390,3259,3549,2676,2161,1455,369,8067,10940,988,112,725,2498,678,809,1569,4632,232,274,1377,2620,202,504,375,102,3540,436,398,1579,10201,2382,1336,2112,84,3057,1268,278,723,721,43,459,4662,3437,608,2153,7396,1396,2816,2768,584,319,229,18,132,188,3249,5145,8678,1408,4837,4298,6585,1869,419,6241,6289,2783,3334,633,217,2902,2698,2936,1211,2047,176,1446,8476,1829,425,106,6363,3024,2227,1182,1186,1808,957,641,6489,889,507,2699,1694,1516,298,3850,900,3450,10138,10209,4978,113,446,1275,935,3793,718,1442,1359,1483,1302,1884,495,412,942,1206,4016,3076,4177,3208,668,1832,3554,248,3135,1500,5025,439,490,503,3636,144,13,1498,5,226,2402,51,273,1454,860,2032,1306,1312,137,5304,4142,3359,1063,1070,4109,4279,1002,3073,4874,1858,1845,9004,810,3587,2027,7549,620,0,709,76,2272,2150,482,126,5452,124,2563,724,127,379,114,2944,593,7,1846,4318,477,1350,1173,516,6148,295,2272,990,3829,4457,232,5185,2733,1833,422,50,402,3241,595,403,49,968,930,2098,1681,202,2076,85,4092,1534,145,3057,7704,3680,350,1032,1744,948,548,13668,1762,9763,6960,1534,3206,1261,3424,148,576,845,1373,43,971,2472,2155,3699,980,851,1408,11555,528,5742,450,1809,3610,6818,5973,805,189,1291,2161,3520,450,409,2570,422,3234,2459,5676,2470,1703,1211,5497,2545,1708,675,1809,3653,19,1288,5261,0,1212,2213,8177,3376,2810,1190,256,8584,5020,178,4123,1883,5411,5043,1058,1826,1582,3510,229,52,583,801,2540,757,5194,1172,938,696,2927,898,3527,5353,527,158,4904,3374,2714,664,1369,170,19292,1551,1743,1203,671,452,4280,3005,449,448,695,489,852,5301,380,1261,10463,7136,3165,1826,5723,6991,738,4234,388,747,1635,547,786,2393,1276,1274,1758,3459,3949,2027,2949,1907,6061,1558,4033,1059,634,4208,3961,1782,6143,555,4294,597,245,1417,1066,2962,414,4307,2735,4349,1534,2997,45,9207,2946,8611,6023,1121,1128,1281,996,293,2279,3282,80,2521,7415,480,1738,870,1431,3373,460,8316,2809,2811,179,908,183,138,995,545,19683,318,7722,433,3343,212,72,6655,814,0,867,1177,3857,3015,285,771,11638,19,4057,17,1291,3583,15377,1138,872,29482,555,22414,1957,2614,799,1489,207,1921,131,8427,1460,9877,20187,18679,265,2072,581,59,56,117,1360,6671,1185,13573,36895,10465,1394,11204,1532,1240,826,4505,5094,6863,1049,3532,97,13095,10223,3540,0,1,81,213,4739,1460,95,323,1392,67,6275,3230,2367,740,205,589,54,2087,22847,6648,12624,2,237,2102,1060,889,49,2797,820,4913,831,1761,381,10049,647,851,3629,6771,1993,1804,1205,855,819,2887,988,690,1617,11615,85,4305,11,1340,3671,603,983,1368,4241,974,3175,1670,7908,6137,4627,4590,1362,4529,4748,2387,143,197,709,208,8220,1892,11160,2945,341,679,1570,408,6972,806,1475,2405,981,385,988,3077,7982,3108,401,4016,8493,688,10931,18276,39274,14559,424,145,1415,1523,3089,341,303,6995,1784,10203,1853,298,331,8758,2016,4791,6361,302,906,331,677,8891,5031,119,855,169,1168,5075,2859,10503,3546,2084,422,72,10347,4583,7371,2461,2111,2887,11215,609,431,1052,148,5362,3984,11322,3438,79,0,563,5116,138,24174,2927,5164,2043,1550,7615,3103,2647,1140,13225,13074,38515,11143,12702,22285,9528,2302,2506,1464,4061,943,2499,344,32,3791,6988,80,863,1445,588,1304,5688,4831,8937,4044,263,3627,5466,6956,1671,1331,317,3283,20943,1005,1558,132,521,1710,0,1172,981,5425,545,1602,2764,6106,6011,2123,1787,8839,834,562,9,5278,1408,12587,3139,55,4624,11965,662,517,1178,1646,811,22626,10070,6596,4396,1151,1402,143,67,55,4754,470,1387,19703,10202,4432,2818,3936,5443,1523,1,342,20,442,5389,6699,136,23057,18522,1237,1655,22345,3244,6956,16360,1585,11389,4,4982,991,0,5739,2333,108,668,5376,1924,3341,1300,104,1921,3646,533,250,911,4892,10109,4558,113,2007,11018,1951,5926,6094,13477,1821,933,326,186,315,2434,1826,18541,2844,9200,918,6581,5958,5004,0,1488,606,18,22854,48,1887,3524,5663,20764,4802,9802,9442,928,693,28,3315,608,1572,8660,47,1055,4350,2739,982,3568,1768,295,1895,13313,5553,218,6218,118,204,459,3104,568,945,2635,166,6312,9541,202,188,1911,10434,314,1324,201,401,272,186,3658,380,3044,1054,24122,4059,6002,269,1641,4885,463,682,13685,3762,3912,2575,8775,1008,5887,6559,0,4183,3,6078,17308,3814,810,294,4906,3165,6115,11386,134,5303,869,2742,3770,911,823,3344,508,29086,268,1546,7582,709,2178,3879,9469,5040,410,11018,850,7503,5600,1601,661,3886,27752,2251,171,472,2739,118,5600,738,1187,1401,1680,3165,2034,6553,11109,1637,280,1332,3,1741,5841,17181,1052,2400,30144,58,6745,0,512,3715,574,6320,3420,460,7674,3717,7881,42320,5139,1559,5839,1666,1158,3005,7128,898,7514,1340,3407,3712,6049,2585,1510,6318,6,36,55197,5375,1001,1632,1468,172,7627,10735,203,5559,121,1315,4451,878,604,564,3816,478,794,4019,4366,11251,6485,1014,4014,6662,4680,9845,694,2562,882,281,3190,1565,535,41,479,170,709,88,18651,187,24059,1617,3506,1206,8801,101,2339,5117,1571,163,24,991,230,7010,5551,5322,304,1242,1537,17477,2781,298,54,1415,64,26,3156,6459,943,3,1469,966,61,7264,212,69,5160,386,6098,2162,4717,9683,3687,10829,31,1619,4197,40,1659,822,8593,1206,2107,1594,11,4338,855,7323,8606,896,648,111,5931,583,395,4245,12239,149,7400,29,1717,1906,9418,10759,260,275,204,94,13153,223,11778,36,1754,161,1513,17824,6075,1461,5,2386,1795,597,1146,242,8149,198,228,1356,894,5493,208,488,329,2091,1522,6883,10466,1606,13672,3,12109,721,258,360,83,1268,10915,86,10155,145,6605,822,997,4012,1159,1884,434,4732,972,5641,6714,24493,193,8185,280,300,10,313,5470,950,1863,12943,16035,15012,976,1347,5589,1082,1728,531,181,1242,1098,370,8386,5598,488,8380,122,5449,1836,100,7038,14921,6691,4454,1803,3,45,833,983,3656,51,106,1413,176,4975,12,830,683,1,1082,85,375,1907,3341,3743,9999,5718,6,1936,16358,2889,6062,264,1314,17851,5362,4939,488,8123,8864,228,3402,248,600,11105,1372,4064,7088,985,7625,33,736,9391,1736,1126,227,9468,589,529,2114,146,4057,9,7439,875,1341,93,28524,2718,1976,1149,1,575,26981,7732,3839,77,2291,2156,4421,1993,1506,23716,1407,3354,2,3352,9828,594,0,1057,1774,0,51074,15390,2102,1857,34220,1647,911,1139,22070,2399,6761,9660,730,325,3303,563,1694,1383,443,1623,545,134,398,177,919,1136,6920,1493,22534,3852,1480,12795,11360,1877,768,90,4342,1163,2006,430,4189,1509,17015,374,6067,934,1463,470,5236,2242,12,2389,9764,893,1,2326,26885,30,1650,5342,5005,3520,1266,1132,13648,1444,3520,756,713,84,2187,1067,1571,797,175,563,6333,737,255,1209,3052,1193,7999,7828,3138,4216,516,3866,488,1714,26532,7,2527,8051,765,1045,2230,7423,6030,11901,788,32,3012,6845,458,193,16539,1718,302,594,5319,816,1825,268,781,416,2436,731,277,18263,10992,133,943,53,2764,238,4966,2675,26515,3278,4132,16901,137,1891,10777,558,21908,86,27081,4130,1467,907,2580,2519,159,2030,284,8182,1038,1623,1114,166,15705,1954,1526,1026,260,773,5725,3761,7880,24332,1010,3103,5110,1794,384,17585,606,328,4855,1009,2964,1146,9075,416,3437,2238,14946,18,1736,3208,8096,427,77,188,17745,971,3387,502,26097,0,2230,809,229,1973,10265,307,79,176,5844,797,143,431,524,52,3979,2647,122,1796,6439,8080,3287,3067,6073,1297,8388,2520,0,8940,16565,10610,7554,574,579,714,53,727,1126,1478,3,1746,477,219,3481,1012,424,2453,153,8578,1505,291,3203,8576,3409,776,526,7709,1725,21771,4015,18488,6799,1403,23,11589,288,764,7223,39,2799,21,3383,14861,20692,876,7107,28340,1167,103,8595,1873,747,71,509,1276,11194,1034,2448,1589,8972,1454,18,1477,7342,691,1540,1113,664,1033,163,2646,105,9650,1566,3471,1048,1040,202,3411,689,2519,1084,4515,1398,1113,4462,1878,6394,506,14629,896,19436,10685,8854,1140,14758,325,3417,49,8487,2558,1543,4285,8404,1157,5091,2630,13050,45,745,62,15793,1297,255,922,19824,4377,20973,0,2133,1713,3292,2270,151,30,578,271,912,637,5618,1124,13356,2212,163,0,2098,1500,383,2338,19515,21,503,2290,173,10859,30,1072,797,45426,1029,17761,5767,551,17495,61343,140,381,3320,152,1864,2110,4640,2022,7435,6118,4213,776,29131,692,782,362,10,175,469,454,1366,209,8966,2639,6983,832,2652,3740,2731,1812,8504,7825,273,398,1688,958,3270,11323,4789,3184,11372,526,1834,647,233,4032,3691,4995,352,24,22961,1538,3726,10235,48,757,156,3718,4130,51,1615,418,1022,13250,2006,4983,4683,29049,837,1601,1075,493,7282,1028,817,571,3356,1342,739,144,227,2489,853,5995,666,677,1575,2012,3093,397,1092,296,1276,301,837,723,5209,820,2250,1731,7149,245,421,579,1581,5002,494,738,1660,2600,14,164,5590,559,3497,324,21,8989,12453,934,246,1294,8415,6184,388,20996,1785,383,747,126,3876,1572,539,2458,1979,362,1582,225,805,27,2069,195,0,5183,8125,2226,2928,1039,2497,11198,1896,1593,10242,11347,5168,763,2308,2,2668,362,3081,945,0,903,2084,1256,3727,4551,505,120,440,840,12229,307,2175,115,8135,253,4586,1085,2019,15298,6966,1465,605,6348,161,181,3920,6966,1887,1906,2299,6016,1464,1274,1076,8961,4913,6374,505,2464,619,1969,2751,2995,7925,368,571,2867,8493,363,8496,7071,3782,44,1339,577,2146,10705,2997,3602,1816,912,20255,45261,298,7802,1096,68,2170,668,1352,2004,215,895,134,2870,900,2192,1118,8279,763,5872,34223,1511,3283,4146,9038,797,7594,22280,974,577,4048,481,5145,4733,688,33400,262,1312,23582,3079,2424,926,5738,10346,1137,7323,15660,1646,2821,1732,9066,4091,105,947,231,3548,311,225,206,704,19501,83,1094,9141,8796,538,5127,666,11889,357,3462,6822,809,4497,848,5569,4731,73,12031,1008,149,1306,4464,1476,6469,1134,198,4666,975,1098,1014,4481,4797,1866,817,31,80,120,2449,1225,870,5506,5637,894,1062,1100,3269,3375,6276,116,2823,141,110,544,2253,84,185,605,540,13272,3245,24703,1111,103,11834,1287,474,963,39,50,3129,3495,981,1409,7715,16889,1166,5403,8196,464,998,1173,403,665,1726,587,1527,11126,31,2341,684,158,1389,1024,1171,257,3842,3486,752,6840,14716,174,2615,4681,6339,68,2327,2960,14694,2253,1532,16511,8567,8761,4161,3410,835,1308,504,4562,1871,9838,7537,3966,11409,467,175,4,3306,1071,900,1006,642,8901,716,1137,39786,2323,9507,717,68,22,907,1579,5646,193,4295,3385,21123,158,964,1982,168,5003,16853,2262,1695,8479,8430,519,2,1207,4744,5546,2324,29,5834,27,7562,1640,6165,38,336,23,11673,618,4234,1672,4456,488,1073,450,2321,1210,9581,1735,1859,983,1330,7197,1346,3113,7619,10259,220,13,3932,171,4047,10004,3076,3035,637,11248,891,643,13,1510,1326,11818,8891,7961,1136,40384,2981,211,384,2519,2426,6554,5427,861,19896,17,3552,665,192,765,1545,4148,39,212,368,5613,452,11791,7884,1159,12896,6815,10893,5876,1696,1012,224,1793,1187,11894,476,2401,4948,7171,9896,3374,1098,355,3,2152,292,2418,1303,4990,499,380,145,4995,6939,318,1106,1538,1700,482,158,4530,116,5,1984,1020,18490,2594,2975,19953,58,2199,3718,3179,5349,2170,1759,1353,277,378,248,627,537,958,11522,178,4490,7360,542,484,87,10712,160,110,1507,7392,4733,1663,308,7315,16253,4604,3376,4428,5134,1433,835,3309,2251,1448,905,3008,43,2748,3997,5015,6412,16348,4013,1119,2251,829,18244,12641,8773,2079,849,1898,566,527,4384,111,4212,12879,3252,0,640,552,4411,360,543,174,2110,5165,3645,4418,46085,3021,368,3683,699,2835,4022,1664,1524,2222,1877,210,8667,1228,8095,8440,477,11240,548,16808,1299,1668,1274,121,2302,4374,7473,1027,632,401,919,59,187,150,714,10708,7312,5279,4355,59,283,3911,633,1437,2217,17640,5687,15346,3633,3224,470,182,5197,927,6056,245,263,1544,6393,2336,2667,15297,159,2521,24379,2469,2859,5745,12,6257,3669,1450,97,26,2055,1679,536,1388,8761,1746,331,353,21458,866,1040,503,696,4128,520,2151,375,337,4678,963,5881,3833,26051,15044,3530,624,31,8272,668,101,943,4066,4512,91,388,126,1734,7029,2281,737,16812,5632,762,300,26815,5905,1662,7872,1377,959,3490,4913,252,2451,10223,989,8002,1627,1506,322,2021,3256,3260,2735,1833,2420,232,11551,1526,387,2598
26,0,65,52,29,10,67,5,10,108,20,9,35,32,10,155,51,37,102,17,23,4,1,57,87,37,71,216,29,24,14,6,28,44,156,18,66,40,15,33,92,53,26,286,66,29,38,128,51,46,21,6,23,3,34,45,14,2,11,37,39,1,24,8,33,1,58,13,21,11,34,35,16,24,268,8,123,24,99,16,72,46,40,84,2,66,41,22,28,73,14,0,18,51,292,22,84,12,212,8,13,7,120,42,0,102,149,10,29,6,15,70,15,9,13,44,5,25,9,9,155,32,1,43,746,14,7,38,8,1,73,70,69,160,50,31,46,54,59,98,24,2,15,10,5,47,23,14,62,2,27,15,62,32,132,0,0,32,159,165,41,78,29,116,25,28,35,109,148,47,89,165,111,10,9,19,28,24,274,9,47,44,54,53,131,44,8,3,57,35,110,21,44,15,31,0,20,7,70,1,2,11,62,13,12,194,15,28,14,310,16,29,312,2,93,7,112,27,16,6,11,33,6,14,13,5,6,5,271,75,3,83,163,5,11,79,38,172,3,57,41,22,156,96,6425,6,12,13,3,19,98,147,47,22,19,56,28,6,17,16,20,28,80,105,4,173,2,57,12,44,18,53,170,23,40,10,26,7,112,43,5,20,81,7,9,40,37,77,9,17,9,39,22,11,30,13,66,20,13,32,22,64,6,56,14,51,27,23,18,34,18,38,35,1,98,26,163,37,28,3,13,13,3,23,34,20,255,65,185,4,44,423,26,22,87,68,21,2,46,6511,15,0,21,1,66,53,1,24,66,1,21,51,4,42,99,31,1,26,4,113,10,8,29,8,2,3,66,31,21,7,25,10,17,13,22,387,740,30,60,2,32,80,73,34,21,3,6,108,250,14,0,94,158,43,32,48,126,9,24,20,4,17,1,5,7,43,7,5,9,48,20,61,37,8,0,18,20,22,37,31,31,54,64,302,23,1,36,15,1,64,15,33,9,53,38,66,60,111,120,9,7,39,157,26,6,110,51,34,6,5,71,31,81,15,9,37,103,8,1,79,9,5,67,24,25,32,46,19,4,51,9,9,22,45,176,22,27,2,26,33,28,15,142,52,17,97,17,0,48,73,6,44,0,15,47,38,9,89,2,80,45,64,56,8,24,23,216,57,165,121,55,49,60,63,118,4,125,16,45,77,18,35,2,3,4,9,69,38,61,18,479,13,85,5,156,92,37,63,0,79,51,48,111,5,141,19,175,70,23,26,155,11,43,13,10,8,9,7,75,5,6,25,76,63,0,16,47,9,1,14,22,8,14,76,17,67,9,703,29,21,24,191,20,7,53,28,43,56,67,79,63,2,7,26,2,14,51,154,4,51,43,47,24,42,33,9,72,18,83,129,59,7,5,7,56,1,13,159,28,0,19,5,25,15,3,13,64,152,18,110,68,4,168,7,50,23,106,146,45,32,46,280,37,135,563,19,26,19,15,26,16,19,61,69,180,47,163,8,10,28,82,210,17,9,8,22,1471,13,5,1227,196,62,26,24,2,47,11,139,109,68,181,14,92,74,79,76,14,88,189,42,70,15,20,8,128,37,7,18,93,50,13,17,353,102,1467,4760,13,106,21,45,49,14,3,19,148,86,13,18,126,282,127,69,27,30,100,74,98,115,37,19,82,16,114,8,18,56,2,36,45,20,101,4,45,30,10,38,134,41,7,71,688,103,62,444,40,257,62,62,76,55,43,2,10,45,918,80,26,223,18,186,35,100,11,34,20,119,15,63,83,0,14,26,162,167,19,77,22,70,265,29,24,60,0,22,157,15,10,5,1,59,7,3,62,20,9,4,45,10,18,77,9,1117,24,159,25,19,49,42,26,7,20,188,15,1120,58,15,13,137,101,86,97,19,111,199,69,17,57,17,14,17,165,28,41,95,98,9,11,10,106,20,14,12,117,123,58,2,87,4,1,104,12,41,53,45,86,87,226,25,14,59,148,13,57,61,47,43,37,102,40,16,128,17,69,4,34,8,41,5,125,0,30,37,35,44,58,8,9,30,0,20,254,21,16,119,46,53,37,126,57,4,73,175,31,100,72,3,18,51,25,42,69,32,282,16,73,2,8,49,41,5,91,64,14,34,37,39,684,10,38,81,85,17,108,41,4,36,13,242,28,31,57,52,105,14,25,19,2,35,77,12,21,41,3,166,52,0,178,73,22,64,10,43,11,28,45,380,50,127,121,9,43,8,69,15,86,43,40,118,35,43,25,0,16,28,72,18,5,23,47,30,7,679,5,1,150,62,32,99,3,136,24,208,0,72,84,43,27,45,6,54,124,554,10,71,104,3,1,23,8,48,108,1,23,194,25,45,12,40,8,11,21,21,86,32,1,81,12,16,118,20,45,96,110,99,69,50,44,19,41,48,50,146,0,10,22,38,5,21,2,59,109,3,6,67,33,10,21,50,42,42,41,4,80,439,44,2,31,203,28,23,68,360,14,8,6,14,16,33,15,31,58,19,138,18,9,26,26,128,5,4,21,42,53,69,22,15,63,16,9,35,9,38,8,4,15,45,11,11,150,50,46,42,36,53,26,104,7,14,43,15,24,30,26,165,20,59,27,46,30,15,10,98,44,120,5,157,45,2,35,15,35,17,17,46,118,52,31,7,109,84,8,117,14,79,21,52,62,18,124,19,22,12,1,33,332,153,22,96,3,120,101,50,3,40,203,59,96,12,10,14,7,6,40,57,8,37,38,77,8,94,3,25,39,557,92,33,109,89,134,597,0,37,3,43,18,22,7,62,24,241,15,94,29,3,53,93,210,76,45,0,14,45,39,10,10,51,0,30,18,64,89,22,6,50,27,10,198,36,21,29,72,46,438,94,35,374,24,59,143,11,90,78,105,11,23,44,104,2,77,20,6,5,18,33,15,60,54,33,13,5,110,26,72,34,0,28,27,33,44,23,36,70,96,14,380,109,19,74,6,177,12,22,1,227,30,82,16,64,136,17,43,14,2,623,14,79,496,846,32,44,15,33,25,8,28,33,21,36,307,28,58,69,57,61,73,21,34,9,32,37,30,17,27,92,76,95,50,17,31,25,13,53,124,2,11,62,99,23,140,2,0,12,107,137,11,19,21,50,92,130,26,57,22,3,26,65,80,189,8,25,78,241,10,26,21,102,49,32,26,32,42,11,284,20,91,51,22,55,29,44,106,127,16,7,75,5,40,6,87,4,43,116,0,22,2,37,23,329,31,8,4,24,24,46,15,14,7,27,29,46,15,45,39,94,80,44,108,19,33,43,43,29,257,84,32,58,112,71,3,121,35,19,6,53,42,340,10,37,150,70,63,1,56,23,6,1,15,32,176,0,54,58,10,45,52,60,224,72,48,66,55,4,62,38,9,6,32,46,0,4,5,55,15,15,68,12,209,21,53,36,79,4,16,17,33,103,93,2,135,15,19,223,18,30,46,2,26,45,36,26,160,34,11,133,486,73,13,13,9,17,74,62,27,14,55,55,27,11,50,40,900,131,9,26,16,112,15,3,10,111,19,17,96,40,7,28,104,75,22,104,40,1,1,13,232,36,94,92,11,6,4,1,36,49,16,40,15,23,56,87,2,25,579,47,9,257,7,27,66,84,201,24,14,11,6,30,57,65,5,12,10,63,10,25,47,88,32,85,85,33,76,13,15,40,25,19,215,23,29,4,6,1035,223,3,2928,35,55,5,5,36,77,54,51,42,22,77,47,896,25,15,84,152,96,2,5,14,11,112,32,24,191,13,31,13,85,0,54,267,55,16,43,24,58,22,125,129,111,127,104,11,70,93,3,26,51,91,0,165,7,63,54,36,7,15,44,24,22,26,84,70,10,382,44,88,11,16,12,6,0,25,98,160,11,50,49,141,273,22,51,2,16,119,6,14,13,97,9,106,24,1,30,23,24,8,63,39,94,50,24,16,48,6,16,115,822,25,6,16,1,106,116,78,53,10,1,50,18,15,11,79,57,115,111,15,229,25,0,80,19,111,44,31,6,214,120,14,25,29,184,30,7,42,3,2,609,18,11,6,25,14,14,7,16,16,2,39,69,25,7,254,148,17,29,7,32,77,42,36,6,5,130,74,6,12,237,78,6,1,15,9,1,1,8,8,9,29,78,2,18,65,14,33,64,39,8,54,322,105,35,2,6,98,61,19,99,43,28,18,8,60,8,20,24,28,65,190,41,85,12,45,190,10,107,74,91,8,18,99,47,16,107,121,16,2,90,24,15,15,2,27,62,172,95,23,44,46,1,44,127,140,6,80,9,3,222,39,32,78,90,151,13,2,68,12,41,5,13,44,21,70,55,836,15,41,14,164,37,113,4,23,20,41,49,35,28,21,255,17,8,37,110,32,30,9,45,10,67,95,6,2,49,164,7,4761,7,131,24,95,6,12,51,3,36,27,59,3,255,86,41,17,31,476,114,8,5,1,37,28,320,21,102,47,6,27,13,1901,57,43,3,98,42,16,27,89,13,116,23,19,28,43,39,30,15,84,27,11,58,57,4,10,19,6,1316,83,55,82,43,22,32,17,69,5,9,28,3,44,28,25,12,8,163,81,59,72,6,13,52,30,54,37,1,22,37,10,116,27,0,0,3,31,35,53,6,30,47,80,283,120,25,6,25,1,27,98,28,26,5,33,71,4,12,36,49,74,26,17,25,693,17,110,84,18,12,2,96,33,279,25,37,16,5,16,57,54,14,12,15,2020,71,31,51,11,440,241,51,8,14,32,17,146,31,41,140,31,42,22,93,6,65,6,149,3,77,1,46,15,6,77,62,11,10,40,10,14,72,70,83,95,21,19,91,11,77,44,50,39,2,9,10,53,62,122,31,27,23,49,5,183,19,11,27,72,8,36,65,17,3,132,21,56,0,16,4,56,33,80,34,11,19,60,3,154,179,165,6,38,35,41,26,25,58,3,116,17,2,1519,19,53,24,13,64,103,89,3,45,113,15,39,13,100,75,4,13,23,52,38,76,54,3,91,7,58,25,26,23,223,4,16,49,119,10,53,9,21,100,8,13,3,20,34,6,10,15,28,83,4,67,3,71,53,1807,47,58,120,10,32,66,13,13,0,69,3,15,3,56,49,163,367,52,8,47,23,511,75,47,18,8,58,111,3,737,35,18,5,58,12,36,281,426,59,78,72,47,104,25,90,244,18,58,29,67,77,288,14,6,11,59,10,35,61,2,15,0,5,38,15,58,63,53,5,76,14,83,14,411,83,26,39,81,15,105,21,36,4,3,51,24,25,38,64,3,11,9,8,5,41,19,648,19,6,4,67,17,4,125,12,2,4,93,109,2,543,10,60,26,32,67,29,176,262,5,3,0,40,329,1,78,19,33,23,3,20,12,49,140,11,35,20,119,59,8,16,47,6,3,18,175,69,10,92,41,17,110,237,131,6,105,0,139,41,17,8,132,74,16,127,43,46,13,57,59,175,100,70,14,89,68,7,57,56,19,32,1116,31,86,46,2,13,54,102,179,145,4,13,13,28,72,42,54,30,32,18,26,45,0,26,16,52,31,91,7,94,81,29,10,278,29,11,35,10,75,8,14,29,7,17,7,10,8,13,1,32,55,7,218,51,95,112,13,20,11,72,84,0,64,46,5,36,6,48,33,33,17,89,37,219,11,7,54,3,52,51,37,67,2,100,32,41,12,19,13,29,9,76,40,19,12,1,72,28,63,38,17,28,7,40,241,24,181,1,8,42,21,81,25,7,12,89,2,50,43,78,10,20,4,33,94,11,0,15,27,18,223,31,37,16,289,10,113,61,211,1,42,43,92,95,21,27,6,68,10,7,2,16,79,34,73,283,0,149,21,190,53,41,37,379,22,8,13,36,61,29,102,31,213,301,9,37,52,30,14,116,3,32,26,151,26,28,105,17,15,6,6,12,69,44,127,20,1558,1,85,3,111,7,196,17,21,66,9,18,119,76,130,56,49,53,7,43,29,82,49,1622,99,63,28,631,17,275,8,3,21,19,44,5,3,15,117,10,25,12,0,5,46,11,10,65,42,15,8,87,186,48,12,7,93,67,43,24,1,19,22,24,243,22,44,36,26,30,33,51,21,101,12,0,4,219,9,53,65,41,510,3,57,5,17,72,20,18,3,8,29,252,7,35,130,10,179,23,5,25,44,8,35,7,77,0,6,27,286,2,34,38,36,24,3,47,52,0,13,10,205,1,41,43,34,8,0,3,57,34,10,57,20,16,46,9,32,11,35,1,0,151,4,133,48,39,48,5,34,101,91,63,30,13,80,65,35,34,13,13,235,38,61,20,26,43,9,11,35,23,15,47,7,214,125,92,21,72,24,20,1,3,15,5,2,36,55,6,51,44,7,22,10,35,4,60,13,20,8,73,30,62,0,8,1,5,12,7,35,23,20,225,17,246,75,44,30,60,32,79,4,838,68,26,12,166,24,19,92,6,29,31,11,80,17,35,118,9,25,15,14,65,22,90,42,8,39,7,75,12,12,7,326,123,71,44,177,30,14,5948,34,24,18,140,602,5,47,8,45,38,35,13,3,9,33,22,23,56,105,48,57,18,3,27,3,67,21,7,3,14,25,58,21,283,276,16,2,13,10,207,80,20,31,16,55,53,1072,67,123,6,89,9,56,35,68,277,2,40,44,11,12,49,2,87,297,10,74,60,30,3,17,22,48,10,183,65,35,102,8,19,55,32,27,304,49,49,33,10,4,41,12,40,37,115,33,28,6,24,7,1,132,28,62,23,23,77,137,7,31,13,140,130,18,39,25,54,15,111,527,28,33,56,8,23,113,64,135,4,1,18,10,8,153,14,64,23,64,27,121,33,17,31,10,373,70,75,25,9,192,2,52,36,51,75,26,13,23,145,68,7,32,104,50,22,29,17,39,28,10,256,21,5,11,26,36,31,78,77,36,8,67,52,60,16,93,49,77,60,4,143,4,1,61,7,38,10,322,277,124,93,31,11,80,28,131,62,404,43,11,21,41,3,26,70,80,0,119,59,60,108,33,12,2,34,3,1,20,0,83,67,153,29,208,69,6,2,49,23,7,29,7,125,51,32,32,16,8,2,151,44,140,70,21,3,5,30,227,41,33,62,15,58,48,52,36,76,16,14,6,97,158,29,5,36,14,40,52,29,5,9,51,38,516,16,36,7,136,4,22,65,6,0,3,41,46,35,2,280,7,37,32,29,6,16,86,12,23,64,9,160,47,161,10,72,72,10,39,5,9,49,17,32,28,7,91,5,26,146,37,25,284,36,17,68,74,21,18,0,67,58,25,24,9,41,102,46,25,40,98,178,33,474,28,19,11,256,85,7,16,25,48,17,93,1,86,50,19,54,37,28,118,22,6,41,26,25,45,96,8,2,22,96,18,28,51,11,9,3,51,180,68,139,44,30,13,26,3,30,4,15,17,32,18,86,16,76,49,94,2,50,14,69,1,10,32,1,31,57,16,13,0,70,21,5,104,87,45,48,0,28,12,33,125,143,3,32,19,20,1,29,52,40,28,215,150,57,45,4,10,50,36,30,65,11,69,0,21,12,12,92,17,22,7,4,84,5,30,210,45,2,178,74,29,85,119,41,29,100,280,25,3,48,43,60,527,7,23,10,5,44,17,8,18,124,6,48,26,31,35,8,13,48,116,39,205,17,108,14,51,12,12,20,121,88,59,5,48,20,39,19,4,39,2,30,44,1330,118,2,11,9,403,71,67,43,297,198,20,2,4322,36,83,24,38,40,79,1,200,37,25,53,32,38,15,147,22,46,426,5,57,43,87,1,3,20,93,30,6,5,77,3,2,161,42,4,89,7,4,84,82,15,47,23,205,52,11,22,15,9,72,56,809,26,30,6,5,9,15,28,23,523,137,13,5,251,2,183,98,22,24,96,81,154,28,51,72,3,106,55,4,25,54,37,203,136,414,24,14,222,1379,22,29,35,56,2,4,106,31,170,36,86,83,77,174,3,18,24,116,4,60,12,25,151,30,1,19,42,106,20,58,6,24,19,5,61,141,58,9,168,45,390,29,35,167,43,7,9,65,2,34,543,30,8,89,3,158,62,10,34,3,3,57,722,0,17,0,97,515,19,11,1,46,169,1,43,45,79,67,15,6,26,41,7,0,48,19,110,28,1,91,4,36,145,18,106,5,28,6,42,16,57,6596,29,7,10,8,5,6,22,108,91,30,26,19,62,25,9,46,19,10,133,46,318,32,62,15,41,25,35,17,8,62,83,3,25,53,82,43,6,20,91,3,30,7,23,130,4,17,17,9,53,25,98,20,10,12,6,12,0,60,14,45,90,95,12,35,6,28,25,123,98,193,3,2,31,11,199,8,190,92,35,69,8,5,21,27,29,0,69,63,57,62,9,19,57,37,67,2,35,5,9,21,60,104,16,7,182,6,117,11,3,20,23,6,48,16,14,98,321,15,21,379,84,18,35,3,3,33,6,45,36,5,13,42,60,21,86,16,69,41,25,50,29,15,60,17,12,56,43,6,37,118,15,53,15,43,189,70,40,52,179,67,36,39,8,37,38,21,22,50,14,27,19,55,92,2,39,11,6,27,39,11,14,27,25,68,17,1,204,125,166,11,33,24,323,121,23,19,79,152,51,13,115,44,48,1928,39,169,308,11,52,1092,33,14,14,16,17,32,5,7,47,6,4,19,55,5,7,50,24,8,19,103,24,10,92,8,18,85,25,14,48,81,3,7,9,28,5,118,27,10,2,266,15,118,7,19,145,1,84,33,17,36,54,17,49,77,12,127,26,29,109,81,116,27,70,5,85,59,54,34,74,150,85,2,4,6,100,21,10,43,10,40,49,45,21,68,18,3,18,46,59,203,41,82,67,76,29,50,173,116,56,43,80,13,25,9,31,21,63,33,94,136,83,27,85,25,37,38,169,60,179,3,643,4832,11,95,8,68,81,23,40,55,284,33,23,84,11,14,63,6,7,11,93,45,16,2,38,26,21,32,86,44,46,33,96,9,23,116,42,5,0,7,114,8,63,0,12,6,40,3,20,37,30,8,291,52,0,11,32,6,17,34,84,87,26,8,23,25,2,4,76,15,212,6,30,29,4,74,6,95,128,22,84,72,13,3,25,140,34,13,37,61,36,28,44,9,41,15,52,34,23,12,58,28,46,1,43,83,76,68,5,5,59,295,71,66,96,15,42,27,1,49,112,21,64,11,98,34,171,57,70,25,8,50,9,53,45,31,79,18,29,59,15,20,72,18,4,101,41,50,13,36,24,267,26,149,0,2,6,2,8,108,85,42,1,54,9,158,37,15,137,1691,88,2,29,20,9,135,14,1,13,27,9,24,139,14,11,3,40,73,4,160,5,167,14,4,40,177,22,294,50,78,586,20,110,110,149,13,905,189,35,71,77,63,82,142,12,101,15,21,99,40,30,21,14,61,59,26,32,137,3,10,24,16,12,122,2,62,31,15,12,142,57,26,72,103,43,6,134,58,99,4,22,3,3,16,8,132,31,25,18,54,118,282,132,52,34,145,4,228,25,113,12,63,39,21,53,10,76,3,56,17,9,36,134,64,32,144,16,17,16,60,12,17,73,69,65,22,17,31,28,48,49,34,12,20,63,2,23,14,1,85,2,65,16,25,411,3,48,18,127,83,198,21,7,32,55,106,124,43,36,45,51,3,12,1,71,1,18,37,52,15,64,10,130,5,111,81,68,1,67,21,2,5,104,13,23,64,59,5,86,113,109,99,163,31,226,25,44,47,12,55,139,21,104,17,120,83,65,97,18,97,9,18,23,44,27,3,36,45,86,11,36,54,36,13,73,107,77,13,50,76,42,125,23,139,72,54,26,4,60,35,6,57,18,11,5,32,7,174,85,110,14,4,17,8,12,136,28,25,158,91,7,71,37,70,345,59,29,16,6,136,1,292,12,18,1,27,71,0,89,25,26,19,0,46,171,11,82,36,85,5,19,5,7,4,27,25,81,179,4,44,140,24,31,16,146,28,17,61,71,255,98,40,42,82,63,19,396,3,7,23,10,522,10,26,6,37,23,6,75,9,5,8,12,3,27,92,32,55,39,231,95,246,26,14,92,76,97,12,2,32,68,32,29,395,64,1079,29,49,35,39,50,189,27,57,55,6,9,87,23,34,52,45,43,5,45,82,28,18,67,106,100,42,37,83,60,36,103,157,69,1,119,45,71,107,17,45,60,70,239,8,120,40,53,2,62,97,27,144,235,51,20,33,34,47,13,56,56,11,24,31,16,43,6,12,9,43,14,142,25,402,70,1,11,12,26,63,47,92,123,57,37,41,50,66,4,301,23,42,53,39,43,17,91,51,4,6,21,30,167,32,18,19,16,6,876,54,31,52,14,7,51,80,9,115,3,16,51,121,47,35,4,183,44,49,11,43,68,27,52,18,17,85,5,114,5,40,99,125,20,2,11,12,34,49,12,3,22,15,34,53,7,108,171,48,2,18,36,29,71,75,5,36,13,52,3,17,9,90,48,26,14,42,97,14,32,47,39,189,44,27,47,39,188,9,3,19,8,88,64,20,6,11,11,34,47,24,3,32,23,18,39,51,31,8,24,6,33,37,3,21,25,134,63,351,45,1,141,39,12,72,84,5,41,12,10,84,14,28,41,61,31,100,6,25,29,4,42,3,51,27,9,107,10,146,10,32,117,12,3,35,27,9,8,54,30,12,27,24,12,28,38,41,33,33,35,7,7,27,13,58,34,35,74,45,30,41,39,36,68,9,175,37,26,57,36,106,4,121,377,1,10,13,22,0,14,49,11,19,198,95,2,38,3,46,8,1,35,35,10,121,1163,23,3,26,89,10,3,74,53,8,43,28,4,30,724,60,3,54,20,21,94,68,105,11,67,3,28,18,11,110,17,10,26,10,11,162,112,40,7,21,3,1,7,9,9,18,62,21,6,10,137,3,10,34,178,8,70,59,162,0,31,11,36,25,124,38,41,11,3,18,117,31,37,76,232,41,18,270,62,47,118,17,18,31,13,53,26,11,31,44,2,2,49,12,67,5,46,18,109,22,39,6,18,42,33,24,28,9,39,70,49,21,34,2,33,9,26,149,73,10,78,29,63,55,16,27,22,87,75,10,11,14,33,17,4,318,17,193,77,99,368,29,6,15,8,20,114,2,24,77,1,60,126,69,83,21,54,121,8,112,33,42,140,62,34,260,44,30,5,108,8,25,39,61,19,49,188,32,10,37,274,279,24,37,29,47,9,27,144,48,8,28,1,29,512,9,35,83,2,88,153,36,5,26,0,17,38,13,38,15,16,4,17,265,32,46,25,7,3,73,37,105,32,29,31,1,35,28,10,2,20,29,5,157,54,48,80,25,8,10,14,48,133,36,9,327,10,47,14,5,5,21,55,0,2,169,23,34,165,71,8,7,23,8,41,27,190,87,18,22,13,7,6,31,24,7,15,11,112,26,25,155,17,22,26,82,66,1,12,86,50,88,472,11,21,11,97,1,116,136,190,142,58,48,83,9,71,48,0,88,48,40,37,33,34,20,7,24,17,53,32,40,48,64,134,1,41,1,39,17,48,33,48,5,101,36,22,163,4,12,47,3,23,15,30,10,51,319,5,71,1,43,103,117,73,17,27,85,26,87,31,52,16,86,24,22,25,1,13,74,102,61,55,29,1,5,14,3,35,26,11,130,16,135,47,17,15,5,57,61,53,87,15,13,173,95,8,168,4,28,23,408,31,24,67,71,139,79,6,11,10,26,15,11,28,32,22,7,0,38,76,119,1,43,12,61,14,45,23,9,324,0,184,37,14,5,90,4,82,55,9,57,6,53,31,32,123,98,106,11,13,30,78,25,47,1,122,30,14,13,126,39,123,16,47,12,12,7,8,0,51,45,74,8,36,22,37,34,129,36,83,59,40,5,99,148,1,57,31,23,5,28,138,427,32,14,61,37,2,48,190,37,61,185,53,50,44,1,20,25,23,57,4,67,6,223,169,25,13,15,187,10,10,43,64,18,12,62,75,32,6,141,5,21,36,0,389,0,147,48,31,267,197,3,24,23,197,45,3,47,29,127,16,22,67,15,138,78,41,113,48,19,1,6,13,33,10,15,8,2,37,3,18,60,147,15,140,36,8,12,36,5,6,10,20,130,1,9,1,11,589,8,80,143,38,49,33,9,50,35,30,5,124,29,45,148,42,0,31,1,50,13,44,5,8,1,7,42,43,40,26,17,53,27,93,87,49,63,8,17,2,46,7,48,4,59,10,44,3,22,76,27,54,48,1,41,54,82,14,52,24,26,61,89,8,15,58,96,33,156,14,27,21,9,47,34,8,9,129,49,27,0,0,100,48,33,115,39,5,15,23,36,50,14,146,60,38,40,82,20,4,38,40,156,57,13,49,316,277,43,25,51,92,10,26,30,308,20,72,38,52,205,76,31,21,123,133,48,4,55,1,30,78,1,55,59,12,53,140,30,14,144,5,102,30,45,29,114,6,51,18,13,33,33,59,76,29,15,1,67,49,19,42,23,6,14,17,95,24,36,15,21,31,2,49,67,33,35,48,138,17,25,12,29,76,18,1,5,74,5,129,17,79,53,70,9,125,66,0,3,3,21,5,20,36,24,55,17,12,102,29,264,32,58,30,10,85,2,32,101,20,27,94,82,73,60,94,176,4,118,93,118,41,49,22,78,45,9,10,43,15,8,8,5,6,15,8,77,205,46,32,25,9,21,97,1,25,62,67,2,43,23,6,68,64,26,33,12,9,41,34,21,5,137,116,15,73,205,0,6,36,0,99,164,48,11,52,15,24,24,59,31,46,24,37,3,12,31,86,241,15,394,18,38,65,20,83,42,29,46,232,6,87,59,111,38,16,45,8,0,51,27,14,45,34,13,17,26,49,135,26,11,13,21,36,21,150,0,2,20,115,653,119,43,17,94,18,7,60,6,5,5,236,5,59,0,51,10,40,35,8,40,12,114,51,1,7,0,74,15,10,18,130,108,91,35,5,1,59,196,26,30,43,80,56,3,42,65,69,19,3,15,1,64,23,74,39,2,104,39,63,75,21,23,31,39,6,15,25,59,153,35,26,64,41,16,36,3,72,13,90,46,10,91,14,167,78,70,3,107,19,12,59,82,2,19,3,25,118,111,57,23,160,81,20,29,44,69,134,30,7,50,65,112,19,191,73,326,11,14,36,142,6,92,94,21,22,83,155,20,58,1,36,10,27,31,22,73,16,66,53,23,43,92,154,19,26,8,34,87,77,13,42,28,11,112,0,13,176,3,204,3,43,82,47,10,28,156,196,89,109,52,1,36,18,10,54,11,5,57,31,45,87,91,6,9,13,34,29,108,45,66,22,22,133,1,5,58,62,247,73,8,21,20,14,28,33,137,33,70,67,8,111,197,17,112,100,32,15,98,13,1,650,16,9,38,41,61,11,109,10,55,17,36,29,88,9,12,33,55,2,30,103,55,19,28,86,86,91,9,1,34,22,31,52,6,77,8,18,28,81,68,76,18,25,61,7,118,32,83,10,17,24,14,43,0,8,69,122,114,70,9,21,6,49,20,36,17,6,247,13,24,26,7,174,16,458,29,15,98,110,3,3,22,33,27,72,44,38,404,12,188,25,14,20,1,54,1,6,60,42,3,9,302,66,52,62,111,919,79,10,8,26,72,7,44,22,85,66,2,124,9,15,90,24,47,1,16,24,6,19,96,74,167,3,3,73,22,13,4,26,62,120,57,41,80,24,49,50,2,12,13,56,60,172,15,60,1,7,105,21,1,11,49,63,37,25,60,138,164,49,36,12,6,4,145,58,33,31,5,2,7,74,20,56,19,31,10,6340,36,7,0,11,16,91,12,72,184,57,180,2,22,73,2,23,40,30,110,29,33,634,41,83,3,9,9,34,66,117,36,10,140,115,214,237,51,72,75,48,9,18,93,79,5,29,26,320,28,18,0,17,3,1,4,22,10,7,192,22,327,11,3,62,74,33,34,37,28,48,13,12,15,41,18,25,84,53,644,53,43,56,52,33,2,34,6,8,97,53,35,30,25,147,3,36,3,21,8,148,30,19,2,20,9,1,84,51,71,32,19,44,22,19,17,8,79,33,34,22,23,32,16,10,81,32,26,32,29,64,46,22,68,81,59,77,99,37,75,26,8,18,11,31,48,101,17,25,29,50,163,19,18,8,194,94,3,22,11,11,32,121,17,7,11,524,0,9,85,33,30,4,58,16,100,35,303,11,7,134,112,22,121,21,5,1,68,32,9,17,109,14,62,33,214,280,8,11,34,35,8,16,6,21,12,35,6,26,232,153,32,21,7,46,698,237,40,3,9,7,51,94,75,217,6,12,18,26,3,114,12,2,51,58,110,47,2,84,36,4,5,28,37,158,154,40,14,107,19,24,39,95,2,59,81,62,5,344,29,2,375,38,129,3,56,81,121,202,29,4,6,4,45,9,11,101,62,3,3,352,24,10,24,2,54,125,86,137,10,29,11,534,97,14,52,72,29,32,736,74,54,31,6,83,46,221,5,26,9,23,71,41,15,7,35,32,35,7,120,7,35,7,6,22,16,56,14,97,40,8,35,105,161,16,126,9,29,58,49,1,70,54,50,93,5,30,46,30,13,87,23,111,29,8,8,90,24,47,101,38,90,34,26,5,120,149,56,8,13,101,120,15,84,50,43,2,32,14,72,178,12,1,60,52,105,32,22,24,31,38,68,54,14,53,50,114,28,15,10,8,111,28,31,36,73,0,27,11,67,123,48,23,128,52,100,18,199,43,10,35,31,1,27,50,5,28,26,67,147,23,201,4,8,27,72,109,22,35,13,17,7,189,88,12,175,128,14,203,11,25,10,291,36,23,5,43,159,63,18,18,159,23,130,538,35,96,84,0,40,40,30,7,3,40,9,56,40,25,10,90,18,1111,25,7,4,84,20,5,5,22,6,43,18,20,16,51,30,33,12,96,2,11,11,119,235,26,16,29,13,30,0,85,5,73,12,4,51,551,29,20,55,1,47,0,37,10,42,25,74,36,186,63,53,9,25,36,131,4,13,3,24,40,24,9,2,46,19,78,62,29,325,93,9,22,1,42,13,55,193,5,29,63,20,15,9,11,70,8,1,24,131,30,14,145,5,25,559,30,68,0,67,55,70,126,79,33,12,16,4,26,62,9,248,24,13,11,19,2,118,84,89,22,43,122,24,12,11,38,11,59,7,9,6,38,71,66,7,21,3,34,49,35,37,51,23,21,1,85,34,5,50,8,36,49,8,26,4,142,66,117,86,33,15,1,128,248,29,66,9,3,6,75,39,2,1,15,37,47,37,42,112,29,38,37,13,21,4,5,2,16,59,12,9,63,4,12,3,93,0,33,92,153,30,11,6,6,37,331,37,18,100,40,47,11,30,24,184,10,32,4,91,27,14,82,636,10,12,11,60,48,17,8,60,188,93,0,9,131,153,54,48,2,9,38,21,7,117,83,51,6,15,3,98,3,119,42,4,71,34,216,3,28,24,7,28,41,18,19,11,1,59,22,10,161,4,0,65,33,254,11,11,60,13,38,3,22,0,29,22,198,26,18,10,33,31,67,111,36,38,45,0,102,12,14,361,35,40,9,51,60,39,146,5,26,8,37,12,150,19,37,7,28,33,5,11,21,153,21,67,1,39,62,23,5,25,97,22,110,97,23,12,41,32,92,49,40,11,117,701,57,14,478,31,124,10,14,131,3451,4,200,1181,72,186,39,22,116,44,135,186,7,10,18,9,10,31,182,148,18,14,12,82,220,18,6,14,21,26,1249,52,5,60,65,74,69,9,62,39,22,119,25,165,64,33,50,83,88,64,3,19,50,89,54,6,36,8,108,47,14,110,46,24,165,34,168,21,131,9,13,180,4,0,5,7,18,59,59,12,10,15,92,276,20,37,62,19,20,23,242,46,60,3,28,10,132,52,267,23,112,100,18,70,0,14,186,144,9,45,6,34,103,25,4,20,37,22,19,29,158,63,18,15,84,1,93,3,1,121,9,2,95,6,2,2,64,20,85,52,113,47,115,109,19,137,170,48,22,51,200,11,32,17,77,88,7,31,36,81,32,71,16,25,49,4,9,4,8,33,78,9,32,23,66,39,32,5,5,9,13,163,33,0,37,17,13,30,52,13,23,161,51,3,23,388,71,57,59,6,40,65,40,98,106,85,166,140,11,19,81,69,14,29,27,9,0,12,1,48,114,23,31,119,56,78,36,36,274,352,2,14,10,50,2,37,153,40,472,10,3,46,7,13,289,45,208,30,79,333,9,24,21,11,36,25,36,15,21,2,53,63,69,24,109,88,49,21,34,44,11,69,33,1,33,15,7,112,8,4,5,48,67,99,15,25,55,38,16,21,23,79,6,26,118,61,19,1,80,56,67,135,99,108,55,3,9,19,832,271,53,213,83,140,21,95,4,14,20,10,54,6,80,141,11,16,1,25,20,6,55,53,22,13,152,15,134,81,39,45,2,21,74,47,350,45,18,41,27,12,24,10,8,55,3,135,0,172,30,70,28,184,29,108,31,13,62,14,11,3,634,5,4,4,21,1,149,37,532,22,4,4,8,41,4,34,20,253,114,39,23,33,111,4,1322,82,118,460,14,158,17,200,320,26,49,170,174,160,26,92,85,24,1,31,7,89,90,44,12,153,78,31,71,14,139,19,57,18,198,50,79,9,154,38,58,23,28,12,97,10,154,28,30,48,22,1,13,40,8,5,47,6,605,31,20,29,17,152,7,36,8,18,49,10,31,16,4,23,37,56,44,30,24,128,3,23,107,8,3,50,50,91,3,156,183,6,46,70,48,0,46,34,15,14,27,3,33,58,24,29,17,8,11,33,37,32,142,18,338,17,7,72,0,5,176,0,5,9,27,65,38,95,96,48,19,26,6,11,0,23,12,42,23,45,36,23,13,35,63,12,7,5,17,5,35,41,44,62,19,51,75,65,3,10,29,139,87,9,40,4,54,32,7,18,117,6,15,20,27,30,56,6,3,49,42,5,30,40,181,35,50,20,22,27,79,14,47,11,17,48,37,12,19,13,30,4,101,220,34,14,24,1,3,108,6,61,35,50,18,9,2,34,22,109,105,31,63,27,75,5,179,19,22,14,27,92,21,1,77,16,16,24,11,8,48,8,29,23,7,33,2,70,14,79,16,1,13,61,95,41,63,42,38,7,56,2,4,3,24,9,2,15,24,166,31,20,89,47,122,25,270,104,14,38,40,72,15,97,4,12,60,155,53,21,28,82,23,30,61,70,0,18,18,6,49,34,84,32,23,87,30,39,222,74,230,259,41,121,32,32,11,27,4,62,82,1,14,40,6,19,22,13,24,22,15,0,137,37,15,58,66,28,120,331,11,23,145,7,19,926,11,70,31,194,5,58,48,107,41,62,7,56,11,1,4,30,59,71,9,20,36,13,17,3,13,49,276,26,73,29,246,117,28,80,35,247,898,18,43,0,25,18,15,24,10,37,10,56,7,17,84,45,10,4,0,6,12,11,10,18,27,68,80,48,0,56,135,14,83,5,10,8,3,14,27,14,81,4,16,107,48,55,179,6,27,42,9,46,45,14,25,51,32,38,15,14,126,7,52,197,128,19,51,58,50,20,32,6,90,43,260,32,22,65,41,1,55,87,33,3,16,47,22,191,36,63,7,111,44,259,35,5,37,87,15,50,14,119,46,8,19,129,61,471,21,7,64,27,61,27,6,24,14,64,3,9,22,27,101,1,36,53,24,245,352,2513,1,20,120,91,35,42,83,18,41,120,74,29,10,30,117,31,33,133,2,37,45,6,46,97,12,32,69,11,14,3,90,8,23,21,13,7,24,35,250,37,49,56,66,19,26,54,63,70,115,12,11,29,71,19,6,17,61,231,11,49,76,24,41,69,113,19,76,3,29,6,28,113,624,0,49,13,20,52,34,29,96,10,48,7,10,37,5,130,4,80,54,39,84,34,481,12,10,14,33,24,54,150,62,116,42,72,0,27,31,165,8,52,29,36,18,6,14,74,490,12,34,12,13,9,20,1,43,12,11,5,81,9,55,6,9,5,6,7,19,44,23,14,19,36,28,75,7,37,81,25,7,84,149,83,239,3,9,18,35,13,23,42,2,42,1,7,300,8,12,126,18,287,10,174,21,18,18,34,10,2,13,35,13,5,36,785,41,45,174,124,0,71,11,80,9,55,22,0,51,18,48,13,8,54,24,98,27,14,45,4,122,78,139,21,73,32,254,76,244,32,1,28,21,40,89,45,75,52,29,51,16,37,738,57,53,20,3,26,29,10,83,3,112,124,326,1,0,17,38,11,11,82,83,84,176,2,32,7,23,179,73,10,87,104,27,187,15,7,22,54,9,2,25,7,76,43,2,29,30,12,24,32,119,44,160,25,37,0,5,16,3,45,112,89,33,23,45,24,7,5,2,8,11,52,3,31,360,36,7,35,170,195,0,56,110,51,27,11,47,154,41,39,33,43,20,77,16,50,10,32,15,165,30,20,8,14,95,79,15,46,33,13,13,20,87,16,54,79,85,120,29,45,70,28,203,8,42,147,47,24,12,6,9,120,118,164,1,115,78,88,53,66,47,88,11,45,4,5,56,3,17,59,20,22,31,19,12,13,15,32,7,68,3,2,4,4,26,78,10,94,56,80,129,17,1,35,4,14,76,192,51,193,22,3,70,28,24,45,11,25,38,17,25,15,574,6,31,8,101,2,49,146,47,225,46,403,87,47,10,23,9,76,55,97,160,7,109,31,142,41,10,9,28,64,13,39,117,80,102,2,87,166,33,65,70,27,162,50,25,0,56,60,56,52,40,122,139,22,23,48,46,157,8,253,20,2,12,20,13,17,114,2,191,68,90,21,14,22,58,43,2,16,32,109,100,59,306,156,69,24,37,13,90,124,68,175,15,36,104,34,168,23,48,30,45,39,63,9,233,45,21,89,96,29,60,16,11,61,121,27,17,20,26,218,89,20,16,83,15,151,29,73,80,4,38,14,68,25,23,36,41,18,20,15,41,29,94,21,32,70,85,78,505,43,34,40,92,18,61,47,57,76,56,56,126,44,33,15,2,20,45,11,213,1,532,13,125,31,126,44,59,65,104,11,2,180,14,32,7,1,54,13,78,70,95,52,11,38,192,3,2,40,73,48,80,15,40,11,6,69,43,54,22,65,14,31,2,116,52,87,258,122,105,8,70,2,48,18,26,22,64,8,36,148,41,83,21,32,75,8,14,157,4,27,4,13,33,25,21,28,113,11,26,1,54,28,31,35,33,1,7,9,42,117,16,35,8,149,84,5,62,19,24,4,42,32,24,23,22,2,40,126,73,46,51,43,18,25,611,48,4,13,135,32,14,9,39,14,35,13,6,23,2673,23,260,40,3,4,1,52,178,88,28,68,32,37,26,50,38,1,37,93,191,62,106,4,147,50,17,145,114,24,13,31,20,46,16,29,4,111,22,15,8,44,29,78,142,35,16,9,101,50,10,63,26,15,31,45,48,5,19,3,31,82,130,26,21,31,119,43,3,30,56,107,83,36,38,46,31,140,23,19,50,13,10,25,22,19,35,16,16,543,24,39,41,290,45,7,7,41,2,99,4,5,31,55,42,39,7,2,3,1,2,38,35,18,39,4,161,241,19,73,244,92,0,4,41,45,320,16,42,8,109,19,10,14,9,43,32,64,19,7,12,41,29,32,70,37,7,38,4,75,89,11,58,71,29,6,77,0,18,93,1,7,61,15,5,105,145,135,58,10,354,38,246,34,118,16,23,16,205,16,29,4,32,11,49,34,58,8,13,70,127,73,65,72,16,33,53,230,7,14,68,116,31,42,7,29,55,42,12,63,21,38,19,228,17,19,25,200,19,33,28,25,67,2,140,6,10,18,3,5,86,5,13,47,67,64,55,30,49,5,7,80,50,32,105,36,35,3,64,62,277,20,29,49,17,188,17,13,20,42,64,50,7,17,16,71,25,23,39,132,68,16,4,237,84,22,104,15,14,28,38,38,4,1305,34,8,63,16,36,82,1,16,11,44,19,4,176,1,40,34,14,6,226,76,386,23,55,97,4694,16,71,84,16,25,15,66,24,34,15,73,64,18,8,58,191,28,41,53,31,63,84,20,2,22,10,40,163,126,291,64,47,41,17,11,31,28,133,3,135,84,37,103,38,204,19,140,11,22,15,104,65,32,50,37,21,8,49,53,92,86,33,28,334,42,9,72,26,74,1,7,16,0,17,312,10,229,3,196,29,1,108,45,21,38,59,79,16,26,27,101,14,43,61,18,51,5,11,538,25,0,20,24,86,622,14,74,63,24,201,8,59,82,113,11,18,5,173,38,7,23,13,38,6,137,66,25,37,137,110,10,10,228,101,2,85,102,3,85,8,28,7,3,85,8,74,14,320,133,27,35,107,86,108,54,11,15,38,16,244,23,23,4,40,28,49,1,46,61,65,5,9,1526,12,13,4,47,36,0,75,124,91,2,31,0,195,69,3,107,19,13,29,24,176,9,16,17,50,7,51,50,18,8,11,38,97,10,329,15,27,295,44,140,134,71,41,3,60,54,24,19,24,401,97,29,4,118,7,111,8,25,26,22,13,2,58,32,51,55,62,20,22,8,70,43,13,17,56,15,91,22,21,65,177,15,8,7,139,113,56,9,15,24,40,80,86,36,40,11,40,50,31,62,98,2,14,69,142,60,89,48,67,72,81,4691,26,32,26,64,9,95,69,116,115,78,14,84,104,157,52,55,169,19,25,181,12,14,39,253,221,6,32,3,56,20,23,198,101,94,12,62,77,19,10,92,7,25,190,256,91,55,27,13,57,189,38,8,85,28,137,21,89,43,12,8,7,24,49,18,55,11,478,47,8,2,2,51,22,8,17,61,5,33,125,39,30,152,57,9,105,21,22,34,9,14,268,4,93,37,19,24,13,16,84,67,56,48,145,8,45,466,31,19,20,5,26,79,54,61,36,63,25,19,11,12,14,5,134,105,88,152,39,64,51,124,7,6,0,86,15,27,10,22,62,2,78,21,132,37,29,92,81,10,31,113,69,81,80,15,22,3,9,362,18,15,3,84,23,88,8,13,22,73,7,3,47,27,313,20,3,26,18,21,10,233,131,12,124,59,31,43,4,10,39,80,351,19,9,77,29,82,20,7,113,15,36,27,97,91,24,667,2,4,112,14,94,48,37,41,14,100,216,59,7,100,14,146,12,186,15,33,3,21,39,21,7,141,225,8,29,13,61,32,28,5,39,16,148,1,5,2,7,26,2,77,136,199,35,16,13,1,9,29,114,185,11,641,115,14,18,189,81,0,17,2,2,12,138,109,40,16,64,34,66,70,6,27,19,45,16,259,2,43,16,53,61,31,9,86,36,696,14,19,105,9,5,67,27,95,47,10,119,56,16,26,16,35,46,3,69,325,134,101,2,19,32,131,28,40,4,37,10,15,1,88,423,8,18,21,13,214,48,4,58,66,14,9,16,7,316,110,90,12,4,68,73,20,75,48,21,113,78,70,35,8,33,43,2,30,18,21,128,102,24,119,18,27,50,74,35,2,15,91,62,12,26,17,14,358,53,11,1,3,19,51,17,209,66,328,2,10,0,52,11,87,70,32,68,131,11,28,21,5,2,8,56,58,39,3,53,133,55,54,65,99,244,15,30,39,16,14,1,28,9,67,8,4,33,34,30,93,115,17,50,12,15,19,66,6,58,19,54,13,92,16,97,82,50,48,10,26,76,370,3,560,40,170,65,28,4,20,44,34,14,58,78,1,103,19,22,19,13,16,124,4,226,27,61,27,7,111,12,5,119,35,4,11,15,40,102,60,28,79,705,10,33,2,141,11,39,1,48,9,26,9,13,46,23,11,19,132,77,146,12,88,96,8,11,9,34,31,13,49,4,30,112,4,36,420,0,16,22,18,37,9,75,86,10,86,42,84,14,36,12,64,129,61,75,37,47,6,3,7,28,85,337,50,27,154,25,286,85,36,46,47,38,14,4,15,65,31,38,78,32,24,98,21,39,8,1,1,8,8,37,3,102,51,3,210,13,33,28,13,94,70,5,155,31,26,23,62,5,216,140,20,152,32,32,108,962,22,0,18,4,884,11,119,28,5,4,2,68,89,2,451,5,123,20,112,30,28,48,79,15,9,77,54,3,34,17,43,33,76,21,39,48,23,73,2,151,13,49,11,119,19,7,65,79,2,9,109,84,42,229,41,31,13,115,35,17,31,50,5,111,15,82,31,24,175,88,99,91,5,102,102,431,87,1,49,21,62,111,1,60,32,27,160,107,2,112,49,43,19,12,6,59,40,111,18,46,5,56,15,109,112,44,7,25,4,6,9,102,67,12,113,25,76,22,35,39,14,6,26,89,38,44,123,28,29,389,9,87,80,0,14,14,540,47,28,68,3,61,18,7,39,6,3,13,5,49,76,26,17,101,55,4,34,69,57,189,68,58,31,70,10,3,0,56,20,44,10,39,25,115,0,9,42,59,36,46,107,1,56,22,8,21,2,5,3,198,31,17,20,20,8,121,0,21,19,11,890,12,2,10,30,8,51,32,25,16,120,9,8,100,67,18,5,20,42,25,66,38,154,88,12,10,11,47,20,19,249,14,43,13,10,58,16,28,0,24,6,25,50,154,6,184,77,262,40,3,138,29,18,10,4,21,38,298,27,13,71,26,52,25,49,60,195,60,18,826,19,8,272,18,100,23,32,36,54,16,58,16,45,12,13,286,42,73,175,75,29,12,9,8,4,13,0,9,20,16,4,116,36,2,250,7,68,25,140,9,31,8,62,45,48,16,7,69,14,19,8,3,59,51,12,9,59,35,83,649,3,27,60,29,44,20,53,34,103,26,135,39,13,9,84,45,4,79,1,201,53,20,64,5,112,39,38,17,16,7,102,87,1,288,15,116,18,1844,7,17,7,46,188,78,28,161,147,1,50,1,112,27,27,5,1,25,73,614,28,846,41,72,6,41,2,34,45,5,10,48,21,119,48,31,94,8,42,126,16,46,48,17,56,66,25,767,14,11,4,21,23,13,150,5,7,22,6,26,21,13,88,20,39,54,62,74,37,2,26,1632,49,121,19,28,1,105,30,30,99,35,10,58,18,6,6,39,10,2,32,97,126,82,2,17,32,68,10,51,146,1,13,40,160,13,21,14,4,21,21,44,0,13,78,49,27,19,31,12,3,27,3,48,11,6,1,24,29,66,4,268,1,218,11,43,22,68,43,128,31,1,86,14,49,12,71,26,4,9,162,75,3,28,31,11,5,11,260,7,36,57,31,21,47,14,3578,37,16,87,250,30,48,7,54,47,60,25,40,4,0,69,622,35,20,30,62,62,23,8,13,31,7,1,17,74,6,7,40,49,62,12,102,31,24,63,3,27,8,43,17,61,3,62,16,35,10,20,69,19,80,4,32,143,1230,29,100,17,9,55,2,130,46,62,159,116,28,55,39,11,6,11,99,61,35,35,142,33,4,4,50,8,49,5,47,13,18,35,91,118,41,55,29,26,28,113,34,220,3,8,22,75,150,209,61,118,25,44,517,124,109,89,78,73,38,3,278,18,44,46,3,3,49,40,22,21,549,37,348,55,41,13,37,32,42,272,42,8,18,30,2,29,47,15,17,32,2,3,16,37,2,21,73,58,66,31,15,14,19,2,8,27,70,81,66,39,1,27,28,9,54,30,7,44,11,135,20,106,14,11,7,49,8,30,29,35,9,31,96,33,28,2,27,56,1,51,28,39,54,12,55,156,16,22,31,76,13,200,22,44,84,113,3,15,25,191,13,429,38,48,25,1,8,52,9,37,14,37,93,105,63,14,11,456,10,153,114,34,25,166,54,40,13,47,64,1,8,1,12,16,15,19,7,4,13,12,15,17,72,28,11,35,12,35,33,29,0,60,67,48,48,152,52,0,57,46,149,41,23,3,35,70,72,3,42,62,40,250,99,45,11,6,47,35,417,15,105,46,12,32,0,109,125,256,11,54,4,14,21,26,5,59,36,37,50,6,35,87,153,109,7,27,42,0,115,0,43,135,21,40,12,39,192,14,20,50,19,117,77,13,25,19,91,7,42,132,33,5,146,20,145,8,33,58,11,38,11,20,29,24,45,15,467,23,8,6,17,17,23,20,40,25,0,19,16,24,70,9,7,15,10,2096,6,0,5,16,46,13,88,64,43,56,16,69,55,20,122,71,82,61,108,115,17,2,132,19,20,137,109,100,50,16,72,10,39,248,41,65,4,98,13,136,27,18,10,10,239,2,1,64,494,70,69,88,38,59,117,76,10,37,468,34,11,4,9,355,72,37,3,93,191,121,26,234,31,14,232,32,60,26,16,7,135,2,57,22,27,35,3,895,52,65,27,83,26,9,51,53,8,31,50,114,197,23,6,191,2,29,38,11,13,30,41,213,1,74,5,192,16,3,25,252,54,165,37,6,34,93,111,19,72,40,66,665,28,19,83,32,51,40,62,52,20,110,27,63,2,205,607,56,30,2,68,50,49,9,92,99,42,11,67,63,54,29,25,81,23,14,31,11,100,3,96,11,31,19,16,8,89,538,38,70,143,110,159,111,184,85,33,3,51,16,139,74,19,4,24,154,43,17,152,21,52,33,207,9,41,149,7,23,6,644,3,1,1,8,102,19,47,35,10,0,79,3,30,111,38,637,63,22,31,59,9,25,0,17,108,61,52,8,7,41,24,3,23,63,4,193,24,5,26,347,3,32,42,96,914,2,488,9,25,20,93,36,43,71,153,183,6,22,47,361,35,55,7,15,59,94,4,9,71,39,91,27,234,11,67,136,2,58,7,53,16,120,85,45,21,24,26,255,23,24,1,115,3,77,280,22,120,21,49,132,114,26,26,29,22,53,26,142,47,20,72,4,9,6,9,12,52,10,46,3,67,47,9,79,46,49,69,61,33,25,106,15,16,160,26,4,10,16,609,22,25,32,66,27,6,16,19,43,180,25,53,17,25,37,53,0,70,8,9,25,37,4,60,1,148,68,35,19,5,23,65,6,954,0,3,6,14,0,91,1,73,0,84,32,19,11,16,46,22,13,123,32,106,196,50,140,249,87,96,51,1,33,33,7,1043,5,33,2,18,84,34,23,304,153,64,12,13,17,1,222,7,39,28,123,1,26,59,47,47,5,117,23,3,78,77,45,190,45,13,29,25,69,184,9,16,60,16,11,33,43,25,6,33,8,30,26,138,18,307,11,303,151,85,29,2,252,134,50,5,31,95,90,2,381,42,26,14,43,3,9,59,21,107,24,62,7,37,34,21,53,171,234,56,58,88,41,103,63,2,3,293,18,76,120,59,74,76,20,95,72,20,131,1,27,12,87,215,20,47,534,3,8,14,26,62,26,5,4,15,7,211,63,29,45,95,47,32,18,51,22,138,8,31,86,9,308,15,112,15,15,8,34,16,47,24,50,4,65,229,5,9,60,6,9,44,38,34,95,42,57,15,344,14,40,30,200,1,12,17,40,108,23,19,16,21,50,35,95,11,111,55,11,13,13,56,19,63,27,16,94,60,628,17,24,25,566,141,69,1,45,135,51,3,134,52,28,35,21,117,14,53,29,49,23,25,50,11,147,63,43,29,83,19,4,22,77,70,5,51,256,10,18,8,15,61,41,12,41,3,170,30,1,10,460,21,36,30,89,9,10,77,4,219,4,0,2,8,71,15,25,93,45,21,44,72,14,40,0,73,4,67,6,197,41,28,113,25,129,41,4,157,105,43,12,0,75,4,19,535,13,229,66,75,55,16,61,40,115,57,42,7,26,638,39,18,15,39,15,109,16,27,55,61,29,95,13,119,109,5,554,7,19,61,48,13,23,28,36,34,59,87,7,17,69,32,582,1,622,20,16,26,9,35,12,25,41,2,27,28,34,65,25,35,49,26,60,6,61,24,70,34,35,29,45,60,33,11,10,21,62,249,16,33,591,22,26,22,10,59,46,24,7,51,80,6,52,33,54,12,62,63,86,60,145,18,45,28,148,6,83,6,35,14,55,20,76,40,312,56,37,22,569,11,35,43,33,20,53,10,14,0,71,162,4,102,356,135,60,0,57,7,43,6,16,21,32,8,35,37,5,26,164,26,27,1,41,78,49,115,100,40,9,18,194,7,36,18,9,37,76,23,14,12,1276,22,23,21,61,32,1,84,67,24,124,56,185,75,6,28,23,53,177,26,59,24,123,3,29,39,25,50,11,30,58,138,14,8,4,4,161,264,40,9,2,27,39,76,33,12,30,46,40,40,5,124,183,20,36,97,5,10,52,9,12,222,90,91,9,47,150,15,38,48,6,61,24,0,24,6,15,10,82,16,21,1,26,102,64,26,408,32,38,24,3,19,54,15,17,50,43,21,54,184,71,3,145,6,30,0,8,57,13,56,2,84,38,85,82,63,5,54,4,32,22,108,27,21,35,95,14,8,27,118,34,6,4,10,9,17,157,33,63,121,21,187,46,28,49,11,78,34,45,39,8,18,7,23,92,57,280,15,68,115,81,8,17,0,1,20,6,36,91,3,39,89,48,133,41,69,66,24,98,127,28,357,23,60,5,37,3,87,1,47,6,51,27,50,70,286,14,24,13,239,64,53,13,68,7,0,20,35,69,319,10,75,52,85,14,28,60,42,24,10,25,266,37,32,109,23,6,4,62,1,115,74,20,22,142,58,24,43,28,94,1,27,55,26,54,38,85,46,7,47,16,3,28,230,13,66,64,2,27,4,29,33,5,31,23,4,10,14,40,47,28,9,22,94,70,143,44,2,61,45,57,4,6,44,22,22,69,51,46,67,113,2,47,35,111,19,15,132,23,85,562,17,610,38,50,24,203,50,7,14,13,221,13,101,21,20,6,3,109,37,9,6,137,26,12,1,67,53,20,66,140,38,47,52,16,41,41,37,119,34,60,25,106,70,13,144,109,107,37,15,14,13,18,16,17,62,8,131,27,608,194,1,27,244,11,172,139,77,44,27,107,5,37,12,1,80,39,37,22,28,22,55,10,54,175,12,37,22,19,13,8,33,24,93,61,52,24,120,15,554,146,22,4,43,70,1,397,66,6,86,34,32,44,34,1,14,13,7,25,25,0,23,18,20,0,95,20,54,50,19,9,36,178,5,13,81,5,48,3,0,72,45,16,58,7,10,35,7,315,0,6,26,16,34,2,24,152,4,19,46,72,73,263,6,161,22,89,211,109,55,310,23,9,18,180,87,91,81,33,8,23,24,155,1,8,20,38,5,86,31,82,34,163,37,29,513,27,27,212,43,103,50,82,16,67,37,312,53,20,5,1,4,70,66,34,7,134,51,15,45,21,40,25,63,15,3,6,4,4,23,189,40,8,18,37,4,9,13,58,14,160,190,2,639,191,84,137,588,39,62,5,1,6,23,83,29,42,18,39,53,32,12,44,38,39,0,89,10,31,266,26,17,25,56,0,76,67,10,10,3,1,62,544,60,42,2,60,23,30,194,17,21,69,6,18,117,79,33,6,19,2,24,39,13,18,10,29,9,82,172,36,10,38,34,196,10,8,4,25,59,1,52,36,15,3,17,12,92,8,30,206,49,33,180,34,87,13,40,42,100,30,299,6,82,14,6,14,23,66,19,114,12,146,71,51,49,8,104,30,157,287,23,80,86,70,80,42,30,6,1,102,86,41,31,42,54,0,8,10,18,12,147,11,8,12,11,18,11,5,23,61,2,34,13,55,147,4,12,51,120,50,89,74,34,12,88,28,52,67,104,73,63,166,24,9,46,47,84,49,66,17,100,33,80,2,13,6,24,120,14,22,49,237,20,58,55,15,26,4,10,93,3,25,13,9,22,23,45,183,119,151,20,105,37,7,40,57,30,3,8,53,3,6,3,30,44,6,0,93,13,117,74,4,49,6,2,24,45,52,134,28,73,123,96,7,1,60,20,27,18,5,15,11,51,58,19,9,62,25,34,4,45,2,40,85,121,42,50,56,7,55,13,17,51,37,32,115,18,43,38,62,8,1,12,51,36,0,98,2,68,21,43,3,8,3,29,66,37,44,87,36,23,34,159,11,86,2,10,4,18,3,23,4565,103,149,77,71,16,41,18,36,7,35,78,69,177,33,2,14,60,49,5,1,17,10,29,49,64,9,606,84,7,83,101,29,11,59,11,17,41,128,7,5,15,14,127,15,18,11,31,126,22,165,0,66,4,71,63,122,72,286,1,48,43,30,29,66,24,29,16,2,10,5,16,90,19,155,125,25,50,9,26,21,40,55,53,151,108,11,2,28,30,21,35,50,56,151,37,28,2,95,0,133,36,66,3,40,32,74,25,3,24,43,99,53,65,27,21,21,46,55,64,141,11,78,52,1,23,56,15,92,238,40,62,2,141,2,12,133,39,59,13,23,248,169,8,60,71,19,64,96,26,49,198,35,29,8,12,109,19,38,111,67,87,34,331,45,71,299,31,8,15,43,17,43,15,289,11,26,4,6,43,17,98,25,89,55,23,25,36,1,92,137,63,32,5,5,162,63,90,57,13,86,54,5,59,56,32,56,114,11,293,18,238,55,45,91,4,18,4,7,36,2,5,260,6,0,100,26,42,8,48,2,46,29,31,18,41,23,58,121,45,34,251,144,68,352,29,47,35,28,6,41,53,69,6,37,65,38,70,22,42,17,65,45,12,40,19,0,143,95,2,41,139,2,27,64,37,0,1,106,133,21,40,13,334,25,63,22,44,22,62,6,67,101,10,83,128,181,198,78,30,3,53,88,21,68,72,6,80,1290,113,145,5,44,6,20,34,66,42,10,17,23,20,25,15,7,69,16,14,91,12,426,31,84,63,4,27,29,22,1813,261,174,10,29,27,6,201,9,106,27,81,39,51,136,5,14,169,4,100,32,18,7,171,68,68,96,23,32,103,37,72,12,35,41,39,259,53,73,9,68,69,141,19,398,2,26,55,41,6,99,74,57,3,60,31,123,16,4,5,19,37,48,35,60,14,14,12,43,4,31,37,47,8,75,42,2,88,24,591,3,89,60,82,24,14,8,61,2,25,40,17,37,79,20,50,50,9,93,27,23,22,290,74,74,70,3,9,23,349,33,35,27,10,21,32,28,15,115,37,23,35,4,136,3,119,129,86,163,11,79,15,57,23,43,13,42,11,24,23,109,66,71,17,34,2,14,69,70,19,18,40,117,47,46,5,101,15,88,136,108,32,12,18,28,109,88,48,66,11,24,13,11,63,54,14,35,18,62,1881,223,6,57,50,37,23,50,15,16,2,74,24,11,13,63,83,66,7,38,15,313,27,28,21,14,109,8,18,71,68,34,9,45,12,44,10,4,23,20,55,46,46,26,4,93,37,257,0,14,30,30,63,65,125,36,40,34,4,183,6,46,63,32,4,44,54,184,23,89,33,47,36,334,25,35,493,36,23,24,53,34,16,38,18,7,71,32,32,69,19,18,1,51,3,3,146,191,115,18,224,52,11,39,1255,547,72,43,39,9,23,20,31,137,17,69,93,23,20,24,16,34,23,46,13,69,15,6,67,25,24,6,3,14,75,5,24,0,10,24,160,93,42,23,66,93,190,17,60,58,54,110,4,24,42,280,50,41,31,9,12,24,47,98,12,28,17,19,34,185,5,58,38,82,15,55,18,21,81,23,70,61,27,20,512,13,9,32,56,5,100,47,165,31,14,51,29,42,105,80,61,140,49,23,50,24,4,32,120,106,188,37,48,279,91,116,10,68,20,31,22,14,21,8,38,59,12,26,124,0,24,30,29,44,20,163,36,10,15,13,42,11,85,17,12,4,112,80,127,24,63,196,6,34,41,19,24,247,451,6,14,28,7,33,39,53,27,19,14,131,4,8,192,19,14,0,23,102,49,1,12,59,137,10,96,92,20,185,11,81,36,1,30,9,4,54,2,56,303,117,27,133,3,21,35,8,13,3,20,1,6422,142,33,30,121,14,7,100,35,2,86,35,8,54,11,5,145,18,68,88,44,26,26,4,157,137,34,11,0,217,45,215,17,15,1,32,8,811,19,39,9,25,21,18,24,65,17,54,102,63,14,5,74,99,124,32,50,30,4,17,109,18,1,70,2,7,148,20,44,38,145,50,62,85,34,13,2,181,8,16,5,5,8,100,10,81,205,10,35,15,88,16,1302,12,122,5,41,5,66,37,2,99,11,35,35,37,29,13,112,1,60,0,142,20,668,29,55,18,19,28,94,868,33,86,22,31,24,43,25,99,19,131,20,18,222,7,2,27,36,15,17,18,22,10,5,37,0,45,31,3,3,4,21,2,12,37,20,529,1,3,12,8,45,0,25,74,74,574,272,22,293,294,88,32,20,79,44,65,32,26,159,25,31,7,28,175,12,96,11,33,15,1,44,36,52,85,0,11,44,17,12,24,28,4,6,166,52,432,9,34,178,2,69,30,16,18,18,27,36,48,1,47,14,13,49,54,86,57,19,5,29,21,41,71,78,276,26,47,38,590,71,10,16,26,428,63,37,13,120,7,90,71,111,6,4,104,91,50,11,75,31,11,326,35,136,49,34,81,9,31,24,10,9,57,64,7,30,6,1,2,7,9,21,93,11,350,66,94,65,8,2,70,2,48,23,47,68,39,1,44,50,38,1,66,59,23,30,72,121,25,66,5,26,69,18,44,12,87,65,11,79,4,103,185,412,169,44,23,15,83,90,4,258,41,161,123,139,20,16,68,163,57,10,29,68,73,35,6,402,86,82,172,19,51,12,25,1,778,119,10,52,94,48,20,0,655,41,15,65,46,10,143,7,6,105,204,86,173,30,19,47,19,78,43,48,52,49,7,41,27,43,31,14,8,11,71,702,114,75,57,148,16,0,38,2,10,108,46,6,104,22,12,97,29,453,20,97,6,18,30,25,48,10,66,35,0,42,38,50,36,32,6,80,14,64,22,9,12,44,16,21,11,24,14,0,47,113,34,1110,0,40,557,2,2,1,68,127,20,10,18,48,43,67,25,86,113,28,88,35,6,172,77,77,70,3,23,6,17,60,95,3,19,40,145,81,25,13,16,8,63,11,69,33,35,63,168,180,147,30,4,5,36,15,14,113,50,52,86,72,107,21,2,5,102,196,37,6,2,53,56,20,10,46,16,29,604,30,25,34,15,6,44,66,16,33,22,0,1,156,59,75,2,5,50,26,4,22,38,69,55,82,8,2,34,910,77,29,38,20,66,5,92,47,21,1,114,29,37,19,120,28,148,7,11,41,2,23,236,29,8,20,2,0,33,34,36,22,7,15,213,259,23,29,9,83,120,57,97,135,52,8,9,2,19,263,60,2,9,70,77,97,23,6,72,5,37,16,92,20,25,43,72,10,44,37,116,119,42,22,36,75,75,16,34,73,195,99,11,144,23,609,119,90,9,64,52,24,13,144,6,55,4,46,84,7,17,53,125,727,54,11,48,62,5,28,3,298,15,36,12,25,158,21,5,7,125,132,10,21,96,116,32,52,58,38,30,162,9,30,37,31,7,45,0,65,57,2,15,16,76,1062,29,42,188,48,2,53,47,78,0,98,72,25,126,150,129,89,52,63,99,28,98,26,19,22,43,32,34,6,122,34,48,64,73,32,44,83,40,15,32,209,59,12,130,114,33,35,78,23,70,35,2,12,23,20,22,10,36,169,57,73,46,8,54,21,33,0,64,19,6,6,17,141,73,8,31,5,44,10,3,5,15,46,299,49,64,26,61,5,5,0,19,40,87,6,43,89,15,6,6,15,70,15,41,7,51,93,32,71,179,39,1,4,60,53,24,6,62,16,14,14,49,267,4,34,24,45,79,20,25,27,8,17,0,111,1539,39,55,32,78,84,20,109,32,463,9,85,50,55,33,37,29,40,8,99,108,30,2,37,87,157,23,199,92,56,31,38,186,43,246,22,2,16,34,13,47,18,99,25,8,2,153,26,46,17,62,64,17,9,83,68,50,82,48,226,21,2,36,7,13,334,144,18,8,317,54,172,287,17,100,63,14,384,0,43,39,36,11,96,23,20,29,54,43,398,169,2,25,52,68,2,54,46,15,20,21,27,24,6,85,83,4,281,9,7,152,135,12,4,49,150,1,98,99,5,30,93,16,19,40,18,28,137,7,26,3,64,31,16,75,32,12,52,56,13,63,93,79,5,150,13,44,178,10,48,26,0,184,91,9,183,11,29,5,151,32,163,100,131,31,15,15,28,26,50,125,53,18,157,345,10,63,1,6,8,474,18,113,5,16,45,20,13,146,7,21,17,1,88,62,9,121,21,90,63,141,10,21,20,898,129,29,28,6,32,155,41,55,90,15,16,89,11,63,17,0,13,105,50,421,16,159,25,17,37,35,29,81,12,5,6,159,162,3,7,10,33,110,23,4,24,13,14,28,14,16,6,39,37,19,54,12,59,6,3,19,115,77,20,3,3,44,3,5,29,32,1,68,119,8,6,4,31,56,35,50,2,86,5,99,11,55,157,11,8,22,6,12,46,3,40,85,1,37,35,139,66,0,25,2,103,7,103,102,24,78,7,21,225,36,26,47,27,87,29,59,87,1,48,43,18,57,9,20,33,9,15,7,5,109,76,9,119,24,277,9,14,19,5,356,41,64,16,3,2,13,45,37,69,43,139,74,183,44,65,3,5,58,2,49,33,73,47,108,11,22,96,22,10,19,15,1,111,97,24,27,25,9,68,30,19,7,227,33,14,72,14,25,105,38,165,15,41,59,11,258,2,32,65,63,46,43,28,32,19,40,84,44,52,228,91,54,42,8,70,143,19,38,111,50,0,9,41,157,104,11,13,108,3,3,29,65,12,26,106,9,15,101,149,27,31,29,34,20,138,8,28,11,76,163,71,15,111,15,66,253,49,135,915,72,44,19,28,0,21,17,25,14,32,49,15,30,45,15,3,18,86,31,100,29,4,63,8,52,93,5,62,23,33,16,25,96,76,204,14,34,119,30,13,4,33,20,36,15,35,36,2,24,51,50,31,77,120,7,1,29,21,103,72,43,6,14,153,15,57,27,134,46,40,4,0,158,33,0,257,5,44,13,16,33,28,74,285,60,2,34,9,47,40,67,35,35,46,9,12,52,17,36,19,71,83,150,105,77,238,3,2,7,32,199,7,15,89,103,31,17,41,30,11,51,14,7,25,35,9,1,42,49,58,19,72,1,12,19,61,4,14,105,11,83,355,45,15,120,7,56,7,14,26,132,22,38,170,26,13,37,150,29,19,28,8,709,41,68,148,8,27,170,190,147,51,61,35,36,326,46,18,7,77,13,54,19,78,40,21,9,3,61,8,35,10,27,13,4,3,46,55,41,146,74,40,55,12,52,61,28,22,15,43,27,50,46,14,201,18,45,104,26,64,18,181,47,7,1,52,9,11,36,21,14,31,29,42,0,33,21,48,12,362,72,31,10,4,72,89,31,109,16,39,15,18,45,15,57,60,51,82,42,73,311,9,5,0,100,5,7,28,24,16,2,52,61,25,66,18,188,18,2,6,40,5,120,23,98,150,59,6,51,4,59,5,1,17,56,118,50,34,47,5,96,47,23,17,26,50,59,453,6,52,79,96,43,51,53,14,42,17,98,36,80,2,17,23,55,16,25,90,209,17,10,43,12,13,0,14,1,44,17,14,90,43,3,39,10,33,40,49,91,51,13,45,2,6,27,5,4,12,24,1,29,36,6,2,5,3,742,2,20,12,0,25,46,51,503,14,3,134,58,20,74,35,58,3,90,15,6,14,9,78,65,43,128,77,8,0,0,5,23,32,51,74,46,87,99,271,7,77,119,190,45,23,5,65,4,15,28,81,8,30,7,62,1,10,44,22,129,95,68,33,95,140,84,19,25,12,39,28,178,5,94,4,23,3,4,25,18,91,38,38,8,13,373,0,8,66,7,9,26,83,31,1,41,34,26,46,141,44,52,917,10,79,66,9,19,15,33,63,160,3,51,7,54,30,41,19,45,25,54,41,14,48,25,6,81,53,52,17,83,328,30,1091,8,44,7,84,138,9,94,62,74,24,31,38,459,247,65,328,20,35,4,89,47,39,39,46,7,12,149,38,15,80,38,149,17,24,54,57,72,19,31,98,11,11,475,42,37,104,2,298,166,29,61,27,28,44,11,95,24,4,10,15,54,2,99,51,24,127,150,65,129,151,32,16,98,3,15,6,52,18,6,46,132,34,375,28,17,42,75,109,28,57,34,3,19,71,21,54,24,61,41,46,4,18,20,131,56,28,134,24,7,18,893,237,48,83,89,104,80,7,122,87,123,7,107,38,103,55,43,65,79,2,25,8,93,25,89,219,133,93,49,106,70,47,28,23,17,5,152,19,23,32,72,54,25,42,38,42,19,19,18,57,173,8,5,33,2,92,100,78,120,84,39,47,39,38,16,23,3,101,61,0,29,42,19,6,127,6,376,114,30,24,4,0,5,15,37,9,846,2,67,1,20,132,25,538,63,3,274,45,161,27,47,31,77,18,2,21,11,2,314,76,37,102,4,66,123,4,104,105,7,32,70,10,4,48,233,98,17,24,10,22,214,0,13,17,34,84,5,19,2,21,2,20,43,51,19,6,6322,112,3,59,138,97,14,7,3,88,1,10,120,125,42,7,149,44,54,13,72,65,9,26,82,37,34,17,32,16,90,46,14,14,18,149,24,54,86,15,3,23,34,2,15,2,62,26,25,68,60,50,103,83,102,175,16,65,5,56,79,99,1,25,5,20,0,21,45,30,52,21,10,1203,6,13,9,325,34,16,1,2,58,50,25,0,20,48,37,5,11,47,29,100,33,34,41,31,53,112,92,123,10,42,83,35,23,109,2,6,8,24,53,16,27,28,24,55,131,54,210,254,51,27,23,237,12,10,9,95,18,184,295,9,14,22,0,9,6,51,42,115,88,115,19,136,11,30,32,139,132,144,49,76,7,11,30,93,246,67,144,24,12,125,7,1,4,123,13,6,69,72,3,28,12,89,419,17,12,53,48,14,24,68,116,45,106,6,486,63,110,9,14,1,23,6,44,2,68,98,66,4,56,2,83,4,10,43,26,124,11,5,22,26,22,34,94,28,36,13,3,44,166,31,168,7,862,13,52,61,362,11,7,30,362,124,34,1,18,25,29,325,10,16,28,0,158,48,66,46,69,101,1,73,1,25,65,13,130,638,37,746,2,62,33,330,49,25,16,4,57,29,89,27,7,10,20,38,16,201,55,26,14,30,29,6,16,45,9,44,69,4,112,20,86,36,18,28,15,89,19,88,1275,58,39,29,212,21,13,27,74,23,9,12,70,17,56,0,40,147,340,19,16,36,28,306,25,7,13,25,136,20,101,86,25,29,16,29,1,10,3,26,3,35,230,1,49,27,52,5,78,57,269,17,6,6,23,31,17,46,58,5,45,24,27,1,101,32,27,37,26,24,85,125,51,68,82,132,42,30,13,99,13,3669,23,36,5,24,61,116,16,4,20,43,101,19,126,32,53,127,48,2,18,29,95,55,40,24,36,5,11,28,47,42,56,24,44,88,209,49,5,145,36,5,58,27,168,121,22,75,21,97,12,57,163,72,7,65,34,3,412,8,304,387,45,13,127,5,14,177,86,12,1,67,39,38,217,73,36,33,194,67,228,28,35,14,29,21,8,36,90,2,175,25,26,26,133,36,4,20,35,16,38,35,676,4,74,34,30,26,35,151,39,10,18,98,9,0,46,43,84,56,71,70,9,274,47,73,46,29,24,23,34,75,34,3,52,9,0,13,24,0,32,77,19,97,87,7,26,86,75,18,21,37,2,1,31,352,200,23,45,1,13,24,29,6,22,36,9,6,75,44,245,0,84,20,30,6,5,55,522,56,10,0,34,2,110,70,91,9,22,12,120,5,17,31,7,101,13,11,26,94,208,30,10,24,88,194,52,32,89,56,34,32,93,55,43,57,10,78,71,46,96,15,81,43,140,21,80,117,24,30,67,3,9,41,35,49,5,6,72,12,43,3,16,31,27,14,14,79,90,6,96,10,116,29,73,2,27,25,136,42,19,52,45,59,23,6,32,7,33,10,32,86,7,25,14,7,50,43,44,14,87,149,117,55,6,17,374,86,19,146,11,35,345,36,144,47,13,48,9,14,136,64,17,119,1300,42,52,22,79,5,54,39,4,12,11,98,22,18,46,14,28,101,56,19,38,203,66,7,27,11,3,11,129,71,123,31,14,16,48,0,193,78,225,5,49,38,21,62,960,1,4,4,30,7,6,16,39,33,84,59,20,324,12,8,2,2,21,16,13,16,43,33,106,175,7,12,17,103,1,9,47,27,22,31,124,120,6,82,11,38,23,64,30,28,79,19,4,3,6,20,47,10,7,10,6,12,70,10,14,21,32,322,30,69,19,0,93,3,29,4,19,7,31,25,80,63,39,7,45,14,180,29,153,30,8,14,6,130,16,0,9,103,21,38,48,24,130,425,62,55,41,13,11,60,78,298,25,7,24,35,344,43,47,35,18,8,352,34,46,75,41,65,16,1,32,34,16,16,24,25,10,19,74,88,153,10,64,36,70,27,29,25,31,23,8,36,146,52,3,48,150,18,4,36,40,2,465,280,4,41,25,11,12,67,18,103,63,47,8,19,6,5,1,7,16,15,15,49,9,15,13,14,34,13,95,16,17,41,45,21,3,33,0,13,51,10,61,267,3,13,33,39,10,11,59,62,36,3,2,22,5,65,140,77,74,33,92,70,27,217,31,18,902,132,48,2,54,34,18,17,1,5,167,200,100,15,9,46,65,184,292,67,16,30,27,120,52,11,16,388,41,7,0,99,66,59,79,33,53,74,195,6,3,3,26,22,12,38,10,21,3,89,10,60,5,43,98,10,20,52,32,44,127,64,759,36,55,79,98,5,23,9,52,38,1,42,326,1546,30,41,14,4,14,35,73,568,23,23,76,24,68,107,21,15,25,180,21,0,52,17,21,58,6,90,61,46,41,42,39,52,53,34,39,7,11,39,6,47,635,41,37,18,87,72,173,100,59,62,26,14,26,8,1,40,151,15,295,34,35,4,18,72,2,30,68,28,47,44,34,4,4,1,11,130,21,0,100,27,82,19,27,31,42,25,4,11,103,55,22,25,57,24,21,17,23,3,0,49,31,7,13,40,61,8,17,44,91,166,29,4,28,19,40,92,86,2,22,21,44,82,10,39,1452,1885,22,34,14,26,3,192,20,30,12,154,106,2,26,45,19,2,157,100,78,11,67,46,136,34,44,43,46,7,36,9,24,58,4,34,12,16,82,35,61,78,6,54,37,38,35,20,75,51,15,23,145,5,34,22,89,167,15,34,26,31,6,167,4,7,48,42,22,64,29,299,14,36,20,69,44,4,53,33,57,20,9,53,71,189,19,3,7,89,17,37,88,67,10,135,163,36,8,22,15,3,10,24,0,27,17,64,69,244,19,16,9,177,46,78,39,41,59,26,24,58,2,1467,167,141,23,17,83,100,49,120,136,39,836,16,50,61,2,6,75,0,1175,84,17,5,323,65,8,78,40,189,38,6,9,44,151,27,80,7,86,33,33,132,22,13,1165,47,185,29,132,29,62,35,13,59,9,1,107,37,19,19,23,8,22,3,35,15,22,34,13,30,7,70,27,12,204,2,49,20,8,55,141,11,61,48,44,345,42,36,8,35,24,129,67,25,11,52,15,28,31,91,182,4,27,84,84,647,53,9,8,125,100,198,26,25,50,94,104,31,9,29,12,25,57,1079,86,276,66,25,7,15,151,4,97,3,8,21,16,81,11,3,7,22,22,80,4,26,12,21,193,886,18,10,4,39,2,16,23,4,706,142,197,15,122,128,83,9,1,144,75,53,85,5,11,200,39,5,8,53,13,55,50,118,32,7,40,34,170,139,313,1,0,19,1,30,8,21,11,128,32,29,23,67,114,54,9,27,25,60,14,23,29,10,8,4,55,45,76,5,43,26,69,82,148,2,19,46,146,40,151,609,41,9,83,168,71,29,7,96,21,529,41,5,19,31,17,12,64,29,56,42,44,55,17,46,10,20,22,15,27,19,19,141,21,110,13,79,63,23,44,64,8,25,37,46,301,18,84,17,6,67,21,25,34,15,35,226,24,87,24,196,169,183,124,8,11,15,47,28,8,46,152,26,166,106,8,35,28,138,22,1004,44,57,4,18,66,5,1,95,5,20,39,162,31,0,55,30,39,5,44,17,25,15,10,14,8,95,1,138,103,157,9,46,16,112,19,22,81,95,23,63,33,347,23,35,62,95,9,50,131,6,52,3,21,39,11,23,3,76,116,24,158,67,34,96,12,9,20,21,16,1,18,32,174,59,51,23,74,28,19,18,9,1,34,3,3,35,44,7,8,4,38,29,23,53,1,16,4,8,91,35,57,49,29,80,90,33,117,71,9,19,39,64,497,12,69,142,33,23,1,40,20,62,3,5,243,15,60,20,63,141,5,109,9,104,22,20,27,3,461,98,71,15,0,98,21,76,3,50,21,129,127,10,41,18,2,530,1,253,18,11,86,139,244,24,804,6,30,21,7,122,33,15,56,13,7,95,76,112,11,26,40,99,38,64,11,78,99,46,4,15,1,66,66,58,929,1,6,25,22,29,17,30,42,136,10,73,93,3,19,40,3,4,2,71,29,3,20,77,104,0,18,52,38,63,269,159,65,65,44,16,2,81,69,30,63,67,35,31,216,126,96,0,21,90,17,91,0,36,30,27,13,19,145,89,76,121,143,171,3,3,95,23,29,13,24,45,52,3,14,26,15,220,47,0,17,164,13,19,13,53,71,45,90,1387,12,35,51,35,57,25,47,32,28,36,91,18,195,45,9,62,64,15,70,340,71,105,46,7,28,70,36,2,8,125,78,6,26,24,2,48,2,111,31,49,29,14,10,146,73,96,84,3,10,94,20,126,32,146,44,9,2,42,87,1253,14,13,101,3,38,40,127,42,145,26,154,40,36,19,357,106,3,0,48,1,39,8,77,4,216,180,13,15,0,17,14,32,30,24,18,27,6,48,118,29,71,19,2,36,120,9,18,284,2,11,15,43,185,3,8,27,114,31,9,47,187,95,44,14,42,62,8,92,241,8,29,126,40,67,36,50,138,31,21,12,122,20,24,4,13,31,17,112,51,26,2,143,71,0,85,83,57,47,41,145,24,57,11,41,65,23,43,22,694,22,67,30,36,23,5,79,40,44,5,117,59,52,8,190,8,19,8,109,24,98,4,21,3,157,18,8,49,18,121,86,28,24,6,16,40,90,27,32,28,14,9,70,3,24,9,121,123,32,115,144,25,259,33,3,44,26,41,19,67,30,34,123,202,15,501,28,12,25,57,78,32,87,30,72,39,4,106,42,87,26,56,190,21,106,19,12,7,150,452,38,1007,40,41,2,9,80,75,124,25,9,23,47,32,56,80,90,12,54,31,56,116,90,11,14,88,50,28,5,18,43,23,187,368,5,121,45,28,368,54,68,8,9,32,54,56,78,91,33,6,11,4,49,12,28,79,258,67,41,169,29,51,234,12,69,4,29,54,13,46,7,3,66,16,43,12,47,257,60,22,24,168,1,47,71,16,14,2,79,0,6,71,461,16,86,35,66,45,83,775,12,30,22,7,8,120,36,108,27,714,25,22,0,333,48,5,116,65,34,113,181,28,134,30,35,1,33,19,47,114,232,43,71,2,5,36,141,904,18,23,14,108,165,6,28,7,58,45,7,53,107,4,2,20,63,2,9,10,1,45,7,9,20,222,66,11,43,113,24,16,9,23,21,3,46,84,35,9,25,137,22,27,35,13,16,3,1,2,5,38,70,165,28,53,41,81,29,9,66,73,93,99,16,1,33,25,59,21,61,4,25,85,27,9,1,113,45,28,14,36,19,7,10,89,12,8,172,32,27,9,41,70,32,131,191,82,2,3,23,13,75,22,16,21,42,23,61,9,8,13,20,48,27,81,37,7,40,80,5,183,29,100,5,19,7,54,2,36,39,0,1,54,7,9,14,37,37,18,17,2,55,58,33,24,21,52,52,25,60,53,31,30,141,543,230,98,60,8,1,23,108,68,20,14,20,169,0,29,5,1,6,6,18,4,99,45,36,6,69,332,19,72,4,42,22,168,69,64,125,74,38,6,246,66,41,25,3,108,15,5,44,78,14,17,0,88,23,5,66,194,87,3,43,16,13,5,372,42,218,65,47,56,5,76,3,379,19,40,1,5,96,32,56,17,16,23,169,9,69,7,20,34,148,84,10,10,20,108,41,2,3,26,7,41,31,56,51,98,32,119,36,37,10,27,42,80,22,72,1620,13,27,88,52,194,16,6,144,167,6,40,23,235,47,31,24,29,33,4,243,52,15,47,17,68,47,8,16,56,24,30,76,5,2,44,46,63,15,33,43,408,26,22,88,18,16,57,33,3,9,7,5,14,68,7,54,160,59,32,25,81,89,66,110,4,9,37,7,50,44,25,6,40,80,82,30,61,66,72,37,29,36,4,59,84,45,107,22,72,10,136,34,37,176,4,85,57,59,34,30,21,116,280,145,118,25,42,20,40,7,18,61,0,56,138,8,48,20,17,63,270,267,30,31,5,74,6,3,9,11,3132,2,190,9,26,20,30,83,11,10,57,21,83,35,10,24,294,174,115,2,21,55,375,20,14,796,5,675,24,66,3,27,2,21,1,122,17,151,283,259,9,41,3,1,2,7,17,138,17,314,742,267,75,337,43,20,13,56,112,163,22,46,3,289,150,83,18,1,1,0,90,17,18,26,37,4,92,58,25,32,6,17,2,23,545,206,136,5,14,25,22,16,2,55,16,82,22,33,7,163,8,16,89,89,23,26,13,10,23,65,41,9,123,85,19,211,2,27,60,20,17,39,66,11,59,55,191,192,157,70,15,49,98,34,4,6,4,20,68,191,171,116,4,10,18,2,169,31,11,48,9,5,27,24,117,46,17,88,2026,11,148,460,1114,319,9,1,41,7,25,16,9,137,47,188,24,3,14,145,24,63,72,6,2,8,39,116,86,3,11,8,24,105,41,220,91,20,4,1,185,81,95,24,13,28,207,13,5,8,32,100,37,140,49,0,3,26,57,3,526,78,55,59,28,242,29,16,24,347,203,2842,204,381,330,137,39,44,26,55,17,22,2,41,54,77,10,10,21,3,29,101,83,180,156,4,76,104,132,67,56,16,86,516,2,20,11,6,34,16,15,38,148,13,45,36,69,82,32,11,85,15,4,10,84,39,181,38,1,82,111,11,72,56,36,18,663,137,112,48,17,58,26,8,12,73,9,29,548,152,43,33,100,73,25,0,2,3,4,52,83,27,1039,355,38,20,343,23,133,326,17,162,3,46,15,16,104,43,7,12,95,22,41,23,3,38,115,6,18,8,122,196,67,7,46,198,29,53,98,188,35,7,6,1,18,40,17,316,42,219,24,96,161,156,4059,27,10,0,368,2,29,135,77,452,92,155,335,28,5,6,27,19,12,216,7,11,76,37,15,37,53,17,34,317,84,2,142,14,4,6,54,10,6,32,7,147,111,11,5,26,246,23,14,2,27,12,11,71,11,26,25,509,91,107,6,24,144,10,8,165,154,89,57,101,17,131,135,0,78,11,48,561,41,17,7,66,26,177,96,0,72,17,134,28,27,41,31,23,3404,24,36,101,227,58,127,86,94,0,205,26,108,98,13,19,68,461,43,111,8,118,2,91,41,27,34,48,31,28,170,283,42,8,22,23,18,75,428,13,26,546,15,155,7,56,61,11,92,50,4,97,110,157,976,182,19,82,20,30,51,123,18,326,32,53,71,147,35,64,79,2,10,1759,39,9,19,46,3,108,215,7,115,4,16,99,23,10,6,66,54,8,54,263,223,80,39,104,116,84,115,10,54,42,4,33,28,13,70,3,0,5,0,307,1,1043,27,44,15,124,2,41,133,21,7,0,39,3,108,103,36,6,18,11,280,34,26,4,16,0,46,88,113,10,0,17,33,12,90,3,3,122,17,72,58,159,242,42,161,93,53,83,20,113,6,122,19,43,21,0,71,8,157,183,11,7,10,135,17,12,47,297,15,95,1,38,48,197,168,199,4,2,3,292,6,151,3,61,9,11,1210,242,73,7,49,22,61,25,4,74,9,5,17,9,103,13,33,10,43,18,180,243,19,248,4,363,31,8,3,14,15,175,76,181,4,138,36,21,51,15,10,4,57,47,76,96,589,30,90,16,5,6,11,50,9,37,225,266,623,12,101,81,22,22,5,49,10,17,6,95,119,3,261,11,229,23,1,87,304,80,451,33,3,30,11,19,67,7,0,57,7,100,102,12,2,8,33,0,4,41,28,69,122,75,5,34,283,48,167,2,67,241,92,85,9,108,75,4,71,20,4,107,13,91,244,21,127,7,5,77,27,13,2,100,8,10,42,2,82,51,93,17,12,6,317,40,35,10,4,4,407,159,23,2,39,58,50,22,16,343,19,137,2,43,291,5,17,9,38,644,1078,355,40,15,724,25,14,10,684,20,130,350,25,4,35,13,16,81,1,31,4,4,8,5,23,38,110,68,721,67,11,222,599,40,8,6,42,8,47,3,61,25,312,10,131,8,28,7,64,31,22,18,210,10,42,62,783,13,19,66,53,81,24,25,154,61,95,14,6,2,64,18,19,15,5,7,166,21,21,36,44,27,180,130,70,68,7,75,5,27,743,1,47,88,77,41,63,130,148,219,6,4,43,98,12,3,250,24,7,46,98,21,33,3,49,4,79,15,4,687,193,4,14,10,37,6,69,33,1237,48,65,403,8,20,99,11,467,6,762,57,27,16,238,20,3,13,1,182,7,23,37,6,406,33,15,19,1,12,103,57,126,826,25,42,46,25,9,368,9,13,90,21,152,20,153,9,84,31,400,9,23,32,63,38,3,0,111,19,56,12,333,0,44,18,4,33,94,8,1,36,40,7,3,69,15,3,57,30,4,47,80,56,31,65,134,21,109,30,15,196,216,320,127,2,4,37,4,24,16,82,38,22,9,16,54,8,9,47,30,169,23,20,11,339,96,27,13,98,27,320,51,419,97,16,4,158,18,13,120,33,44,8,128,740,252,15,125,467,21,69,158,27,7,5,8,22,173,19,16,54,111,32,17,17,158,14,19,67,17,17,12,101,3,198,19,46,37,42,13,489,33,50,58,67,14,29,62,40,270,4,259,14,719,249,329,14,208,7,50,5,233,15,81,214,215,17,111,19,316,9,32,1,308,45,25,17,782,77,725,14,54,16,77,178,1,4,3,15,26,31,139,19,213,35,2,1,46,19,9,36,995,0,13,51,4,239,12,26,12,1126,8,2524,113,14,616,1971,11,7,115,3,17,26,46,18,242,174,50,7,671,6,44,4,3,11,9,7,42,7,123,50,142,38,76,53,210,40,195,202,9,8,32,37,132,151,59,142,185,177,151,13,10,49,60,89,26,0,262,61,80,169,3,8,4,50,89,109,20,5,35,176,17,81,118,704,3,28,37,10,131,13,7,12,62,18,8,3,18,36,29,166,15,6,30,61,69,6,15,1,25,8,14,15,105,36,26,57,255,26,4,70,25,86,16,8,51,34,8,5,98,4,72,2,0,306,199,24,4,25,135,66,3,624,17,2,60,9,37,16,10,28,27,10,18,74,15,12,23,2,4,44,125,55,42,35,32,261,20,27,169,336,100,13,44,7,42,7,33,15,34,11,29,17,66,43,3,2,7,10,223,12,19,4,109,5,201,37,56,426,154,65,16,129,23,2,44,134,68,32,71,57,23,102,26,129,67,69,26,37,16,22,32,182,76,23,24,28,88,27,130,93,100,3,10,25,44,263,51,68,37,15,982,1198,1,74,12,2,22,8,20,23,5,60,16,63,15,25,18,152,5,71,944,13,61,42,137,15,210,567,5,7,106,9,57,69,19,1062,60,31,650,38,34,9,58,109,27,77,362,11,42,40,166,38,37,12,4,102,3,12,4,3,527,28,21,88,144,10,89,15,180,3,63,125,15,63,12,181,68,7,187,4,3,32,49,17,68,15,8,169,18,28,84,64,108,110,20,0,3,15,30,6,17,112,60,14,69,23,42,49,1370,8,46,1,4,7,30,1,5,5,20,288,33,572,29,2,180,16,2,8,14,56,36,39,26,12,100,260,34,84,64,11,16,21,8,26,39,14,48,143,0,28,15,2,19,28,15,23,56,219,10,141,406,10,37,50,133,1,42,29,293,13,52,205,386,261,61,58,18,64,14,87,49,140,219,43,377,23,13,2,47,24,6,63,34,121,8,19,1184,32,129,63,1,2,9,54,81,2,57,52,587,0,27,121,36,74,183,43,102,124,118,18,0,17,108,78,46,13,45,20,101,28,84,9,6,15,511,13,87,20,33,21,108,23,72,14,451,32,24,42,18,112,19,60,112,169,12,3,78,2,62,132,42,56,14,313,4,7,12,18,9,576,276,126,20,717,30,155,4,25,25,102,221,8,407,4,124,22,7,8,70,52,5,5,29,143,5,157,158,20,292,99,185,114,49,11,1,47,62,247,15,61,83,65,625,53,11,3,8,23,6,94,32,56,14,14,8,70,118,17,32,19,24,11,1,90,4,1,22,13,267,49,41,451,18,32,55,79,61,74,31,5,11,5,4,13,18,8,288,1,203,62,11,5,1,155,17,7,31,189,151,35,8,110,385,54,33,94,98,17,23,62,24,58,5,42,3,20,36,135,95,281,49,70,37,6,484,246,250,39,13,24,11,1,67,1,57,1864,50,13,12,21,128,3,4,5,36,90,58,255,679,50,6,55,13,32,135,894,24,30,26,13,93,35,97,211,20,215,7,298,14,33,10,2,43,54,136,48,4,19,10,8,10,3,10,394,190,109,69,0,15,79,8,25,35,1432,85,321,93,87,7,5,123,13,87,7,4,84,144,30,172,201,2,37,656,35,37,69,36,115,97,9,6,4,21,25,13,13,74,30,57,23,270,20,25,102,6,81,5,56,228,15,43,74,48,70,644,294,90,59,93,108,11,12,33,117,83,30,6,10,100,135,41,72,215,54,15,8,1131,82,120,118,14,38,52,78,10,41,157,22,201,28,21,5,14,57,34,47,24,80,358,138,36,5,20
0,75,0,0,1,1,0,0,4,0,0,577,0,0,0,0,0,583,0,0,12,2741,72,0,0,0,0,4,0,1,5,0,0,1,0,0,12,0,1,0,0,0,0,0,3,0,3,0,0,0,0,9,0,513,764,0,0,391,6,0,127,100,0,9,0,0,0,0,0,6,7,0,41,1475,26,714,0,0,8,1,0,0,4,3,42,0,7,1772,1,0,0,1239,16,0,0,0,0,2,0,0,48,15,0,0,0,0,0,0,0,0,59,0,3,2103,0,402,935,4257,0,0,0,163,1,4,0,0,218,0,4,0,26,0,0,0,0,1,0,2,0,0,178,0,0,230,366,14,0,0,0,0,0,3,5,0,6,0,0,4,151,0,0,0,0,0,0,0,0,0,0,0,0,0,1,0,17,282,256,0,2,0,0,0,0,0,0,0,2,1136,0,107,0,0,0,0,0,0,1,155,0,663,385,124,89,1,20,0,46,2,144,1732,0,0,0,0,0,0,0,215,0,0,1,0,0,2,0,0,0,0,0,0,0,0,0,658,0,0,0,0,3,0,0,1115,0,0,0,0,1817,0,0,0,0,0,0,3,0,0,0,2124,1001,11,0,0,0,0,47,0,21,0,0,0,0,2,7,0,11,0,88,3336,0,0,1,79,0,0,416,0,1,0,7,113,40,0,916,8,0,1,0,0,0,0,0,1,11,0,0,55,0,187,2229,1,130,0,0,0,0,0,0,2,0,0,0,245,1365,0,0,44,2,0,0,1,0,0,5,0,0,0,73,22,0,0,0,0,0,311,0,0,249,1,0,0,1,6069,147,0,0,18,33,16,65,0,8,1,0,22,22,142,0,6,1952,0,171,1,12,47,144,0,1,0,3,1,0,0,0,0,0,12,0,0,15,0,575,0,0,0,15,0,0,12,0,1,30,0,0,4,0,0,166,533,0,0,0,0,0,0,0,0,20,0,0,1,0,0,0,0,0,313,1,0,0,0,2,0,90,0,0,0,0,0,0,68,284,0,0,0,31,0,0,0,0,0,21,0,0,0,81,0,0,0,0,0,52,15,0,0,1,18,0,625,0,0,0,1,264,0,6,0,0,314,0,0,26,3,0,0,21,0,15,0,10,0,0,0,0,0,0,1,0,0,8,0,0,0,1,0,0,7,0,0,0,0,348,0,1,0,0,0,0,14,0,0,1,0,84,392,1,0,0,0,1,190,0,0,6,949,0,0,0,111,0,0,0,0,0,322,0,0,0,0,209,0,0,0,0,0,1,1255,85,0,0,375,0,2,0,0,45,12,0,2,0,3,11,0,0,0,0,0,12,0,0,0,0,0,3,1,0,377,0,0,1090,16,0,0,13,0,0,0,0,0,0,2,461,528,0,0,0,14,0,0,4,0,0,0,0,0,0,193,0,0,0,201,0,1,6,18,7,0,0,0,13,0,13,12,0,0,68,12,0,407,0,0,0,0,2,0,0,0,0,0,14,1801,1,0,0,0,0,0,0,0,1005,324,0,0,4,0,191,71,0,19,0,0,65,186,0,0,0,0,29,0,0,0,0,0,0,0,0,0,1852,0,3,307,1,4,718,48,0,0,0,0,0,0,276,2,0,0,0,0,0,3,0,0,0,0,384,2,0,0,3,0,0,0,0,0,0,0,0,95,0,2,0,0,0,0,0,136,0,0,520,191,0,0,0,23,0,0,0,0,830,1,1130,0,0,0,0,20,0,30,3277,0,4097,230,0,135,15,0,0,0,0,0,1,0,0,0,1,0,0,0,0,0,0,139,0,245,0,0,0,0,1,152,0,0,5,0,0,1,1,274,0,24,28,0,130,353,0,0,0,4,1,0,29,0,11,0,1,0,0,1,2,0,0,2,10,0,0,0,0,41,3,0,0,145,0,0,0,0,0,42,506,0,28,0,0,5,76,0,14,333,0,0,0,0,19,0,0,0,0,19,0,267,0,0,0,0,0,0,0,3,0,54,0,0,0,33,0,0,0,0,0,0,0,20,0,0,7,0,0,1168,0,1442,0,87,0,63,160,0,0,209,0,2,0,0,0,37,19,0,0,0,0,0,29,0,0,0,23,0,194,0,1,0,9,0,0,0,0,4,0,16,0,0,0,1586,0,0,22,14,0,0,0,853,0,0,0,2,0,0,13,0,0,0,1,1,6,2,0,93,7,0,0,0,1,37,2548,0,0,0,1,1,0,0,5,0,1,0,0,6,0,10,0,0,0,0,189,0,0,0,0,0,0,0,0,0,333,561,49,0,0,2,283,932,0,0,269,0,276,0,0,50,0,0,0,0,1,0,44,0,631,0,0,6,2,0,0,0,100,0,0,65,503,0,808,0,0,0,33,0,380,0,33,0,1397,7,0,3,0,0,0,5,93,192,0,0,0,0,102,0,1,0,3,1,0,6,3,0,0,673,1,0,0,2980,20,0,4335,396,931,0,0,10,114,0,0,0,1,522,0,0,0,0,5,0,256,0,0,0,0,0,2,0,0,0,60,1,70,0,9,4,56,0,0,0,78,0,0,0,0,0,4783,2,0,0,28,0,0,33,31,0,0,1690,13,1,0,0,0,1,0,0,5,0,238,4306,40,52,0,0,0,0,0,0,208,0,83,2362,2,0,0,0,716,0,0,1031,0,0,1,0,0,7,0,0,0,82,0,3,0,0,0,0,25,0,0,388,0,684,72,2,1,0,0,0,0,0,298,0,0,0,590,0,0,0,0,45,2637,0,0,1,0,0,3,94,0,0,2,0,498,81,55,0,18,11,0,0,0,0,0,0,0,0,11,0,24,0,0,0,8,0,0,345,0,0,0,0,1,126,9,0,0,305,222,0,93,163,0,0,0,0,0,0,0,0,0,8,0,0,0,0,0,0,0,0,0,0,8,41,0,1585,1,1,0,0,0,0,3,7,400,0,0,0,53,40,890,0,5,0,0,0,1,40,281,0,58,406,0,0,0,0,0,0,0,0,0,0,1,0,0,0,0,0,17,9,3,0,0,6,0,1,278,0,1,0,0,0,22,0,16,2,0,0,3,0,0,0,0,888,0,0,0,0,0,22,1,0,21,29,0,0,0,0,0,0,0,0,0,42,237,0,0,0,201,0,0,0,0,0,42,5805,0,0,0,581,0,0,0,0,10,0,2,0,49,3,0,0,20,7,0,4,10,245,6132,0,1,1,1,160,0,7,0,0,0,0,2,0,0,0,0,0,391,31,0,2250,0,14,0,953,0,0,169,16,0,0,131,0,0,2,60,0,2068,0,36,0,1,0,0,0,0,1,0,0,0,0,0,0,158,0,29,2,0,0,752,0,0,0,1,0,399,10,0,0,0,18,2,45,0,2,0,797,5,773,723,185,0,0,0,788,0,0,8,0,0,0,0,0,0,0,0,0,0,0,7,0,3,0,0,40,0,0,0,1,0,41,0,0,0,0,0,0,9,7,10,0,0,24,0,2248,3,0,218,0,23,777,1,0,5,187,0,0,2,0,0,0,0,0,0,0,0,0,993,0,0,0,0,0,16,0,0,0,163,0,0,0,0,0,5,0,0,0,0,0,297,0,0,0,62,0,0,104,0,41,0,0,0,0,2,250,8,0,0,0,0,235,3392,1828,0,2,0,2,0,0,19,0,5,0,0,0,0,0,2023,281,13,0,0,0,3,2928,28,0,2,0,0,0,0,0,0,0,0,364,1,21,0,0,0,0,0,40,1248,0,0,7,0,27,0,596,213,0,0,1,0,0,0,13,0,0,0,232,0,0,0,725,0,1877,1,32,0,549,0,11,0,0,0,0,0,0,1,22,0,0,0,1,0,255,1,1,0,0,0,0,2,0,0,0,226,0,346,0,0,0,2582,0,385,0,2,0,0,0,1,0,0,0,0,0,0,785,0,0,0,0,942,1,0,0,0,0,0,188,26,0,6,24,5155,0,1,0,10,127,0,0,78,26,24,0,244,0,0,6,61,615,0,0,0,0,0,2327,0,0,0,5,0,407,81,0,0,0,5,0,0,0,0,0,0,221,0,0,0,0,0,4,0,4,0,0,0,0,0,0,33,40,83,451,0,99,0,0,678,0,4,2,0,8,0,0,0,0,0,1,0,0,576,338,0,0,0,19,8,9,0,0,326,0,9,0,0,134,642,0,63,10,9,106,5,28,47,5,3,0,0,0,0,0,0,17,0,0,0,46,131,0,0,0,0,0,1,0,0,0,9,33,0,0,0,0,0,0,0,0,0,0,0,0,0,0,2071,0,0,32,0,0,1,1013,29,0,0,78,15,0,0,0,0,19,0,3,0,0,0,815,90,22,0,0,0,1,0,0,0,2498,0,0,0,0,0,0,2,0,0,6,0,0,2279,0,2,37,0,0,0,0,0,0,0,0,0,0,1,0,1064,0,0,0,0,274,0,0,0,0,732,298,0,0,12,0,2,0,0,0,0,10,18,63,0,0,0,826,0,0,0,17,1,0,0,194,25,2,0,1,0,101,0,0,0,0,0,38,14,0,656,0,0,0,9,0,0,0,1,0,168,19,0,0,35,0,20,241,13,0,10,1726,1,287,0,0,365,0,0,0,0,0,0,193,1819,0,67,386,190,0,1,0,0,0,0,0,81,41,0,0,4,0,0,12,77,49,12,8,37,70,165,1582,197,0,0,0,0,2,0,0,137,204,92,49,0,0,47,0,6,0,0,0,249,0,0,0,0,8,0,0,2,0,0,22,56,82,0,2,0,2,0,20,0,14,0,0,0,4,5,79,75,0,0,1499,2,0,0,34,12,0,0,0,0,0,0,3,0,4,0,0,244,172,0,28,63,11,0,0,78,0,0,1999,101,0,138,57,0,0,0,0,279,408,0,39,0,12,1,0,0,1898,0,0,0,0,23,0,3,0,0,0,936,42,0,0,21,0,0,7,0,0,0,0,113,0,2,0,0,0,0,387,0,0,207,0,0,0,92,843,0,0,0,0,0,7,0,0,0,0,0,0,17,0,0,0,36,7,0,0,1,0,0,0,0,33,340,638,0,0,0,0,0,0,0,0,0,1593,179,0,4,1066,0,0,0,0,0,0,0,98,0,0,0,4,1225,1,23,1011,0,1056,0,0,0,0,119,0,0,1,25,0,0,0,0,273,0,0,12,738,0,0,0,0,0,61,116,0,0,2,2,0,16,0,0,61,0,0,0,0,0,0,0,49,0,3,0,1,21,0,0,0,0,0,224,0,0,0,0,0,0,1519,0,0,0,0,6,0,2,937,696,47,0,1,0,5,0,0,0,1,17,0,29,0,0,2261,0,0,6,146,1158,0,0,0,0,0,0,0,21,3,2258,0,3,0,1,0,21,0,66,20,0,50,0,495,0,216,1013,0,1959,0,1,0,0,0,0,0,5,1114,204,0,0,0,0,6,0,5,932,0,577,0,0,0,9,66,4,0,13,0,0,103,0,1099,0,0,0,0,0,0,0,0,0,20,0,223,0,23,3288,0,0,26,1,0,0,0,3,0,11,0,0,0,0,0,0,6,0,0,3,0,0,0,0,0,0,0,0,7,0,0,0,0,0,83,15,0,0,0,1,1,276,0,0,0,397,3,0,0,27,0,0,0,1107,44,0,0,10,0,0,0,0,0,1343,0,257,0,5,1,289,0,0,96,0,0,0,0,0,0,64,0,0,0,137,0,655,0,0,317,0,115,28,0,0,0,594,20,126,0,1,0,0,0,110,0,30,0,396,78,4,0,1530,0,0,0,4958,2,0,125,0,14,0,0,0,0,22,0,0,0,22,0,0,0,4,0,25,0,15,127,0,46,944,50,2,4,0,0,53,0,0,0,0,3,1,0,0,445,0,1,0,0,23,0,0,0,1,7,11,0,7,0,28,0,2,0,0,0,0,0,7,0,0,0,0,0,0,0,1041,0,0,0,0,0,0,0,19,0,0,0,387,3,99,0,0,0,59,3,0,2,742,0,108,396,0,0,0,0,0,0,0,3,0,33,0,647,0,0,21,153,0,0,0,0,0,10,0,1,0,0,0,0,0,0,0,0,15,448,0,589,0,3,0,79,1741,19,0,0,30,21,70,0,0,0,2114,0,0,0,1554,0,0,0,0,54,0,0,0,82,188,0,0,12,0,23,0,113,551,0,0,639,0,437,281,4,1279,0,20,20,0,0,0,438,0,0,0,0,3113,47,0,0,101,804,0,20,0,48,0,5528,296,1,0,71,118,90,0,54,2,0,0,894,1,0,1,0,72,0,0,121,2,0,0,0,1,0,0,2038,0,0,0,0,0,2,0,0,396,0,0,50,0,334,0,0,332,0,236,0,0,80,0,0,0,0,2,0,0,0,0,1,0,6,0,0,0,8,0,0,4,0,310,0,61,1,1131,0,0,0,0,0,0,22,7,0,0,0,0,0,0,2,50,0,81,0,1,0,588,0,1037,3,5,0,0,0,0,0,467,1,0,553,0,752,55,0,1,0,0,0,0,0,2,0,3,0,2,0,233,0,18,0,2,1119,1,0,3,0,2081,0,0,1,0,14,0,0,0,6,0,0,0,2045,182,11,1181,0,0,0,0,0,0,0,4,0,70,4,40,0,0,1084,0,3,2,3,28,0,0,0,0,206,3146,0,721,4,0,1,409,0,543,0,0,0,0,1,0,0,0,0,0,0,0,0,12,0,0,0,0,19,0,64,0,407,0,0,0,1,0,2360,0,0,195,0,0,12,4,2,6,0,0,0,0,0,0,0,0,1690,0,1,0,2,0,0,21,0,11,0,0,0,0,143,3,0,22,8,255,0,243,0,0,0,1055,1,0,0,0,1,0,33,0,0,0,0,0,11,2781,0,0,0,0,0,0,0,0,13,0,0,17,0,0,779,0,129,264,0,8,0,2,0,0,0,0,0,0,47,32,0,21,0,0,0,0,0,0,0,0,0,0,0,0,17,0,0,0,0,0,0,0,2,0,445,0,0,35,0,1,2132,38,0,4,0,0,0,0,0,0,0,0,1,0,0,0,0,3275,0,324,12,0,24,0,328,0,10,0,0,20,0,810,0,0,0,0,0,2,0,1,4,6,0,13507,0,0,0,0,0,6,11,8,0,0,0,1786,1,0,0,0,0,0,0,0,0,0,0,0,10,0,0,0,6,0,3,0,108,0,0,0,0,0,1322,274,3,61,0,6,0,2,0,0,0,0,0,39,0,65,0,0,94,0,0,0,1,0,1,2116,50,0,2,0,48,50,7,0,0,0,0,0,79,0,3,1,0,0,0,1039,1,0,0,0,0,0,0,4,188,3,0,0,0,0,0,0,0,0,355,0,0,0,556,89,13,2,200,0,358,21,15,0,0,0,0,0,10,0,0,0,0,4364,0,0,718,0,0,0,22,0,0,1,0,0,2,0,0,0,14,55,0,0,6,157,188,5,243,0,0,1,0,0,0,0,0,0,4,0,0,2444,81,0,0,5,37,0,16,557,2,0,0,0,0,2,0,0,0,0,0,71,2,0,0,0,0,12,0,0,0,0,0,0,17,0,5,7,0,1598,2,1,34,0,0,0,0,0,0,58,0,0,0,2,2,0,0,300,0,0,0,52,0,0,0,0,0,0,0,27,72,433,0,2064,0,0,0,0,0,0,0,30,0,0,0,0,0,0,2,6,0,0,0,0,0,11,0,0,17,0,0,0,0,74,0,0,72,0,590,0,1,0,0,3,0,0,0,0,0,0,2,0,0,0,3,0,0,0,93,0,505,0,0,3,84,173,0,0,1123,3,0,3,0,1,0,0,3,0,0,0,76,276,3,0,0,0,1,1,0,2,49,36,0,0,4,0,1,0,0,0,0,0,0,0,691,12,0,0,35,0,1660,250,0,0,1207,2244,4,0,0,891,55,0,174,757,0,1,116,0,0,22,0,0,1,0,0,0,1,143,1,2,0,0,0,5,0,0,0,2851,1518,163,59,1,13,9,1226,25,0,0,344,0,5,0,0,0,3,413,21,0,865,0,0,335,0,0,197,0,0,0,6475,73,0,0,242,2,0,0,6,1,0,15,0,0,9,0,718,0,2,0,2,109,167,0,272,0,0,0,0,1970,0,0,1518,2280,1,0,0,2,0,0,0,30,0,0,9,0,3,0,0,0,3,0,1192,0,0,0,1,0,3,0,0,0,4071,963,631,0,0,585,262,250,0,0,131,1669,0,46,0,0,21,0,0,0,8,46,0,82,2,3,1,50,0,1,70,0,19,0,9,2,0,1428,1,0,3,0,0,0,12,768,0,25,23,0,0,0,0,16,0,1691,0,7,486,0,0,0,3,4,2,0,0,52,0,16,1,0,31,0,7,45,0,0,0,0,26,1,0,607,5897,1,0,0,42,3,2,2,0,0,0,11,0,123,40,71,378,0,0,0,0,2,0,0,71,0,0,0,0,30,357,0,0,0,0,0,1,0,14,0,10,150,0,409,0,31,0,0,0,0,7,0,0,0,0,55,0,0,1122,147,0,0,0,0,0,137,0,5,5,14,1,4,0,0,0,0,0,2573,18,0,0,0,0,0,5,0,746,0,1,14,15,0,0,0,0,0,10,0,0,0,0,0,0,0,4,0,0,712,1,0,0,0,56,0,0,0,11,0,106,23,4,0,5,56,0,49,0,0,6,0,33,0,0,0,5,0,190,0,0,0,0,7,920,0,0,0,0,0,0,0,0,9,0,0,13,3,0,0,13,0,0,0,0,30,0,0,0,1,2,0,1,0,15,3,0,10,115,0,0,0,14,0,0,953,16,0,45,0,1,0,4,0,0,11,0,0,1,46,18,0,108,97,2,0,202,0,198,0,465,0,141,0,29,1,0,94,0,0,509,0,60,0,0,0,42,323,0,0,0,0,0,60,0,239,0,5,0,0,0,0,63,4,201,875,0,9,250,262,0,0,0,4,0,0,0,354,0,0,0,0,0,0,0,0,0,2,0,0,0,0,0,2,0,0,995,0,0,1,13,0,0,0,768,0,0,0,0,108,0,2738,0,0,2572,0,0,26,0,3,0,0,0,0,0,0,61,41,0,0,187,28,0,0,3962,37,0,0,95,29,0,0,0,23,42,0,0,0,0,18,0,0,0,0,0,0,0,0,58,2,1828,0,0,11,0,5926,0,0,54,56,73,7105,16,0,0,2023,0,4,114,63,10,22,0,0,7,1184,97,0,206,0,0,0,24,0,36,3,0,0,0,0,1,0,3,1,0,404,270,40,0,0,0,0,158,0,0,19,0,0,0,6,28,360,0,11,0,7,0,0,0,9,0,1,2,0,0,1536,0,0,0,0,0,3,1,123,1308,0,0,0,0,173,236,0,131,125,0,7,25,0,0,0,0,1,0,17,0,0,89,429,0,0,530,0,0,0,226,0,19,0,0,0,0,0,0,10,0,1,0,0,1,235,9,0,1426,39,0,0,0,0,0,0,39,0,365,0,0,443,0,0,0,0,0,0,16,0,0,13,1,1,0,0,0,0,0,0,0,0,9,1230,164,0,6,0,0,188,39,0,1,429,206,0,667,1,0,0,0,0,226,0,0,3,0,0,1,0,0,0,0,9,0,0,0,463,0,746,436,0,1032,0,0,1,0,0,0,0,0,0,5,0,495,0,0,0,4,0,0,69,0,0,0,566,0,2741,132,0,0,0,19,0,0,86,1,0,0,0,0,0,0,0,1,0,0,0,0,1,4,45,0,0,119,1,176,0,14,0,6,0,0,0,0,4,0,0,0,3466,24,0,0,0,0,0,0,0,0,2,336,50,0,673,137,1,0,0,0,335,0,0,0,0,0,39,0,0,962,61,0,6672,0,0,0,1,0,33,0,9,0,4,0,54,2,57,189,0,0,0,220,0,0,7,1,7,0,64,1736,102,0,0,146,0,0,0,0,0,0,0,0,0,0,0,0,0,0,5,0,0,288,0,0,0,0,0,0,4101,2,0,0,1,183,0,329,0,0,0,0,3,1116,0,0,0,1,0,0,0,0,0,0,0,0,0,0,62,5,0,0,45,0,1186,88,867,0,445,1,585,0,0,3028,14,0,370,0,0,0,15,4,11,3376,0,0,0,0,0,123,4,0,0,6,1768,0,0,2,0,0,0,0,0,0,0,0,0,0,0,0,0,144,0,110,0,710,0,0,982,0,4,0,328,0,0,0,105,1,0,0,0,0,170,1,16,0,0,0,746,257,5245,0,0,0,17,0,0,0,16,0,1,0,0,14,1,0,118,203,0,0,0,0,1,1349,39,0,0,15,61,7,1,0,0,0,0,1,3,0,0,0,145,0,0,0,0,0,0,3,0,0,75,0,0,0,255,0,0,0,1,0,0,0,0,0,0,511,21,0,194,0,2,3,0,93,0,0,0,0,0,3,0,0,1874,0,10,2,0,0,0,0,0,0,0,0,3,47,0,35,0,0,77,3,27,0,152,0,13,3,173,0,0,0,10,0,3,0,0,0,0,6,30,18,0,186,0,1328,638,174,0,0,337,53,0,4,0,937,0,0,0,0,2,6,3,1,0,0,0,0,0,0,402,26,2,0,0,261,49,16,51,0,0,66,0,0,0,0,0,1,11,0,0,45,0,4,2,656,0,433,0,347,0,24,0,0,3,0,0,0,0,0,2,0,1,0,0,0,0,0,0,0,21,0,0,41,0,0,1,0,0,2,0,0,0,7,0,0,548,0,0,8,1,58,0,13,0,0,3,1,15,2,2884,0,131,4,5,13,0,0,0,1376,0,0,0,597,2937,0,1,0,0,0,0,14,0,117,0,0,0,0,4,0,4,2,14,9,0,0,0,0,2,178,0,0,0,0,2,2,0,110,0,1757,0,4,0,1,0,0,0,3307,0,0,0,0,0,0,0,5,0,0,0,2,0,0,14,0,0,13,0,227,0,0,0,0,0,316,0,0,0,25,0,0,0,1,0,6,187,0,38,999,3,0,624,70,0,12,0,0,0,266,0,1015,0,0,0,0,0,0,764,0,0,0,0,0,0,0,1774,0,0,0,0,0,0,1450,0,688,0,3,0,0,2,0,16,38,681,4,13,0,0,0,0,8,505,13,1221,1,1,0,157,0,0,0,0,0,0,0,0,0,1,0,0,0,0,0,0,0,22,0,0,4,1,0,0,0,35,13,190,0,0,0,287,0,0,0,616,284,2,5,40,0,3,0,1,0,0,0,50,33,4,0,0,0,30,0,347,2,0,0,2,1344,0,0,0,96,73,0,0,0,0,0,0,1,0,0,0,501,32,0,0,0,39,6,110,2,0,0,0,1,1,30,8,306,0,1,0,1,12,0,0,1,0,1,0,0,1,0,0,422,7,0,0,1,0,11,0,1,0,49,0,1119,0,0,0,109,0,0,5,0,413,0,0,0,0,0,6821,326,0,0,0,0,0,0,12,33,11,239,1,0,0,141,0,110,0,0,0,0,281,0,1412,8,0,0,269,1,1,309,0,0,0,0,1,1,0,1353,0,0,0,0,0,31,0,0,381,55,5,22,190,274,0,0,0,0,0,2,1,0,825,0,0,0,0,11,0,0,3,1,0,0,0,2,170,0,61,283,0,616,0,0,0,0,440,15,0,0,0,0,3,0,82,0,3,0,0,0,0,0,0,0,587,0,2,0,0,0,0,26,1,5060,0,6,0,368,0,0,0,0,0,0,34,82,0,0,85,0,0,0,4254,0,1,0,0,305,0,3,46,0,0,0,82,1,0,7,0,125,0,0,0,0,604,0,0,0,0,0,0,129,0,0,10,1935,0,0,0,0,0,0,0,0,2,0,0,0,0,127,0,0,0,0,88,0,0,0,0,0,0,1,0,0,0,0,0,15,0,2,0,151,315,0,0,0,0,2,39,480,62,0,0,157,0,1,627,0,0,0,0,0,0,3,0,2080,0,0,0,0,0,0,2,15,44,0,827,846,0,0,0,330,0,0,0,0,0,4,0,375,0,0,0,0,86,0,0,220,0,9,4,0,0,49,0,157,0,0,197,0,0,0,268,0,0,2,0,0,0,0,0,3,491,0,0,11,8,0,0,0,2,0,0,0,0,0,0,0,0,0,0,0,0,0,0,27,0,423,0,1,0,411,0,1961,0,0,1348,0,0,0,84,32,1,0,2,0,0,0,3,3,0,160,0,0,992,0,100,0,0,0,0,0,1,0,0,0,0,0,3,34,79,0,0,0,3,0,0,0,0,0,2,90,46,816,1717,0,82,43,0,0,0,2434,10,0,1,0,0,11,29,1,215,24,1,1,0,86,116,251,1797,3,0,0,0,0,0,0,6,0,0,176,2470,0,3,0,0,0,2,0,0,49,535,3,975,151,3,0,0,0,0,0,0,0,0,0,0,0,55,0,0,230,0,6,0,0,0,14,18,6,1561,9,0,0,35,256,112,0,0,0,0,0,0,0,0,5,630,0,0,0,0,161,0,1378,237,0,0,1840,193,0,754,0,0,70,0,59,4600,0,0,125,0,450,0,0,0,0,0,0,814,0,27,147,0,2,0,171,12,0,0,0,0,0,2,0,10,0,0,13,2,0,0,0,0,0,0,5,0,0,0,0,0,23,98,0,0,0,3,2,0,0,0,0,0,26,0,0,3,0,0,112,97,0,567,1000,224,0,0,0,0,0,0,0,0,0,86,3,4287,0,0,0,11,0,0,0,62,0,0,0,53,7,0,3,0,0,451,618,0,1359,269,0,17,0,0,0,0,0,1,0,0,191,137,3,0,0,93,0,1,31,1650,0,0,0,0,0,0,0,0,0,0,802,14984,0,79,0,0,0,0,0,0,1,0,0,0,0,0,0,0,0,1088,44,0,144,0,0,0,77,0,151,0,3,0,0,0,0,0,0,547,0,0,0,117,0,1,50,9,0,80,0,441,0,0,1,333,0,0,0,7,24,0,67,290,0,95,0,0,0,0,2,106,0,0,0,11,0,0,461,74,349,68,0,79,0,6,64,0,0,302,0,0,0,0,0,7,0,0,0,0,0,0,0,0,1,0,3,0,1,1753,0,0,0,0,3189,20,13,0,1,67,0,0,2636,239,0,0,0,29,707,0,2349,128,0,0,0,0,0,53,0,4,0,2,1614,0,472,23,0,0,0,0,0,0,0,1,331,0,0,0,1,136,1243,5,2,0,0,0,0,0,0,0,0,0,0,0,116,0,26,0,6,0,0,191,0,0,0,1,19,0,0,6,7,18,0,0,0,2,0,0,0,0,0,0,0,6,0,0,3,0,741,0,0,0,103,0,14,35,0,0,0,26,1739,0,0,392,0,5548,0,0,416,0,0,0,0,0,56,0,2,0,1848,0,0,0,1,2,0,6730,316,1,0,519,1,0,4,4,0,0,0,22,0,0,0,139,1118,0,2,0,0,0,0,0,2,5,0,0,0,0,212,0,0,0,0,0,1,1038,0,1385,0,0,0,0,0,0,0,0,0,776,33,0,1588,14,0,1129,0,0,1920,0,0,0,0,69,4,0,70,0,57,0,0,24,0,0,0,0,1,0,0,2173,5,2,0,0,0,0,0,0,0,272,0,14,0,1,0,0,0,0,0,0,1971,11,9,0,3,1,0,0,2,0,0,0,3,0,1,2,0,0,0,0,949,4,0,2,0,0,0,3029,897,18,3,169,0,0,114,73,8,2,0,0,0,0,0,0,382,0,0,0,1137,1,605,9,0,2,87,0,0,0,262,238,2,0,0,0,0,0,100,1,6,0,0,17,0,858,0,1,23,0,0,1397,332,0,0,0,3,0,0,0,2,0,1,1119,2,68,0,0,196,0,0,259,310,0,0,0,1,0,0,0,2,674,0,1,0,0,65,0,0,58,0,0,21,0,0,0,3,0,7,0,0,0,0,160,37,479,0,4,0,20,0,1,774,0,0,0,130,0,0,471,0,1,0,0,0,7,0,0,0,0,393,15,0,0,0,0,0,0,0,0,3275,0,0,0,183,0,0,2,59,856,5,1002,0,0,2,0,1,1,0,0,0,74,0,197,0,10937,0,0,174,0,0,4097,0,818,0,0,0,0,0,0,0,0,0,0,1278,1,0,0,0,0,10,0,0,0,237,0,1,0,0,207,1,0,152,269,0,0,0,285,15,6,175,32,0,611,5,0,5,0,1010,0,0,0,1,0,0,0,1,17,0,0,363,1,0,49,0,0,0,0,0,3,0,0,581,9,0,0,5,91,0,0,0,163,0,0,0,301,0,8,0,0,14,11,0,550,157,0,0,0,0,0,0,100,28,292,5,0,0,0,0,15,1270,0,404,0,0,0,62,0,0,4,0,10,0,0,0,0,4458,0,11,248,16,0,0,11,0,0,95,1,0,0,0,0,645,0,0,1124,351,0,1,100,0,973,1,0,0,763,1,0,0,146,0,0,1,0,0,0,94,0,33,0,1059,0,0,0,0,0,0,2,6,0,346,1012,0,0,0,34,0,0,0,7,4,7,1,1266,0,1,0,0,0,0,0,256,0,0,0,0,112,0,31,0,0,0,0,13,0,0,0,201,0,0,0,29,0,0,189,12,0,0,206,24,0,0,1,0,0,306,0,3,0,0,0,7,1,0,0,18,0,46,10,0,0,0,2838,0,0,0,148,4,29,10,176,0,92,0,4,1,42,0,0,0,0,5,0,0,0,21,0,11,0,0,0,0,1,0,30,0,19,0,8248,0,0,24,0,0,14,2,2,366,1,0,0,0,0,35,163,2,428,0,1,23,1626,24,0,0,0,5,0,0,2,0,0,0,165,0,0,0,2550,34,0,0,0,0,0,0,0,5,44,3,0,0,0,0,21,0,0,0,0,0,0,0,1151,0,231,0,0,0,975,0,0,34,0,20,0,0,165,0,0,0,0,0,0,0,0,0,158,0,1,0,20,0,0,0,0,0,0,213,4,0,18,0,278,0,0,0,0,1,1,0,0,8305,3,0,0,0,17,0,7,0,2,1,18,2502,0,6,1,0,18,0,0,0,8,18,4807,3670,0,286,0,0,16,11,0,0,2,0,16,0,28,28,0,2,0,0,5,419,0,240,0,79,244,0,4007,0,0,0,0,0,0,0,5,0,235,0,2,155,0,0,10,1026,10,52,0,2,0,0,0,0,0,1,1179,9,0,0,0,0,0,0,0,0,0,590,1,0,0,0,0,0,0,590,0,0,0,0,0,5,0,0,0,0,0,0,78,1,126,1,0,3,1,0,0,0,0,0,2,16,0,0,514,1,25,1,0,0,27,156,6,6,0,0,0,0,0,90,0,594,0,0,0,0,398,0,0,0,0,0,0,0,3,3,0,0,0,1,0,2,0,0,0,63,0,0,0,1,0,0,0,0,57,0,1,0,0,0,0,0,0,1,0,0,0,0,3,0,0,3051,1,1,0,0,0,0,0,101,0,0,0,2,2064,0,0,0,0,0,0,0,0,0,42,0,1168,0,0,0,0,79,0,37,437,0,0,0,1,168,47,0,0,0,0,0,1,4,0,1,37,5,10,0,0,0,0,0,2,0,0,12,0,9,1,34,1,0,6,23,0,408,0,614,0,88,0,1,0,0,3,0,0,0,0,0,0,0,0,0,0,213,1,0,391,17,20,19,1142,1,0,0,0,0,142,0,0,144,13,0,0,1640,0,0,0,0,0,0,5,3,0,69,14,0,0,2,902,112,363,0,0,0,0,0,0,1,0,0,2,1,444,0,0,4,0,1,145,2,0,3,0,0,2767,9,5,0,4,0,0,0,0,0,5,84,72,24,0,19,0,159,0,0,0,0,0,0,0,0,3,0,145,0,19,35,6,0,0,0,0,0,0,75,0,6,0,0,8,25,0,0,0,0,0,0,0,2,0,0,0,17,0,0,0,0,32,0,3,269,0,0,0,2,0,0,0,0,0,113,0,54,0,0,0,0,0,0,0,0,0,0,0,2,0,1,0,0,1187,0,0,0,86,0,2,0,0,37,0,0,0,25,47,44,0,3,0,0,1102,0,0,0,0,167,0,0,1,0,0,0,0,0,0,0,0,0,0,85,2,20,0,3,0,663,0,1,0,342,6,0,0,0,0,0,0,0,3,0,76,0,21,2,0,0,0,1,26,0,0,0,1451,0,0,131,0,0,0,0,0,0,1,0,0,0,0,0,0,0,0,0,0,0,0,0,0,7,1,0,0,6,81,3,1,0,0,1,0,0,0,0,0,60,0,0,11,0,1112,0,0,132,0,480,0,0,0,0,0,0,0,0,0,0,0,0,3,0,0,0,198,3652,0,0,0,1,1,8,2,0,8,0,0,1,311,586,1,0,133,5,0,0,0,1,0,2036,0,0,0,0,0,0,0,0,0,71,0,0,1,0,0,13,334,0,4,0,0,146,0,0,0,0,0,0,0,0,32,2,0,0,1,0,0,0,113,2,239,1,0,0,0,274,0,0,899,0,0,0,1,90,0,2,43,10,0,3,0,0,0,0,0,95,0,5,0,0,0,0,7,0,0,111,0,0,0,14,0,125,0,0,0,22,0,0,0,0,0,0,1,0,0,0,0,181,51,0,67,0,0,0,0,0,0,6,0,3,3365,0,0,0,57,0,0,0,86,0,0,0,38,0,0,0,0,0,2,0,11,0,0,0,0,562,0,0,9,70,9,424,1,62,1,0,0,117,66,4,0,1,0,0,0,174,0,0,0,0,0,0,70,987,0,1860,0,0,0,0,0,1,176,0,2355,0,235,0,127,0,0,0,0,0,4,0,0,1527,0,38,344,853,0,0,0,22,124,32,34,5,0,0,2,0,121,0,9,0,145,0,0,0,0,15,13051,1,1,0,0,0,9,205,0,0,0,0,0,0,0,377,4,0,0,0,143,0,2,0,0,275,0,0,194,37,2,48,0,267,1,5,0,0,0,6,0,0,0,0,1,38,0,0,280,91,8,0,0,555,1294,0,372,6,3,842,0,0,28,1,0,0,7,0,7,0,21,1559,0,1541,0,0,0,0,0,10,0,0,691,2,0,0,0,0,0,0,81,0,0,0,0,0,0,329,0,0,7,0,16,0,0,0,0,0,19,4,0,0,0,0,0,0,2,0,10,0,0,925,0,532,119,0,0,0,0,0,1,63,0,7,1,0,22,0,1,0,16,1,0,0,0,0,0,81,7,0,6,251,0,0,0,0,0,0,0,0,1371,47,0,0,0,166,0,183,0,0,33,5,0,160,0,1,0,3,0,0,91,0,0,0,0,0,1,2,0,1,7,19,0,0,0,8,698,0,0,0,3,1081,2,785,0,20,0,0,0,33,36,0,8,0,1,2,627,0,10,0,1,0,0,0,0,0,77,569,0,1,26,10,11,0,102,40,0,0,31,1,20,1835,1,1170,0,0,16,0,1108,0,0,0,0,0,0,0,0,194,0,7,0,843,0,75,0,0,0,2369,843,128,0,0,0,1,0,0,30,34,32,0,23,79,0,0,291,0,105,0,0,0,0,1,0,6,0,5,9,0,0,804,0,37,0,0,1,20,0,0,0,0,0,0,0,248,1,0,0,0,30,0,0,0,0,0,0,9,3,1,0,0,0,7554,0,1264,0,2,0,0,1,21,0,0,0,119,0,2,24,0,0,0,0,0,2263,20,0,0,683,0,1134,213,4344,95,647,0,53,0,53,0,0,0,0,404,0,0,0,86,0,5919,0,6786,2,10,0,0,0,138,0,95,44,5,0,256,0,0,11,0,139,1755,0,0,0,12,0,189,2,3,24,0,0,0,0,1,62,0,0,3,0,0,0,603,0,0,0,0,0,122,0,0,0,0,0,59,0,84,4,0,0,0,6,0,1,0,2,0,0,3,199,143,0,0,9952,0,0,0,817,65,0,0,0,0,1,43,0,695,1,0,2,534,0,0,184,0,0,1,1,0,0,0,0,0,0,5,0,0,2,0,4512,64,0,0,0,0,0,0,0,540,0,2606,25,405,775,0,0,11,6,0,0,0,0,0,1,0,0,0,0,17,0,0,1,1,0,14,0,0,0,0,2,0,0,0,0,0,38,0,0,1,0,0,0,16,0,0,0,1853,0,7,67,1,173,279,1,0,0,0,0,0,0,0,0,0,0,0,0,0,4,1424,0,0,4985,34,0,0,18,1061,0,1397,4,0,0,192,0,0,0,42,0,0,0,0,0,0,2,0,0,546,12,0,0,699,0,0,2470,0,0,23,0,145,31,0,0,0,0,911,1,0,0,0,0,0,0,0,0,0,0,0,0,3457,0,5959,0,0,0,22,0,268,0,444,39,8,0,0,0,2,0,0,0,453,0,23,6,250,0,1,62,0,0,2,1134,19,8,0,529,0,0,0,4,0,0,0,12,41,70,9,0,149,274,0,74,0,221,0,1,0,0,0,0,0,290,0,0,1,0,1,311,539,0,0,0,13,0,0,9,1,5,0,319,0,1,0,177,1,0,0,2,3543,0,0,0,0,80,0,0,8,0,212,0,0,0,3,9,1,0,0,0,264,0,69,0,245,0,1,0,0,0,0,2,0,0,2697,6,1990,2862,16,0,260,3,5,28,0,0,0,0,0,1450,1927,0,0,0,0,242,0,77,8,186,0,1231,0,0,0,27,0,1012,0,97,0,665,264,0,0,4,0,11,0,28,0,0,0,0,0,106,0,0,0,197,0,662,0,0,0,1,31,0,0,98,113,0,386,80,0,378,0,0,0,0,0,0,0,0,0,24,0,0,0,0,0,0,1,0,0,2,0,863,2,0,1,6,0,2,1,24,0,0,0,0,0,0,733,0,0,0,1,0,0,0,0,0,0,0,0,0,248,32,0,1819,0,0,0,0,0,0,0,0,0,0,0,0,0,0,0,0,1,0,1,0,337,0,0,0,52,0,1,47,0,0,0,109,1,1068,20,2,0,0,0,10,0,0,0,0,4,602,4,0,8,0,0,0,0,0,0,0,0,2,457,0,0,37,4662,1,6492,0,92,0,279,0,0,0,0,7,0,0,0,0,39,1,3,0,0,151,0,0,812,0,0,0,101,14,7,0,0,3577,0,0,0,0,121,0,0,0,0,0,1,0,0,1,64,0,0,0,0,16,0,0,0,0,0,0,0,0,0,1,0,54,87,60,1002,0,365,0,0,0,12,0,0,0,712,2195,0,763,0,1311,0,2,526,0,16,0,2,0,0,0,0,7,0,0,0,0,5,19,0,0,0,0,736,0,0,1,0,0,0,0,840,0,0,0,0,0,0,0,0,0,0,0,0,2,0,556,0,0,39,0,974,0,0,0,0,0,0,2049,0,2,0,0,0,0,0,0,0,0,0,203,56,0,156,0,1,0,0,0,0,0,0,0,0,1,0,387,1113,0,0,0,0,0,2,0,0,0,0,24,6,0,3,26,0,1479,0,0,0,0,0,0,2,2,403,0,0,0,0,0,0,0,3,0,7,33,12,0,0,0,0,0,0,0,0,0,0,0,23,0,0,0,465,0,0,0,53,6,220,0,0,0,1,1,0,0,31,0,0,472,0,0,0,0,0,19,6116,0,70,0,10,113,0,150,2,0,0,120,6,0,0,4,0,1,0,0,139,0,0,1,307,6,0,25,0,0,463,0,0,0,0,0,14,4,0,0,1,0,0,0,0,2,1,0,0,1,2030,112,2,0,0,4,22,0,590,81,2,0,0,44,0,4,2,0,0,0,80,0,5,0,0,0,51,0,0,0,0,135,2519,2,2,4,2113,0,0,0,0,6,5510,0,0,0,0,0,0,8,397,0,0,44,7,0,8,0,0,0,2,0,3,3984,0,0,3673,0,10,0,21,0,376,0,0,0,0,0,198,0,0,0,2831,0,9,480,8,0,0,92,1,0,0,0,8,0,1,26,1,11,0,0,0,0,5,33,0,7,0,0,3,374,637,0,0,0,0,4,421,1,0,0,0,0,0,0,379,0,0,8,0,0,805,0,1,1226,1435,2272,0,0,4,105,22,4,0,3,0,5,0,0,0,2040,0,0,35,49,0,26,1985,0,175,0,466,0,2,0,0,9,0,0,0,0,31,0,0,0,0,0,3,0,826,0,1,1,710,0,2,2,1,0,12,0,0,0,0,0,26,1,0,0,0,15,0,3,0,0,0,86,0,0,0,1315,0,96,0,13,0,0,0,0,0,9,0,0,0,0,0,24,32,1089,0,0,343,0,0,39,0,0,0,1,2,0,0,0,0,0,0,0,0,1,55,0,0,0,22,4,0,0,0,0,144,32,0,0,6,0,1,0,4,0,0,0,0,0,0,0,0,0,0,0,2,0,7,11,0,0,0,3,4,0,1247,0,0,1,0,13,0,7,74,0,1240,0,1,0,18,0,0,0,0,0,0,0,26,0,0,139,27,0,0,0,0,0,0,0,0,0,199,0,6,0,0,3,266,0,0,17,1,0,0,0,24,0,0,0,2,1145,52,0,22,0,0,0,0,8,0,0,0,0,0,38,35,0,0,0,4,49,1100,0,318,5,0,0,0,0,0,0,0,0,0,0,0,0,0,21,0,0,0,3,0,0,0,2,0,0,0,0,0,0,0,7,0,21,7902,0,42,0,1,0,133,0,0,1,0,3865,3,0,1,87,0,0,1,14,137,0,0,0,0,0,457,67,0,15,5,0,0,461,0,0,149,1,0,0,63,0,0,0,100,0,0,471,0,25,0,251,316,0,0,662,371,0,0,273,0,0,0,0,0,0,727,0,2,0,0,1,0,0,0,0,1,0,0,0,2,78,0,100,0,0,0,338,189,1,0,0,0,0,0,0,206,59,0,688,548,0,0,0,0,3,0,0,202,0,0,0,0,916,0,0,0,0,455,0,0,597,0,0,2,0,0,0,2,1,40,0,0,0,62,300,0,256,0,0,632,0,2,0,8,0,0,0,0,0,0,0,25,41,0,0,2,0,24,0,0,18,2,0,2096,18,314,0,0,0,4,0,0,8,0,0,2,0,11,16,0,0,0,0,0,27,0,2,175,0,0,0,143,0,0,1,2,232,198,510,0,0,0,0,49,0,0,0,0,0,0,8,31,0,0,1,2361,0,0,0,48,0,864,0,2,16,373,0,8,2,1,408,0,23,0,0,1531,12,0,0,0,0,0,0,99,0,0,0,0,0,2,0,7,0,6,475,0,0,20,0,67,0,0,769,0,130,0,0,0,0,240,298,18,0,0,0,0,0,2,0,5,3,0,370,8,0,744,54,1,217,0,0,1,0,0,0,0,0,287,0,0,98,17,0,0,0,0,0,0,0,0,0,81,0,14,0,0,0,0,1,0,0,262,0,0,3,0,304,1721,0,0,9,5,0,0,17,0,62,0,39,0,0,0,0,0,0,0,0,2,0,544,270,92,998,1,48,0,0,0,2628,0,0,0,137,50,0,1,0,0,8,121,0,0,0,0,0,0,0,0,0,0,0,3,0,0,0,10,33,0,0,28,0,431,0,6,0,3,0,0,2,0,2,0,0,2,0,26,0,2,0,0,0,0,7,0,0,0,0,0,5,12,0,0,1,0,848,0,0,0,62,0,0,0,0,429,0,0,0,182,0,1366,0,0,2848,8,3,0,0,0,0,1113,11,0,0,0,4,0,0,45,0,0,0,0,1,3,0,1,0,1,0,1,0,0,0,1,10,1,8,0,2499,0,114,0,18,0,1,14,1,0,6,0,0,2769,0,506,0,0,8,0,4,1,0,12,0,1,3,5,22,3,0,0,0,0,0,24,0,0,26,9,0,0,0,0,326,1,8,0,5,0,4028,4,0,182,0,0,0,967,660,124,0,0,0,26,7,0,0,0,0,0,6,0,0,0,0,1105,0,0,0,53,0,0,0,0,0,0,700,0,0,2,82,9,5,0,0,1,79,110,24,123,0,0,0,1183,1141,0,0,0,0,5,317,1973,0,0,0,0,0,0,0,4,0,2759,0,324,0,0,0,0,12,513,397,0,2,0,55,0,0,0,0,1,202,0,0,6,25,4,0,373,0,1,0,0,0,0,295,9,0,814,251,262,0,0,6,2714,0,992,0,0,0,0,0,0,0,21,1,0,0,0,0,9,388,0,1,1,0,0,0,33,0,2282,218,0,1,1,0,780,0,13,3184,2,3,0,19,0,0,3137,0,0,967,104,4,0,2,2,0,7,0,20,0,1,0,29,0,19,56,19,0,0,0,15,1,0,0,0,2412,0,0,15,1,58,220,0,0,21,1111,28,0,0,0,0,5,0,0,7812,2,0,2,2,0,0,252,0,0,0,2,0,0,0,0,0,0,7,89,4,303,0,0,0,0,0,542,0,1,1559,0,0,27,1414,3,14,0,832,0,0,672,6732,0,0,1,280,12,208,0,15,0,2,0,0,212,0,5,403,0,0,1,0,535,0,0,0,640,0,1,0,0,0,0,0,1,0,0,7,0,0,285,0,0,0,7,52,0,0,0,0,5,0,499,0,18,0,0,0,0,158,0,0,0,0,0,1,0,0,907,0,0,0,0,0,0,0,0,0,0,2,0,29,397,0,0,2,9,0,0,22,0,0,0,0,0,0,0,1,0,0,0,183,0,0,0,0,0,0,0,2,0,0,0,0,1196,0,0,0,0,1,0,0,32,0,0,0,0,0,0,0,106,34,0,0,0,5,0,91,0,1,0,0,0,3,0,0,232,0,0,966,42,91,0,0,0,1,0,0,424,0,0,5,0,0,0,0,0,185,0,0,48,51,0,0,5,80,0,28,0,3,0,0,0,409,18,50,0,0,0,12,378,0,240,23,0,0,0,1,0,0,0,31,103,0,0,4954,0,368,40,0,0,0,0,0,0,4233,0,0,0,0,0,13,9,40,37,66,11,4,0,0,0,14,0,35,0,0,0,0,531,137,0,0,1,0,23,0,1984,0,2,324,0,0,1,0,1,0,0,0,0,0,0,0,55,0,0,0,0,0,16,0,2,7,0,0,0,30,0,0,1,0,0,2,0,0,0,0,0,0,0,1,870,35,0,0,0,0,0,0,0,0,0,0,0,0,0,0,0,13,0,0,1710,0,0,0,0,0,208,4,116,45,35,4,6,1,0,0,0,0,58,0,8,289,0,413,0,0,0,0,0,0,382,0,5,0,0,0,0,0,0,0,0,0,2,0,0,580,0,140,0,0,0,0,244,0,0,0,0,0,0,8,2,0,0,0,0,0,0,0,339,68,137,0,0,3,5,15,0,1,0,873,1525,0,0,0,0,2385,237,0,0,0,0,8,0,0,103,0,0,0,0,0,0,0,0,15228,141,33,13,0,3395,0,1502,263,7,0,2,0,0,0,0,0,2533,2285,0,0,442,3,4,2696,0,0,0,0,184,61,0,2012,0,0,0,0,27,348,46,0,1,0,14,0,9,0,300,2,6,0,0,40,161,0,0,3,4,0,0,0,3,51,0,0,0,13,0,0,0,205,1,0,0,1,0,0,258,0,0,0,345,125,0,0,0,396,0,0,0,0,1499,0,16,6,0,0,1,0,0,2,0,0,617,211,4,0,0,0,79,0,0,29,0,491,0,0,0,39,0,0,0,1355,2,19,0,24,0,1,0,0,0,0,0,0,0,0,0,0,0,108,0,0,0,0,0,0,1,71,0,0,0,0,0,2,3,61,0,0,8,0,0,0,0,0,154,0,0,0,0,0,1,135,0,0,0,0,0,0,1949,7,179,0,0,0,379,4,1,1,0,0,0,0,106,0,131,0,0,60,0,401,0,0,0,274,18,32,9,30,1220,0,0,0,6,0,0,7,51,0,0,70,0,60,0,0,0,0,0,112,0,0,0,1365,0,0,0,0,0,1,0,4,3,0,70,0,91,0,2101,35,0,37,0,163,14,0,38,0,0,8,0,0,3,280,0,0,0,0,0,0,0,0,0,0,0,0,38,0,38,0,0,0,539,1,1,0,0,2,0,0,2,0,0,15,0,0,182,0,53,0,0,12,0,31,0,0,1016,93,2,694,0,10,0,0,1,0,0,1,5,9,1,0,0,0,343,0,558,0,0,359,82,50,1646,0,9,301,2,0,0,0,0,9,0,1729,0,699,3,0,1,2,2,0,0,0,0,0,0,132,0,0,2,0,4,0,0,0,969,1479,0,0,205,1,1601,0,0,1,0,0,3,14,0,0,700,276,886,0,0,11,0,0,3,0,0,0,0,0,0,3,0,0,1,2,3,3,16,1,0,0,0,0,1,0,0,0,0,34,0,1764,5,0,0,193,25,0,653,0,6,0,0,0,6,0,0,8,0,0,0,0,2,0,0,76,781,3,0,0,37,0,0,6,16,0,0,350,179,0,0,0,2,0,10,135,0,367,0,0,0,19,0,7,11,0,0,0,2,0,151,0,7,12,0,0,0,0,0,2,344,0,100,3,0,0,0,4,0,0,18,40,0,0,0,0,81,0,0,0,4,1,0,0,1445,0,0,0,174,0,0,14,6,0,0,0,0,0,3,1,0,0,20,4,0,3,5,2,1,0,1,0,143,0,7,0,2,0,0,0,86,19,0,0,0,0,0,1,0,0,0,0,9,0,1,0,0,0,0,342,0,0,4,0,0,0,0,0,56,0,1400,0,0,0,0,452,46,0,0,0,8,0,0,0,0,631,0,0,0,0,0,0,0,0,0,0,0,43,0,6,6,0,0,0,0,0,0,0,0,0,18,1,0,3,0,0,2,0,0,0,3,0,158,38,85,13,0,0,0,0,0,0,0,0,0,0,0,0,0,6,3355,1,0,0,0,6726,0,0,0,0,0,0,239,15,0,0,283,0,0,0,8,0,0,5,11,0,0,0,0,43,0,0,0,0,13,0,0,0,0,10,0,0,1,0,0,0,0,0,16,0,0,1,0,2,3,0,0,0,0,0,0,0,80,2,11,0,1,0,0,4,38,2,135,470,130,0,0,0,0,0,0,0,3,0,3751,0,437,0,1178,0,0,0,359,23,0,0,0,0,3,0,0,0,47,0,0,2425,0,12,0,97,324,132,5,0,2,0,0,0,0,0,0,0,0,0,688,1,0,9,20,0,2,34,0,0,1,0,1290,76,1,0,433,0,0,0,0,0,22,3,0,0,0,4,0,0,0,0,0,0,110,0,0,0,0,0,0,81,0,3,0,1,0,64,2,5,0,0,1158,0,0,0,0,71,13,0,0,56,0,38,216,0,0,1,0,4,0,0,1,0,694,124,0,171,0,0,634,0,1,216,0,0,2,30,0,0,0,1,0,0,0,0,1245,9,26,0,0,0,15,0,0,0,0,0,4,0,0,1,0,0,1123,1226,0,17,0,0,0,97,2053,0,65,0,0,0,0,131,0,0,0,0,5041,0,0,0,1,14,13,0,969,227,3,0,2,0,60,0,0,29,0,0,637,0,0,0,0,202,1,362,1,0,0,0,0,0,47,21,6,0,70,0,2,0,0,0,0,0,0,0,0,1,1,62,0,0,0,0,0,5,2,0,0,4,1,10,0,0,1,0,280,1,17,172,0,3,0,0,1290,2,0,14,183,184,0,382,0,0,0,0,5,1111,0,0,0,0,1123,19,0,0,55,0,0,0,0,9,32,0,0,0,0,0,1,0,0,0,7,2,0,0,0,0,0,0,0,5,0,0,651,0,0,0,0,3,701,0,0,0,0,18,0,0,2,0,0,406,0,0,0,0,0,0,0,1,4,0,0,0,0,0,0,0,0,2,0,0,0,198,0,0,0,0,7,0,9,117,34,0,0,0,495,0,1,0,0,0,0,0,0,1,1,3,0,3,22,362,8,3,0,3,0,1828,1981,0,0,8,0,0,0,0,1,0,5,0,0,15,2,19,0,0,1564,0,0,0,5,1,0,1,4,0,1754,0,0,0,2726,0,0,1,0,0,0,6,0,5,564,4,258,0,0,0,0,0,0,0,0,2,0,2,8,0,4,0,0,5,4,5,0,0,2,5225,0,0,1,0,0,49,880,0,0,0,0,0,0,0,0,4,1,185,0,0,36,0,0,34,0,12,0,0,0,0,0,31,0,0,0,0,0,0,0,0,0,14,0,0,0,0,82,75,0,307,0,0,0,0,0,0,15,0,29,0,0,0,1,0,3,23,0,0,0,0,0,0,466,0,0,0,0,0,3,12,0,0,1501,51,48,0,0,0,0,4,0,0,6080,3,5,0,3,4,7594,2,0,0,2,935,16,11,385,1,0,0,0,1692,0,360,0,0,0,0,0,0,0,15,0,0,5911,434,0,0,2,155,0,0,1,1,4,298,41,0,0,66,98,0,9,0,9,0,0,0,0,1,22,10,0,65,3,16,0,10,4,15,13,0,31,0,2,1,0,0,0,41,3,106,19,0,314,0,0,0,0,0,0,0,0,0,0,2,0,47,6,0,0,60,0,1,4,0,0,0,0,4575,3,0,0,106,0,7,6,0,0,1,0,53,0,0,0,0,0,0,173,0,74,238,0,0,0,0,43,44,0,1,0,238,51,0,0,0,0,0,0,3,0,0,0,0,1,0,0,0,0,1,13,596,0,0,333,0,0,0,1,0,0,0,31,0,0,80,0,0,0,0,0,27,3,38,0,0,0,3612,0,0,0,0,0,0,0,0,0,0,848,0,0,0,0,0,0,3,1,0,1598,0,0,17,2,1,0,272,1,0,0,1405,1,0,637,0,0,1,2640,0,0,0,0,9,0,64,0,0,2326,0,0,0,379,0,0,0,0,0,14,100,1,0,0,0,0,0,0,0,60,8,0,6,2,0,0,0,0,0,0,665,0,0,0,0,28,0,0,0,29,0,5,0,0,0,278,0,2,166,0,0,2,0,0,0,0,3393,143,7,33,220,0,0,1893,0,0,0,0,0,0,0,233,6,0,0,0,0,4,0,546,884,0,0,2,0,0,1283,210,0,0,0,0,0,0,0,0,5459,0,4,3,0,0,4,0,0,0,35,0,1,0,0,0,0,376,0,420,2,108,0,118,0,0,0,1,0,4366,0,1,0,0,95,2222,0,0,14,3,0,0,0,4093,0,0,0,21,63,1,0,0,0,24,0,1462,12,0,0,0,187,0,22,0,0,55,0,39,0,0,0,1,0,44,869,0,0,0,0,0,0,47,0,79,0,468,0,7,0,0,569,0,133,0,0,0,19,6,0,44,15,0,0,0,5,0,6,2,0,19,428,0,0,0,4,3,0,0,3,0,9,1,0,0,0,0,0,0,38,0,0,0,0,0,0,0,0,0,1,0,0,888,0,0,0,485,0,4,6087,6,2,0,187,487,235,0,549,1,13,0,0,0,0,426,0,0,0,22,0,0,0,0,1,0,11,0,0,70,51,0,0,0,0,5,0,0,28,972,0,123,0,0,0,0,451,0,0,169,0,0,0,0,0,0,64,0,251,0,0,0,4,8,8,0,0,0,4,0,18,0,0,3,12,170,0,0,0,4,0,0,0,0,0,0,0,0,0,0,1265,0,539,158,890,3045,0,0,0,0,70,16,675,0,0,105,0,0,0,167,0,0,2,0,0,358,2,0,168,2,0,1569,0,0,100,0,0,0,0,151,19,0,0,0,1,585,0,7,0,0,0,0,989,238,0,0,0,0,411,0,0,0,0,0,0,0,0,1,5,0,0,0,95,0,2,224,1,0,0,1,255,1485,40,0,0,0,1868,0,0,0,0,0,2,0,0,0,0,0,2,0,0,0,0,1,4,0,0,0,1971,0,0,0,0,2247,0,86,0,1552,0,1006,0,45,45,453,0,0,0,42,1,12,1057,21,0,11,4,31,0,127,0,0,0,0,0,0,0,0,0,0,0,0,0,0,0,0,0,84,251,21,0,0,52,0,0,25,0,4788,7,675,0,0,0,0,372,514,15,63,0,0,0,0,1786,0,0,0,0,0,0,0,0,21,0,0,15,1841,0,35,0,0,0,0,0,0,3,0,0,0,0,0,0,5,1045,47,0,20,0,0,2534,0,7928,0,0,0,0,4,0,0,1,0,0,0,0,0,0,0,0,0,0,116,0,0,200,11,4,0,0,0,176,0,0,0,2,796,0,0,0,0,732,0,0,0,0,0,0,0,16,0,3,0,0,0,0,382,0,1111,0,1211,0,0,840,0,34,0,0,130,2381,0,0,0,1,0,0,12,0,24,0,6,0,0,0,177,0,0,36,0,0,0,0,1,0,88,0,0,0,0,0,19,0,0,0,523,11,0,0,0,1568,195,0,0,0,0,0,0,5,0,0,0,10,0,2400,2,0,0,0,0,2,44,0,279,594,1209,1,0,0,1231,83,0,181,759,0,62,0,360,0,49,0,0,0,11,0,243,619,57,0,0,1,18,0,0,0,0,28,12130,22,0,1,7,1,60,0,0,703,580,0,0,0,10,0,1491,0,0,0,0,0,15,0,0,0,1959,54,0,0,0,0,0,0,0,0,212,1134,60,11,194,0,35,0,37,0,34,7233,0,0,0,0,0,0,0,0,0,26,0,0,0,0,2089,0,0,0,0,0,0,0,0,0,4,8,0,606,0,0,0,0,0,106,0,1,3,19,1,0,2,0,0,0,260,1,0,0,0,0,0,0,0,24,2,2,0,21,0,1,56,0,485,0,180,0,0,0,0,0,71,30,0,0,1,0,0,0,0,11,1,0,0,0,0,1,1321,0,0,0,0,0,0,0,1,0,102,0,0,1,0,26,0,0,0,1274,60,32,0,0,0,0,0,0,2,46,0,0,0,0,183,3,0,0,0,0,4,0,0,0,0,0,23,2,2806,0,0,0,0,0,190,0,234,11,0,7,0,0,0,0,86,1,0,3,0,0,183,11,0,0,0,72,0,892,1,0,0,260,0,0,0,583,53,0,0,0,0,0,0,0,43,0,5277,0,0,0,0,60,2,1,0,10,3,377,37,0,0,0,1,0,142,0,0,1,0,56,2,0,0,0,0,848,2,0,0,0,0,737,0,0,2553,22,0,267,0,0,0,0,0,0,0,0,0,1444,0,0,35,0,66,0,19,0,0,0,77,0,1,1,123,0,0,0,32,0,258,0,0,0,3,118,0,0,0,0,222,68,205,239,271,0,0,0,0,2,0,0,1674,0,1002,0,0,53,0,0,103,737,0,0,0,0,0,0,0,0,0,862,0,0,0,1248,2,0,1,0,222,0,56,35,0,0,0,6,0,0,0,3,0,0,1842,1412,0,33,0,0,0,0,0,0,0,20,1,0,0,0,0,0,1,0,2,4,5,11,53,0,1106,0,0,3,52,0,0,0,7,44,0,0,0,20,0,2,0,0,0,0,0,0,11,0,9,0,0,0,0,0,996,5,0,0,0,0,0,0,0,181,0,0,88,1,27,1,0,0,0,162,0,114,0,3113,0,0,0,465,0,0,0,8,0,1417,0,953,0,1258,0,0,69,89,6,0,1648,3,0,183,0,18,0,299,0,0,181,7,0,1009,65,0,0,0,1,0,0,0,274,1017,0,5,357,0,0,0,5149,0,2,0,0,0,0,3,1,0,166,6013,0,0,774,0,0,0,0,0,0,694,2,0,23,0,0,0,0,0,0,0,0,0,0,0,6,405,0,0,0,7,0,0,0,5,3,1,0,0,21,284,10,61,93,0,0,12,1,0,0,0,7,0,0,1083,0,0,0,0,35,0,1,0,0,54,0,2,0,149,19,0,0,131,0,18,0,0,0,0,0,0,0,2,182,596,0,4,0,0,62,4,1155,0,16,2,0,10,0,15,0,1,0,0,1052,275,0,0,7,0,0,0,0,0,122,0,81,0,0,0,0,140,0,0,0,190,17,1,0,1,0,0,198,25,0,0,0,12,0,1,0,53,0,0,162,0,0,18,91,63,245,0,254,0,0,0,0,0,0,0,8,1281,0,171,0,0,0,13,0,782,0,764,174,0,1,0,237,3,0,577,0,0,0,0,1,0,695,4136,0,0,0,0,0,0,0,1,0,243,3054,0,0,917,0,9,0,0,0,3311,0,0,0,0,6,4,0,0,0,0,0,1,671,0,0,0,197,7,0,0,0,199,0,38,2,0,0,0,0,556,8,0,0,2,2,1,175,7,0,3249,0,0,0,37,4,0,0,0,0,0,741,0,0,0,0,0,0,0,0,0,0,0,22,0,4,0,0,0,0,1247,0,9,3,3,0,0,12,0,0,0,0,0,0,0,0,2,0,0,18,7,0,0,0,4122,0,0,0,0,0,0,0,0,0,1,0,0,718,0,0,0,21,0,0,25,0,0,0,0,79,0,66,1225,1,1,11,0,0,0,0,1,197,734,0,0,0,0,0,4,0,1568,1917,0,3,4,20,0,0,204,9,3,0,0,94,0,6236,69,0,0,0,0,122,1228,69,317,0,112,0,0,2,1,13,0,5,0,2042,2,192,0,77,0,574,0,0,0,0,424,0,6,314,0,148,255,0,1,367,0,3,0,0,0,1,14,11,0,2,0,0,3,0,0,0,1,4,0,18,188,0,677,1,29,0,0,0,0,0,0,7561,0,2,1,733,0,0,0,1,0,0,0,20,0,5997,904,0,6,241,0,42,7,2288,0,0,0,0,0,2,0,0,2,3,100,0,2501,0,4,0,71,0,3,2,0,2,0,570,0,251,0,9,0,30,0,0,0,13,0,1,0,1166,0,0,0,0,0,59,16,0,0,0,2,0,0,0,0,0,0,0,0,2,1579,0,1012,0,11,36,0,1,0,4,0,0,0,5,0,8,36,635,0,0,1,0,0,410,1041,0,217,0,68,13,0,0,0,3481,1,30,0,0,0,0,0,293,0,0,0,719,47,0,0,0,9,63,0,0,1,0,105,0,1681,0,24,0,0,1,0,2,0,0,0,47,0,0,2138,4,0,510,6,0,12347,0,0,10,0,9,0,0,0,0,0,0,2,1,0,0,0,10,22,0,0,0,0,0,0,0,0,0,0,0,0,0,0,0,0,2381,0,0,1,0,171,0,0,50,0,0,0,110,128,0,0,0,0,0,0,1,0,0,0,0,677,0,525,0,0,14,0,0,1,217,2,24,755,0,18,96,38,3,6,0,665,0,0,86,2,0,3,0,1977,0,1,9,3063,0,4338,0,0,0,0,3,0,0,0,0,0,80,9,0,821,0,0,0,0,10,0,0,0,0,0,0,0,53,1,0,0,1,5,0,0,0,1,2728,0,0,71,0,97,4,0,1,0,0,0,11,0,0,0,0,34,1,116,0,0,0,9,0,174,32,0,0,0,259,0,0,128,0,4,0,0,1,0,0,2,0,0,0,0,0,0,0,0,6,0,0,0,85,3,47,0,0,0,0,0,0,0,88,0,0,0,0,0,0,2,0,4,240,0,0,0,0,0,558,2496,0,0,1,1,0,0,0,0,0,0,0,0,2,0,11,0,0,0,0,63,9,0,2,0,174,0,225,0,91,0,0,0,0,1057,15,0,0,0,0,0,22,0,0,0,0,0,0,0,0,1,4,0,0,0,0,0,2,23,0,0,0,0,0,0,0,90,3159,161,3,0,6,0,0,3,27,68,0,0,0,0,5,0,5,33,2,1,0,0,0,0,0,6,495,166,0,0,0,2,693,0,0,110,2001,0,3,0,0,0,0,0,0,48,0,0,2621,8,98,200,106,16,0,0,1,1,0,0,0,2,0,0,0,0,239,173,0,0,0,0,0,3,0,0,0,0,1,3029,0,27,0,4022,0,2,0,0,1,0,127,22,1,1200,0,0,30,0,0,10,0,0,0,0,0,0,11,0,51,0,0,0,1,0,6,0,16,674,0,0,0,0,23,0,19,0,2,0,0,4,0,89,0,0,11,15,0,2,0,0,0,0,0,0,5776,0,0,0,2,0,0,7,0,0,40,0,0,0,0,1,1,38,12,0,120,1,161,5532,0,101,19,0,0,0,0,0,19,2742,35,0,0,1,1,14,19,0,0,0,23,28,0,52,0,0,12,0,0,0,0,0,0,406,2978,0,0,1,0,0,1489,0,0,168,0,0,0,0,725,0,0,4,0,139,0,0,0,0,0,0,0,0,0,0,0,0,1,0,0,0,0,71,0,1,2,1200,0,282,0,0,0,3,0,0,26,131,49,10,5,0,0,0,2,0,0,1889,0,0,140,0,0,56,412,0,5,0,0,0,0,45,0,0,0,117,0,0,0,0,9,0,0,196,0,2,8,165,0,0,0,0,0,1,0,0,0,0,421,0,0,0,0,60,0,0,1,0,27,7,0,38,0,1,1,0,0,0,0,0,0,25,0,3,0,115,0,18,10,0,0,0,0,0,5,0,18,0,0,2430,379,0,43,0,0,0,0,1,0,0,0,9,74,0,1,0,10,0,0,0,0,0,73,0,0,6,120,0,0,0,0,0,0,8976,0,163,0,0,0,6,493,2372,0,0,0,1,0,25,4,0,0,0,0,16,0,0,2,0,0,50,0,0,3,0,1,1036,0,0,5,186,0,0,0,9,0,0,0,0,0,0,0,0,0,0,0,0,206,0,41,0,300,1,0,173,0,1362,0,0,0,0,0,101,0,201,0,23,251,0,0,0,0,0,483,55,0,0,1,0,0,0,24,0,0,477,10,0,0,0,0,0,0,0,13,1,0,23,0,14,0,0,0,0,0,6,0,0,555,32,0,0,7,0,129,0,0,0,0,0,0,3,1,2,2,0,36,0,0,0,0,0,2,0,0,0,0,0,28,0,0,34,0,9,142,4,1,1,0,0,212,0,0,1735,258,0,0,1,80,0,0,0,0,40,0,0,0,0,0,1552,0,0,206,0,0,0,1,0,0,4,0,0,0,487,3,0,0,86,0,0,0,0,0,0,187,0,0,0,0,3,33,0,0,10,0,0,87,63,0,1,0,5,0,65,0,0,5,77,0,1,1998,0,0,0,1,71,0,0,0,1,507,6,0,249,64,861,0,22,41,0,0,1057,0,0,29,1557,12,7,23,491,0,0,0,0,0,0,0,0,0,0,1,68,4,0,0,0,0,60,0,0,352,0,102,0,0,0,0,252,1,0,0,0,54,0,0,0,0,0,0,1,0,0,12,0,6,0,173,787,10,44,0,9,0,0,0,0,621,3,4,0,0,0,50,197,0,1,1,1,0,0,0,215,1,0,29,0,55,4,0,0,0,0,0,0,0,3,0,4,1105,0,0,252,57,0,2,1,0,0,59,0,0,0,0,0,0,92,5,6,2,0,0,0,4,0,0,90,0,6,1,0,0,0,5,0,0,0,3712,0,2218,0,0,0,0,0,8,0,0,0,0,0,446,19,6,1559,0,0,217,0,52,558,0,5,1,326,0,0,0,1067,0,0,0,101,0,0,118,0,1277,22,2,0,1,0,0,0,0,36,0,0,0,0,0,0,0,0,94,0,2,0,529,2,0,0,3,1,9,0,2,0,0,0,1,318,0,0,0,0,17,0,0,0,2339,2506,0,0,0,3812,0,0,3277,0,0,0,7,7,0,0,6,6,1,0,0,1,0,0,0,0,0,0,3,0,0,0,140,0,0,0,0,1,1,0,0,34,0,0,585,0,1,93,0,0,0,34,0,0,1219,0,0,1,0,0,0,0,0,0,9,0,0,0,0,10,0,0,211,5,0,0,8,35,4,4,0,0,5508,2,0,0,1,0,14,570,10,62,14,19,9,6,703,5,0,1,0,0,114,2355,8,5,3,0,642,0,0,0,0,0,0,41,0,182,0,0,0,63,224,0,26,5,1,0,0,0,0,1330,38,0,0,0,501,1,0,0,0,3,0,67,5,325,4,0,2,5273,0,0,1,0,6,125,86,2,0,0,1,21,11,0,0,71,0,0,0,0,0,2,0,0,0,0,12,0,1,0,7,0,0,37,0,344,160,0,392,1,51,0,0,0,0,0,0,0,0,0,0,1,1,0,0,19,0,36,1,0,0,55,218,0,0,0,0,0,90,0,9,17,0,7,0,0,0,0,4,0,9,0,2506,204,0,2102,0,0,1809,1130,124,0,0,8,0,14,196,0,451,858,0,1,3318,0,0,0,0,33,0,0,0,255,14,0,0,0,0,1,0,23,0,136,1,13,35,1,0,0,444,16,0,0,0,0,0,1,1,0,0,183,0,438,0,0,0,6,5,0,0,0,0,0,0,0,11,2,0,0,0,0,0,0,14,0,813,0,0,1,0,2,0,1,0,389,0,504,59,3,0,0,0,148,2658,42,0,0,1945,521,7,0,50,4040,0,0,0,17,148,2,0,0,0,0,0,1,0,4,61,2,49,0,0,61,0,0,10,35,0,148,0,0,0,0,0,0,0,0,536,0,0,0,0,4,9,0,36,55,0,0,7,1,0,0,3,0,0,0,0,0,720,0,0,88,0,0,32,35,0,0,0,0,0,7,0,0,0,110,0,0,0,0,173,0,0,0,2,0,214,253,5142,0,0,482,0,0,0,0,0,0,0,1,0,16,0,81,1,1,22,0,0,4,2,0,0,0,2,12,0,0,0,0,8,0,157,61,0,0,0,0,0,0,42,69,0,2,1130,0,0,61,0,0,0,0,0,0,0,0,0,0,0,0,68,0,0,0,0,0,32,45,3,0,500,3,9,0,0,4,0,0,0,0,0,0,0,11,0,0,110,0,0,0,70,0,0,1098,26,0,8,5,0,695,1,5,1,12,0,0,0,0,0,228,0,0,1699,0,0,0,0,1,0,0,0,0,0,14,0,0,0,0,0,0,0,3,3,430,0,0,0,0,6,0,0,0,80,0,500,0,0,0,0,6,151,0,0,0,0,0,0,0,0,4,0,0,0,666,0,0,0,0,0,0,0,0,3,0,0,962,0,5,0,0,6,0,0,0,10,0,0,0,0,46,2,0,0,0,0,0,0,0,0,0,0,239,0,2,0,255,119,0,0,0,0,0,0,0,1,18,966,200,0,1,0,573,0,0,0,123,0,0,0,0,67,0,4,0,0,0,157,24,0,417,0,0,0,0,44,0,1,5,0,0,0,1,0,0,0,5,128,0,1,0,0,0,127,0,0,0,0,0,0,1,1624,3322,0,17,0,7,43,0,0,0,2,0,0,0,0,0,0,0,1089,3,0,4,0,2,0,0,0,0,0,1093,0,0,0,0,0,0,48,1,342,14,7,0,22,7,0,0,0,194,0,0,0,45,0,2,0,167,0,4,0,0,31,1,0,0,0,0,0,1,0,0,49,384,0,1285,0,55,0,0,0,0,0,0,0,0,569,0,690,19,0,0,51,0,0,1,8,81,0,6,0,2244,0,0,0,2081,8,2,0,143,189,333,0,0,0,197,187,0,0,1332,212,0,0,0,12,0,0,0,0,0,0,0,2188,0,0,0,0,0,22,0,58,0,0,11,0,0,5,0,2,2,0,0,1,0,40,0,0,1486,29,0,5,0,0,0,0,0,0,0,0,0,60,0,0,0,0,0,0,0,0,0,2,0,0,570,151,7,0,0,0,4,0,14,967,0,56,0,230,0,23,3,3,0,0,0,624,32,14,0,0,0,0,1,8,0,0,149,540,0,0,0,0,241,563,385,3,1,0,1,0,0,0,34,0,0,0,1,0,0,0,0,1056,0,1222,0,6,1,0,0,0,5,0,0,0,0,0,68,0,2,0,0,0,9,1445,0,50,88,0,33,0,1088,0,0,0,59,14,0,0,95,0,19,0,0,0,0,0,0,0,0,0,0,0,0,2074,0,0,0,0,10,2,60,0,0,0,0,212,0,3,0,0,5,1,0,0,0,261,9,1,0,0,0,54,3,0,1046,0,0,0,0,0,0,0,0,0,0,96,0,0,24,9,51,0,0,955,0,0,0,0,1,0,0,0,0,0,0,0,0,0,17,0,0,0,56,0,0,0,0,2,0,0,7,0,0,423,0,0,2,0,0,0,0,0,0,3,1,113,0,0,1,3,0,3233,10,1,0,0,0,0,0,0,2,0,20,0,0,0,0,0,0,9,0,74,2,111,0,0,0,0,0,0,0,137,5,0,0,0,0,0,0,0,0,0,5,44,0,0,0,0,0,0,0,0,80,75,1,0,0,0,0,0,0,0,0,116,196,0,0,0,0,0,0,1,0,4669,0,0,0,0,0,0,25,0,232,0,8,1,2,0,16,0,0,0,680,0,0,0,0,0,0,44,0,0,0,0,6,0,94,32,0,13,0,0,260,0,6,1,0,0,0,255,0,245,0,0,0,0,81,46,0,0,7,0,0,0,627,144,11,0,1,0,0,0,0,0,0,58,0,3,0,18,0,0,3,0,0,0,0,1,240,0,49,8,70,0,0,0,0,0,2522,0,0,0,0,0,0,0,0,0,0,779,782,0,214,0,3,0,1164,4,0,0,11,0,0,0,37,0,1,0,0,0,50,37,0,0,13,107,1332,0,0,0,0,0,4,330,18,0,1,1112,0,0,0,8,0,0,0,0,2732,0,0,0,0,0,2723,0,187,0,0,0,5,1276,0,0,0,0,0,25,0,0,0,0,0,0,0,0,0,2,0,0,0,117,0,0,13,0,0,23,251,468,185,0,0,0,48,0,0,0,0,0,0,0,0,0,5,37,0,1,0,282,1,0,186,275,0,0,11,0,85,0,148,0,0,0,5,0,0,103,0,258,55,0,1,6,0,0,7,0,1,0,0,581,0,845,1,0,0,231,0,0,0,0,0,0,18,0,0,352,3,3,25,613,0,0,33,0,0,0,174,1,0,0,8,0,1596,0,1,0,0,0,5940,289,372,0,41,0,0,0,0,1,0,3787,0,0,0,0,1954,0,0,4,0,1,2,0,1,61,0,0,2947,95,0,61,8,2,0,0,0,0,0,78,1,1753,0,239,0,81,0,51,0,0,0,0,0,242,0,1,0,0,0,0,544,66,24,0,1,0,0,373,5780,11,22,0,5,0,19,4,0,0,0,0,20,0,0,3,8,0,0,0,253,0,0,0,170,0,0,0,41,0,3,37,2182,3,0,900,2,39,0,0,7,0,0,0,0,7283,1,0,1,0,0,0,0,5,1,3371,133,22,0,0,0,0,97,0,0,2,0,1,0,0,0,0,24,7,0,0,0,0,33,0,0,0,5,0,14,4,0,151,1,18,1,0,0,0,0,1501,0,0,8,0,5,12,170,1,0,0,0,0,7,34,1,0,0,0,0,0,0,513,1340,0,0,3070,22,2133,0,54,0,0,0,119,659,0,2,0,0,1,93,0,21,24,1,282,24,0,0,1547,106,0,0,92,0,66,0,1,1,0,0,0,0,0,2,0,0,0,0,4,0,9,16,0,0,0,0,1824,7,245,0,9,2,1,0,0,853,650,0,0,0,1,0,9,0,0,1,0,36,231,0,0,0,0,0,0,0,0,0,0,1379,0,0,228,55,1,32,6,0,79,3069,0,3,357,0,179,0,0,0,0,0,0,1,0,0,0,0,0,0,217,194,0,0,1,0,2,1,0,20,0,0,0,0,112,0,0,0,3,5,0,69,0,0,921,1915,216,0,0,340,0,1155,0,1,0,44,0,0,0,0,0,0,0,0,0,2155,0,0,1,2,0,3,0,0,0,0,0,0,1,0,0,0,15,3,276,2,18,701,0,0,23,276,2519,0,76,350,6,0,0,63,9,5,5,567,0,13,0,301,1,0,0,0,0,1284,2,9,158,0,0,0,13,0,56,0,7,1,1852,1,10,0,0,85,11,1,0,0,688,0,0,0,8,0,0,1,0,0,722,327,0,0,0,0,0,5879,1,0,5,0,0,0,421,0,0,0,0,0,0,98,2,1,0,1024,0,0,0,301,0,31,0,0,0,1,0,49,74,0,0,0,9,1,0,924,0,0,0,3,3866,0,0,67,61,0,0,8,6,3,0,27,0,206,0,0,196,0,0,5,1005,72,0,3,0,0,5,3,0,0,0,3,123,0,304,414,0,0,1,4,13,0,0,0,11,131,0,6763,612,1,0,1,2,0,0,0,27,0,8,0,0,0,2,0,5,0,4,0,0,1,421,0,0,0,0,0,0,1,0,0,1,0,0,0,0,12,0,0,0,432,0,20,0,0,48,0,208,1,0,3,0,0,0,213,804,0,95,0,0,0,0,1,0,2,0,10,0,2,0,14,23,0,20,0,0,0,0,17,867,11,0,0,0,0,146,94,0,0,2,0,8,2,0,1,0,7,1,4,0,0,20,0,76,7,0,0,1,13,0,0,0,2,0,0,0,0,0,74,756,0,3,0,0,5,3286,0,25,0,328,95,0,143,0,0,0,0,0,417,0,0,0,0,0,0,0,0,0,0,338,1,606,110,0,1,0,0,0,2,164,0,0,1918,2,11,299,0,0,0,2884,131,956,0,0,0,2856,13,1659,2807,0,0,1,18,37,0,139,82,120,105,17,0,6,0,0,0,0,1258,211,10501,8,1,0,1158,3,0,12,0,0,0,1,0,0,6,0,0,3,0,0,54,0,0,0,2,0,0,0,0,4,0,5644,0,0,0,0,118,1,0,1,0,0,0,2,6,0,649,0,0,0,0,0,361,0,0,3,25,0,3,13,1,0,0,0,0,0,0,3,0,12,0,0,0,1,0,0,0,137,3,0,270,0,2,0,1,0,0,3,7,284,208,307,10,0,0,0,0,0,0,0,1,1,0,0,872,3,0,0,2007,0,0,0,0,0,0,0,142,0,0,0,0,0,0,0,12,0,11,0,32,0,0,5,0,0,49,0,0,207,0,104,0,12,0,2,0,236,0,0,1380,0,0,1159,0,11,0,0,36,1,0,0,54,0,0,0,0,1723,1439,0,1,0,0,0,0,2,0,4,4,0,2,7,0,0,0,0,0,5196,107,0,0,0,0,0,37,0,535,0,0,2,0,125,0,0,0,0,6,0,0,60,0,1,6,3709,55,0,0,0,0,59,340,0,0,0,0,0,0,0,0,656,15,32,3,0,0,0,0,0,2,0,55,0,15,0,0,1,3637,9,0,14506,0,0,12657,3732,4198,0,48,0,1,0,0,0,0,333,5,0,8,131,1,0,1,0,7,100,0,35,0,24,0,0,0,0,979,0,0,0,0,302,0,0,8,2247,2,0,0,0,0,0,2,14,0,534,0,5,0,0,0,0,0,7,0,0,0,11,0,0,1,0,13,0,0,3821,0,176,0,0,0,0,0,0,0,0,0,99,0,94,0,0,7,0,67,0,2,269,0,1,0,0,0,9,0,0,509,0,0,114,266,208,0,10,0,69,0,0,68,0,0,12,0,0,0,0,0,1,305,0,6,0,0,0,0,289,1,0,0,0,0,0,0,163,0,16,39,0,935,0,0,0,0,0,8,0,0,251,546,0,7,1,0,0,8,1,0,0,29,4,0,0,0,0,0,0,4304,0,0,2,250,0,0,196,0,0,0,8,0,60,0,1,0,17,8,0,0,428,0,69,0,0,0,0,1,0,0,0,196,7,52,0,0,502,1000,4,4,4,0,4,0,20,0,13,51,240,0,0,0,0,45,0,0,1,0,0,0,0,1215,37,0,0,116,1,0,0,13,0,1,0,0,0,0,0,0,0,0,0,0,232,0,0,3,0,0,0,0,109,0,92,570,0,0,0,4321,0,0,0,15,212,0,0,20,0,3,229,2,0,1135,1,0,1,108,114,116,0,0,28,0,0,0,0,0,0,0,0,3,0,0,17,0,0,12,2508,0,0,0,1,0,0,71,0,346,0,0,6,0,0,3109,85,0,0,0,1222,0,0,159,0,3,0,0,677,0,0,0,3,2,0,139,0,25,0,1686,0,0,0,18,0,0,0,0,3,17,98,0,1,0,2530,35,0,0,1,0,1,0,0,0,1,0,2,0,0,0,4,587,9,6,0,0,0,7,185,0,52,0,1,0,160,0,0,0,0,0,0,0,0,0,0,371,0,7,0,84,242,0,0,0,0,16,3,0,0,0,49,0,0,0,0,878,287,308,15,0,0,0,2,0,10,386,2,0,0,0,0,0,1145,472,5,0,0,0,0,268,0,1,186,5,0,0,2302,0,2,0,15,0,104,80,0,0,83,45,0,0,1130,0,0,0,0,0,0,0,0,0,370,1912,140,0,0,0,0,28,0,11,0,0,146,8,0,0,0,0,0,1,0,0,193,0,0,1,197,0,0,1,156,1,0,2,583,19,0,1,0,0,0,347,0,0,266,0,37,0,40,0,0,0,0,0,0,0,0,0,7,14,554,2,36,0,0,0,0,620,0,0,0,303,0,0,0,0,0,0,0,0,20,0,0,0,0,0,0,0,0,0,0,0,700,81,0,486,0,0,2580,1,0,0,0,0,7,0,0,103,0,0,115,445,6,0,239,0,0,136,0,1,9,10,0,0,0,12,0,0,27,0,20,0,0,0,0,0,1,0,1,0,0,0,0,0,32,39,325,23,0,0,3,0,0,1,0,0,194,1,0,0,0,5,0,0,8,396,4,89,29,496,0,81,15,159,0,4951,0,9,4,0,1,0,0,0,458,0,0,8,12,0,0,0,0,0,0,0,478,45,0,0,5,0,858,356,35,0,26,50,3609,7,0,0,0,0,45,0,0,293,0,0,0,0,111,394,0,1694,0,0,0,33,9,0,249,0,0,0,0,2,235,27,0,65,10,3,10,0,533,0,0,0,0,0,2,0,0,0,23,0,0,0,2,0,11,0,0,0,48,0,201,33,0,6,0,0,4,0,150,0,0,414,0,0,1,0,0,0,0,158,3967,1260,787,0,0,1,0,0,0,211,0,0,0,247,0,0,0,11,44,2,0,0,6,0,0,8,0,0,0,18,1,28,0,0,0,47,0,2,0,0,0,0,58,274,0,0,132,0,1,0,0,17,0,4,0,177,0,0,0,1,0,0,0,0,0,0,4,0,0,787,0,0,0,45,1,2,0,0,95,0,1,0,0,0,0,0,912,0,0,201,0,6,0,0,20,61,2,0,0,0,0,1,125,2,0,621,0,5,19,4,0,211,0,228,0,0,0,10,79,0,34,69,323,0,0,878,0,6,161,1,0,0,13,0,14,0,2389,0,2,0,0,0,0,7,0,3,0,0,0,0,0,1,12,0,0,0,0,0,0,0,0,0,17,0,0,0,0,0,0,0,0,0,2,0,218,0,0,0,0,0,0,0,0,0,0,87,0,12,0,6,0,0,0,308,0,288,0,1,0,80,0,0,0,0,4,0,83,550,0,0,0,0,14440,0,0,0,0,1,759,0,0,0,1535,0,0,0,692,0,3730,0,0,0,4960,0,19,8,0,0,0,79,0,2692,0,0,0,9,45,1,0,0,0,18,4,0,0,0,4,62,0,1397,23,0,1,1758,81,34,0,6,0,1,0,342,0,9,0,0,0,0,150,0,284,3111,0,0,1938,0,1,0,0,0,0,85,0,20,12,2,8,0,0,0,0,3167,0,2,3442,17,10,1,0,0,0,0,6974,0,0,0,0,0,0,1560,308,1,0,0,0,379,0,0,0,1379,565,0,645,0,0,0,0,18,113,309,0,2,1272,0,0,0,0,0,0,1,73,0,0,0,0,0,0,31,0,1,0,4661,0,0,0,2,0,0,231,384,103,163,586,0,0,0,5518,0,1,0,0,0,0,0,0,0,1,16,546,0,0,0,0,0,0,95,22,0,0,0,3,462,285,51,2,0,0,0,0,0,0,0,0,0,0,78,0,0,0,2534,1,822,11,0,0,0,0,0,0,5652,0,47,207,0,0,0,5,0,146,12,0,0,1,0,0,0,0,0,618,588,0,0,99,0,0,0,0,665,307,36,0,10,0,0,57,0,138,0,6807,0,1352,0,1,0,0,0,64,0,2,8,53,0,24,36,0,1,160,65,10,29,0,0,64,0,0,0,0,45,5865,0,0,433,897,0,0,0,3213,74,0,0,0,0,0,0,56,190,4,486,8,0,338,3,678,0,11,0,0,132,0,0,1,956,95,0,0,0,1,1,259,0,0,0,0,0,8326,0,0,0,1,0,0,0,50,0,0,0,0,564,0,7588,9,0,1224,0,1,0,3,8640,0,0,0,0,0,2,0,0,1,530,5082,1706,7,0,256,0,0,0,0,0,309,0,0,19,1551,67,0,68,32,0,85,27,0,0,0,0,0,8,0,5232,0,0,0,0,333,0,2,0,0,1,0,8,0,0,0,21,30,0,0,0,1,0,0,0,1309,0,0,40,0,28,0,111,0,1,0,0,918,68,0,2,518,0,0,0,2,0,107,0,692,0,4,2,0,0,4,0,0,4,0,0,1,26,0,0,41,720,0,0,0,0,0,2,0,6,2682,0,0,0,0,0,29,0,311,0,0,1900,19,0,0,0,0,2,0,611,25,4257,0,1,4,0,26,31,0,0,0,2309,0,0,0,239,0,0,0,0,0,1483,2,1,0,0,0,363,0,0,17,26,0,0,0,0,6313,0,0,19,48,316,0,0,2,0,0,33,85,0,0,69,0,108,0,2,0,408,0,3748,0,39,0,0,0,0,0,0,18,26,0,689,3,0,216,14,0,0,22,781,0,0,0,0,0,0,157,0,0,0,0,0,13,140,0,57,2,0,0,0,565,0,4,1,0,34,1,1,0,2627,0,0,0,0,0,616,0,2,0,0,764,0,0,0,0,0,0,973,148,188,679,0,76,0,0,0,0,0,0,0,0,0,2990,0,0,0,0,0,2991,213,0,23,0,0,0,196,0,0,0,3,116,8539,0,0,0,0,12,21,0,16,0,1007,0,17,0,99,0,0,0,0,0,0,0,0,0,0,1,0,0,0,0,119,92,0,21,517,0,28,0,0,0,5,0,0,2,96,0,403,0,9618,0,0,347,0,1,0,0,0,24,0,0,0,0,3,0,0,0,0,4,0,392,1,0,52,0,88,0,0,0,0,0,13,5,0,568,0,25,0,0,392,39,123,252,0,0,0,0,0,1,60,4342,0,0,0,0,529,0,0,821,0,314,0,1,0,0,0,0,0,0,0,10,0,594,1,0,3,1773,0,0,46,664,0,26,31,0,6,0,192,0,0,3,0,0,0,657,50,0,0,0,0,7,0,6,0,0,1,0,0,16,0,1593,0,0,0,6,1,0,0,25,1895,0,0,6492,0,0,0,0,386,0,2,0,11,4,0,37,0,296,0,0,398,0,410,0,0,8164,759,0,0,0,0,0,0,0,43,0,0,0,0,246,0,0,0,54,1933,0,31,40,0,8,0,1,0,1740,0,0,805,238,0,16,3,237,8,0,0,0,0,2201,0,0,0,2406,0,8,38,0,665,1,0,18,0,0,0,0,0,0,30,0,101,3046,0,0,0,0,0,41,1120,0,0,3667,95,6,0,15,0,1,0,15,0,0,3626,47,0,0,0,175,0,12,0,9,0,0,54,0,0,0,0,0,15,0,0,231,0,3,24602,0,0,0,0,1253,3,328,0,1708,995,15,0,0,58,0,0,142,0,1,0,0,0,0,0,0,1,0,300,107,18,952,0,720,0,0,12,0,0,105,683,4,386,1939,362,440,1,0,3,0,3,96,115,45,7,8,0,0,69,8,0,3758,2,0,0,502,0,0,0,23,0,1,0,0,0,0,19,5,1,0,0,1,0,2,0,2,0,177,154,5,355,0,0,9,0,0,0,2,1,0,3753,0,0,80,10,2,0,0,0,1,0,0,0,72,0,24,67,0,4784,0,2670,0,0,0,197,3,0,909,0,0,28,0,2,0,0,0,634,0,0,3,0,0,0,385,9,16,0,0,72,4,0,209,0,0,0,0,0,286,1,0,2707,27,0,0,0,21,0,0,0,0,12,0,0,0,421,0,22,0,136,0,0,0,6682,0,2,12,0,0,0,350,0,0,0,0,0,851,0,0,0,0,0,6237,0,0,0,0,0,9,0,0,0,0,0,466,58,0,0,0,45,0,0,80,0,2950,0,0,0,0,0,0,0,8,11,0,58,19,0,4,0,0,0,0,0,1,891,0,685,0,0,0,0,0,0,0,0,0,0,0,0,0,19,0,0,4,0,24,0,0,2,0,0,0,7,0,0,587,0,3,0,402,0,117,0,0,1,5054,0,0,0,0,3,2,0,0,0,13,0,1,0,0,1923,148,0,0,410,0,0,0,0,0,12,0,0,0,857,430,0,2,0,9,0,0,0,9,6,765,10,5251,0,1,9,0,0,0,0,13,0,127,2,0,816,2127,486,0,0,3,0,5,0,0,708,4,10,666,0,0,1986,0,0,0,0,0,49,0,1,0,0,0,0,0,0,30,1,0,195,138,104,0,0,0,0,13,18,0,0,0,0,0,0,0,0,0,84,0,0,0,0,1,0,0,4,0,0,0,0,4,52,0,12,1,472,38,0,0,0,0,33,6,0,0,1,3,0,141,0,0,0,0,0,1,0,0,304,2,0,0,0,0,0,29,1253,1,12,0,0,0,0,0,0,5,764,3,5916,0,26,0,0,0,197,0,0,2,0,5,0,0,0,21,0,252,0,22,0,0,574,140,0,0,19,259,0,3,98,0,5869,336,18,67,0,0,748,452,0,0,36,23,82,3,7,6,0,95,0,8,0,0,328,2,3638,0,0,21,0,0,10,0,1,0,0,18,0,0,0,2,15,3,10,61,0,80,2817,354,0,0,0,0,0,5,0,13,0,0,0,0,388,1,0,0,0,46,0,6508,105,1,0,0,0,0,0,0,0,0,9,0,0,5,0,0,16,0,0,0,99,380,0,0,499,0,0,0,2,7751,0,0,0,0,0,1,0,0,0,46,0,0,1,91,0,1,0,1890,103,101,0,9,0,2,42,0,5,0,0,3,23,17,0,0,0,0,1,159,0,0,3849,0,0,57,5,0,0,0,175,0,0,0,3927,0,0,2,0,1,0,0,0,0,0,0,0,0,11,143,8676,0,0,1,642,0,1,239,0,0,0,0,0,0,0,22,0,0,0,0,0,7,0,0,0,1,294,0,9,0,0,0,0,0,13,2,0,4,14,374,0,1,0,0,2,0,0,0,0,78,1070,0,0,221,0,10208,0,1,0,0,5,0,0,3248,0,0,44,80,0,0,0,0,0,40,0,0,2549,4,0,23,45,2272,0,58,168,44,0,19,4,25,8,0,614,0,1387,0,0,0,23,0,93,0,1,0,114,0,0,0,6025,0,194,2233,452,77,0,10969,0,0,2,0,0,0,0,0,9,0,73,0,0,6,6,62,8737,0,0,0,2,0,328,2,2446,0,68,0,0,0,0,0,0,0,4379,6,0,0,4455,32,149,2,1176,722,0,0,0,0,2,0,0,2,0,5,0,0,115,0,110,2665,63,4,1096,1,0,0,0,0,0,0,0,2607,0,0,45,0,2,230,38,0,0,45,322,0,0,0,60,0,0,5305,9947,0,0,0,0,0,204,0,1,641,27,0,0,0,401,0,0,1,0,0,1,0,0,5,0,0,0,1,0,0,0,0,0,36,0,0,0,0,0,0,0,0,17,0,13,0,43,2,94,330,0,0,1,0,0,3,0,3960,863,0,0,0,602,4,0,1,0,1,3,398,0,2,0,948,0,0,0,0,159,0,0,451,0,0,3972,0,0,0,0,10,10,0,0,0,0,11146,347,2,0,0,3820,31,3,0,5,0,16,0,0,4,0,0,2,0,0,0,0,1,0,0,1,1,0,0,333,6,4,956,0,0,0,0,4985,0,4,233,0,0,0,204,4,4,0,0,345,0,0,12,0,0,0,0,0,0,87,21,0,0,1,0,138,2,61,0,1,0,0,5688,4865,1367,3,142,0,2071,187,0,0,12,0,0,0,18,0,0,0,0,0,0
107,261,237,54,297,234,48,281,1078,281,1,165,28,8,1073,339,73,179,43,222,1967,1185,166,4,23,142,0,883,19,957,1243,17,964,299,2455,309,669,400,152,140,1003,139,161,1864,1743,603,320,141,228,4,340,578,246,1025,6760,39,333,296,166,261,1344,266,155,525,2,7,20,134,3722,196,95,2651,328,1106,1115,321,55,575,519,1513,111,29,2091,3450,557,11,307,815,239,10,204,51,3450,108,0,19,52,3073,36,227,969,16,132,294,4,875,8,217,90,24,286,2672,2646,2150,20,3552,1292,2544,4,207,452,3084,78,2376,19618,778,582,167,2896,54,2371,72,124,274,99,773,158,407,14,459,5443,34,1,528,902,357,218,14,198,80,186,186,1048,16,1611,14,3,397,2565,246,1376,28,227,327,360,793,134,1368,1,5985,484,89,2483,36,1998,2916,1170,3675,1159,457,136,668,160,84,4,385,328,452,83,421,299,1158,119,9,157,0,316,1890,984,547,37,1659,8075,691,439,0,1637,64,61,28179,107,160,3,11,102,92,973,987,193,16,236,401,37,98,307,388,317,37,43,22,15,47,0,786,583,200,32,0,119,918,33,4785,432,280,0,7,1097,120,5,112,55,138,45,399,556,445,180,708,980,437,96,97,301,83,987,485,284,43,31,419,37,321,2298,53,193,143,2106,128,17,223,192,229,138,86,313,172,199,25,227,4063,737,190,2044,348,172,2932,706,77,74,71,932,995,630,87,124,11324,1066,102,733,2517,659,309,13,10,491,12,32,116,824,17,49,2003,977,56,61,327,4476,3,4157,170,14,0,339,437,4189,31,347,206,591,0,81,0,66,890,7167,886,390,97,8,0,573,3332,613,92,48,1536,624,1681,594,1,1487,1267,2,1501,1082,1204,36,1195,4579,114,5505,578,826,1556,4908,0,2364,1416,2315,255,379,54,66,95,90,1503,13,56,1087,492,525,470,74,242,892,976,0,2399,748,406,267,1,40,116,31,109,888,1475,287,910,250,78,256,3,3,246,216,88,536,4200,271,234,544,78,59,1235,6678,895,64,0,397,16,1238,7148,73,45,0,780,11,1732,507,1,74,24,486,21,1,167,76,34,1749,36,78,7,2649,7,757,8,2,138,706,711,9,132,118,2415,237,3835,604,88,448,325,2701,11,353,113,148,39,299,32,219,707,123,206,208,138,1270,0,683,50,735,245,6,116,63,606,2099,163,508,26,826,0,2050,338,34,2332,167,222,107,70,938,10,107,5510,122,57,75,2794,53,446,1181,2,183,500,14,138,49,88,263,2078,6,61,2572,1007,136,136,94,5894,0,61,1067,2311,23,1856,112,913,236,20,366,316,69,412,539,897,1399,2079,442,0,0,138,50,306,886,100,514,95,329,437,265,141,4905,249,342,61,41,23,1672,14,641,895,15,854,165,897,97,3522,91,484,5706,2197,160,1,2213,604,5,61,22,196,1,3014,3067,3917,0,3,2,835,1,318,4779,1112,76,25,332,100,1435,719,22,101,150,508,3,33,765,2938,318,3282,138,46,3573,156,826,1543,19,72,259,309,93,4228,63,8,42,339,155,110,210,448,71,824,2188,5227,48,166,206,13,384,178,4,263,1871,245,183,23,1733,108,149,1512,8,2054,20,1425,3984,1327,14,147,22,2639,136,146,3945,263,20,33,102,0,9,33,420,153,881,2611,248,321,113,1263,65,92,0,5588,50,2,1560,442,0,250,0,0,508,4949,285,662,12,1357,876,3374,89,391,120,1966,223,407,0,47,0,119,314,961,4774,144,2329,337,36,272,67,1694,27,0,43,4577,19,0,203,228,438,531,71,9,25623,174,1468,252,186,13,101,328,192,954,4700,571,11837,4302,28,1288,1768,125,0,245,283,0,329,8,102,79,835,37,297,1124,243,213,98,530,167,5119,5,693,4,364,2691,4317,3,1,1118,398,10,3120,1136,503,198,540,63,107,513,167,171,315,1761,308,1528,42,3057,52,1970,18,229,11,252,1787,471,58,237,1274,1432,3104,413,0,76,1681,195,11,682,1629,561,732,356,1139,60,432,11299,237,146,86,0,1556,187,4,744,834,404,1092,301,517,669,32,371,1,715,631,914,2527,31,41,150,2,104,98,109,5037,380,8026,163,0,47,464,539,232,114,78,613,8,50,84,0,137,4172,401,2,2349,179,2952,214,345,722,1845,1784,8,136,2032,52,396,17,0,188,3303,383,84,155,163,992,172,2535,0,347,247,704,621,403,365,759,676,2913,128,5,42,27,258,9,598,64,2,264,235,59,176,138,6405,210,196,883,3099,400,342,86,796,58,299,1208,95,2287,367,51,523,2363,265,384,198,617,873,94,26,873,286,1693,1,5,158,1391,36,232,42,215,11,250,237,390,403,1405,3595,15,73,275,146,1967,1,93,26,538,190,97,4409,29,102,1916,683,1626,12,13,1390,580,3114,181,1,3492,292,1151,23,171,9530,154,164,226,155,1261,0,64,0,9455,611,480,5950,373,6,138,784,2389,0,0,867,630,223,258,48,265,156,3416,0,2720,175,171,586,739,1832,238,285,723,190,155,532,2900,3555,59,259,1343,6,9503,360,76,4,3974,583,1063,2324,1650,148,7,1350,369,34,160,2600,1210,73,1311,276,503,95,225,539,987,5,17,223,833,1562,199,46,92,0,626,0,4953,1362,61,19,2474,53,876,115,162,149,2576,37,13490,227,4335,867,1657,0,84,174,957,113,324,1,0,23,5160,145,35,1283,2827,304,385,714,132,32,135,6012,128,159,108,14,87,36,95,431,606,8,1525,931,2570,917,0,239,312,0,511,5,1476,1,4958,4499,1546,88,599,7,1544,1,0,814,17,33,308,870,1192,5173,169,167,266,753,31,501,50,59,311,430,1284,353,3501,783,35,2507,791,168,102,170,13,54,233,0,317,719,144,143,724,71,0,818,137,941,2693,162,332,810,92,780,244,3174,1126,4,26,469,633,1455,799,3640,28,141,15,3,251,778,0,826,859,0,1060,5,1402,68,274,803,799,46,2251,306,16,41,40,194,331,493,409,13,97,1375,1562,21,111,525,17,16,71,86,0,584,1096,696,102,258,278,142,5101,160,245,401,868,1931,277,57,2821,536,6,199,1418,232,185,10,31,154,5440,344,515,116,3761,301,569,8405,3669,423,669,253,53,193,668,6254,138,409,517,4246,221,54,419,1929,1,63,110,1424,150,338,255,148,51,185,159,22,3971,80,66,316,37,102,355,1587,1985,1759,809,0,733,0,246,134,3314,1137,106,26,3293,1896,77,108,6,547,194,849,120,47,194,3491,815,41,951,5976,15,68,133,59,106,177,7,238,96,1085,82,3,33,24,1883,196,84,111,921,0,40,34,38,119,71,1617,1,14,141,0,111,1190,244,10,462,7075,231,433,256,721,3,302,1992,1146,1193,1310,347,81,23,6734,199,283,82,280,510,0,484,603,2,6,17,354,717,376,164,1977,1723,1617,176,982,7,1450,468,312,205,318,4563,13,0,1413,432,139,839,876,150,168,359,524,37,86,399,703,1,171,560,207,21,849,771,82,5144,1757,3,12,3878,139,1335,4,152,595,2097,2708,4,137,245,1707,1410,4628,620,3745,2935,889,1033,6346,2287,279,74,356,0,123,62,87,456,73,19,9,0,43,864,885,189,9,193,7,336,704,2282,2430,1,629,119,6,334,833,70,594,0,319,0,114,51,0,2323,962,1224,0,20,260,65,1478,624,51,326,290,6192,5,98,0,410,4855,815,487,958,790,96,551,421,27,9,84,72,1,204,883,32,40,42,5,6517,66,1,1,2147,4,1312,0,235,292,824,91,198,296,3,2585,916,184,245,18,840,39,277,139,1,2302,28,2034,356,175,127,955,2263,2,69,163,153,7191,282,4832,757,0,0,3062,0,53,1269,8,1728,17,241,369,386,783,4042,1525,2338,2936,119,1,1878,947,429,1092,36,199,359,146,10,240,85,1290,211,2140,6066,395,0,435,26,192,609,672,1038,572,7,74,0,1550,320,696,1895,61,509,1298,87,208,107,4449,1773,0,1088,666,13,823,9,714,560,5587,22,4198,11,872,7,2245,38,155,101,59,225,0,27,1994,257,69,2,3307,0,15503,371,3301,13,0,1,36,85,233,36,1045,334,24,2248,19,719,82,39,44,1750,323,5559,4,40,278,469,296,109,751,30,66,148,1134,61,426,99,7,243,1399,105,0,7314,43,24,601,1385,1,900,3342,413,45,732,4,2570,1,35,55,218,990,486,599,630,0,2740,579,375,581,407,73,0,148,136,2235,3,130,116,1482,2716,853,735,7,405,368,1407,62,3,155,113,29,0,1050,2,54,106,0,208,239,0,88,0,79,3662,1335,1,152,438,483,368,704,355,2831,48,71,2757,95,832,150,9,252,61,120,153,0,74,1147,293,350,1006,2557,245,17,197,367,392,1809,179,218,1499,79,911,39,166,189,4164,40,516,160,1467,2271,1479,3057,11060,24,308,41,173,141,67,59,3,2218,54,4,909,903,495,5,286,31,30,2,982,432,133,338,47,1915,19,11,694,1111,256,498,16,113,123,1909,118,36,11,41,385,181,385,424,400,393,186,1211,10862,3604,831,698,498,154,58,81,154,651,75,3,0,44,50,4041,960,3464,487,255,0,227,61,270,125,19228,721,100,1,1653,39,43,928,204,11,1976,229,0,738,123,2121,4027,0,82,2,99,1127,135,75,5,537,11,742,0,534,74,19,831,3879,557,146,2,7,795,670,1017,96,46,630,0,106,107,415,171,0,1208,6524,279,6,574,106,1578,392,4,33,1881,1319,42,63,86,146,181,266,429,0,486,242,218,82,158,239,363,4097,547,1985,341,86,73,4375,21,15,1228,624,126,376,309,220,314,610,135,312,944,2900,201,1373,3515,1382,1931,40,97,2126,285,3,312,166,63,24,1462,883,108,73,10513,1596,459,446,1586,276,0,1,35,866,456,320,193,106,269,150,2888,254,411,6681,5951,334,418,61,4507,685,31,0,135,2327,4483,544,75,1779,938,270,386,1924,31,307,237,479,1175,28,2,1004,92,37,161,0,266,339,0,460,2,157,1136,2137,749,43,32,0,58,210,394,317,158,40,64,52,898,880,150,5690,825,9,2664,1503,0,3416,664,1963,242,626,16,289,117,0,444,133,296,660,6,13668,515,24,562,8667,116,10,1534,75,29,38,2723,671,133,2282,861,61,0,29,81,2512,2881,0,464,455,998,654,154,86,888,57,592,432,205,910,8,329,0,185,46,2628,443,1042,1070,1632,9,371,481,25,73,295,360,324,35,2,10,372,127,196,3896,1070,7,153,2,16,14,701,1291,433,199,444,350,6,209,691,39,145,0,280,185,204,169,102,464,5159,73,3,791,283,240,27,88,0,1689,4703,6193,44,114,197,1102,0,62,2,484,7,398,7208,187,450,4186,198,27,183,1349,1342,321,20,1902,1404,91,44,863,290,1835,1316,1248,0,120,347,88,247,2487,471,1187,41,14365,116,35,41,1213,789,437,4421,78,468,903,11,2501,67,87,54,193,376,1321,2422,499,512,36,728,526,23,12,0,1,652,34,179,64,223,1028,488,2199,0,1464,683,67,43,399,0,783,3837,262,43,264,194,1296,99,2212,376,250,1923,0,286,270,337,1229,174,1776,92,291,10,139,25,90,44,94,7641,63,1591,641,1437,4984,0,451,1112,305,743,478,0,13,2,2006,2,720,2085,172,1063,3,49,523,6297,200,473,143,325,277,276,1078,95,227,43,7270,804,9,2944,120,541,34,11,62,89,0,733,1214,163,531,0,410,158,267,4,996,2771,51,482,0,1181,35,390,393,3845,10,488,2660,1991,337,277,8405,2529,197,118,27,44,61,40,201,1,547,767,322,0,11,1937,83,161,620,302,904,213,865,1745,139,8593,6,103,26,5,226,537,1012,171,55,2393,70,0,589,22,47,0,60,27,4519,109,15187,91,27,26,1422,166,357,77,311,7856,1134,6534,281,0,433,593,348,340,23,865,115,119,92,1475,916,38,10,814,984,125,2,3,1033,893,30,2362,55,2007,657,509,171,163,281,636,0,174,126,25,160,1390,0,151,80,5793,138,1124,8,729,4315,47,545,2237,31,111,30,708,961,3884,22,464,59,420,12,455,48,2403,244,455,372,3010,752,516,1,191,9,562,150,38,321,77,6000,421,1618,143,34,758,96,2345,4,502,0,1736,324,890,2,465,204,265,851,534,4946,212,290,586,724,130,551,376,124,1950,197,316,171,1487,1401,0,2745,118,3644,160,7,6555,263,186,0,3015,130,476,378,507,53,231,240,3898,0,172,637,0,4,247,0,240,155,1064,0,430,383,210,245,45,266,186,46,3,2,531,371,229,255,3224,657,381,62,0,908,286,288,57,187,422,19,2010,1497,2,237,113,518,0,212,70,829,378,702,0,668,286,72,289,1138,14,1127,129,2,10,4610,78,743,318,4,365,0,26,608,88,0,1509,626,40,981,174,1575,41,920,172,1258,123,17,260,1022,165,15,641,4,1030,236,126,404,1587,0,5,64,81,1890,164,0,143,208,227,15,0,2850,40,271,351,739,1206,0,281,2598,73,5385,1606,291,779,2096,1103,940,2,418,153,2511,1864,1,50,3,284,4620,8,746,1937,20601,93,2758,0,899,4,1044,390,1470,195,1390,1171,1538,5,142,69,31,732,1129,1078,183,724,288,521,0,40,303,276,51,70,0,106,3,111,760,375,240,8,166,260,1240,256,10,11582,0,220,1551,42,801,0,23,720,108,5158,583,77,994,433,54,42,353,124,18,423,104,589,1002,15,2265,53,85,108,884,439,349,1169,90,3098,271,2056,1247,2226,139,1337,51,235,237,1639,4375,160,0,1218,14,41,212,535,1044,355,9,356,12,372,166,1161,1896,5204,418,1458,339,334,1582,0,334,546,677,978,487,645,619,2537,98,42,1,90,7,25,7,373,0,552,0,356,460,3248,19,148,196,2016,649,1258,78,1019,0,3220,1695,902,780,7946,1501,2,97,47,3736,66,739,55,1918,192,753,2780,1045,9,4,91,152,18,8,860,0,2382,2689,51,484,476,0,6,1661,11336,261,5146,0,0,143,196,4407,1146,375,23970,7859,112,1345,1158,112,556,0,207,37,0,2680,4,0,5,565,0,343,212,126,3507,312,45,1969,35,1537,224,2652,12,1955,3,768,155,103,20,245,299,227,237,213,104,358,386,616,505,593,1236,27,144,19,111,1,40,540,153,200,1232,1597,97,0,1890,22,4308,1448,209,224,285,3394,806,123,332,398,268,410,1432,0,1077,253,640,157,47,18,289,3346,2923,974,59,340,168,180,666,131,631,54,81,75,572,8,33,3,415,8457,0,7,11,670,372,3177,57,417,948,142,1118,12,313,779,273,1411,0,5,0,485,1650,150,1217,0,219,61,604,19,70,68,405,275,102,13,115,1043,38,308,1,3,1814,152,3949,292,561,1189,0,4,1521,1,2419,984,1038,1556,372,130,24,1,55,311,136,246,1,1250,0,130,0,159,240,0,582,148,1085,858,1691,3690,11,1887,787,1,835,695,24893,125,173,11,220,95,942,27,52,568,4307,17,725,0,68,0,49,2,274,865,763,0,150,4,713,1,282,47,327,65,15652,1,71,20,22,51,450,1751,171,47,231,82,95,2976,3559,570,136,10,1635,216,234,226,452,680,4636,358,22,3,442,19,273,397,183,266,334,438,15,31,103,7054,16,193,1372,1061,420,992,1952,751,7,27,1429,546,3638,121,878,4,272,0,0,147,3,339,982,63,16,17,202,399,352,41,9,35,24,420,7996,770,301,2,45,54,31,380,28,128,1082,1139,131,365,115,2879,384,130,4585,755,219,4343,1390,3901,85,263,1,101,121,3771,218,5,234,694,7895,222,252,2802,3,45,1271,4983,0,2,321,359,40,238,155,669,109,483,2091,5,309,868,6194,582,3113,1224,76,310,553,90,5,791,20,2,1778,23,1,476,69,437,21,92,351,469,406,141,2128,177,161,1607,54,137,342,1781,143,47,4,921,2020,112,43,154,69,13,3480,29,63,158,106,1351,0,214,23,147,3348,6,8415,294,681,1131,1,0,101,2,162,95,389,1,12,0,3612,247,354,243,476,22,99,1167,183,2758,71,1033,92,24,393,30,5858,61,458,0,995,267,213,827,33,0,389,114,959,0,2369,637,504,89,28,159,175,363,396,4,0,303,747,0,2059,245,134,1286,8,232,1042,42,28,8662,694,2237,17,1488,47,94,3,1115,58,19,49,24,2468,414,983,27,185,1031,126,499,532,118,41,1535,0,2384,1090,4261,2864,41,95,1932,23,13,761,53,651,14,446,1503,274,0,13,586,636,1141,419,288,0,612,1768,3,121,438,0,140,24,359,294,322,1,5,0,28,346,368,212,6400,4266,16,125,3853,166,147,485,135,18,110,114,531,112,90,475,1219,5,311,425,120,403,1272,32,404,290,28,115,119,39,724,4,746,1574,1042,1248,946,175,35,6554,1090,92,1065,134,1845,3146,3031,2442,2362,1798,3369,540,27,0,3145,97,617,862,11,6,8361,6545,2646,556,891,9,0,1019,638,144,1221,0,79,949,815,3221,378,1461,2635,453,231,79,664,225,0,785,160,184,2359,40,5019,200,105,1,269,3481,91,182,259,141,261,45,26,3301,261,68,1970,4850,140,156,277,770,328,652,2559,1566,13131,2892,4402,1346,632,2,163,1017,457,1,0,6,1,837,8,188,1247,279,539,21,8368,1288,1073,329,244,387,153,1432,590,4,5229,430,9,5612,40,0,33,85,325,1,715,763,55,909,197,164,33,2631,131,138,408,0,1899,136,4832,1020,0,76,157,1,411,79,233,0,2785,276,51,1440,1359,13,3428,2,327,4361,143,490,108,88,849,464,135,0,6782,672,3212,240,18,857,81,1917,688,214,1260,615,3905,660,6,32,115,92,1732,1140,238,850,3634,53,10,60,755,81,289,279,444,11,9,251,0,70,1136,197,450,344,31,70,76,665,123,260,791,100,416,207,4,5925,1093,7,172,59,141,9,931,34,682,0,587,82,106,1217,836,0,26,367,66,6,524,98,133,409,64,619,358,111,164,4879,118,2,52,11,258,1518,4,357,1479,396,384,77,71,87,45,127,229,4129,2637,3,23,28,511,36,10,660,292,0,659,1269,146,201,431,158,702,15,8555,88,1140,14,7,300,191,392,151,9,172,1762,1046,2,78,626,319,359,2,90,3972,205,1277,177,1175,230,708,440,1645,400,37,286,1736,749,751,129,209,26,8339,925,1530,279,477,541,0,307,132,93,698,2,0,9,8,75,263,206,125,87,351,1179,93,60,893,288,15,1177,113,137,30,1,0,205,375,0,122,176,1823,1028,4,920,1080,637,0,555,302,121,2779,1053,788,298,310,39,102,16,511,35,30,211,33,4,1398,2679,3323,153,691,2197,580,5,866,43,5791,123,60,94,1338,15675,3246,112,95,422,224,322,2814,401,862,68,337,1351,2819,15910,334,44,14,2,46,462,29,1638,133,1425,3,91,37,106,4242,14,964,2395,357,373,572,388,280,3,0,515,39,198,2982,802,30,2687,787,351,314,551,28,73,2808,1619,497,92,26,1185,203,1626,617,0,354,8,39,1892,574,228,17,295,25051,164,10,62,38,8872,555,1956,399,0,601,136,10,326,1,434,430,56,9,562,203,26,211,882,0,5,1376,271,0,198,280,259,123,293,2453,2296,861,97,481,347,17474,75,78,690,47,1115,5,17,36,201,31,1,1665,26,241,1069,4956,494,107,763,0,3111,2,463,4670,709,133,427,278,580,395,2215,45,919,315,2002,7185,1224,2,4,776,6146,240,111,988,52,0,1503,964,76,2327,21,308,16,150,73,627,492,157,716,82,2236,257,2688,168,180,635,133,535,427,1318,29,1042,89,50,6640,629,264,0,471,593,5214,133,77,2013,479,15,6342,4366,18,248,845,127,225,30,1,78,1385,90,664,1607,63,152,1873,574,3249,1004,25,655,3788,4062,183,1213,62,200,98,215,355,46,898,26,18,206,1421,248,133,759,0,16,1050,780,164,1285,0,384,838,52,0,991,1069,274,583,38,95,2323,805,47,82,794,4758,2,2798,66,72,15,58,1390,10,531,135,226,862,48,158,24,8,827,445,10280,4,805,6038,462,994,41,651,0,445,301,62,127,90,916,9242,937,64,3668,47,14,494,707,110,506,2092,2659,230,551,431,49,829,354,3,1039,264,294,683,13,145,395,0,23,73,2,2286,12,2669,66,695,618,1214,376,330,1771,55,24,155,525,0,247,40,0,3096,1365,1,650,17,18,45,45,516,5475,3283,0,5,609,680,82,164,1262,184,25,203,3535,4,43,242,32,56,0,165,62,103,242,876,326,181,134,135,214,141,155,919,216,28,657,878,280,132,894,2,1778,2,10,890,11373,679,297,158,0,2554,441,421,78,222,0,84,17,2393,293,256,558,354,38,514,3345,142,477,52,1,1172,518,15,0,265,7,157,4,7,970,688,11,2830,556,16,194,40,1076,3997,166,9470,2,532,55,201,1104,1323,2416,146,100,0,2281,559,2,1456,2422,3962,19,17861,2166,177,42,697,1070,397,51,187,1139,191,165,157,214,101,76,1,34,1,2734,647,7,4,576,234,0,428,347,6,1161,7136,1837,71,147,14,1396,2673,1333,23,174,75,116,418,2305,46,1,3,1117,121,176,120,536,2865,6,205,3388,550,22,2588,443,74,3,919,864,625,489,1166,60,415,2997,253,52,295,135,288,58,216,42,186,215,1124,281,1806,346,3,273,1167,42,194,2320,540,34,339,370,301,143,1,3500,116,530,7,219,19,132,47,41,1377,3377,133,70,216,560,4,574,142,1327,24,140,703,156,1058,229,74,208,4,109,9833,479,317,13,586,40,10766,477,1006,0,8,97,1932,169,2520,0,672,887,890,1,320,2544,1454,279,173,201,6,1127,1095,61,429,1360,194,1782,398,0,229,10189,15,562,14,851,168,9556,43,3650,487,51,38,20,1314,15,75,22,652,54,1130,7,4214,98,5,874,773,410,1230,398,89,92,247,577,791,563,287,0,223,70,6,129,0,1890,225,176,562,2122,262,854,7,1020,25,32,108,1,44,853,86,51,101,8,1898,37,305,345,87,359,122,224,192,190,1363,443,0,212,55,80,4463,3198,1372,24,3611,298,142,1379,2621,9,74,146,1074,185,635,0,64,2036,172,1034,1042,1710,3,1095,192,1183,249,163,34,188,4131,181,35,1249,218,662,387,0,103,1176,443,340,1051,1863,2323,0,208,230,119,12,250,201,357,449,27,790,1744,243,389,388,124,171,7,178,34,0,210,262,750,22,58,564,114,720,592,815,233,306,75,849,582,301,515,191,369,721,908,29,434,473,2446,449,1744,2,759,298,128,179,438,8,406,80,109,2176,48,340,1820,107,10,1244,1,194,10,1445,491,205,1038,215,2,198,400,10469,0,10435,0,12,507,2824,4310,239,1728,171,1254,463,366,286,555,357,1127,3940,30,81,38,1099,5690,260,491,144,60,0,231,7,186,222,75,703,246,848,148,5,1115,588,1239,453,38,101,616,25,3078,50,2071,238,143,184,3859,3158,18,467,22,4231,0,901,325,3011,129,136,47,3255,7,2090,1217,170,380,1712,5,737,51,190,163,1427,30,11,789,10,1,1314,1,827,99,6,1769,0,154,0,43,54,73,3159,15,35,13,394,145,465,5933,10,921,117,103,308,279,3298,160,117,787,0,43,188,143,4205,184,448,145,0,187,141,237,164,283,11,3,2834,112,4753,2622,498,150,30,206,427,116,713,3,2001,11,35,182,338,455,3,4622,1749,1272,311,510,14,0,145,130,263,387,1747,408,361,56,2,6384,61,14,0,112,0,852,57,0,462,469,125,43,168,11,8,23,660,553,576,290,822,163,232,871,3,1299,5125,275,0,0,107,1699,32,377,413,2198,531,876,687,3773,27,195,5,207,872,16,696,384,1633,995,376,141,0,1984,215,2977,1195,552,18,147,712,343,90,805,1101,437,536,442,100,5,1210,0,102,66,0,95,1227,842,60,146,320,11,2939,3885,535,574,17,49,405,310,602,6312,563,370,3811,289,740,1154,498,26,220,0,2738,270,66,557,298,14,4105,4041,291,0,645,38,5368,0,9,261,2078,195,2008,4,166,23,955,123,53,803,0,810,0,101,2,290,321,2943,805,773,54,190,5,90,15,1320,628,376,422,0,153,420,1956,294,489,0,115,18,313,3252,360,1202,149,122,1,459,440,1105,508,132,43,357,99,508,2230,161,2870,71,0,534,396,23,1300,48,76,1648,319,486,1367,338,177,45,58,56,92,0,52,391,302,1299,539,147,152,205,678,93,1,1161,115,0,1928,229,199,893,11,1059,4560,597,2063,148,7,5,78,241,768,78,149,39,164,107,3630,712,250,1019,253,206,31,126,26,109,13,610,920,466,56,176,61,64,178,42,3607,293,1174,80,1713,4,507,1176,5106,99,413,962,292,4,3082,271,6,90,529,1655,6,264,178,0,1304,536,2574,1603,331,80,271,359,927,451,601,13,451,2,374,47,1819,857,127,56,219,1,83,3,2828,47,2576,515,2929,177,69,419,337,44,368,294,2,506,55,132,31,802,588,0,25,245,107,772,55,1,103,216,0,71,661,22,1,1,62,201,22,20,40,20,6098,2764,139,117,3,183,548,2812,3180,1521,315,219,155,278,19,1966,9,486,8,410,25,35,1768,140,1011,273,406,117,197,42,22,488,4601,1119,86,2178,1375,47,161,17,1058,336,65,2,104,288,1762,144,932,276,171,0,0,1515,473,0,742,506,237,1021,0,341,2990,25,2999,25,377,287,84,147,0,1974,9,1185,309,34,93,198,209,21,4135,1427,100,0,13,230,1149,0,795,509,463,2057,114,118,3,234,402,600,3381,162,18,239,0,29,70,0,325,0,176,4,529,0,2744,2203,63,6048,3,163,0,936,374,416,65,407,204,5,12,74,10,20,1247,269,6,753,768,422,80,215,3,102,2,344,829,497,64,0,0,1443,209,1723,378,300,1,12,340,163,1876,0,587,141,242,1016,787,1259,27,1306,68,605,155,4,1556,380,32,1261,9,6,485,200,115,1530,1186,100,111,7,239,302,891,271,774,37,0,466,781,291,419,569,0,7,108,1751,102,1408,371,527,18,527,22,37,571,2399,1227,1408,2075,257,792,180,85,310,330,3184,3128,260,242,95,1700,872,0,165,8,29,1066,21,15,116,3695,92,771,548,326,25,167,331,539,1890,44,162,86,613,59,258,3,243,1918,1451,573,124,108,630,1347,268,6161,1733,379,10,1034,1321,187,445,1,0,347,0,270,9408,101,403,1733,0,2346,123,2,36,4,81,91,8088,156,2824,190,109,135,13,4253,217,122,0,0,852,361,341,61,680,32,652,5536,3443,15,83,236,262,17,1,465,103,73,67,52,868,530,2770,172,40,38,329,62,10,2,351,219,83,952,79,297,2120,535,112,1547,827,17,4897,1166,1251,39,2,7,53,0,51,6,133,65,321,18,653,44,62,419,720,172,169,0,696,70,26,476,666,1042,276,752,181,426,7842,165,31,1320,422,697,844,44,18,81,306,74,27,2,32,259,254,706,315,5,599,1767,693,17,4297,176,13,111,63,429,71,1,91,346,1,6685,76,218,1638,1216,42,46,219,14,2045,35,454,42,27,282,0,138,243,373,2408,74,19,1323,722,3,70,1319,372,725,9,5511,31,1,352,68,1,384,729,1373,0,0,349,155,105,2183,377,18,354,227,260,51,19,266,479,16,348,249,1255,2016,341,15,238,779,295,9,30,445,15,619,372,562,1006,8,1548,294,813,2998,737,4616,464,118,1511,466,9191,42,197,134,2118,8,184,1933,487,0,410,17,75,3,370,15,374,265,0,1481,55,2223,0,308,926,239,489,82,15,1962,200,2328,213,897,1351,81,0,1558,4833,170,0,13,748,1034,54,421,709,291,4,51,1,1,526,1220,35,33,798,466,45,1103,1076,65,149,115,0,0,3,36,365,2291,14,0,0,4675,1951,587,473,221,718,2452,1541,111,18,191,14,0,118,71,430,655,630,299,161,272,698,197,319,76,22,3,4874,4776,1914,216,1981,37,3529,16,3,1,251,611,48,67,70,12,7,547,393,285,389,87,38,1657,0,264,0,123,1,614,445,66,68,5,538,1186,81,92,4312,244,1558,96,137,232,289,15,0,98,0,1150,91,1215,26,5197,3,18,233,100,228,24,5602,1144,727,152,4503,31,173,1692,843,127,644,2,370,643,17,185,420,3253,210,3237,3386,112,42,175,364,1618,1505,35,104,1186,7,6275,141,61,8,184,95,85,261,0,1154,235,87,201,382,343,46,161,84,30,3856,62,90,3275,1003,19,750,54,72,7969,7,55,280,40,719,707,44,2657,36,742,132,27,508,6,0,39,1284,35,7,118,1168,430,278,42,1040,113,15,263,113,529,389,203,1456,1570,3,0,31,164,34,38,4,8390,614,293,90,3051,2472,171,59,522,172,127,2509,3634,1084,412,76,179,14,78,2083,20917,7236,464,58,142,215,67,3191,923,2309,2685,8302,0,17,3973,2263,170,1450,0,782,28,200,0,116,1204,456,140,0,232,3404,7020,3510,193,45,87,31,280,528,636,253,1370,0,7,97,84,895,759,1159,18,100,115,1514,18,4515,127,546,771,39,507,41,1467,3,0,237,2667,238,21,41,2215,3070,2118,439,822,708,776,3,1851,4575,51,82,1967,30,162,176,471,50,2863,28,7,1288,143,110,8,9,4136,38,718,995,198,216,425,4,254,386,616,370,1182,57,2824,44,72,3461,258,421,38,734,980,1977,218,1359,26388,223,320,94,2927,236,2567,1091,907,674,280,867,404,117,18,0,1,15,2343,115,743,0,892,294,13,970,77,123,4824,465,358,256,564,54,790,432,455,550,171,851,262,241,198,44,1216,3309,0,693,0,4,174,1115,32,1461,25,2,501,88,33,2387,84,1238,75,309,85,24,1,53,0,0,114,0,2315,786,17,30,1,83,294,7,17,708,3311,0,745,30,36,1320,796,584,4392,1778,309,64,240,14056,1315,76,1052,571,3,947,586,13,250,32,3784,0,62,0,298,24,0,12,251,388,489,124,2236,203,551,765,122,50,3,97,509,2582,1,86,8105,489,822,301,644,4872,700,360,82,2957,64,67,26,106,150,13,44,667,1479,522,198,2124,4,26,207,0,286,988,39,1057,548,1657,98,1793,150,349,26,689,3753,677,1462,59,1576,1251,165,15,155,468,75,5503,202,8,35,361,5961,0,2771,1412,183,362,466,2688,598,141,543,165,40,282,79,933,1547,7,137,758,638,134,709,5015,0,2147,296,150,11,802,722,21,307,537,10,200,1245,0,21,3579,790,57,5489,14,1685,36,254,37,14,498,133,751,1139,79,1846,2590,4164,30,1,77,8,187,568,805,1200,209,2603,1215,68,935,125,2,119,640,118,1288,449,9,9,60,1086,641,530,334,153,238,2,2002,23,242,69,927,54,1298,742,697,626,100,624,303,92,23,6,320,1285,66,1775,0,143,2827,4,2232,7,459,275,1345,192,862,120,1089,3,281,317,0,259,1525,1903,2805,2,17,18185,906,783,956,358,77,4947,262,5190,329,8,0,5,63,0,222,117,46,192,4507,553,505,30,99,899,4,173,417,4677,2336,3088,816,1168,12,165,770,34,195,5005,820,448,803,383,26,73,31,108,1210,69,1906,911,131,58,2190,2686,654,125,123,105,148,357,297,417,25,150,311,290,83,20,148,7374,1207,0,149,71,105,44,381,448,348,2345,1612,476,617,5,1950,1068,296,70,1547,208,10,415,56,975,548,304,2,12,1036,1706,68,202,19209,789,293,5,5,833,139,32,160,6,39,2,67,181,3648,1811,50,351,3702,4628,34,20,376,48,248,20,3142,68,97,1208,217,1492,1611,61,20,1,222,92,108,82,929,760,0,153,3,868,1377,6040,157,1400,794,435,4927,69,20,1364,92,312,20,41,262,1730,889,2280,4297,66,1881,908,552,2971,675,39,29,408,276,6560,58,1036,369,114,1269,986,53,84,838,1857,26894,0,827,6096,221,556,61,51,378,59,319,40,5,2409,1,2364,4,921,1179,261,848,4640,546,920,362,0,331,2,1,34,526,60,1882,1378,406,47,116,455,10,20,342,2121,122,0,279,116,7,28,71,1515,25,32,3369,77,0,6,0,51,189,9,167,0,18,14,33,673,18,574,2643,258,415,612,155,139,36,8,66,25,2339,225,0,626,355,534,358,1103,257,447,135,912,1603,0,149,1053,327,122,2061,189,302,176,97,817,0,2842,121,0,331,110,8,840,205,955,144,144,287,137,1223,51,329,301,237,4,3001,45,10,19,1709,8,512,12,1023,623,58,271,108,1264,741,354,22,26,1585,8,205,166,75,1482,403,141,1872,82,1751,134,288,311,1063,22,1022,1,36,249,3309,5490,1,315,46,1273,68,1003,39,993,0,632,193,1421,7,126,139,78,176,268,702,8606,214,68,287,213,1211,228,243,0,250,190,129,443,105,0,140,0,249,1973,10,338,58,55,0,265,980,275,666,1157,1461,53,675,637,175,190,232,397,922,13,482,0,156,140,82,423,40,45,663,113,763,1231,73,879,405,164,459,208,6943,199,228,305,364,358,8793,602,579,15,0,19,39,1710,0,143,991,198,122,0,18030,258,1772,4,764,370,41,143,60,80,1307,471,28,188,258,777,3862,458,242,32,8407,407,577,166,176,286,207,368,137,1434,279,2771,1119,149,728,314,559,41,269,54,0,35,2275,605,11,467,1291,373,179,50,2,30,660,1393,1102,331,75,30,3169,133,558,30,1277,662,33,69,52,3331,263,1508,323,3656,385,830,51,49,906,217,5,55,1032,185,682,143,352,577,2163,55,363,21,186,446,169,432,451,16,19,15,4529,443,428,198,131,4196,33,915,2489,457,1922,178,528,144,0,107,18872,115,1585,142,3227,33,236,174,74,0,2,0,0,2,14,5751,199,76,1600,0,35,1040,658,46,53,2010,517,1607,6,126,842,375,5623,48,3298,464,3397,152,1638,11,1011,1268,119,1142,13,247,1394,37,10,830,7,143,97,40,497,723,70,211,4,4,332,11233,5319,165,1473,442,1175,0,91,2,16104,122,140,1,0,154,14,4,312,327,0,470,136,139,205,45,20,49,516,710,305,4747,6,4816,397,208,1387,1060,63,0,2409,3,0,1963,10,76,204,2,58,847,9,47,74,1,337,1,241,39,4404,570,36,175,283,10,3188,185,228,70,3501,0,453,19,638,131,205,190,4,1219,27,3289,0,35,262,24,855,20,0,644,56,57,90,0,0,235,89,145,87,1104,190,899,69,3377,1107,208,155,107,129,1350,615,898,0,873,88,33,76,2941,736,2121,137,6169,136,645,905,1,467,36,2778,985,1809,562,2,7,4,1287,216,21,2926,223,177,769,15,298,411,5380,474,2196,0,166,394,746,1575,61,6,0,102,282,41,1630,19,106,637,22,66,71,11,2,276,283,942,92,274,229,7640,153,14,326,145,5,195,183,265,37,1248,457,3592,322,1446,162,841,0,184,105,379,22,348,12,130,2,5,29,525,79,2885,225,353,0,843,735,561,40,377,250,2325,48,7,162,428,54,131,342,1059,644,0,2,49,317,0,455,2,0,109,157,8,300,1139,205,1336,2451,18,72,231,291,215,18,0,132,3,3,1268,1510,58,0,214,45,1,1811,8,3264,32,74,488,0,22050,70,28,144,1980,5229,2580,202,1645,51,901,65,586,102,384,30,58,68,1811,1275,401,0,962,139,84,0,3603,0,636,61,655,568,7,164,35,0,207,1024,8,3800,11,2684,239,32,0,309,152,57,91,205,400,162,960,4,639,1071,1713,0,117,4,1072,2320,305,10925,1674,0,428,235,267,3748,568,57,6303,3078,0,878,190,172,189,983,16,1329,1,36,361,1657,8423,337,0,0,244,35,0,43,3378,447,90,16,264,376,9,1423,174,221,10013,320,349,2466,327,531,510,43,1842,1704,1552,0,153,38,446,0,47,299,1664,55,1672,182,9,7901,369,653,192,1280,487,439,135,1275,114,656,862,3737,35,1949,255,939,20,1138,194,1771,71,93,737,2,4953,2,189,49,282,0,332,97,14,688,2421,39,804,24,1,41,176,222,245,0,1,480,445,88,542,3,2,1628,53,2568,0,149,5,159,118,1869,602,13,279,120,33,1077,32,1420,1264,1758,118,1,759,3014,525,245,507,581,120,118,2,154,3525,353,1716,1098,6,42,68,1104,39,593,408,1052,450,50,175,499,654,212,80,2054,417,426,3,238,25,0,300,203,128,1099,285,31,36,774,777,125,47,23,195,107,448,26,73,206,286,10,614,10,51,253,219,354,7,1217,94,347,470,83,986,1912,1354,25,46,11,2203,1427,22,495,263,306,2940,1339,812,269,5610,651,1159,645,967,848,294,579,906,121,414,905,13,437,268,322,232,194,703,35,488,925,850,8,317,128,534,2718,56,833,208,36,8,2770,424,1783,88,5572,1425,833,1463,402,1931,221,394,59,244,687,0,12,14,50,331,1,1932,342,1033,484,273,54,329,300,4169,1054,675,33,8,1781,1132,0,426,468,357,5042,188,385,2431,3602,0,2460,124,1529,302,237,37,570,190,6,4906,5,185,1530,0,165,2689,537,334,95,329,1973,245,7,72,175,0,0,3,13,7250,322,2805,14,7,2464,125,0,99,373,262,31,271,42,742,1,893,517,270,89,415,246,1902,50,40,3009,4368,268,12,1114,5135,59,447,3553,0,1032,3,0,3,836,897,6269,478,7656,72,522,7536,1951,98,978,217,396,2,1435,202,122,456,2,972,166,1844,16,2240,7,870,470,68,43,357,77,2,0,1034,51,262,4641,55,377,4468,165,2144,465,215,645,1189,47,16,49,800,0,1337,1884,153,526,0,104,51,70,4269,185,321,202,477,176,69,80,2199,25,1,2,126,113,399,60,840,2212,120,109,258,411,216,157,3177,55,33,21,77,90,1055,339,728,612,482,3984,5631,0,300,622,143,382,35,5256,1533,0,126,11,195,151,432,12,133,1807,392,3419,755,69,86,82,0,450,295,55,10,64,457,111,48,192,1159,45,14,26,180,2865,515,165,20,817,637,64,27,2,997,37,5231,383,5291,236,32,3,626,72,735,0,12,12,143,1387,3775,0,0,171,828,0,49,6060,438,652,50,430,63,259,158,237,35,28,330,2864,20,212,27,269,1745,37,13,161,4277,9,566,674,162,0,902,534,205,2423,1093,1299,17,0,215,26,44,11,6,107,189,33,360,46,30,163,4165,1,2,1109,681,147,111,750,6168,864,4730,279,847,599,445,5,48,99,851,163,342,1003,9,633,8,2107,38,129,6631,4339,257,12,1030,411,0,49,75,246,4473,97,6967,12196,1822,5,12,124,1082,3889,1671,1003,151,0,99,1188,133,0,60,135,1292,1,4465,612,2906,421,918,44,406,223,1945,146,851,183,909,775,6,50,2007,393,7,41,107,1104,1459,55,546,11,397,1181,145,927,682,357,1528,7635,9,1203,374,795,257,193,744,64,573,1920,221,1506,618,0,4006,2851,1847,28,0,32,176,1184,891,379,10,0,8,1180,5,212,1363,24,721,3398,441,198,19,309,696,73,0,296,22,3062,47,417,0,201,111,2227,1110,38,0,1597,920,150,23,29,47,192,34,258,1015,222,982,42,162,1,787,645,722,274,32,1039,841,8,283,878,8180,5,573,218,1162,148,632,715,151,523,10044,8491,4951,191,177,774,1986,3750,131,1823,112,0,8,5,558,5350,214,264,95,264,31,8038,79,2634,263,1715,212,1792,16,141,3404,5067,0,1036,55,1587,56,1796,1081,587,12,7168,212,447,10,600,0,558,3844,0,483,5789,305,29,1,499,577,61,94,175,88,2241,228,19,33,597,1778,5,905,995,98,1337,19,46,226,64,82,3,7,2,4,5661,7,373,573,95,213,0,1068,830,349,179,19,844,409,231,164,349,2,239,16,776,1,134,5,3,6,16,294,0,189,27,226,134,953,1119,84,184,309,56,14,17,495,10222,282,952,92,37,213,611,190,134,261,52,0,34,50,174,260,35,610,403,1299,138,108,169,42,3,297,37,4661,172,265,335,205,18,23,1547,2215,1519,280,98,34,110,0,595,20,0,56,110,722,42,3186,140,462,151,302,76,69,910,0,714,3,245,4052,64,315,6623,1002,593,2140,1151,2032,208,137,119,6,42,9,145,7,430,0,374,128,10,2928,103,68,2377,32,112,1654,0,34,299,6670,2816,1498,475,86,3228,0,616,0,50,366,13,361,156,109,71,881,55,3,404,14,411,793,126,993,338,0,0,0,40,108,1182,3,56,0,1260,118,631,304,4886,814,131,339,2,66,3682,304,82,2,0,6748,29,12,739,50,3746,3080,407,21376,5726,658,202,1494,250,32,217,177,2095,147,1,66,173,2944,463,207,0,109,3,3655,1,154,1095,60,21,25,937,1436,178,3,107,144,169,164,143,0,67,374,170,49,598,42,6290,121,24,2047,148,238,13,246,1270,52,141,211,843,118,4654,64,206,31,202,667,507,700,0,492,4187,4241,157,90,107,2642,0,91,337,234,1,373,86,427,494,27,10385,238,0,0,75,45,304,209,5186,74,535,87,6543,1479,0,8261,242,146,2017,85,3,75,271,9,37,230,811,7353,31,239,6,13,34,44,75,2365,371,1654,149,3535,49,102,2770,13,247,325,0,759,59,188,0,18735,3641,246,359,328,96,41,114,3811,303,1014,2143,170,14,283,248,2024,206,1236,84,202,852,79,2,170,29,218,1026,522,73,2572,259,222,5008,207,144,2348,104,109,663,1600,469,99,604,69,64,132,19,2151,114,2,509,1471,2228,12,271,27,667,950,220,263,20,51,231,543,182,106,487,300,0,798,57,213,184,2376,96,168,308,3835,8,316,0,0,2538,6016,0,1044,384,682,177,95,1270,82,5111,370,317,288,1,34,425,669,193,14,42,832,7,207,67,91,147,283,813,31,3877,2466,143,124,26,144,326,1549,5,206,259,8,8,140,79,1080,132,330,472,2990,47,1510,235,421,0,553,113,763,6871,361,5,1194,159,198,210,3603,0,584,66,183,1523,48,3139,2479,192,0,111,1197,112,284,1776,1263,296,31,354,87,851,0,236,714,34,431,6337,85,131,2,6,71,6,30,413,19,2462,81,13,445,1483,1079,12,19,248,389,1394,415,727,40,683,918,0,28,9,1334,381,48,1705,3671,51,733,100,840,1517,1040,770,413,868,194,947,69,775,397,938,58,269,0,32,415,1361,620,363,1868,2412,236,2834,2099,29,629,363,4318,0,1037,55,2770,392,133,0,412,743,1151,431,116,0,412,520,3025,331,3152,8,214,5003,1192,183,2075,85,131,462,951,416,129,0,402,3,2986,414,171,376,37,237,1443,439,4582,31,44,2355,55,8,4287,3658,44,1636,100,647,0,75,90,23,296,0,10,189,24,123,353,3295,1817,1074,27,5,3190,4,8,3531,3,320,292,1120,561,144,8,79,4688,77,41,85,1627,234,483,0,279,478,2758,672,121,155,226,386,2467,178,300,101,155,12,522,58,3460,416,291,179,103,334,360,5,33,4,271,464,300,22,1044,289,3027,26,2,837,2274,14,4958,63,42,596,91,22,153,1238,1241,97,643,19,57,228,618,0,245,6,392,440,70,0,2605,23,17,174,730,117,322,142,579,50,258,0,156,1178,4920,10,195,27,155,1688,11591,49,612,989,479,490,103,73,740,14,1223,107,1463,574,1374,136,1115,191,21,0,217,163,1026,7,56,6,105,1933,4348,10,13,3588,378,4931,3976,29,2156,789,169,117,107,89,280,0,92,11,4,190,573,0,20,2088,11,368,471,849,50,0,20,777,131,4,24,51,2994,85,196,1806,1979,535,6945,103,313,23,244,88,445,116,3788,980,3,3613,97,7,824,2156,384,4,907,341,883,78,46,167,214,3939,705,7675,584,821,432,142,81,1032,188,7,926,76,8,2,277,1737,2,587,3,15,26,92,0,2126,236,1371,1012,4787,106,4556,314,19,0,1875,4,71,199,33,5174,511,2383,792,89,22,912,1332,7,262,131,88,2,146,22,28,27,904,873,3701,210,5,215,770,139,1069,6,2,47,85,333,3792,623,744,3952,3080,1722,395,110,19,700,1198,118,106,1745,2626,93,25,618,2772,12,70,19,8,3815,2569,372,732,267,0,300,47,0,170,2801,47,4554,306,0,48,2021,504,9,291,8715,25,146,561,82,0,761,0,158,0,168,368,1107,16,172,1557,104,14,3,5169,154,157,130,255,1391,2,1416,1822,357,36,5,565,489,1943,168,4445,0,178,760,241,795,1795,11,35,247,0,24,349,56,3418,7993,191,376,206,5752,1,0,484,360,791,7712,2726,53,86,44,33,7848,118,60,51,39,164,0,3853,3028,0,32,3414,1097,36,0,881,327,15,1204,0,4246,2846,22845,88,3276,292,1192,5092,321,581,92,37,4269,3688,12,237,491,511,218,40,5149,466,24,338,102,2,187,120,2497,32,1610,102,161,185,2520,14,855,14802,207,714,2,936,59,1334,1218,27,4275,761,206,2222,1988,214,5,11,387,591,2044,510,319,236,416,32,1076,3160,5782,4374,46,183,1165,154,18,136,52,32,4369,540,118,477,1818,1279,25,592,1980,104,248,2366,2,2704,1482,1855,763,492,490,214,407,365,503,0,9442,280,0,554,19,497,223,46,498,174,299,171,0,225,63,1800,24,4073,247,210,201,679,196,8,42,29,355,55,569,1905,877,1114,570,911,1441,10,7416,1134,249,88,214,162,578,3,2701,52,10,772,2277,574,64,148,3024,206,144,4909,536,100,0,10,154,77,26,3,398,498,121,214,13919,1600,302,9,1132,127,351,0,0,39,211,1272,4,107,326,0,536,2,1004,90,0,0,162,1726,97,549,448,74,3,594,239,0,602,458,518,1230,0,0,27,290,47,342,94,332,668,300,48,0,1008,1000,973,477,34,205,30,580,1,635,109,99,664,153,22,49,0,4057,0,113,475,958,90,774,37,3685,68,0,44,50,7610,532,322,188,106,30,1147,1466,487,1521,310,573,0,288,363,2137,81,425,447,55,0,647,0,629,4703,201,1289,134,151,8142,59,2586,62,0,3502,5,841,2430,2168,1210,139,50,0,44,0,287,3281,178,146,1713,409,0,229,15,713,242,59,8905,277,316,665,2622,896,0,1845,257,16,1072,1940,137,189,64,13,1,117,327,0,13,469,100,108,905,1,15,2,431,1323,408,0,0,527,844,56,23,1,336,32,850,47,269,191,456,1248,291,3,0,111,2451,4462,2284,992,248,1043,109,453,3421,8,67,41,41,271,313,628,0,15,4,0,0,1759,216,910,730,4077,0,808,5,81,6905,1,384,639,12451,39,3251,67,2162,315,73,803,82,382,5030,52,26,1383,2058,3357,24,1763,34,2638,1488,42,412,197,3456,1498,340,295,4720,999,25,267,548,1276,542,719,101,0,53,294,322,994,21,605,409,0,135,16,8,310,1397,126,6923,203,35,119,374,341,155,4236,2854,41,252,335,271,253,0,206,941,2033,1255,98,399,0,0,10504,11,371,1208,5281,5233,0,176,1176,19455,2307,120,497,236,567,986,698,5,433,190,709,3,30,11,583,2883,999,1210,125,4992,3,62,1302,11,260,1351,246,217,1166,759,873,0,153,13,0,6,397,3242,369,1194,195,513,550,311,7,1955,167,210,328,155,278,1525,4,33,267,24,398,1746,84,4829,123,279,22,112,1662,7530,13,155,7039,266,1309,603,5178,685,12,64,3977,1084,139,6386,3121,74,108,377,753,239,300,492,992,635,78,8,245,281,0,1248,687,324,285,916,40,1046,0,41,282,1716,19,121,0,67,10,308,86,4718,3,5,227,4,19,89,900,56,197,1775,1542,28,196,66,568,4,132,877,152,846,110,107,112,88,2696,1005,307,183,735,50,354,26,147,394,167,125,27,23,73,32,0,33,31,73,881,2,270,1465,0,1,418,1842,134,1748,3534,0,770,276,250,151,100,86,312,43,2,308,685,1043,262,354,297,116,37,43,144,128,7,14,703,36,2634,80,1098,5,260,1,318,3124,182,654,2,0,76,960,25,2372,1732,3,45,194,1635,209,1464,630,78,72,3,183,18,808,0,501,32,15,16087,1448,4860,280,1644,167,548,188,99,423,272,11,681,183,95,577,259,0,308,88,410,368,96,2,204,6273,276,135,356,65,954,633,474,217,687,378,205,1,8,145,142,15393,418,1009,2998,162,430,224,1100,560,53,53,288,1105,0,3254,2420,512,1819,4172,0,407,0,8,61,128,1101,175,78,0,7,707,2120,692,571,420,451,1551,1693,106,95,13,1024,234,28,508,879,158,1,2289,843,364,1,241,195,3350,62,4902,1883,1654,891,0,0,31,486,510,97,404,38,113,218,24,1736,1476,1181,113,386,2835,204,1628,624,1181,2010,1,1897,392,703,1,24,726,12,40,197,23,19,0,239,40,418,17,301,1304,1625,84,577,2611,441,473,149,1837,0,327,475,360,20,3,208,571,877,19,0,4364,0,73,854,1793,54,1911,1075,111,2030,553,3595,659,625,61,1,725,2496,1093,120,1584,27,17,542,328,1084,3,47,591,485,1088,0,1485,352,818,88,105,348,33,6,1107,1183,975,176,0,649,729,3092,10,59,640,30,1294,409,119,32,448,219,703,1314,111,4,241,42,1,1695,711,43,4432,1839,2839,148,294,144,2018,178,171,1208,158,7622,2189,120,264,1,156,779,1085,24,100,1,235,1071,75,77,785,10,20,0,463,153,115,435,1,84,427,2176,734,129,6121,15,1583,1193,317,46,1027,106,1035,121,916,10,2398,2604,457,30,1038,92,5214,1520,157,14,7,66,192,523,94,394,64,55,72,124,1310,1414,2305,1286,2090,0,643,54,2421,58,802,264,1161,1183,150,5523,2266,1415,405,245,172,0,121,66,0,1559,0,102,20,569,20,27,23,1486,737,24,189,1336,1982,275,1756,0,0,896,411,3311,188,83,207,590,519,830,5,208,10410,60,328,595,647,33,1351,36,1254,82,198,477,177,283,2896,395,71,312,241,12,2,671,533,533,117,94,51,633,2,1099,2,655,252,79,2,74,41,360,29,26,15,38,2,479,108,11,36,347,3,98,4,37,95,4,1116,0,334,583,56,0,8,3323,252,1314,441,6279,0,0,184,516,105,11,478,153,1769,6,15,403,2463,12,862,34,926,837,561,5,11,482,8336,884,810,161,19,473,259,384,27,337,614,166,103,17,549,3683,3434,394,485,316,2,1301,23,16,891,264,4399,1011,5131,3171,2590,155,578,647,107,221,410,36,1793,45,1510,915,120,896,0,271,279,559,360,533,10,997,1214,120,265,93,29,216,109,3646,6,168,91,1293,1711,29,248,35,34,158,27,9481,0,10578,1627,2,319,12,118,1685,3,0,461,2580,179,44,146,184,1,850,391,43,73,17,37,158,12883,90,593,1353,1819,150,10005,339,186,2125,3916,30,0,0,362,0,709,7039,9,415,241,4,731,71,181,133,6,110,222,86,669,1876,363,0,6,2119,62,0,177,29,30,139,65,2482,272,921,383,722,5834,531,153,17,0,59,5018,1854,1247,24,4065,643,6499,911,83,89,287,343,122,324,133,196,1230,4,177,795,2994,0,12,33,8,527,87,454,256,73,1123,77,693,264,42,1590,7950,1430,95,192,10622,825,8013,79,243,219,219,1,5304,240,50,56,3913,5462,541,73,0,655,252,975,1111,82,30,35,524,111,3,234,51,49,296,1127,1007,0,6743,2173,2100,277,0,26,18,54,283,0,395,437,5,3806,933,148,278,4034,513,4,720,339,769,249,580,0,4274,764,206,4145,31,224,56,8,505,32,1529,1634,103,5635,422,115,627,161,0,999,1034,343,1,2551,1079,59,299,0,1705,0,662,126,94,626,76,10,25,124,0,70,1160,5,3,265,1295,103,5217,0,57,358,74,0,0,0,1,428,427,151,141,89,317,195,145,635,382,26,226,197,612,7,3539,1,301,564,114,323,1418,350,32,198,1067,37,1046,7,1316,91,381,298,1300,80,781,76,122,0,3636,2358,2189,47,953,494,19,354,250,743,354,0,272,101,2470,197,269,1369,376,0,0,11,644,634,657,134,69,62,115,6831,155,42,234,11,672,41,148,107,431,45,0,739,110,4,273,214,29,145,118,0,2905,14,3728,55,6,485,0,435,3380,37,327,404,101,1754,36,698,10,464,33,1067,109,1296,15,568,1968,22,0,236,203,1232,7,423,928,774,167,1860,253,0,93,485,100,308,4868,173,264,1454,602,141,780,16,961,158,46,123,271,701,3279,371,0,267,222,86,237,272,39,145,2712,47,23,5,503,546,3248,27,0,1,395,2192,116,94,640,228,886,84,605,1146,4850,47,863,1643,0,109,4886,235,3,256,5747,1732,813,182,362,1978,365,131,97,227,3732,971,0,66,1453,7173,67,6,70,80,55,7,128,586,44,248,21,414,210,461,3709,803,71,22,345,96,1065,1170,4018,1583,1158,156,68,332,364,21,86,0,2513,1909,255,203,0,2,28,49,293,213,135,16,5651,806,196,2704,1966,16,47,2684,193,268,230,4849,383,26,399,1,269,5,1879,193,4,66,357,1045,13,497,514,709,417,3,357,247,72,2395,188,54,238,155,34,1,2087,558,135,5551,306,337,95,23,1499,44,4563,62,279,1903,1049,60,563,11,40,334,166,2549,277,4388,590,362,505,500,124,0,0,2305,17,6,445,0,379,4,2538,210,10,853,97,4905,136,242,355,743,1148,3717,1592,62,3611,49,37,514,1354,4726,561,36,0,1397,677,217,3885,476,50,3624,3665,2259,50,0,252,718,5586,159,234,877,76,142,307,8,602,10332,4,192,4104,2561,90,571,14,458,176,232,522,92,575,1106,663,171,1,165,924,47,146,560,20,199,50,80,747,24,58,316,1858,1149,78,146,0,315,2,2179,1090,465,263,104,58,7,70,583,7,311,106,290,1067,268,482,64,1122,292,33,197,1690,2573,5698,560,439,85,307,804,370,2042,0,0,2798,44,1031,0,0,208,70,603,56,4,23,169,12,620,1089,1190,1225,516,661,46,3438,36,217,1108,0,40,1184,0,121,1561,294,301,257,59,0,34,1,4212,2,289,0,120,2686,462,98,78,534,186,763,15,1083,1785,115,2309,97,0,5039,1083,2419,758,980,2693,58,881,8,248,152,475,2014,1651,119,14,26,7,330,1476,182,156,934,280,74,683,68,2978,1388,48,191,1,130,96,144,49,222,64,5165,290,1500,51,399,15,131,94,108,115,216,359,50,98,1178,18,2331,646,1487,111,730,53,31,2358,1497,2248,415,99,292,1995,482,20,876,15,0,6,20,416,3351,173,161,114,220,11,899,124,72,2408,372,15,97,1108,480,102,30,104,2411,0,1186,635,240,0,113,0,1387,410,77,3,0,23,255,69,32,2015,119,193,914,389,968,2165,5159,408,943,311,37,4436,2908,187,2306,2482,293,346,219,190,1024,57,1278,60,222,623,109,1863,135,13,8411,43,431,23,874,1106,100,370,3947,43,847,344,6,68,693,244,250,875,263,45,29,217,10,2727,760,362,956,264,183,91,398,943,124,30,0,877,74,236,1087,76,859,1,186,12458,918,69,85,89,446,656,1025,50,790,7,217,732,3489,19,66,17,126,0,114,238,48,3526,289,5970,343,36,1053,132,7,330,302,853,236,28,504,127,148,861,6,231,0,4031,144,42,171,395,113,1345,4,239,0,2,1232,134,1,2187,18,655,333,775,62,90,757,235,429,110,1,105,8,25,469,5965,103,585,232,8,205,107,861,14,2,0,5,0,195,432,2005,0,2766,4643,5163,0,174,298,877,74,1,605,13490,959,2517,8,255,31,217,234,47,22,541,946,6738,387,2074,791,51,235,132,1429,467,1718,5,22,1185,1491,594,474,151,648,32,24,20,1147,194,251,795,142,0,634,428,368,251,2083,436,202,133,4,164,309,2375,1669,777,2009,3805,207,199,899,1811,1113,7,1109,904,5941,9,4108,287,690,874,286,2967,20,72,240,168,30,2678,172,10,4291,2525,1,521,132,37,1,226,701,99,13,635,5,52,601,400,2234,4546,374,14,650,94,53,124,1479,485,167,0,1786,1772,548,2052,313,0,1405,271,67,79,189,442,1089,355,0,0,853,7,5,1042,15,582,173,519,3,186,32,1605,86,171,440,3933,324,718,165,117,1257,1,332,2917,2093,449,124,13,287,9,211,1,136,69,141,985,9759,223,58,2730,250,839,116,98,326,108,4,78,27,83,1900,1100,5,90,1525,88,3233,1134,6885,12,205,61,471,67,3,458,9,456,559,365,204,21,4099,232,1030,0,9,94,1,158,113,401,0,5495,86,239,494,1044,1735,151,575,962,113,152,3479,3409,320,534,1,32,1029,1602,396,238,0,22,3259,39,350,7872,82,80,0,1,0,454,1797,1002,792,371,21,4029,447,3950,193,252,1,267,367,2660,107,2226,1999,241,129,39,179,163,0,137,1,5,482,140,17,90,0,820,263,121,5,0,9,6680,172,0,142,958,0,3,4246,1506,750,982,4,371,51,321,1245,6998,3779,332,818,112,579,302,103,91,98,99,55,485,140,2819,1398,168,5,156,10,147,268,349,4469,12,182,369,45,37,1856,10785,381,191,144,201,0,0,307,20,4622,142,456,5449,57,12,326,159,0,10,1981,149,3931,17,279,149,633,793,1087,951,211,335,170,118,0,69,123,591,0,900,543,86,22,148,27,1800,73,94,284,1775,1155,19,1,692,321,927,40,169,303,133,426,694,79,487,272,950,50,107,48,154,441,72,373,23,11,210,771,4521,472,38,213,267,19,145,6458,441,103,56,99,27,124,845,120,3399,392,5189,649,629,18,5,1080,128,732,67,43,30,1174,1856,1,2037,1734,194,103,905,905,2,803,1562,766,3294,353,9,421,430,501,591,692,151,2593,59,4350,228,3,17,3,31,168,363,1343,28,324,253,29,0,493,0,873,11,148,13682,678,23,295,10,0,2356,187,577,774,332,64,54,4200,637,2119,0,4129,136,385,214,270,226,7,8472,485,212,32,480,433,1,47,10,702,119,2447,77,12,111,1814,2814,50,91,502,393,129,649,398,4924,248,706,523,484,1434,821,1523,0,596,559,0,69,269,97,267,112,478,33,638,0,246,1,36,41,229,234,56,720,1741,251,145,4,84,466,1710,1906,68,70,42,231,0,1827,17,333,1,29,1358,170,32,38,63,5,548,10,7994,4193,26,1016,82,5,539,1982,1400,2717,63,372,17,2,333,126,83,519,1791,18,169,557,3092,108,1134,680,93,1321,98,0,119,1117,315,887,20,44,1467,39,8,35,0,1242,663,590,41,1,1,421,1043,4450,19,30,370,27,1022,351,1858,55,0,2,200,466,1038,44,651,43,129,145,9726,2262,889,441,374,38,6,744,1068,4964,288,23,120,89,4430,0,340,2907,51,93,162,773,684,173,51,0,494,10,224,0,914,738,2411,120,38,0,12294,233,495,10,287,844,428,189,299,4721,64,715,18,1819,767,2181,566,192,435,870,1929,383,374,448,322,354,492,261,320,288,3780,2,734,112,300,157,180,260,0,2,685,4,191,791,9,132,0,9610,947,9,364,2,97,569,0,5068,18,120,2904,4688,1465,0,116,108,769,1355,1458,9,260,517,105,279,147,668,3,6,127,973,203,1,43,1697,266,1,400,2618,1426,339,836,166,318,3264,189,510,92,1421,254,609,447,9364,13,3975,2506,503,1,543,34,0,240,484,218,111,209,1297,13,435,251,0,495,5,4,49,24,14,458,1775,1460,2345,9,360,147,71,4683,1135,245,158,798,791,4523,15,338,120,634,1114,97,3,41,31,3779,111,56,85,59,0,238,152,261,187,1110,1228,945,694,154,55,19,372,293,467,28,70,263,853,1029,4,195,392,5522,311,10,40,302,18,2,391,0,188,255,8375,167,226,197,241,886,122,5638,0,88,18,6,608,347,2213,0,43,137,56,20,286,680,57,147,405,1328,4,12,38,5632,4236,430,375,41,120,158,10,2677,2,3,64,665,25,1091,582,40,1191,1282,9,83,2451,1,4626,5943,1805,678,102,3,1198,3971,25,791,1349,82,5807,1,17,0,1987,1179,239,45,404,17,1533,1018,218,98,3,329,3387,2,205,761,0,607,694,1886,360,76,433,84,182,88,74,895,4092,98,416,207,995,181,954,602,13,239,77,111,3425,362,37,72,2870,4867,432,444,172,65,99,3,62,93,1038,576,8281,3617,753,79,151,24,1426,1046,488,346,137,133,0,157,169,0,0,251,271,6424,195,444,77,6,2013,325,0,445,0,241,618,76,274,288,145,1508,1738,1736,0,1921,2,1781,288,236,462,536,2363,847,127,15,624,124,3,123,1874,170,166,236,0,26,679,84,4,3257,734,1749,214,2056,15,46,1259,2,3487,2,2062,617,117,256,191,0,32,1975,1808,340,1613,209,39,206,1203,5352,1714,665,287,230,322,156,96,5,0,361,146,585,674,129,24,24,153,590,0,1436,67,3532,1955,67,25,750,524,8205,2150,130,0,9,135,90,22,22,0,15,0,228,136,391,5,192,171,554,694,60,317,0,444,107,3422,1620,1491,180,175,938,39,999,9199,3,648,1567,257,2618,674,0,37,17,6,506,6,899,265,120,1163,1255,491,1110,144,322,339,280,438,179,24,193,77,0,434,7657,2171,123,59,124,951,388,129,23,3612,210,3746,29,294,2,34,770,5122,487,731,838,8372,2431,3003,14,28,242,312,211,528,16,212,2881,256,448,3,1,2,104,83,993,117,285,61,11,147,314,0,5022,103,1248,128,8170,655,8,149,41,132,0,180,478,0,784,61,0,1354,362,378,3,5166,10,13,11,1399,346,66,353,385,38,94,2,530,527,2392,936,33,418,475,838,63,224,890,111,537,3258,302,894,347,857,197,75,281,1335,73,0,3336,0,355,0,265,378,127,209,49,16265,54,1,432,38,17,36,525,6,0,634,0,1358,124,8110,28,0,5322,0,1312,507,2273,294,108,58,120,1456,199,8,25,3143,160,393,136,3488,316,545,321,292,48,44,4,3,146,1,25,1049,71,196,111,493,487,70,169,3286,308,565,1394,121,3212,106,296,5,1641,2,441,2933,114,1228,1946,94,0,257,67,552,102,20,1,10,79,0,3175,16,1891,206,148,195,564,3,1014,1569,34,382,16,153,190,245,39,922,2981,75,10146,206,393,857,7,167,722,7461,198,1609,142,12301,91,271,0,806,206,340,290,156,30,4615,183,49,23,4483,276,75,703,602,1489,7,5035,218,30,418,366,1531,29,361,99,0,2104,211,1,471,92,70,100,496,1212,354,303,329,154,4047,106,577,457,6,396,144,14485,776,952,141,220,2,46,875,202,527,9235,18768,41,265,203,221,42,312,259,884,165,1411,2911,0,2327,1561,47,2958,1,233,10,8,0,286,4,146,3880,231,64,290,133,1034,35,7,163,226,1932,614,365,185,920,1848,274,40,509,1223,102,708,1856,1239,2,4,299,480,10,1364,49,350,245,146,135,555,621,16,275,3175,3,110,181,48,442,114,7114,2064,198,3221,40,0,21,0,153,141,120,569,4319,635,439,489,114,173,1269,584,300,94,1266,982,61,1396,372,3929,1524,795,355,322,1749,110,71,213,1199,597,70,24,5942,2007,861,249,5052,14,274,190,173,603,9,1395,3,42,607,703,280,398,471,36,3209,28,146,147,335,238,194,3817,1,1853,391,405,10495,5,79,898,6217,678,3495,44,5552,0,192,0,263,346,1608,107,2703,4307,0,137,1031,285,1,352,501,719,265,1204,1304,42,925,838,403,3001,103,2469,12,0,30,467,26,6,1828,2593,511,13,127,710,480,147,197,1292,208,543,4023,99,1264,300,137,11,160,0,401,5498,12,216,0,4,486,458,4,759,194,193,13,939,3161,5,38,65,4051,391,230,3,1100,642,3947,8721,0,100,1712,31,181,357,3240,79,137,277,445,778,158,2355,46,964,130,4925,191,3302,2028,904,1021,910,143,165,1680,0,119,0,170,136,25,37,0,34,541,366,3477,3,273,140,175,320,73,3396,64,4704,57,78,150,76,3233,127,72,6,212,182,4,137,278,794,161,0,5,1119,39,79,0,7048,208,79,149,5,50,3026,100,224,147,1562,350,20,1105,68,57,2992,1342,178,36,557,0,83,109,4,747,20,867,1282,290,104,4257,865,0,117,0,3287,5895,1033,1,39,185,0,400,1510,88,423,907,53,249,2711,313,396,77,6914,130,150,5,237,639,1128,1352,1370,108,601,639,84,262,5740,2331,238,2622,721,146,1241,715,327,3978,1,2780,208,1639,1385,239,222,471,0,582,95,74,91,0,3434,24,758,169,89,529,557,935,671,421,820,1051,102,0,9,344,1022,1156,86,2703,2412,4,333,0,55,1471,2344,2468,163,373,960,0,2370,70,267,7,46,3,566,169,2041,437,772,2378,347,866,8,243,3660,916,92,0,231,3852,612,2342,1103,444,373,1400,425,2434,292,7478,45,98,24,88,317,351,13,60,1718,2021,640,53,4202,107,259,328,3635,105,359,285,53,257,842,692,391,1027,16,248,3193,212,366,78,0,468,159,274,50,2856,226,54,245,4,346,2299,6702,337,474,151,2795,1003,74,1549,182,142,41,180,356,223,4736,0,128,55,878,5368,0,1060,0,478,101,970,2355,1091,48,2251,182,4384,2,25,130,77,0,1304,7601,2,1383,578,369,405,14,13,0,1076,2025,1009,124,24,84,0,5,2912,2,0,518,6051,4366,0,309,60,213,334,427,280,2894,22,1032,217,1597,21,1421,180,1035,190,250,1863,1263,26,7,2517,1740,183,654,1501,0,1156,590,122,723,0,506,317,139,25,24,27,163,453,38,461,3050,491,32,738,1120,912,6446,18,36,60,155,39,293,428,2,1147,279,1154,371,74,134,354,155,536,1431,135,1565,281,2132,766,1,3149,3,122,0,765,844,184,119,273,149,43,1020,874,37,193,230,198,206,15,1509,75,31,682,823,217,84,1343,628,1767,490,0,290,2506,3058,725,984,86,4549,153,2,1164,539,7,174,1042,1085,419,1673,973,276,1119,11832,137,23,1001,1088,3958,814,0,397,25,47,843,1383,487,354,1133,82,926,115,964,0,3,329,0,0,0,349,3864,115,1238,45,498,1620,171,454,205,1656,3282,356,46,3589,9,1246,610,325,175,1,111,1,5953,189,452,190,103,902,393,565,0,175,168,198,49,885,1712,0,902,0,149,736,2229,3918,1,1972,13,88,280,27,111,386,26,111,443,48,4094,245,2113,4679,750,74,18,245,188,2932,695,2548,0,6,323,162,193,1452,822,1,80,23,28,36,534,1689,644,151,1210,286,1,79,0,1523,0,109,2851,1791,1619,903,0,157,0,112,64,124,83,325,41,315,1796,293,7,27,10,2816,281,21,2674,107,552,1,6573,62,2435,0,26,108,0,1475,42,23,1,1,222,0,3228,0,159,75,21,42,62,149,46,403,171,20,167,987,98,97,111,20,574,162,66,30,81,600,0,3137,6697,2915,23,81,1199,818,12,2564,4184,72,251,170,402,27,1386,13,1115,457,129,4484,256,1033,153,254,134,426,601,762,237,0,53,231,236,1870,3,1377,313,2,235,0,0,70,17,70,188,399,3,0,2367,1188,231,427,259,948,876,5655,418,48,301,171,239,2184,34,74,10,0,1078,464,220,0,17,355,185,1775,83,25,0,138,169,322,0,297,72,1220,69,145,201,1363,327,56,527,2121,134,2118,13,49,422,6,84,1056,343,5,613,1071,0,2,477,227,686,4,62,272,1579,354,2791,426,628,609,49,0,210,23,1256,88,11704,2,1350,52,7009,498,131,782,214,53,2387,1409,48,759,106,195,13,320,75,313,1020,7,49,1170,113,425,47,1423,20,8,986,655,821,105,7,131,2548,783,625,19,2523,400,1408,2215,112,1353,2472,202,0,23,226,251,2777,4865,866,1526,89,418,88,1000,184,528,70,722,541,52,216,1644,11,120,137,171,98,11,6,51,279,6716,258,29,172,197,141,568,1342,449,3,600,94,262,0,0,540,1154,0,192,37,3255,30,548,278,7,524,23,229,758,73,152,909,145,2926,1028,193,0,169,1409,17,876,644,2272,5,1892,329,53,268,11,38,0,182,5196,270,3214,991,384,3,84,3,43,225,4972,316,181,206,9,42,471,767,625,628,65,21,0,194,661,521,18,0,441,30,100,417,13,523,0,0,2297,318,985,644,577,47,5,422,26,578,917,2102,8,3991,10,1254,2,1925,1,53,2785,7,430,275,222,1092,126,99,451,337,65,2845,167,83,21,18,0,7,1662,125,246,414,492,50,2701,445,245,75,0,10,34,2152,4,19,141,356,507,799,112,918,49,555,59,202,3876,159,1158,14,4291,1196,9367,195,88,8686,20,45,145,291,18,1777,0,82,652,431,294,102,171,295,325,189,692,835,4650,73,117,16,113,678,667,263,67,0,211,687,2427,1214,0,47,117,22,743,308,95,2,1157,132,7526,1,84,1905,20,237,112,546,3,144,3401,99,484,1033,744,26,153,0,690,54,95,44,3,9,19,21,0,870,284,3348,42,135,2881,45,1088,1463,339,2005,267,0,1,123,229,63,418,141,1118,2100,0,36,20,449,0,474,1182,5,40,1312,225,292,1,83,43,0,316,1082,89,388,616,38,258,322,10,824,241,37,6309,266,429,253,188,0,28,319,125,14,24,4249,483,630,1,2160,1048,136,206,1101,2,101,254,988,1316,520,186,134,16,4872,253,12,107,138,869,269,184,230,92,80,71,50,82,498,1531,31,866,1589,1592,410,2096,85,0,270,123,1148,906,22544,9,322,917,508,242,115,61,22,243,265,884,51,43,58,2726,2275,1,2677,1,0,56,254,285,240,2618,549,35,1,100,326,34,0,964,2,123,2,141,24,161,1006,9,14,170,1,206,1500,1075,554,287,2,5,431,3953,3713,1676,0,1850,4,3103,264,352,372,1878,742,1663,278,6,830,265,291,450,94,2,1546,1837,568,296,48,1398,489,4209,1,46,1337,29,137,394,137,1234,6025,2170,278,121,2258,607,37,407,384,37,110,2,100,168,356,64,357,527,2476,0,54,195,214,14327,0,3,247,0,1488,542,522,54,49,3645,111,0,184,246,7081,707,128,120,136,26,10,1976,207,0,3318,83,3113,347,1193,3022,450,1223,427,834,0,763,219,0,1139,217,127,164,38,62,2250,984,174,166,770,150,203,1669,37,19116,155,320,2747,79,1738,964,2231,0,153,1119,65,301,85,511,764,100,557,50,103,5443,844,3,811,6318,49,30,179,111,7,212,746,0,1652,1011,773,277,693,203,94,255,500,368,151,666,73,233,537,1353,166,60,590,106,2880,185,1199,0,4437,35,0,388,108,472,1081,26,74,53,163,260,5828,121,184,7950,1874,178,106,85,5288,681,9,341,707,675,0,0,476,3252,210,115,58,1223,603,387,1156,89,1255,2909,203,163,598,276,31,432,12,1584,6,0,0,0,170,600,453,6,376,2,157,8,4882,1890,83,56,538,450,1536,4,305,2,278,286,50,114,70,21,117,429,195,83,320,763,4408,1369,7,131,372,1392,84,191,3399,260,1,3,934,408,424,110,5986,385,128,9,61,554,0,0,681,75,474,30,3054,18,187,42,2724,0,178,215,21,3579,1272,2304,14,150,714,52,512,173,406,1331,465,1533,809,426,119,0,277,29,64,20,308,2425,30,253,2719,71,892,20,206,90,315,1738,0,56,891,6360,434,7,34,935,305,221,535,25,2300,520,41,164,610,66,2811,633,150,1285,151,17,1846,523,1092,265,86,1001,124,1020,1171,569,3181,799,485,119,2633,96,359,76,23,1089,109,357,11,844,81,172,684,879,4748,0,3726,214,86,0,1616,40,1279,2484,2402,0,42,35,3066,210,152,316,83,213,63,4208,463,98,109,669,385,5235,3403,388,100,144,732,1566,178,528,582,8,334,531,1292,240,499,46,55,46,4758,711,2,1506,55,8,17,2257,447,217,13,121,590,401,37,219,43,3319,4067,0,170,3664,726,2,34,52,152,95,269,174,591,632,152,81,25,90,0,4138,140,837,893,3,214,1048,3845,28,162,0,141,12,1548,35,247,3063,115,778,92,5,1132,22,2405,103,5377,137,26,38,0,777,1629,267,4093,1246,1001,346,58,354,32,2694,3704,3,1164,391,1,192,581,186,18,0,1069,1321,33,490,39,1116,302,39,970,2078,635,72,48,567,0,5424,17,2207,4100,12,22,30,1244,285,246,902,117,267,546,140,135,535,809,7165,78,367,153,73,54,319,118,99,389,11,442,0,676,0,147,1112,1,95,42,139,46,93,274,465,2911,455,120,271,112,269,169,268,56,479,40,2119,832,87,444,37,427,4226,2106,479,337,2,7504,103,172,407,55,1703,570,6,0,1670,707,4012,28,5,0,295,7,157,0,249,800,149,1328,6,91,240,14,45,1207,1262,11,814,224,143,1272,13,759,257,144,491,631,154,51,12,196,328,664,1,1540,530,53,235,480,293,117,78,97,10,25,6,162,72,4816,70,2045,465,113,51,3030,175,150,597,183,1390,20,59,7,27,329,370,5,0,407,28,861,0,1226,144,1183,93,1276,652,3868,25,134,610,105,191,2679,38,82,1,189,183,942,937,10,212,63,3218,74,393,249,102,163,13,265,380,159,935,2932,2950,674,212,1531,66,3975,806,312,51,18,0,272,45,5258,741,178,6083,201,97,0,272,296,835,17,316,239,704,1,27,144,68,443,119,10,41,321,665,18,394,1504,86,713,82,916,1346,1206,736,252,1567,0,105,39,29,437,3,106,941,140,152,1842,197,45,0,3870,10,42,5048,2677,0,415,7297,221,288,1448,1358,677,898,3,19,129,199,510,4109,62,211,9775,6,98,548,162,173,40,132,3,77,167,2613,399,29,407,4,40,193,324,107,7675,562,393,37,251,1436,1772,1060,304,179,825,0,271,340,1047,156,209,4544,1120,1285,0,24,344,511,105,127,0,44,151,124,36,1851,23,207,61,385,1,1,3,187,49,4,82,763,10,2980,728,9139,3155,263,6,236,2081,204,41,79,24,7,471,62,391,406,0,238,25,356,0,18,1267,7023,0,64,19,4468,675,1,57,555,130,731,16,267,27,856,562,1162,329,1241,19,429,352,46,398,278,155,102,187,21,204,77,88,2,5,1161,6599,86,0,663,132,1,1107,58,2694,0,3126,515,719,1350,19,510,9,191,1802,583,1320,76,16,12,0,12,2591,92,328,3515,54,1,748,526,2178,4439,173,1990,2,2554,1661,44,1107,6008,121,163,4,0,341,12,0,10,221,394,16,6685,46,254,255,94,2040,47,0,3801,6,446,49,78,135,3,123,209,865,425,1655,54,493,843,3,203,36,938,204,49,51,1463,60,531,58,1119,368,631,308,130,137,730,139,110,83,219,1,288,2,116,106,553,14,399,346,696,100,115,19,302,19,496,80,73,961,147,1226,1131,193,34,31,45,1414,4,617,5266,545,3158,61,1290,142,0,79,1202,1482,492,105,83,217,739,779,133,203,783,3588,53,171,1078,1454,171,185,1,1033,0,78,302,145,0,34,0,1888,210,181,24,45,0,177,149,2822,1697,415,718,85,899,2857,1425,376,2345,0,377,1745,3,36,6,1178,1776,1439,135,1135,17,0,63,73,229,8,49,66,95,639,504,15,84,840,50,0,433,1526,62,299,49,31,183,748,1535,205,36,392,8619,57,102,4597,14,332,47,441,402,1202,545,1449,101,0,43,1642,17808,1763,114,1435,132,8,85,1375,1,124,7714,356,45,142,312,262,1501,389,327,1662,148,41,277,88,125,192,112,113,2,0,256,0,5,225,10,1164,41,551,320,1401,247,174,263,222,16,2,562,5,15,96,80,0,1453,14,0,560,1076,289,3,7453,5459,5,430,167,2612,258,1,29,1761,3900,6,60,7328,0,377,46,24,81,200,104,84,308,131,99,0,170,7,885,39,48,284,1631,756,619,796,172,651,2,17,1852,368,379,117,22,3733,56,0,50,13,238,1336,1770,260,161,2949,1282,426,13,4599,83,132,1181,387,0,576,104,1361,848,111,677,66,465,2838,908,329,418,96,228,31,84,20,13,65,159,227,261,72,3677,649,126,0,485,484,590,104,302,1616,11,588,808,0,342,19,23,968,15,4,427,143,1566,343,68,103,74,110,1,2,391,563,776,1239,133,2180,1261,1020,3068,403,1983,69,732,7,81,78,404,88,268,484,249,21,214,394,49,0,2275,1,1812,8064,365,0,60,554,24,1709,3998,107,2636,505,14,116,688,55,1554,98,159,16,0,554,447,71,8,355,12,154,183,182,851,798,1920,241,49,382,418,1,78,459,210,3,2393,1965,96,92,190,520,21,875,1141,1,970,531,28,1,5,61,1215,2078,0,2691,0,3637,799,20,0,1452,2102,273,273,2442,8,3314,154,517,46,211,4536,219,303,118,25,151,320,2367,400,282,418,71,34,250,248,13,347,739,3,0,292,1435,276,181,125,64,0,209,1592,419,153,329,1844,77,33,177,611,5552,424,16,125,223,0,147,34,205,365,0,541,374,669,347,406,2559,204,5,108,46,1226,1108,0,390,454,542,1740,138,246,312,0,4254,2268,4,39,41,74,241,22,0,222,68,20931,1743,160,305,1190,280,69,1307,1243,138,698,14,0,493,1113,65,515,228,8,57,62,10384,2334,261,8,504,870,1779,3,191,44,59,59,3845,7465,109,240,102,1031,4,201,572,215,4,13,77,572,2449,22,339,520,166,116,3589,268,2436,3,2,167,11661,3091,42,2,99,901,11,4683,337,0,144,72,526,237,234,42,48,943,1140,126,41,179,1268,72,165,81,93,38,3107,154,1991,68,361,59,150,153,1,265,75,36,57,2,252,44,156,2357,26,485,8,2851,162,202,2032,3781,1012,190,539,209,315,12,254,251,124,4821,2125,90,2,5228,80,4036,288,83,127,1788,375,54,628,0,298,23,836,4644,2,271,69,156,177,2584,13,0,8,81,166,156,2480,31,762,642,565,1491,1114,8390,389,777,701,0,7,390,1885,359,186,194,256,193,1669,6,2233,180,212,124,880,3329,1224,28,140,196,249,0,2,273,329,2781,49,0,118,4,1574,55,25,33,238,2687,623,72,194,198,0,135,1732,707,0,2147,375,609,100,20,1063,711,0,2220,927,1637,209,293,45,227,602,93,0,9,0,173,528,1617,805,149,278,25,71,0,900,620,344,35,485,419,165,535,813,140,69,14,18,715,91,867,83,135,25,13,71,12,15,1819,125,1749,0,73,866,685,74,324,1462,163,9,7,207,27,54,411,691,760,168,3771,15,1984,1,16,770,181,902,214,3078,5507,572,3203,557,87,121,36,319,1814,730,3852,2060,1684,304,292,118,920,374,19,140,583,20,123,101,45,1,25,3316,519,183,712,68,168,573,309,243,237,324,128,1167,598,67,1065,763,239,2496,103,133,664,0,2031,0,1087,497,144,262,3694,1296,1426,0,0,46,102,252,153,1293,3136,279,89,80,6,1363,891,648,38,128,2291,2720,2984,418,1132,2648,553,139,1761,1462,77,445,30,538,2146,4172,10,225,107,129,5439,201,483,356,1186,2884,418,20,642,70,762,34,197,429,0,534,73,130,0,237,44,242,0,49,193,0,781,251,3,5,108,0,3852,343,873,311,133,640,316,132,0,407,610,9,182,6099,1112,307,1458,27,352,914,184,1747,1525,3579,68,311,0,0,163,513,290,16,71,1898,4,455,911,790,519,938,2612,17,85,890,1,55,2035,10,1615,12,140,33,317,19,0,623,33,16,0,35,47,141,609,258,271,12,454,0,390,316,0,1407,12,5211,2304,0,823,844,16,25,3095,531,32,1397,35,10,86,3618,853,0,244,2,18,2152,29,419,189,4056,197,0,36,639,574,449,393,151,48,2217,1217,107,468,1334,195,460,1019,0,42,274,0,5,36,355,801,30,827,582,444,218,4149,1415,391,104,4105,1842,145,149,371,473,2181,2015,578,1204,915,711,442,574,884,640,24,397,99,93,155,4,266,6376,158,311,1883,88,232,287,497,296,628,9,155,1016,5615,61,49,466,247,1956,2008,97,116,591,2358,307,245,361,3349,2,458,1222,83,62,5116,203,335,44,136,1492,94,607,2086,0,537,1338,299,62,813,53,224,746,117,0,29,228,468,170,69,1102,665,110,632,1855,643,372,40,3,47,2387,16,1722,1012,75,510,1384,585,3493,392,2344,340,12,4,29,541,204,111,508,673,105,385,1575,786,456,1130,1041,80,2973,0,17,1197,60,1,3515,784,556,51,177,293,75,804,5219,1139,0,59,19,712,815,5453,353,389,1778,247,501,1548,325,24,499,306,1550,0,4931,4172,6521,254,115,696,1,17,309,718,200,386,61,69,443,80,29,1885,50,487,1,57,2085,281,0,109,3,35,316,2916,1606,155,203,851,0,615,403,340,264,75,1132,1890,4300,130,4448,0,2617,7579,248,248,432,353,572,172,8,161,394,21411,925,463,0,78,59,0,256,0,317,225,397,561,444,155,447,3297,3,2181,24,61,395,0,279,21226,1175,23,384,105,77,959,114,43,43,2217,164,389,37,457,305,51,218,330,607,218,15,426,323,7873,1120,0,0,2362,1815,35,1,1446,270,37,20,0,0,27,375,231,28,360,25,4,1939,2575,0,3436,106,876,8881,22,1258,620,121,550,0,0,10,0,42,91,1181,462,24,89,0,121,852,595,122,3385,2885,41,37,85,27,2,428,905,257,136,532,439,433,4813,166,692,128,923,461,1153,487,1,3,242,2203,2707,2764,420,0,610,113,1159,153,392,96,3229,848,2448,26,3128,732,51,50,34,3079,402,245,3124,395,66,5351,408,109,492,12,125,305,403,24,103,284,60,0,1886,764,0,4872,251,109,56,1367,1,69,0,73,2285,169,53,578,492,5,66,4090,194,147,179,107,4,486,847,250,15,723,116,630,30,665,133,3288,0,8,1513,49,1657,274,1727,1233,184,0,48,824,20,7,4372,2,1364,88,1,1059,988,10,221,57,2882,1535,65,1146,283,752,1365,98,1015,233,2256,1026,2101,1128,3095,1449,917,13,1142,164,20,139,8,559,139,9,0,3540,1542,138,0,2779,429,393,5,145,65,10,36,2665,41,0,45,262,362,372,0,5054,259,433,114,586,1217,38,435,44,205,515,0,0,879,0,9299,296,650,84,128,229,26,702,179,1341,26,190,1655,442,2282,45,382,376,2901,279,368,883,39,3,661,838,577,2365,6,57,9,9,626,93,227,132,1717,4548,49,331,318,290,225,9,713,1364,6182,386,598,355,83,125,0,984,131,1346,344,206,4562,257,878,109,297,29,5,2754,5,65,681,390,1178,123,2028,60,79,3301,23,0,680,2114,2,204,180,2,562,5,571,0,291,745,362,1126,1575,0,14,208,12,326,6,1432,4,808,34,702,2073,3372,3785,204,73,2657,387,960,1576,887,426,560,0,1476,30,335,344,143,119,1105,6,968,533,1012,0,484,238,375,4091,4,1536,4895,52,609,182,152,150,279,0,28,927,347,200,587,180,8916,416,427,281,3,890,3,84,254,1762,0,82,80,4924,90,6,1714,2,165,161,18,277,452,95,128,48,1271,27,932,1,0,5511,0,1422,468,179,105,292,2,66,38,2,9,578,152,27,187,10917,6140,709,193,0,122,2964,74,158,43,64,75,397,1,33,307,410,114,466,1217,609,44,1836,1,4321,87,131,215,186,408,1035,91,0,384,8,87,4035,1432,57,2352,1,263,77,615,2947,1423,4409,5,10,274,0,288,279,1014,5,5947,512,7198,2,82,120,465,60,6127,549,315,1621,1176,78,69,749,253,18,400,2556,68,449,550,336,44,77,0,164,349,736,2582,135,239,1160,5754,3408,0,52,1069,92,128,522,3,4868,116,132,171,236,428,123,209,2328,12,1455,61,42,5074,294,2455,2283,35,1352,3777,9224,12,399,180,5311,222,356,1958,415,291,11,110,770,294,2234,1344,1541,0,51,264,259,2669,3,149,522,138,2978,5,0,2946,215,350,488,357,399,18,214,253,9,5646,66,12,242,35,750,2958,238,774,5,15,510,5,5,212,2491,134,35,13,3072,678,171,838,0,30,28,965,408,135,508,680,912,422,12,766,3,2044,443,256,10,1750,245,652,154,77,1561,616,572,370,106,292,157,961,7,102,1,257,27,334,3687,272,301,76,150,1717,388,0,772,216,388,0,69,1063,0,321,1,0,3047,100,443,2963,37,34,372,261,282,0,182,819,14,1364,71,61,1372,112,655,5,1707,743,179,398,17,1435,412,5944,2,26,5,436,193,1306,3161,11,416,6483,4369,450,166,40,1024,347,9,1168,1534,455,125,124,6,568,1646,89,355,0,1077,594,6529,8180,605,651,2,55,210,1921,1178,27,763,16,0,554,3138,275,7,482,8,0,864,398,350,1,0,4009,542,818,185,1405,2247,0,193,13,17,1353,126,1,3943,56,2455,0,84,100,330,558,11353,8665,9597,190,263,131,439,83,2107,978,1173,458,152,337,0,14,1371,521,3284,93,17,179,154,2633,164,53,7910,242,33,745,640,107,374,82,1558,159,1460,1901,963,28,169,1778,88,579,1035,267,3,155,1039,428,0,1130,44,170,2526,1236,2875,20,10,12,205,4853,266,175,581,31,1324,2511,333,250,32,165,132,1026,442,0,2513,551,520,385,4062,82,390,73,746,478,13,787,937,3909,4,755,41,108,41,220,183,251,315,2522,116,1466,134,547,8,0,0,144,537,125,4,150,168,1718,1893,1467,1400,28,9,1635,0,3951,93,371,216,570,3,257,184,60,5,76,168,93,113,0,88,883,3,74,335,14,316,271,32,49,276,219,187,4288,186,363,4710,20,403,217,108,0,787,1245,28,1374,171,72,0,451,327,61,1042,14,13,731,216,161,1327,521,216,48,67,8454,0,209,355,9,2509,228,0,34,33,165,1048,105,3773,1393,230,190,178,2,332,312,914,135,39,1598,5251,103,1122,1328,668,691,1223,1021,45,477,40,79,3,1242,2591,829,353,7641,481,2267,320,864,965,215,195,1563,572,690,5309,570,115,12,416,10,2432,45,791,806,744,162,21,667,705,76,1554,2,58,2557,58,238,4382,130,1359,6213,1234,91,407,830,621,1937,1402,518,139,489,204,37,130,1167,15,112,48,96,3149,922,352,210,0,11,1,60,4039,3,974,480,42,1726,376,1361,897,180,2723,560,1261,811,250,171,7652,124,148,92,36,245,100,8,67,162,1467,0,8,0,2518,870,477,4,16,7,365,633,236,389,1,995,181,0,346,252,684,54,119,679,632,1365,1180,744,75,561,4,6791,2851,6186,655,1,27,409,93,0,0,2205,175,12,20,3767,40,0,90,397,1675,2090,68,57,2500,105,46,397,0,712,35,4663,1075,8148,506,0,22,795,44,1161,33,2,544,72,1952,6821,1762,14,287,961,682,107,40,576,2391,4463,465,2645,4,16,50,628,60,38,179,273,66,331,1142,78,6,4935,1925,536,242,463,1485,2406,0,130,409,0,326,236,549,697,17,769,1081,106,147,836,111,653,18,458,5697,578,124,197,3,0,12,1409,4123,1989,81,10096,318,1272,2863,144,178,2134,57,278,1140,129,88,458,332,0,1237,2734,618,10,44,2959,132,670,358,13,47,81,2064,42,1135,73,21842,735,1468,125,60,585,31,5241,9,405,51,566,856,502,18,149,5648,62,312,218,566,75,36,10,919,28,278,192,32,231,147,2896,284,438,19,145,144,12,816,194,127,712,73,316,1,138,197,769,56,2200,15,374,174,605,207,1676,3,6803,947,544,221,4071,191,1623,0,158,918,154,473,3,1079,501,181,163,0,11,14489,84,409,0,3,869,1465,0,28,13,13288,113,139,14,24356,0,26368,0,188,854,21215,33,1994,13478,92,3801,88,2498,105,5406,2,34,3,4008,419,2496,1011,1319,807,504,581,0,0,6,1654,4955,16,34485,40571,20880,3703,31305,7132,317,1464,2387,359,1222,96,3137,2,7556,395,158,0,0,380,12,2698,1532,0,0,4104,0,5102,19,442,8,1,1613,1,464,7683,9,2582,0,54,139,5,6067,1,5218,1373,869,1243,111,133,486,20,112,8325,62,140,658,47,253,11,10100,7601,294,344,183,6,22627,0,29,128,7231,977,11,17836,72,454,43,466,6009,18165,5570,82,406,19082,924,5,15,52,0,1754,41,13239,85,35,408,36,44,19,430,42,4637,71,15,170,57,107,2008,4,3385,1344,550,8814,21913,1951,797,64,7,15699,136,237,12,11,312,1882,150,15,29,351,4438,363,188,890,0,110,22,28,3322,4693,98,12,0,1466,3605,7651,2028,5230,136,4,1,3741,117,841,138,42,603,172,1488,46,569,24,9647,499,10621,4522,0,0,59,656,22,5513,6571,2373,6915,3609,167,60,360,545,14859,4374,9763,189,5896,3302,1321,37,141,1036,24,6179,157,14,0,523,426,1,368,137,23,6009,589,2219,4900,150,16,9433,249,696,12700,15080,11,22570,375,172,34,0,56,2038,0,1362,5460,10498,6,3229,6280,170,1060,4548,55,736,271,20,0,4744,133,1382,39,114,5833,4693,7,1,11876,2188,57,2118,1188,11311,983,43,17,5,0,0,123,2037,1825,24958,30062,919,357,6320,517,600,0,0,3,21,6661,463,0,6377,26119,5899,86,3709,116,5311,1376,612,334,0,341,21,0,27627,314,0,16,202,60,599,18,69,140,848,27,0,2469,3313,35228,992,66,4255,453,1881,1097,83,34208,161,12,6,1,2,678,66,1390,1250,5449,8595,10891,15557,825,13500,949,28,2,1116,1,4,34,236,1720,22209,1840,132,3478,152,4,1831,2987,83,255,0,26,1447,6701,44,9920,0,3,37,9926,15378,1,277,0,29,135,505,938,16,115,2,12112,1313,1,7,1484,489,14,161,25,4803,1,7,2627,7,535,8,11835,1446,623,25,0,18785,512,57,2145,18459,11552,856,1310,91,39,12793,0,19263,0,675,3546,561,47,56,409,1045,7931,842,4,858,340,88,37,2045,165,279,4,0,0,12,771,0,298,28207,285,337,61,1871,12,5253,79,1429,14,3773,36259,1932,2,9,182,0,566,0,3731,3033,18697,248,165,10264,3313,4155,1836,46,0,21,11670,1007,55,50,27406,0,208,0,0,3488,607,492,95,29,186,52,10585,6745,136,774,4268,134,111,297,1299,10805,147,167,10521,2925,24245,669,1,911,0,0,0,384,23,45,8871,4,4203,499,2281,135,1296,83,11637,65,969,500,43,12,84,73,63527,6248,4277,11,21140,3161,2433,3240,1507,25,34,630,1500,15,90,0,34,17,21,6,95,16,3441,565,98,115,7972,7,171,1281,116,1,1,13199,216,4501,4866,316,1185,34,308,5158,7363,2,1,22,14,0,16478,1868,327,0,167,7376,2,844,3,0,962,2,9451,13667,15879,33802,51,6864,0,28,336,0,49,96,279,34,137,7063,3,4120,127,1116,872,2942,223,7,6251,43,10,8,9750,0,637,0,1600,244,43923,19482,0,77,1,21,3645,16,1456,0,13619,56,1380,1926,11353,189,0,176,228,33,214,4,863,43,2,144,86,208,1220,5,137,805,609,1264,24378,134,35136,1,440,75,218,24,0,219,1894,0,10151,23,40162,14,77,677,95,170,27,448,96,832,1164,632,1,1847,162,1,0,44,254,551,1587,15173,1403,389,289,25,4907,9,40,60,14,210,497,66,114,30523,23,25046,0,133,5716,518,6741,11698,1110,876,3459,0,0,957,324,9072,0,11,197,0,6625,0,35,116,0,3886,50,155,571,5,332,2778,169,0,6747,3897,274,16532,16,28,7820,12391,131,893,727,2946,13,4645,148,73,575,146,4047,1161,197,903,1,163,529,391,449,274,1167,62,245,563,12,1178,0,752,141,122,26,19697,688,3479,451,0,29,2592,5310,730,39,358,14720,362,15,300,3220,22,379,0,2563,8533,459,0,82,44,0,22277,1725,944,60,8001,1132,12,1125,39702,115,22859,32652,60,1,241,35,119,39,40,3079,14,123,47,2,3226,57,4625,116,6448,9263,32,13752,2123,5,551,0,845,1181,2664,10,873,3169,13970,19,7590,425,6664,122,315,25,1,195,29131,104,0,134,16302,1,1952,1508,219,5539,3329,10,2151,7,0,12,25,10,2,245,273,1721,229,46,178,12,7,49,137,1755,587,314,7597,580,2124,62,393,72,12372,0,1470,476,9,7458,5339,2168,134,2344,1473,0,1167,486,759,0,1199,1890,4,6,732,80,1689,2475,0,71,18753,16,14,47033,156,10,422,1,882,37,404,339,0,876,574,2157,0,339,436,25,12788,0,3735,293,34,14,36,65,4,384,39,13968,553,155,7496,1,32879,10,215,2132,13,144,8493,13891,7349,4202,2509,9738,754,416,25,11084,103,1234,13464,538,21230,922,290,17,2358,6525,11094,0,1414,947,597,0,4,330,767,32,5793,12,2730,0,47,62,173,6856,2188,55,0,11,1221,202,19,14,42,3,11306,665,964,5506,171,2493,599,114,171,35,4162,424,0,32101,3600,883,12639,598,149,2,0,134,949,11,0,492,336,2,1104,51,49,5132,0,20862,88,2,134,9281,6112,121,1572,41,30,12825,639,6368,125,95,0,10106,0,247,6955,0,84,1,16837,408,1731,28,169,18107,824,0,10816,63,6,0,46,649,9640,263,157,8961,4884,45,0,1173,3269,2,74,6,1504,919,12,81,4,5670,87,2441,8,10718,0,13,5,12414,113,642,889,234,437,2,35437,119,2898,40,13954,420,42702,23,4507,54,333,0,42087,107,460,0,405,259,2970,44,632,0,1,0,15600,2603,6,14,1520,2534,2583,0,5916,36,8589,11,7,0,49,4,9,7,6985,259,3988,745,285,0,2060,409,14,162,1668,3,43,12538,159,17577,1,13,468,64046,49,0,419,38,2175,9151,0,11,457,912,148,19,119,570,13185,154,2053,184,4639,252,9,302,0,7,86,25,3708,9,5445,15,6599,80,42,1272,51545,209,449,190,16,206,1624,10,190,1828,3860,125,2107,96,149,5092,1899,73,131,18105,84,0,3634,232,180,1426,0,120,9,2609,6714,7,1321,50,4958,1207,296,1811,3260,9361,1895,1827,4118,28,10047,564,39,14,11,38,98,0,327,844,11,28894,4927,994,778,30,1832,55,132,0,10,3425,59,1401,8700,2,41,16644,255,3,223,18,51,8585,105,58,15,301,0,0,1286,35,10909,15,0,14904,3903,3165,86,36,6975,422,327,4534,425,14,4,35,1584,46,8,47,198,1541,13,0,1341,0,547,1,0,3020,1362,334,353,9,1053,19497,295,1595,4605,447,6780,91,289,0,24,1511,329,58,0,507,567,66,9698,2167,3,7,5,44,1037,1,130,69,533,58,548,26,6,656,15310,18635,401,7704,3,1,454,1302,44,18,17280,362,983,31149,5,1502,293,713,77,1989,329,774,196,324,666,2,21,194,2100,1,4991,174,13882,1,22,2379,1001,79,1343,266,808,62,2279,4375,8,17714,1097,21,487,107,91,6400,36,106,0,3140,286,1030,2,1858,34,3561,800,11,2054,334,1798,1565,1315,57409,72,24,15080,5,1135,389,98,8385,0,765,8881,227,272,128,428,652,1947,4783,7839,61,3121,5413,7884,989,0,1178,0,294,348,3,326,32,168,0,25,381,3217,514,195,15,8124,4,15547,3803,221,174,23,19,581,229,3073,52,920,1634,319,264,841,1116,10,31605,226,22,29,3186,5284,171,162,4,1,1,247,160,6404,81,688,685,42,33,780,24,158,0,4908,0,70,105,3595,0,352,9,790,6543,277,3573,3656,11,8000,410,30,40,0,0,331,318,1091,13,1491,1810,5,351,1668,9,211,6382,8,2,2869,494,616,579,14,5410,423,5,13,4592,595,6,923,21,5,271,12738,3,161,197,267,12,213,826,2201,1034,22,174,558,26393,2931,7580,165,52,0,412,137,275,92,152,49632,5,0,0,516,478,1529,27,17,869,132,134,2656,2269,5588,19,2,3,16,12474,325,2,1197,1522,18674,4,4614,36,1,244,1245,562,32,343,5895,4645,0,21,12211,863,17242,0,262,2,1392,473,411,0,3223,0,28,154,4937,13,941,6,34,1,10352,184,16652,9735,974,4,1169,1531,3223,171,1990,3760,1844,0,5241,57,974,2377,262,810,153,27149,60,28,0,1457,43,23268,332,847,1852,16692,72,39,9,1907,159,12986,45073,213,12479,0,44930,12,542,1245,20,461,1,108,6,3239,82,3676,5292,10,11122,624,3449,24609,35,19,4,2913,23,13287,246,12236,251,522,98,64,48,7,0,795,912,22392,3099,269,1555,1631,1278,5600,930,3317,3322,22,582,43,1,2477,1,0,294,18,2282,2594,1667,24384,3,1735,3386,12098,1259,14919,639,3,70,7,15,29,6,211,55908,5,1722,1292,20,1666,360,4189,10,5,1057,34949,42,1,28,1596,4019,157,6944,28474,67,110,119,9482,1054,8624,34,173,456,495,180,137,620,31465,72,215,473,45,43099,657,4058,76,933,207,27,10,2325,34,1682,182,486,0,1635,11,29,14,151,0,54,199,64,1044,11509,756,10,1791,670,3875,13383,0,6,295,392,6,1346,0,9094,20111,3,131,4,18891,100,49,232,11,1400,905,22827,253,3,0,3192,0,43,11,188,22657,235,813,8011,12,38,5530,142,136,310,0,171,5070,21,1039,7,8,3172,117,734,120,1,19238,9149,834,8,1884,286,3660,14614,34,1219,1319,0,4231,9162,37,0,0,364,380,28,91,2107,629,0,4624,5997,93,1294,6,97,364,7,19391,0,2817,2961,19,170,433,14335,2158,290,1275,0,2024,33,1,6523,672,10359,0,10,16,13,7429,6347,0,151,550,15,1590,5473,5112,12,870,424,27,4168,784,5151,534,1113,448,29924,5142,84,4,24,81,42,162,86,104,48,728,942,21,227
193,17,728,594,549,244,1293,193,63,1373,677,214,1118,727,192,4706,711,602,1484,335,212,50,10,795,1949,988,1504,3132,675,435,359,190,815,748,2842,573,1709,1021,457,331,1881,1137,848,7296,1447,460,582,3005,775,480,632,125,352,61,413,602,429,98,312,1092,741,15,575,233,581,42,796,416,359,226,869,405,368,403,4975,202,2183,382,1892,286,1337,429,873,1889,87,782,1082,620,462,1418,874,20,248,870,3095,261,2365,262,4633,157,484,334,2426,855,12,1999,1667,307,892,84,229,1401,183,157,324,824,24,598,118,259,3037,439,37,761,11038,284,33,780,216,4,1552,999,1330,2908,938,495,809,972,595,2622,183,41,149,202,30,1164,476,176,836,57,695,289,1765,460,2543,134,2,679,3059,3076,1140,1314,791,2093,464,444,732,1999,3081,960,1694,1536,2657,213,155,164,855,488,5145,170,238,623,1485,1122,2302,467,141,75,717,782,1626,487,963,201,911,14,731,118,1445,50,57,302,1169,262,301,4727,269,937,360,3723,346,677,4529,43,1369,382,3118,553,374,108,321,925,95,396,231,141,101,108,3971,661,124,2403,2842,102,154,1689,1057,4857,60,1174,907,231,3279,1467,123156,96,156,340,62,627,1477,2335,699,420,322,992,746,171,504,422,604,620,871,1624,89,2460,22,813,442,928,888,978,3443,449,794,104,473,160,1066,749,111,320,2421,308,201,877,637,1108,476,138,323,1366,510,177,486,171,1127,384,283,250,446,1571,130,275,603,680,316,464,323,724,414,1210,953,40,1550,650,4192,341,643,25,271,171,40,247,981,475,5721,893,2888,85,509,8978,204,651,1760,1118,776,26,1085,122503,392,2,467,55,649,1593,55,949,1131,46,197,881,32,696,1020,726,73,540,201,1169,167,176,1971,93,54,68,1105,765,371,155,232,303,610,299,256,9002,14044,947,1016,243,703,937,1223,677,214,116,185,1807,5236,415,54,2528,5363,513,400,1008,3825,356,466,497,169,467,19,205,175,393,236,81,252,1092,306,1504,635,252,14,314,299,582,718,502,767,924,1277,3320,377,88,640,199,12,1013,205,490,86,869,445,261,1498,1774,1415,302,154,802,2795,563,65,2359,665,887,153,255,1198,457,778,170,125,909,2887,131,26,2500,222,143,745,297,645,472,768,248,67,921,171,253,399,689,2324,210,633,76,450,301,1020,255,3359,860,296,1905,313,29,1029,1615,320,688,56,582,445,1158,230,2427,44,1579,931,738,856,140,490,435,2032,1302,3690,2522,745,1946,1091,949,2093,185,438,377,918,1824,391,349,28,52,217,241,455,963,1002,349,8249,216,2091,48,3628,1461,1319,1006,18,1236,870,679,1042,75,1402,592,3041,1428,539,504,2808,170,906,501,175,69,333,218,1579,149,183,476,1513,975,57,684,873,285,31,267,446,352,307,1770,396,1379,78,11634,558,808,765,3665,288,230,1076,380,367,972,848,1335,1441,88,172,677,25,258,416,3181,27,778,891,743,363,633,358,180,999,431,1587,2536,900,171,162,188,993,19,251,1901,340,11,470,57,513,180,71,297,827,2280,276,2250,1214,139,2646,272,662,569,2417,1762,601,481,412,5728,235,1251,11001,388,323,580,138,162,345,458,1158,1640,2267,997,2383,207,59,612,1932,3578,177,324,255,445,29001,180,202,24651,2481,1168,650,439,18,688,208,2217,1763,1492,4039,440,2384,1254,2150,1548,359,881,3829,499,1103,472,556,209,1818,1134,99,247,1195,759,301,590,9050,2646,34135,67343,337,1609,344,1516,1022,400,65,151,3336,1093,185,326,1386,6333,2793,778,950,612,1857,1624,1683,1353,500,729,1116,609,1762,43,251,1699,34,810,689,377,2496,186,1649,644,324,671,852,632,69,1729,12348,1316,885,7961,876,4340,824,1833,945,934,1150,43,128,779,13145,1864,745,5081,138,3239,594,1822,336,954,547,2001,261,369,1678,24,282,487,1732,3132,416,954,316,844,4231,250,280,1180,28,219,2937,196,908,101,12,1266,131,43,1292,515,121,66,904,119,288,1497,261,17323,423,3310,484,370,1016,609,684,99,289,3657,365,19452,997,145,466,1797,1471,1312,2369,299,2568,2267,1329,330,1019,968,341,540,3224,349,1188,2129,1544,147,275,87,1509,599,367,381,1859,2367,1525,34,1950,54,33,2925,274,687,865,555,469,1519,3742,256,210,1378,3564,385,880,1262,605,844,846,2566,466,238,4398,226,1528,157,2068,103,1287,97,3227,41,638,653,697,684,982,229,63,715,1,595,3808,222,211,3133,538,1855,269,2866,630,19,2227,2108,840,1644,1620,63,205,1146,312,811,2200,377,5401,367,984,83,249,1989,906,93,1272,1520,239,849,753,536,9626,96,812,1401,2490,293,1879,1092,97,1172,127,3716,336,648,1169,932,3575,236,318,522,45,509,1818,175,249,1262,45,2498,727,7,3344,1302,824,889,83,840,302,536,700,6669,898,1211,2767,174,743,338,940,290,803,1244,1342,2715,1145,761,522,27,314,805,871,784,54,393,1174,912,172,9899,225,26,1904,1020,909,1496,200,2760,488,1157,8,1288,1275,907,318,524,97,1345,2535,10124,112,1219,1583,133,59,469,116,655,1852,35,175,5524,496,1313,97,552,56,279,603,516,1594,585,30,1040,133,301,2614,281,839,1223,1889,2467,594,1029,328,320,834,986,1398,2662,37,63,493,534,220,148,91,1626,2290,147,67,1691,616,80,226,852,454,784,929,117,1760,8383,782,8,606,4773,396,351,582,4350,341,151,87,336,216,473,206,807,587,215,2372,333,80,882,789,1900,56,73,259,694,2864,755,272,236,1292,394,149,801,249,677,77,87,189,755,131,240,964,715,1221,299,699,1430,612,1165,70,363,337,404,898,910,610,3928,566,1480,456,871,346,227,229,1665,897,2630,185,1502,859,24,447,208,789,232,386,367,3823,756,1211,95,926,1366,194,1944,290,1262,468,927,932,380,2064,392,743,212,22,933,3459,1848,636,1465,46,2162,1751,711,42,302,7484,1484,1403,311,103,385,215,145,1062,1036,154,420,658,1490,207,1979,30,482,1095,10080,1894,856,1671,939,2368,10875,25,676,273,666,275,565,105,1389,1010,5676,129,1565,745,48,417,1126,4030,1238,1445,27,235,688,907,87,147,1274,2,752,319,1836,1435,359,16,666,618,168,2915,920,590,846,1046,1172,6723,2620,730,8288,756,1365,2583,214,2572,1470,1999,226,456,486,3481,20,975,344,136,112,195,1119,422,797,835,991,344,159,1556,447,1440,398,19,464,1038,350,1005,836,818,1442,2267,277,6748,2220,586,2011,181,1622,522,403,130,3154,522,376,667,1831,3358,263,566,397,149,11912,393,1527,8154,23849,514,1218,341,333,550,178,674,511,408,871,3158,658,733,1239,2129,1113,1824,425,624,282,762,712,780,315,923,1836,1345,2093,903,502,933,418,163,1104,919,38,334,831,984,669,3414,57,2,203,2291,2372,153,248,582,619,1786,2775,541,982,478,38,515,708,1354,3264,105,579,2849,3969,169,266,380,2201,1349,516,610,249,824,559,5152,506,1046,1356,804,1112,307,1035,1524,1943,185,213,852,145,663,126,1364,41,463,2357,26,704,29,839,151,3299,786,218,31,527,748,1083,278,210,128,545,666,1134,271,576,1203,1515,1800,1399,1891,271,730,1133,748,630,6236,1551,496,1673,2814,2103,86,3223,543,263,83,537,1021,5819,91,669,2302,1510,899,43,695,369,130,81,170,1242,5511,68,1038,1110,87,637,818,1123,1196,652,572,1224,1266,25,1178,331,173,179,413,575,8,34,78,966,317,428,1108,137,4636,526,915,1108,3201,310,119,649,702,1909,1564,16,2227,128,459,4640,536,710,606,15,466,1124,539,311,3442,962,122,2795,7808,1447,351,179,133,264,1082,617,704,301,1052,528,319,355,896,203,17713,2768,257,436,180,1813,328,208,224,1667,430,264,1059,580,53,1220,2687,856,395,1793,1131,5,21,220,3367,426,2340,1841,174,34,106,18,547,791,331,704,323,439,857,1512,106,222,9013,639,146,4169,164,142,1467,1494,2997,765,189,166,184,513,993,1625,117,240,150,1395,127,426,560,1483,348,1217,2001,579,1983,325,208,748,103,617,3011,298,650,93,54,17428,2775,129,52248,435,1311,67,86,1118,1216,1227,966,616,261,1234,1151,17787,335,339,2717,2784,3052,34,100,331,150,2362,898,223,3507,241,677,304,1947,80,849,5672,1280,292,1499,404,1524,200,2261,1553,3421,2009,1316,129,819,1470,68,767,1110,810,36,2036,140,1147,1324,935,36,316,441,870,299,493,1117,1119,197,5368,367,2107,391,149,504,93,77,439,1121,2430,360,1337,909,4506,3546,720,1377,22,150,2156,65,90,204,1327,316,2879,284,41,719,1313,393,95,1164,543,1592,560,480,140,541,208,400,1870,16422,924,180,273,31,901,1134,1278,514,331,25,411,710,349,311,777,1275,2697,2212,159,3305,527,30,668,535,2684,933,521,212,4016,3174,246,213,784,5199,487,113,816,21,52,10220,288,119,134,496,328,500,90,346,585,56,1284,1058,351,111,4669,2638,337,401,107,481,456,518,575,195,89,3190,1192,75,338,4276,2533,82,34,282,195,20,50,64,66,125,219,917,41,417,1229,487,598,860,753,75,1024,5761,1298,751,80,100,3075,979,151,999,1140,975,310,140,743,335,444,427,723,1966,2888,1260,1689,169,457,2687,254,1797,1731,865,302,350,2343,858,370,2489,2750,302,40,1413,352,276,215,0,385,1231,2379,1763,584,1125,879,28,788,2610,2144,75,1479,73,152,3304,795,467,1859,1384,1950,401,135,718,225,739,148,297,791,608,2523,1562,13880,283,1132,331,2902,571,2715,197,273,211,644,1242,725,402,370,3452,264,66,387,2214,886,464,148,339,224,1039,1264,61,41,785,1207,121,67882,174,907,413,1912,104,162,917,8,558,307,1261,44,6540,1895,423,310,438,7849,1752,95,53,14,840,512,6612,494,1936,604,116,542,497,33841,935,1130,60,1338,551,176,319,890,444,2463,540,325,978,1085,866,536,361,2188,341,69,626,1775,92,171,250,174,19530,1579,779,1855,1392,693,381,346,814,172,184,643,65,501,496,455,214,112,2424,1779,1293,969,62,172,1421,799,1059,1471,9,384,717,174,2204,370,20,22,58,383,732,1269,104,568,831,1390,5255,1161,364,54,468,47,212,1434,287,582,94,855,1170,126,233,742,928,1462,152,378,591,16205,667,4794,1701,463,411,126,2028,384,8817,225,824,275,309,235,692,359,617,268,270,34104,1261,445,1281,215,6178,7000,695,258,253,405,218,1850,358,337,3313,632,790,317,2702,33,420,271,2952,29,945,4,1043,485,254,956,647,110,145,818,131,174,713,1586,1193,443,258,438,2149,176,772,777,1351,628,74,142,146,1476,1430,2951,711,649,526,2486,75,3900,283,161,567,1397,269,718,1126,218,16,2634,602,1258,18,402,114,1983,596,861,806,183,351,1054,16,3124,3541,2401,111,526,890,986,679,394,2264,158,2127,176,52,34090,394,812,326,347,1248,1780,1886,97,1305,1788,211,805,144,1623,1950,56,140,234,1203,612,1782,1587,67,1857,105,475,516,545,160,3509,119,197,1111,2128,142,765,181,418,1414,135,245,81,371,681,119,153,301,765,3693,54,987,33,1280,753,31448,868,1039,2662,200,511,1301,171,186,22,1623,153,488,46,748,675,2644,5663,960,196,648,665,8869,1235,892,357,154,1336,930,60,19308,799,397,105,898,141,506,5232,8483,984,1574,1549,978,942,774,1509,7465,369,911,721,757,1600,6345,267,311,163,1866,319,498,2431,57,313,26,69,760,192,1175,989,1262,118,1803,477,1869,279,7793,2323,296,942,1646,204,2911,461,929,26,106,1334,378,764,465,1131,20,381,145,179,90,485,306,9174,260,162,65,1318,527,61,2367,130,127,36,1767,1980,27,9108,72,1958,700,658,719,633,3569,8306,215,42,13,824,9953,83,1487,237,658,423,80,327,324,981,2569,93,677,661,1566,1079,207,335,1128,214,199,248,2781,1280,704,3077,452,727,2078,2676,4000,69,1790,25,3517,457,266,122,2359,960,217,3477,1142,843,69,670,871,2943,2150,774,126,1211,1494,109,1546,1492,194,321,20208,338,2695,386,35,211,295,2458,2414,3243,135,143,364,753,1856,632,556,492,390,241,261,531,26,448,179,1177,572,1625,151,2837,2006,503,160,4046,525,197,606,313,1790,153,483,628,165,190,90,198,220,268,17,455,729,55,2010,1866,878,885,271,602,39,1124,1436,5,1075,1120,56,777,178,1471,779,889,271,1458,589,1988,357,94,964,34,1376,568,1228,975,124,1264,411,1165,370,400,229,761,138,1063,833,459,259,38,1279,663,816,639,185,383,98,472,4403,540,4346,56,170,893,490,1514,336,18,264,1873,66,1448,933,1063,217,439,48,400,1673,152,11,291,281,596,1712,513,639,153,10737,260,1645,736,3226,77,490,721,2088,2673,266,291,70,1219,116,144,92,301,1494,659,781,8398,7,2311,572,2492,1323,664,835,10097,658,106,243,254,1004,638,1536,493,857,7202,52,789,694,763,128,2184,89,559,387,2642,533,661,2991,315,148,38,60,367,1630,970,2255,380,34621,175,1897,24,1907,95,3094,473,417,1589,316,517,1503,1661,3399,1308,525,637,157,1082,509,1154,1266,26540,681,2241,538,12317,217,5682,204,62,510,305,1175,47,51,459,2443,132,554,332,21,50,1148,146,236,1550,984,263,86,3789,4554,340,236,88,2393,1803,861,423,30,491,495,470,4999,423,688,758,406,631,745,1038,416,1388,416,32,70,5033,160,1164,1502,1153,6154,71,1003,107,244,1467,565,178,48,158,659,3476,210,300,4007,152,1532,383,53,456,911,165,541,52,3697,15,147,273,6055,31,573,634,480,1072,39,1568,406,111,422,293,4135,21,1648,943,839,140,59,34,871,889,311,2023,490,457,732,316,862,81,228,24,7,1070,63,2932,668,899,1903,241,588,2530,1500,1389,581,159,1472,1938,1757,1010,459,105,4096,865,604,635,671,665,371,458,743,380,148,1498,59,2093,2752,1552,514,958,389,276,12,65,135,165,30,391,1606,123,853,1174,176,426,140,476,66,870,217,513,153,1291,853,1173,8,164,40,303,250,227,554,616,114,4451,489,6039,641,1170,257,800,428,2023,202,14490,712,807,250,3100,636,308,1911,17,539,411,254,2468,125,688,2038,198,443,206,153,1134,364,1108,1225,304,713,102,1541,259,152,225,4681,1396,824,1542,3265,752,132,117674,389,434,216,2305,6639,32,558,157,712,518,374,387,69,274,426,425,546,1189,1635,713,1086,410,52,293,30,1495,374,65,71,247,744,778,342,7017,6174,652,100,422,168,3427,666,251,566,146,1266,571,17882,836,2397,132,1679,275,749,726,1420,4827,37,828,1284,214,167,740,71,2089,6002,219,1148,2049,548,135,620,514,952,306,3272,971,320,3345,213,467,808,426,750,4838,1083,649,446,495,70,547,132,1258,637,2676,848,698,53,241,210,17,1949,427,1108,523,315,1579,2869,97,544,207,2449,2580,722,674,638,2714,195,2443,9459,604,480,722,329,735,1607,1437,2221,58,12,653,105,747,2842,182,1218,591,996,172,2586,530,617,481,117,10782,1203,661,614,146,3519,178,631,546,1004,513,286,329,363,2425,2498,147,778,952,655,221,651,286,1019,384,97,6349,358,31,196,490,792,906,1118,985,875,144,1181,471,948,184,1690,762,1361,1722,82,4383,137,24,1443,149,740,82,2815,5418,3851,645,574,73,799,639,2719,250,4822,1400,132,221,707,48,238,1845,433,7,2184,1773,1289,2066,1084,342,34,628,208,87,283,0,1862,1138,3116,523,3463,1118,267,61,726,434,203,471,205,1775,825,343,264,238,175,73,1883,1027,3324,1837,311,47,107,489,4335,1609,1061,1076,588,670,1071,976,479,892,624,589,157,2017,3550,281,62,908,133,1008,971,489,120,98,457,719,10271,287,735,156,2117,141,346,1651,102,10,26,1100,539,534,110,3218,42,530,506,494,121,219,2387,347,305,1342,71,1987,843,4719,174,1651,2009,342,847,65,323,1097,303,367,308,228,1621,71,618,1651,376,298,5435,526,354,1550,1303,239,367,47,1327,954,308,536,354,861,924,710,514,446,2526,1644,768,8757,523,303,411,2695,1287,224,230,595,1344,531,1614,29,2125,469,255,612,827,1167,2009,537,91,582,493,590,1085,3187,211,42,275,2429,410,452,1233,191,85,78,565,3767,1234,1885,1293,1009,322,563,34,515,45,109,349,906,510,1855,415,1607,1684,1359,7,932,219,1461,20,110,588,68,373,1072,282,105,40,2126,629,186,1612,1903,726,2009,83,389,374,510,2054,3459,42,263,233,404,53,734,788,683,552,3049,2967,1382,563,87,110,951,977,523,1638,187,1229,8,428,284,101,1150,602,348,148,130,945,118,643,5363,1111,88,5402,1022,437,4013,2435,1045,800,3421,5422,382,80,132,895,728,10404,65,612,160,60,1201,201,173,314,2469,143,1107,332,373,928,339,578,1275,1650,1094,3890,420,890,171,1071,132,94,382,2666,893,978,39,1360,452,1012,341,69,649,63,580,1536,35453,2228,86,184,93,9280,1993,3872,964,4893,3098,461,19,92690,854,795,577,880,806,1622,28,4844,840,629,1173,695,395,215,5995,1066,486,4706,81,713,1359,2627,91,67,457,1509,492,47,99,1034,114,16,2988,1619,75,2891,147,100,1534,1167,274,447,873,3083,1609,91,611,193,222,1598,1649,14857,775,170,177,127,92,223,285,561,7425,3046,246,73,6571,25,3742,1544,383,591,551,1996,2351,464,818,1667,57,900,1607,76,649,1480,524,2905,1173,8841,475,165,4519,23594,257,421,385,567,11,126,2375,410,2363,755,1896,1038,967,2060,82,378,573,2534,56,1141,293,240,2321,587,73,190,934,1469,678,1122,137,430,604,87,1635,3818,1200,91,2010,681,6326,772,472,8569,815,66,255,1697,51,443,10629,531,181,1399,50,1165,1847,178,312,63,26,838,10953,32,252,60,2953,8379,158,250,23,465,2429,160,972,1065,1970,1299,329,168,312,955,151,46,266,250,1741,481,44,1662,62,544,2484,232,2539,69,986,53,1162,259,1615,36767,461,168,232,208,78,203,299,3174,1176,434,271,482,1719,761,225,1150,355,304,1549,875,6019,637,1133,184,469,387,324,371,111,1333,1824,178,865,684,1626,536,109,378,1387,92,466,197,1005,2850,57,293,509,261,1540,519,2329,286,90,184,112,174,27,1603,169,458,1286,1185,318,872,56,465,466,2359,1360,2798,53,34,831,595,3325,121,2771,1879,946,2069,145,52,800,607,617,6,814,1291,1568,397,173,576,1248,595,1885,55,554,172,185,218,642,1831,333,68,3769,37,3210,203,55,528,551,123,1279,207,373,1681,3516,268,286,7108,1882,346,839,237,30,1011,70,809,910,62,214,860,1451,416,2052,414,714,715,584,979,180,492,959,497,375,1253,864,71,940,1102,175,1157,150,720,5419,1784,456,900,2887,1445,615,997,86,592,909,615,585,1277,368,733,709,1284,990,78,570,215,80,790,635,178,348,641,571,1161,479,62,7419,1558,3586,410,1325,485,5890,1622,273,380,1230,1235,1120,512,879,723,971,26259,355,5007,11438,260,562,23379,1013,270,160,189,118,525,71,249,585,69,203,346,1167,44,90,1779,428,227,521,1371,542,297,1592,284,372,1154,660,237,669,1263,30,193,295,1052,84,1461,591,131,38,4781,227,1629,87,256,2915,14,1850,753,196,991,1065,400,732,1533,136,1503,584,281,1892,1038,1314,623,2887,137,945,1614,1527,281,1039,1724,781,148,49,70,2013,476,129,554,286,1991,1159,1161,357,883,271,44,242,1128,855,3326,630,1707,925,1489,587,1198,2511,1673,1464,1139,1329,200,379,194,612,331,1213,757,2446,3904,1134,891,893,243,629,881,1137,827,3578,66,9197,70271,205,1806,182,1399,1556,350,845,810,5035,641,448,1370,182,193,2180,93,111,180,2127,540,186,41,404,601,161,501,1841,1111,835,436,1235,283,916,2807,533,43,30,174,2134,332,572,24,252,64,549,76,201,993,411,204,6580,889,64,336,469,188,689,450,1179,2104,707,125,514,770,12,71,1375,268,3246,119,788,325,57,2004,45,1385,1509,842,1149,1215,479,181,713,824,982,464,413,1448,833,342,1008,109,1219,321,1046,876,424,151,1449,552,1077,5,1011,1591,1815,751,136,146,1758,5559,1074,1696,1752,249,759,639,33,757,1113,590,1100,297,1363,474,3321,1040,1205,531,144,492,112,499,983,646,1788,254,552,742,336,126,829,584,71,1263,1138,1202,221,1214,953,4121,598,3252,13,105,150,248,74,2274,1523,525,28,1268,153,3244,1064,227,1338,36083,1829,64,1049,334,471,2990,192,26,475,718,85,506,2070,122,111,145,1003,1312,42,1697,67,2836,253,165,892,2915,449,5195,1250,1845,7330,240,2616,1801,2787,188,14106,3651,621,1440,1967,2924,478,2073,142,1384,269,602,1614,1038,539,282,226,898,1212,485,478,2811,11,231,122,290,441,2101,43,1304,579,679,233,1322,1364,919,1540,1655,1080,137,2196,713,1858,87,343,62,22,464,100,2191,443,1051,395,1434,2236,4809,3619,810,568,3972,60,3684,630,2056,307,758,535,327,1356,494,1387,35,1327,215,115,631,3589,1214,524,1411,327,418,280,1258,101,459,633,805,391,617,532,1312,616,963,702,979,385,468,1264,15,386,325,8,1038,55,1080,362,574,9178,81,722,437,2822,2144,3330,315,147,706,574,2047,2860,894,335,746,917,123,125,28,1165,14,341,767,1211,483,1295,174,2701,166,2668,973,553,31,513,527,32,242,1107,197,456,591,679,60,1673,2294,2113,1067,1685,391,2378,777,1123,566,198,826,1227,501,2070,286,2207,1426,843,1498,154,1356,59,245,375,738,699,127,411,1014,1268,244,800,1309,792,299,1457,1227,1799,306,1130,1902,837,1201,300,3611,981,1084,314,34,1007,501,121,994,538,230,114,725,54,2334,1322,1752,509,114,392,87,199,2868,430,279,2633,1695,174,1372,685,1333,6895,1868,241,202,192,2831,27,4369,366,415,67,845,1348,16,1651,453,420,229,25,887,3979,238,421,776,955,38,373,64,126,29,675,592,1745,2469,48,976,1704,394,861,139,2424,457,405,846,1427,3896,598,373,824,1285,1146,586,6338,124,128,571,137,10517,129,692,58,429,631,30,1208,198,201,154,305,66,170,1663,571,789,522,5649,1121,3973,941,190,2532,2134,1569,120,7,432,978,678,436,6564,1398,24966,396,1068,686,603,600,1679,535,1149,729,124,51,1607,383,1410,1695,898,551,35,998,1949,574,326,1079,2490,2322,462,539,2079,948,640,2841,3892,1213,33,1621,1052,1446,2143,408,706,1411,1053,4372,64,2693,472,1331,27,680,1725,449,2315,4206,926,497,837,535,875,301,1411,549,275,599,579,333,661,28,242,166,1450,367,1746,563,7921,934,31,230,435,193,1420,1076,1341,2464,399,414,849,884,1753,30,10152,383,424,1056,546,739,333,1566,1023,67,185,269,484,1706,366,397,378,348,123,14039,1353,883,864,295,64,743,1745,300,3003,63,367,906,1773,1066,834,11,4200,854,1136,132,468,1372,548,880,563,215,1452,140,2427,167,832,1632,3111,932,10,167,251,1143,1027,175,65,617,494,701,702,69,1620,3992,482,58,433,379,493,1210,2239,116,382,247,1081,53,306,121,1364,902,402,232,1098,1923,298,627,1039,962,2843,980,621,1286,671,1084,248,145,539,156,1548,1641,768,109,208,149,735,577,359,137,422,984,146,786,1412,265,302,591,96,691,1267,115,588,346,3212,1156,8767,1382,9,2320,662,216,1606,852,85,941,195,259,1790,468,483,576,1228,901,1699,99,402,397,146,572,75,1062,583,252,1783,132,3309,168,626,2485,305,84,715,257,121,218,1269,379,569,232,276,320,437,710,829,730,557,474,252,218,1024,216,1054,919,665,1216,1342,533,324,659,623,1408,81,1739,587,428,1301,1011,1691,37,3038,6928,37,301,280,161,0,227,1056,194,285,3301,1960,35,930,45,885,162,60,258,840,234,2807,21861,517,39,254,2265,223,45,1910,1203,265,554,395,193,694,16762,596,17,1521,201,656,1432,1321,3422,240,1212,97,292,204,159,1171,400,307,247,176,262,1465,3261,422,213,430,157,30,85,119,387,453,1276,254,72,239,1878,46,263,776,3555,294,851,975,3227,12,723,116,616,444,4027,413,850,200,84,541,2656,384,1182,1983,4750,884,523,4856,1208,747,2246,710,356,900,421,1452,506,378,571,921,40,23,793,337,2223,64,865,370,3364,449,622,74,438,1028,618,262,300,129,531,1554,1011,368,332,48,773,56,551,2342,2344,77,1540,530,863,1389,306,983,546,1039,620,172,71,245,637,238,92,10918,164,4525,1714,1566,9671,755,197,248,297,244,1567,41,215,731,76,1748,3857,893,2156,494,1011,2151,69,2492,368,1187,2629,1432,412,5805,889,389,171,2862,452,653,1044,673,283,842,4372,187,212,588,5328,4699,402,626,530,1163,148,593,2345,1049,127,386,84,503,15257,155,987,813,60,1806,1601,301,52,526,7,208,548,538,710,310,432,49,254,6673,537,766,379,275,64,2346,369,592,728,517,361,57,755,697,185,56,444,364,116,1804,659,1074,1626,357,153,333,260,1309,3024,737,278,4555,235,1396,365,60,130,281,1558,7,112,2705,909,575,3385,3161,124,222,419,55,366,551,2031,1918,287,435,197,274,75,555,373,261,274,121,1818,376,368,1972,234,547,258,1239,1604,18,130,1300,1100,1583,6684,261,438,147,2282,47,2929,1447,4297,2432,485,1205,1118,232,1315,527,24,2053,596,971,571,556,497,335,189,511,278,831,419,658,780,1076,2759,79,522,15,539,308,1143,682,656,109,1443,578,420,4352,51,608,871,59,467,421,484,184,1202,3070,148,1790,29,1375,1475,2032,1557,421,489,1188,242,1315,777,1006,145,1389,451,565,391,112,50,733,1671,1253,1073,534,11,176,376,118,631,286,260,5611,315,2756,467,495,512,63,582,1408,1521,844,345,387,1712,1318,195,2630,88,1050,406,6977,494,415,507,1221,1975,1895,136,67,157,692,601,178,910,340,89,94,43,780,1519,2416,105,416,379,2032,197,1370,380,166,4012,1,2455,661,162,84,632,43,1670,1230,103,704,127,871,715,481,2001,1977,1526,357,309,378,1096,281,1541,63,2090,829,127,371,1709,900,2537,191,1034,164,159,181,138,35,1632,478,1664,74,822,651,1086,523,3011,1098,1355,1290,685,37,977,3976,15,966,836,582,162,466,2768,5988,538,401,1020,795,76,955,3201,935,975,2431,891,1048,671,14,852,570,441,733,30,1402,60,4385,3190,551,262,446,7270,174,176,919,1627,534,253,873,279,586,334,3058,94,520,254,17,7498,35,1469,919,244,4022,4148,102,379,463,4580,1846,15,889,650,1943,519,721,723,945,3576,1212,793,3058,1181,671,16,229,255,303,328,204,411,24,922,44,203,1616,3235,328,1347,517,153,224,523,92,86,321,236,1517,18,80,38,122,8522,109,1210,3802,773,1372,661,204,1107,588,688,56,2367,559,777,4374,963,205,643,113,902,315,706,53,127,46,110,1269,368,1135,854,289,744,520,2207,1911,721,1510,102,532,102,616,100,730,56,1427,137,536,71,427,1849,730,1384,894,45,703,756,631,199,1439,429,536,1647,1450,387,272,1505,1326,729,2861,167,560,244,126,658,781,97,120,980,1224,384,72,17,3674,767,502,828,764,256,211,463,969,1035,191,1536,1364,953,596,1897,428,117,690,763,1324,944,135,776,8171,6474,1030,693,1259,2289,229,612,537,6886,202,906,825,1058,4273,1646,585,401,1501,1598,748,93,823,53,566,562,58,1550,1348,217,832,2696,616,444,2037,51,646,696,1001,469,1323,71,748,326,343,432,707,972,1031,741,73,20,1274,822,793,225,451,287,399,700,916,255,800,228,670,425,26,738,1784,1057,533,853,1986,353,201,292,285,1906,170,42,110,1825,48,1326,924,1501,1019,1395,346,2620,1214,6,20,286,626,89,634,836,452,1078,252,126,1105,573,4651,1077,351,966,185,1748,68,421,1752,928,377,1099,1581,911,1001,994,3296,49,2616,566,1246,648,766,511,716,586,197,295,903,428,210,27,284,90,460,158,765,3883,1157,859,520,201,493,1828,53,547,851,1554,46,749,332,55,1584,3054,575,496,320,405,522,1189,234,65,1546,3080,266,1316,4755,1,150,742,23,1129,3891,1089,111,1178,219,637,326,401,793,1775,424,573,99,208,572,1424,3245,585,6896,199,916,1739,376,1193,1136,499,1024,3604,102,1141,815,2083,1325,454,1121,237,65,1121,210,170,339,911,206,776,684,977,1297,306,117,317,571,701,193,1497,11,48,217,1084,19409,1812,1230,183,1007,249,29,1388,134,81,24,1067,73,891,2,807,195,594,1018,104,450,383,2278,771,17,49,41,890,446,159,151,3418,3023,1066,803,53,44,1559,2357,729,308,893,2302,1026,74,888,1161,1273,227,31,683,16,946,653,1519,851,17,1686,1340,956,1453,293,569,856,903,158,298,532,564,3687,857,482,1088,1129,213,450,49,1442,377,2301,747,85,1344,163,4470,1275,1303,37,2716,531,508,820,1637,70,613,31,206,2291,1606,1062,346,2805,2244,502,380,389,1373,2918,443,119,966,1195,957,258,3351,1054,7750,236,353,726,1930,99,1228,1860,170,665,1281,2680,483,485,39,593,192,622,1178,639,1321,157,872,908,374,1032,1097,2191,596,847,211,786,1617,1296,320,915,423,508,1513,17,338,3642,34,7139,65,648,1717,637,206,527,1958,3917,1408,931,858,17,831,172,291,1232,139,190,1348,594,415,657,1723,260,153,133,222,281,1550,723,1398,1051,400,1733,30,51,1516,1024,3367,996,179,577,410,335,404,654,2441,1133,1071,660,169,2705,3757,466,3109,3209,518,709,1265,151,20,10014,235,214,836,758,923,311,2310,158,869,288,496,550,1828,316,357,826,2539,34,668,1294,742,356,626,1656,1718,1131,172,30,752,463,282,1065,32,999,90,280,459,1322,1391,1342,382,746,1409,38,2612,492,2267,131,188,319,134,984,8,93,937,1444,2738,1428,104,433,99,708,927,461,402,21,2991,447,226,235,69,3466,163,5944,522,200,1561,2239,17,56,455,756,923,1653,1033,548,3967,279,3191,433,303,452,17,847,10,73,807,761,83,147,5623,290,756,1769,1867,13147,1775,270,82,634,1337,109,377,288,707,913,37,2098,401,243,1243,821,793,52,329,459,78,355,1832,1223,2727,53,41,908,408,214,191,307,1473,1127,1852,850,2018,541,891,964,70,459,333,835,1094,3804,464,1225,14,258,1364,329,2,328,1397,1520,626,332,666,2664,2069,1183,288,204,124,49,2071,1125,387,1029,71,72,108,711,571,1722,408,453,252,122873,780,69,22,213,124,1633,395,1637,2398,1554,3214,75,541,1962,37,212,864,781,1827,798,522,19854,666,2100,56,144,218,506,1342,2972,748,184,1418,1188,5017,4938,1059,2487,753,557,258,362,1685,648,176,982,603,5371,494,300,5,199,76,108,62,525,90,193,3872,344,12610,549,116,912,554,372,559,848,453,766,477,437,215,618,404,777,1742,1104,8601,1681,748,1137,1385,461,37,1086,382,257,1946,1286,474,184,293,2145,56,224,80,451,244,3150,475,320,61,528,101,36,748,1212,802,647,470,1186,471,313,548,299,1428,687,511,288,775,571,322,116,1157,410,279,575,442,898,1068,714,1527,492,599,1720,808,351,1833,339,123,318,353,635,806,2030,195,428,573,780,1415,824,768,77,1780,941,33,592,286,480,409,3290,127,165,132,10271,23,132,1853,671,386,51,917,377,2688,652,6376,185,249,2402,2733,474,864,340,100,73,519,549,285,390,843,106,837,276,2081,2916,54,130,854,647,239,127,136,409,208,562,226,585,6462,3121,673,428,198,590,10435,3690,514,59,194,188,1201,1744,1377,2889,137,341,580,814,106,1486,192,42,608,1194,1326,1576,18,1273,726,39,29,575,564,3559,4774,649,269,1930,377,687,829,549,118,1164,1857,1361,84,4836,546,44,8527,706,3431,75,828,969,1542,2301,484,50,137,98,1094,232,330,1471,1804,24,75,4793,90,108,598,63,1020,2810,1824,2179,262,175,172,10072,1434,205,1885,1175,337,337,9756,942,361,741,148,1022,737,3752,44,335,174,719,1229,1093,410,70,768,476,702,75,2445,272,793,123,89,556,297,1858,227,1892,1513,209,553,2461,2324,664,897,147,824,673,954,86,1434,1077,847,3483,188,1033,1067,613,598,1704,689,995,555,170,90,1987,587,911,2376,537,2117,751,629,85,3379,1987,1586,184,204,1934,1517,549,1305,1226,391,53,397,308,933,3524,125,77,1062,1195,2099,492,556,688,341,609,747,991,280,852,785,975,416,586,287,163,2224,393,730,788,1316,4,378,504,1305,2491,744,446,3620,890,1063,351,4064,489,258,662,676,28,349,663,74,697,642,847,1017,477,3499,200,228,388,799,3144,452,667,256,218,76,3858,1469,252,2480,1614,311,3001,263,633,128,4819,305,448,63,967,1617,1700,399,289,1911,140,3117,7281,852,1683,774,34,364,867,647,125,44,994,105,1211,646,349,244,1372,382,19866,356,345,226,1560,562,46,152,383,155,360,533,433,314,1319,1298,937,180,2917,23,180,152,2173,4340,368,513,163,192,657,26,1774,46,2161,324,70,1169,9169,585,656,471,63,497,39,761,156,989,472,662,500,3778,765,1011,378,432,1094,3540,33,458,65,354,888,397,264,20,1444,233,801,1148,599,5750,873,178,545,17,942,145,773,3224,80,650,1280,295,251,339,193,1150,294,65,418,3096,368,414,1234,71,754,11222,455,1789,26,379,1035,1523,2823,2025,1301,212,472,172,500,1139,390,2288,265,409,132,530,44,2032,1845,1899,379,417,1268,575,294,150,1008,266,1271,50,167,71,752,1518,1339,333,148,163,862,353,763,1014,719,229,589,11,1794,519,92,988,78,414,1089,107,593,62,2041,1278,2337,1686,609,420,14,1752,3804,462,647,114,32,200,1543,834,25,89,152,389,1478,826,671,2943,616,642,1011,277,480,289,135,69,450,709,276,248,714,28,415,30,2081,11,967,1967,2731,694,136,183,121,544,6365,586,494,2422,734,1039,120,326,233,1585,184,673,167,1504,484,290,1371,14512,205,291,243,1162,414,347,265,1378,2022,944,30,118,2098,3939,989,925,19,98,700,578,152,1900,1818,1243,53,245,132,1692,83,1971,896,147,1106,659,4378,18,719,357,50,490,612,357,511,225,28,890,371,528,1025,42,28,1223,720,3788,143,157,1852,273,577,61,213,108,741,495,2610,826,457,272,545,391,1221,2065,417,952,699,114,1689,310,298,6387,516,646,200,826,1141,585,1991,118,481,75,1191,359,2188,320,1024,140,380,877,193,276,430,1489,137,935,77,412,882,302,182,496,1198,816,2285,2100,220,236,953,564,1936,1449,646,290,2195,11052,1291,338,11893,296,2265,390,286,3061,69473,88,4575,22399,2008,6753,737,403,668,1061,1763,3759,157,181,288,180,122,594,3668,1876,288,453,272,1366,1299,262,14,187,125,643,20123,1400,29,1249,1566,1900,2005,53,1284,775,369,2846,443,3812,446,613,1045,836,2157,1212,241,194,806,2109,1562,315,1460,95,3589,1644,90,1322,737,959,2134,639,3374,235,1472,189,460,3591,20,116,114,166,627,838,796,216,184,445,1135,5824,212,1236,1320,377,442,448,4954,609,1004,27,357,207,3699,1515,6357,261,2262,1267,556,1169,2,488,6672,2467,272,982,227,817,1082,295,83,230,724,447,96,426,3043,1624,300,583,1698,1,1891,77,43,3546,146,6,1457,6,38,36,1155,429,2215,520,493,1379,4229,2364,459,2724,3089,801,425,1235,2970,210,379,219,2115,2779,272,847,1011,2495,830,891,352,229,1052,192,135,103,221,346,981,136,552,519,742,562,295,150,84,81,214,9038,380,18,1146,477,172,438,1071,435,441,3777,1301,29,306,6362,1453,2122,796,168,674,1734,1213,2496,1492,688,4180,2553,163,419,2006,1775,295,863,274,84,14,193,61,1492,3370,492,697,1481,822,1107,782,542,3358,6074,24,352,349,1337,51,701,3676,703,10609,306,14,566,82,382,5530,581,3006,499,1128,5086,363,532,181,99,455,878,675,467,178,37,371,1584,1952,345,2836,969,1020,637,755,337,269,1491,411,38,249,362,172,2434,180,45,55,1065,856,3103,720,280,957,374,176,339,586,1956,230,536,3362,958,312,22,1081,1530,1448,2585,3024,1635,1309,42,100,188,15576,5215,1123,3397,1485,1718,339,1516,105,265,188,103,553,59,1409,2826,115,338,9,662,206,165,576,970,382,429,4623,561,942,1634,1448,960,30,423,527,367,6131,736,280,1177,1219,261,279,282,89,953,105,1659,42,2742,238,938,226,3959,1056,2185,810,213,533,192,245,141,16635,137,321,102,372,21,2157,768,4953,255,75,187,148,916,82,419,248,4675,1226,944,802,656,1562,201,22815,2576,2326,7206,273,2268,405,6131,5102,730,575,5357,4229,2814,391,1173,1623,619,45,305,144,1094,1212,618,470,3407,1906,423,1576,188,1824,228,704,210,4810,787,885,68,2586,1036,1140,571,227,127,2003,364,3191,604,454,423,553,20,136,653,89,131,930,128,13130,560,360,517,458,1371,167,411,269,493,544,169,302,133,46,589,1195,1129,1069,351,986,1790,11,308,858,329,17,498,980,1981,27,2293,5055,109,905,1378,1179,21,742,589,157,145,227,71,621,935,680,454,192,179,207,1106,508,1165,2583,329,6523,302,168,1597,35,54,3042,48,109,223,528,1369,910,1525,1590,783,668,334,100,127,16,436,217,846,343,863,675,532,260,1008,551,224,92,96,379,110,524,1215,1019,985,801,961,1889,1795,45,242,1374,3046,2205,320,883,237,2098,283,172,347,1962,95,395,652,657,435,1041,195,15,929,803,54,819,191,1333,870,1038,282,351,300,1302,239,1241,225,231,623,634,284,352,163,595,41,1580,5414,316,335,501,42,153,2277,80,1749,885,749,403,128,37,922,424,1927,2623,530,1171,590,1603,44,3053,602,521,349,393,1189,270,17,1656,202,144,702,222,141,976,66,707,720,175,514,57,1583,473,732,353,23,192,956,2469,631,1592,989,882,178,1433,12,75,31,598,161,37,409,722,1320,891,320,2677,655,1982,378,5630,2247,237,663,334,3017,76,2004,52,380,1007,3815,468,410,677,1501,404,717,1428,1182,108,225,333,150,738,389,1432,386,161,1907,796,911,4468,1118,3275,4254,502,1834,633,365,156,555,41,1173,3316,21,257,653,192,547,224,296,532,435,204,25,3172,719,368,307,1060,284,2002,5724,172,210,1939,191,412,12826,231,3541,773,1006,123,1088,818,2404,685,1348,121,921,122,11,70,628,851,2267,107,333,734,210,514,40,259,939,5946,337,971,526,3267,1848,858,1355,439,4066,13911,208,425,120,252,48,239,166,216,616,227,985,40,199,1571,626,405,136,45,119,188,612,151,154,648,674,2275,792,4,940,1181,249,2086,110,263,71,22,187,563,341,1937,75,376,2009,618,1243,2378,211,380,747,66,954,414,312,194,1196,555,1037,241,259,3247,180,615,4583,3455,532,1285,1419,1153,246,277,142,3890,570,2663,1051,733,1068,505,113,774,1417,304,50,661,1183,496,5883,1038,606,221,1907,1618,4529,519,145,640,1857,457,885,137,1121,785,128,401,1417,977,10759,325,217,944,419,624,496,162,251,229,966,47,200,329,835,1470,21,544,862,472,3774,13102,44367,24,298,1624,2582,434,768,1293,446,809,2115,527,704,498,659,1464,555,652,3054,19,479,1535,136,713,1120,311,375,1063,468,575,113,1607,84,775,431,210,191,292,374,5704,711,691,1126,1327,805,954,1524,1266,1060,1198,133,244,452,1702,561,114,369,1307,2288,268,556,1180,188,1379,1129,1843,671,2255,167,414,95,551,1815,11897,65,770,382,354,460,848,265,1760,326,607,237,227,1341,129,3030,206,1329,849,499,1230,450,10392,255,227,174,291,484,1106,2820,179,2065,993,1445,21,507,716,3137,175,835,457,698,542,176,419,1042,11093,140,922,119,252,155,450,43,895,224,180,157,1353,165,1180,118,207,35,142,246,318,733,606,311,341,756,414,1574,47,1382,1362,675,112,2322,1981,1859,5218,56,140,474,525,250,516,747,45,553,13,126,4147,123,687,3154,126,3745,260,1974,276,277,432,613,226,64,198,416,421,92,383,16917,1036,589,3185,776,36,1263,229,1280,236,747,385,19,1206,301,1217,246,193,788,495,1003,310,281,1033,184,1077,626,2153,488,1056,591,4946,1030,3310,532,73,550,245,313,1206,1705,1431,858,297,1401,364,693,11849,705,703,226,35,366,476,127,1194,87,2444,950,8024,22,44,557,421,345,155,448,1446,2543,3394,101,459,174,333,2084,1151,176,1495,1751,271,3636,420,471,331,1136,109,46,288,127,664,688,45,839,843,143,534,629,2561,853,1932,622,652,9,31,385,43,1327,2753,1175,584,448,542,429,52,121,12,138,160,380,81,516,5044,653,119,416,2246,1801,8,317,1789,653,1092,234,464,3049,895,1020,922,824,466,1862,268,1411,263,444,429,2052,838,203,129,83,2648,1370,259,766,926,242,154,794,521,602,1567,1655,2152,3224,673,808,1337,392,3718,103,809,1576,973,298,497,228,101,2728,2697,1973,65,2781,907,1337,1393,1389,995,2044,231,863,119,202,1473,39,276,1216,387,476,532,290,280,226,253,773,73,913,106,25,106,146,773,1861,157,2454,1630,2014,3005,396,10,276,119,228,1626,3065,1140,4417,570,76,949,390,868,350,216,669,544,228,574,246,8564,165,464,150,1184,39,956,2320,1198,2244,952,3852,1648,1067,105,429,304,1975,728,1385,3320,63,3268,216,1702,533,178,164,455,1116,180,942,1681,1074,2024,22,1205,3212,356,1072,1569,664,3307,583,521,46,968,1547,826,1179,460,2477,5055,574,571,223,909,2491,91,8706,222,63,230,467,279,255,895,57,1931,918,1718,398,260,274,941,500,110,94,369,1567,1936,1100,5871,1791,688,443,322,229,1620,2405,1257,2905,200,885,2443,597,2938,410,1040,360,1135,958,1081,202,1413,957,382,2016,2081,312,1129,301,339,739,2282,321,178,211,1027,7667,706,502,241,857,219,1986,398,1020,1624,62,734,253,1466,386,388,783,534,428,699,396,603,453,1498,438,616,1333,1711,2045,11409,771,288,461,862,609,1364,568,1348,2194,1347,1116,4476,434,722,171,74,347,560,179,3213,14,8001,326,2681,568,2226,878,1551,966,1815,184,48,2602,358,482,118,20,586,374,1865,852,2148,1394,453,404,3022,130,84,577,1162,269,688,198,574,264,70,867,665,653,623,1697,219,1114,49,2368,1048,2124,5455,1457,2929,121,1542,44,1128,308,680,294,1358,58,734,2810,631,1344,297,431,1872,83,196,719,103,169,92,249,377,544,267,725,2904,157,655,20,456,646,431,705,1241,10,167,239,682,1908,247,1455,191,2453,1440,59,1051,278,763,115,678,450,351,426,361,79,928,2531,869,748,988,855,425,666,9476,842,60,409,2131,368,722,121,316,291,694,304,47,403,63850,304,4677,612,38,88,23,1450,1848,671,626,1173,374,721,654,1415,662,4,784,1683,2844,994,1051,41,3238,903,422,2688,1961,321,84,705,459,884,157,661,126,2205,402,276,207,1147,776,631,1140,734,363,136,1806,1048,213,609,429,249,322,770,1512,97,199,172,349,1872,2065,611,650,497,2205,463,93,358,465,1354,2167,930,570,636,897,3224,315,259,787,420,191,357,470,496,506,468,413,8432,237,855,829,5072,542,72,139,272,280,2497,50,219,980,1079,919,738,88,193,58,48,20,685,655,202,1008,125,3320,4662,640,1213,5180,1291,7,40,618,1087,6006,207,639,151,1844,530,122,381,173,759,767,1877,376,137,163,745,323,482,993,865,89,523,83,1973,1413,105,1399,1650,468,69,1731,19,307,1593,22,337,845,195,59,2437,4369,2327,1057,338,5812,1061,1788,529,1228,211,333,316,3412,246,283,39,707,278,1209,312,1094,99,378,999,2009,1882,1670,1065,521,707,919,3669,197,298,1196,1181,696,1034,109,745,856,711,188,1683,678,557,363,4448,350,263,154,4439,585,829,806,620,1091,74,2413,66,94,112,51,115,1416,59,231,1169,1528,1378,1744,649,1270,121,169,1216,564,893,2490,792,284,22,1639,2090,3325,290,885,653,408,2465,675,126,414,1206,905,832,138,470,240,1302,721,516,802,1142,1333,958,130,4438,1568,607,2204,349,242,570,321,713,84,30863,576,118,2036,164,796,1041,19,257,159,601,452,60,2019,30,611,327,289,104,4673,1543,4784,1014,1641,2977,67506,189,715,1431,273,601,401,1580,304,915,520,1180,1439,342,157,986,3805,451,451,1149,465,661,603,395,62,584,366,1066,3018,2080,5413,1145,441,793,470,75,471,403,2715,191,3065,1480,951,2582,586,4851,293,2037,60,288,67,866,1310,1023,372,897,255,47,581,1543,977,513,625,337,9041,222,150,2273,867,1508,25,106,225,4,569,5474,192,3109,24,2231,462,74,3104,647,679,1212,1475,1280,226,514,525,1499,418,1472,1003,147,355,84,342,10048,861,14,230,737,1652,8976,240,1200,744,320,2557,194,674,2623,2298,455,263,57,3154,619,214,454,226,1216,60,2451,684,713,1087,1392,2759,253,86,4400,1663,38,2203,2385,145,2792,73,526,291,85,1222,212,1369,271,4946,5005,432,599,907,2041,1641,1087,315,162,621,605,4646,721,167,66,652,411,638,39,840,504,1193,75,180,23321,237,171,76,1102,849,29,1494,2026,1280,55,751,17,2683,1145,59,1675,471,148,1049,328,4005,258,523,411,311,92,657,636,82,161,136,785,1660,302,4478,263,366,5155,597,2810,2990,1212,911,181,1742,1110,362,317,368,13757,1723,391,69,2280,100,1480,246,753,529,513,337,38,1352,923,1647,1845,1373,435,436,54,1439,549,342,460,879,340,2212,703,442,1861,3314,286,80,63,3457,1460,1204,311,185,1093,469,1080,1903,1043,1028,263,753,489,1332,1167,2572,107,592,1498,3122,1043,870,1019,1356,1241,889,65886,610,671,452,866,85,1283,1617,1734,2827,855,226,1807,1434,1693,1146,1155,2828,429,724,4585,330,206,475,5531,3366,67,309,32,1490,275,224,3411,918,1724,369,881,1496,915,216,1659,75,119,3378,3569,1429,1090,857,240,1161,3603,926,264,1565,698,1532,357,2004,424,380,89,175,576,667,290,877,70,6210,1082,284,22,117,849,338,169,812,727,81,607,2093,1089,652,3814,626,161,2264,541,293,521,147,510,4130,96,1707,467,180,535,253,139,2134,1256,1000,469,1320,164,1250,11050,612,277,449,93,407,1701,419,1073,404,1016,548,472,179,253,199,326,2547,3063,876,3371,690,955,799,3877,79,66,25,1631,255,311,208,618,1442,73,1832,396,1822,612,384,2183,1938,182,664,1471,1404,552,1064,420,554,19,116,5684,456,178,52,1603,128,707,144,449,392,1008,166,81,337,917,3963,312,69,334,381,1170,214,3140,1224,285,1860,838,720,1688,47,312,814,1722,7016,319,198,1965,812,1315,495,126,1507,392,790,877,2604,952,713,11543,114,26,2711,563,2198,1170,829,1040,376,3302,4581,971,121,1486,272,2943,185,2655,848,458,95,493,779,579,144,4240,6901,114,575,224,2016,823,428,38,643,245,2466,48,122,69,116,969,43,1573,2267,1685,658,333,157,39,262,517,1539,2953,228,13149,1531,260,552,3858,1690,1,370,101,129,168,1221,964,556,534,1558,496,1364,1590,85,780,448,829,225,5728,88,897,198,957,1546,603,182,1469,657,14669,263,184,2739,266,116,913,431,629,803,262,2392,646,200,867,289,657,1127,82,1113,7098,2593,4714,69,218,846,2711,479,737,60,629,230,135,26,1546,6685,129,367,424,245,3204,713,68,1163,811,153,275,664,93,7387,630,1289,219,54,2003,435,601,834,543,312,3458,1064,1887,1112,120,1339,1415,38,590,325,205,2539,1868,226,2987,252,540,1498,1421,798,70,353,742,1321,203,563,259,340,7361,873,217,65,53,283,477,223,3099,659,6172,48,80,8,857,179,2764,2147,397,1756,2020,493,391,486,121,18,234,860,909,1100,111,738,2160,730,428,1344,1940,2813,284,932,990,298,395,12,697,148,1842,115,55,405,563,608,1486,1731,280,939,160,330,282,720,217,1171,556,672,167,1904,261,1887,2228,730,926,96,406,1191,6795,115,11360,1452,4064,732,1090,92,252,388,429,170,1462,2054,16,1029,177,352,573,292,311,2702,47,5380,506,855,615,187,2275,194,72,4438,501,40,271,144,756,1850,2936,686,1509,9957,207,287,81,1226,356,1168,55,621,126,544,178,118,704,204,375,604,3874,1014,1139,195,1590,1322,190,370,313,933,457,311,1486,22,758,4251,115,246,8842,0,449,535,188,1013,78,1875,1495,333,1623,688,1353,314,484,219,1291,3116,859,1055,488,1276,305,65,137,276,1594,6218,653,1158,2233,291,5667,3069,414,1030,870,689,142,52,349,1149,211,768,1097,490,519,1263,426,1101,93,91,26,233,198,710,72,1475,1435,68,4483,257,963,421,454,2261,1866,51,2757,441,724,504,1781,208,4750,2008,202,3172,438,484,2380,17151,610,0,116,48,13269,154,1934,551,71,106,83,971,1908,4,12070,129,3049,631,1221,861,559,1066,2219,183,99,1981,1492,28,545,333,1004,729,1969,227,955,533,295,2324,15,3911,231,1051,156,1067,349,165,2249,1177,161,289,2744,1383,517,5254,789,581,244,2131,366,626,622,1120,73,2098,240,2101,466,654,1468,1264,2019,1604,143,1876,823,7013,1147,23,817,291,973,1684,51,1847,655,350,1926,1723,79,1776,712,871,408,254,205,1554,778,1755,245,1114,173,962,396,1706,1186,1017,200,548,260,84,200,3027,530,185,2316,709,894,841,619,936,214,122,565,1876,665,1724,1634,540,655,11814,156,1222,1685,18,433,280,10361,1051,598,830,105,619,415,64,1244,227,28,242,117,893,1927,833,195,1256,1103,68,456,1366,1271,1994,1357,1621,664,571,360,159,3,706,418,1054,221,635,786,2235,24,199,731,1036,759,873,1641,71,1076,372,94,570,28,135,6,4128,490,375,682,647,231,2230,13,563,250,262,13580,88,46,375,321,172,519,446,646,224,2335,187,76,1914,471,860,18,493,516,625,1782,627,2930,1731,354,135,205,814,615,190,3162,200,701,227,78,499,287,815,26,396,74,488,779,4423,171,4629,457,5434,1286,63,1769,137,271,90,65,485,1052,4982,921,191,1499,523,458,526,989,848,2652,908,667,12374,472,105,6512,260,3842,708,336,745,751,343,1025,605,588,245,338,6238,703,1970,2307,2472,465,217,101,105,147,259,7,201,408,166,194,2334,943,40,4947,102,1267,701,1666,145,1060,156,298,1070,941,224,85,2988,239,212,98,100,1650,911,177,248,878,1132,2223,7124,76,847,1265,769,805,478,946,436,1783,805,1955,457,196,120,1765,561,121,1284,14,3544,1034,179,1306,155,1771,555,623,340,180,54,2310,876,35,3830,303,2574,584,30517,101,239,235,1405,4076,1299,567,4830,2237,31,748,57,1290,249,424,63,20,459,2424,11163,873,13484,1059,1344,384,539,58,1082,764,33,140,665,281,2446,1251,758,2852,297,1230,3367,428,446,936,269,1019,1465,783,9799,290,355,92,340,431,181,1938,24,340,571,136,581,248,187,1871,440,806,791,2346,583,1214,117,335,26343,972,945,408,213,70,1946,620,756,1379,463,212,878,347,122,204,1247,102,132,464,1445,1762,1502,82,560,837,420,438,610,4086,32,226,690,1298,240,253,140,162,588,535,702,11,262,1517,816,587,407,380,182,36,614,47,395,196,213,20,446,415,1442,18,3068,8,4818,316,345,500,1874,1246,2632,524,68,1721,126,560,136,2140,544,35,95,3181,1059,63,866,1011,93,245,165,7958,199,684,1083,916,350,626,308,69137,877,213,1553,3109,379,804,112,369,1057,941,361,457,102,4,1368,8210,769,827,755,1432,942,663,153,189,784,167,12,567,1713,354,158,622,1032,1097,210,1694,344,409,654,19,315,96,1065,140,924,55,786,526,505,208,299,639,420,1412,54,793,2135,17776,299,1643,254,180,990,63,3927,1304,1297,2874,2297,786,1658,679,201,45,243,1987,995,837,906,3592,1124,341,35,1332,185,653,73,984,283,523,644,1024,2937,391,1520,1067,396,492,2478,456,3186,24,90,404,1794,3140,3064,1335,2133,545,972,8393,953,1074,1076,2238,992,292,29,8324,355,727,664,161,51,652,712,383,544,8724,893,11511,1162,719,394,578,467,704,4471,621,229,620,433,79,652,1092,341,338,718,20,12,471,386,27,730,1424,1311,1102,565,306,323,403,48,157,482,1025,1773,657,504,12,207,384,91,541,406,78,645,253,2112,427,1642,361,141,52,971,159,870,183,1205,254,365,2078,711,262,51,724,590,153,854,591,1151,1317,301,1225,2492,152,349,674,1140,338,3922,234,596,1917,3118,49,270,386,3356,249,8451,1308,580,240,50,118,1019,347,828,306,793,1477,844,970,458,298,8825,362,1579,2260,643,266,2027,1077,375,217,573,1168,19,272,45,90,505,283,263,42,50,143,254,454,527,940,1042,284,421,194,683,668,905,10,971,1349,1072,746,2898,913,3,1658,501,1333,783,353,21,476,1452,1358,77,869,901,699,4983,701,601,91,64,654,817,7087,224,3038,786,220,535,57,690,2586,2607,204,1433,125,252,334,423,107,1190,323,309,871,44,506,2223,5120,3422,382,326,761,27,1713,22,319,1884,415,626,343,694,4210,194,469,1300,550,2425,3295,126,596,560,1660,98,1070,1485,777,43,2923,682,2178,60,466,555,211,835,171,364,321,355,1827,387,9279,515,332,117,233,288,547,394,1509,504,27,550,523,588,1286,81,95,436,279,34689,112,74,97,227,600,214,1685,1062,676,1190,401,1247,588,435,3589,1485,1723,886,2274,1656,229,26,2577,682,232,2902,1577,2324,953,140,878,174,472,4343,757,1067,159,1777,346,2002,958,479,145,122,4939,148,23,578,7170,1541,789,2210,666,1178,3739,1977,179,707,8253,1099,85,56,96,5662,1413,948,12,1586,3838,2487,552,5154,781,299,5219,694,786,361,160,130,2639,83,1890,276,421,401,50,14410,1404,1671,227,1237,581,105,594,601,309,740,578,1472,2741,142,54,3027,18,446,674,396,172,664,932,3489,12,1120,60,3373,412,65,594,6073,1281,2782,973,131,608,1391,2093,518,1584,1151,1631,9834,717,434,427,334,1171,930,1718,618,355,675,544,1528,35,1160,14799,535,1080,120,1036,906,1549,252,1350,1559,792,156,937,1337,725,598,428,1429,535,216,1180,74,1968,39,3009,498,276,323,154,248,1986,5355,1071,961,2600,1994,3080,2938,4239,940,622,117,731,345,1476,1000,439,107,608,1959,770,674,1389,389,665,1008,4163,152,1416,2297,63,660,214,8622,81,36,39,107,1198,524,1090,823,275,41,1058,40,392,2433,474,11894,1005,662,650,605,364,285,0,300,1928,1209,1024,101,133,820,385,67,490,936,56,3332,483,220,489,6975,64,371,1471,1943,25361,7,9256,101,914,801,2197,1193,311,1072,3172,3665,48,547,543,6942,592,1012,106,147,1332,2436,140,128,759,627,1462,1092,4668,406,3010,4990,94,789,104,768,396,1260,1841,751,328,1122,927,4082,689,276,94,2296,23,1916,4760,468,2935,517,706,1802,2678,261,603,341,825,1487,656,2381,876,461,867,50,68,68,256,94,1472,190,662,68,1143,821,128,591,541,908,1014,978,374,414,2193,154,577,2362,770,150,120,258,10323,584,478,366,442,223,81,525,434,724,3963,396,1426,468,729,690,876,3,1332,64,91,170,744,135,771,24,3856,1854,740,497,45,353,1683,110,21144,12,36,76,196,28,1598,26,1160,41,1511,335,183,415,392,947,830,231,2763,356,2283,3992,1070,2840,6818,1915,2337,1130,26,519,448,73,17228,30,744,21,252,2081,881,259,4871,3077,1206,292,372,448,6,5298,90,338,299,2702,29,192,1443,1252,1093,57,2450,542,118,1834,543,571,3495,898,171,474,589,830,3656,162,274,1268,299,85,542,290,538,222,421,157,423,527,1677,668,5437,484,5450,3139,1132,284,119,5817,2407,494,95,516,1720,1405,186,5060,536,561,206,866,152,175,1615,356,2102,802,1684,360,660,506,459,1325,3480,3205,1362,451,683,556,1848,1314,67,54,5353,364,1127,2783,457,1511,940,457,1402,985,207,1531,46,389,194,1430,5395,484,606,7567,54,229,259,627,1302,628,140,32,333,98,2811,1185,570,1001,2464,1123,591,287,626,432,2707,55,582,1576,111,6501,276,1488,169,113,111,593,144,734,706,946,223,1413,3568,78,234,1442,139,269,771,999,968,1175,801,1139,372,6295,269,339,524,2691,21,162,232,1188,546,496,464,318,254,1026,341,3220,253,1557,1537,393,143,385,2141,583,728,887,398,1853,718,16291,363,283,240,10473,2314,1328,35,517,2075,1127,148,1814,837,524,523,348,1641,183,653,303,812,399,251,489,191,2445,1144,1107,1020,1463,413,283,357,1522,1222,72,467,3043,205,783,252,210,877,407,318,737,143,1186,619,16,143,7185,694,863,684,1877,191,207,1695,40,3907,99,10,107,71,812,332,504,2324,904,475,583,1262,275,898,10,816,50,1047,67,3532,701,386,1992,556,2637,898,91,1243,1283,619,273,26,1570,195,488,16629,125,4536,824,989,900,377,1516,738,2615,1065,708,254,594,15763,896,268,248,1011,159,1953,219,388,561,1108,506,1056,380,1387,923,112,8538,94,328,1684,1225,151,257,456,1129,666,1439,1466,120,166,1718,785,8363,17,16497,351,260,342,403,632,81,277,704,31,544,787,579,791,917,727,925,375,665,123,1205,608,823,757,1030,683,738,1040,1074,279,217,795,1137,3099,537,884,11120,582,588,500,250,745,951,398,83,401,2072,85,737,658,852,265,946,811,991,1199,2094,360,1074,309,1858,96,631,99,573,265,1065,615,1810,856,5298,894,580,429,9333,158,598,817,1036,476,1071,349,439,1,2126,4142,120,1196,6858,2880,872,4,798,121,689,178,321,351,562,169,474,660,69,307,2302,848,815,29,483,1287,904,1381,1631,818,203,289,1059,255,1773,372,143,360,2145,562,231,242,17246,479,570,628,1559,409,9,1302,2011,456,2683,1017,2825,1448,151,675,261,618,4090,536,433,474,1836,109,909,1029,569,858,231,891,1325,2730,296,51,128,56,4097,3262,622,225,69,225,583,400,494,275,529,740,1342,1209,208,2751,2787,299,535,733,44,157,1459,102,82,3226,1572,3234,233,706,3641,286,439,809,87,1893,615,1,224,103,385,124,1891,370,534,36,203,1781,1495,518,6605,421,796,416,109,220,2070,356,430,1100,684,554,1629,3582,1647,48,1336,83,742,18,85,932,181,826,66,1758,408,2051,2468,503,135,1133,248,575,246,2093,422,233,419,999,387,232,321,1848,581,103,171,208,99,473,4427,761,1844,1289,421,3004,825,474,1286,219,903,277,758,1173,120,333,164,661,1348,1258,4473,95,532,2212,1845,190,535,9,234,348,78,842,1165,164,554,975,682,2017,526,1493,481,362,1709,1791,670,6116,739,811,89,968,27,1356,25,612,236,1019,402,1026,2078,6788,229,509,170,2467,1075,1480,268,332,114,14,468,675,2810,4457,300,1472,1173,1173,281,814,749,733,663,217,428,2650,700,585,1595,136,140,16,1378,85,2562,1848,243,479,2747,1320,303,756,543,1724,59,332,1344,965,1345,864,823,442,116,1082,393,108,296,4586,254,838,3359,70,389,38,520,392,35,521,288,32,241,242,1317,710,507,207,597,2192,1265,2365,551,37,985,1142,1225,107,63,737,273,467,1303,680,805,828,2598,76,553,633,1300,371,219,2321,401,858,5362,578,17712,960,541,547,2067,1011,153,408,174,3422,224,2331,458,369,65,60,1008,499,139,168,1846,163,353,49,903,1733,498,580,2138,615,907,1602,234,1085,996,365,1282,641,677,260,2446,1186,179,4164,1385,2048,997,227,372,552,835,411,144,1107,119,3519,661,10682,3273,18,374,4966,299,2461,1238,1239,680,624,1843,82,646,412,237,1519,804,526,351,391,348,2055,354,1006,3886,242,745,645,247,178,356,461,315,1554,1409,1042,787,4309,224,9992,2244,364,63,620,1537,21,7280,738,123,1237,548,459,1094,458,18,387,167,75,545,383,27,455,399,393,2,958,569,1414,409,486,210,531,2212,42,202,1319,43,1199,30,8,1702,578,66,870,163,313,1209,107,3274,9,139,422,284,697,33,343,2582,84,236,1002,1195,1336,4218,231,2355,405,1254,7981,901,1600,3195,790,165,380,3728,1227,2801,1405,642,284,713,1041,3494,27,205,302,308,14,773,927,1766,441,4139,776,307,6398,1286,782,7017,653,1159,1230,4309,519,961,873,9588,1533,331,101,32,197,933,708,974,236,1552,719,281,1078,366,734,226,1280,342,42,53,71,188,254,4217,678,85,398,613,116,117,290,1288,282,1793,4642,87,13489,3466,875,2262,9840,838,1470,120,32,104,739,1976,740,664,274,613,1725,649,102,439,1153,502,5,1129,113,372,4030,410,251,185,715,30,823,976,371,142,89,15,1762,9649,1393,547,83,1329,334,1189,2978,585,626,2700,174,315,2101,1221,699,92,361,53,325,855,445,378,291,466,64,1213,3171,656,204,676,535,3854,85,122,152,556,1600,32,738,505,171,64,390,263,874,203,616,5918,992,971,2706,553,1464,351,708,463,2543,324,2400,252,1565,341,282,372,579,1461,462,2287,162,1819,1388,666,1082,106,2396,427,4012,4156,331,1189,1568,701,1467,1808,895,159,18,1550,2347,1054,1001,760,677,13,278,262,481,135,2659,164,83,395,123,119,450,61,193,1086,33,648,286,409,1661,334,217,917,2086,623,1363,1620,345,218,1960,433,860,743,1704,1035,579,5070,605,71,1368,687,1510,1204,943,312,2253,601,1811,24,170,170,910,3458,138,325,836,5228,503,1453,1234,384,356,19,292,597,236,480,285,104,268,487,1108,3172,2923,2678,434,1031,389,108,502,776,810,40,116,1409,71,56,95,364,1095,216,12,1822,262,2536,2476,96,1609,76,59,456,1263,579,4562,419,1283,2676,2589,62,58,533,175,537,466,104,240,213,1396,752,274,188,1357,309,515,104,721,38,893,1292,1713,865,663,1198,137,687,410,358,644,636,913,1422,349,953,651,641,347,38,230,845,1122,18,1951,42,1327,256,1023,169,536,58,724,1071,531,1267,2241,1768,789,690,2265,429,1618,50,72,81,488,26,576,64745,2271,2489,557,1505,326,1137,237,1047,95,912,1162,1082,3852,707,60,362,1576,753,112,63,707,411,1658,1017,1120,64,11796,1076,95,2847,1113,689,205,1381,99,229,514,2769,149,88,428,306,2064,266,207,253,564,2149,659,2797,20,1638,101,1506,1149,2475,2140,5823,13,786,675,692,765,1513,530,392,319,36,84,122,265,1384,367,3507,835,758,623,214,653,885,1162,1207,802,3111,1135,330,43,617,257,523,1235,1543,1927,1732,824,761,56,3139,17,2418,981,1640,42,1136,743,1648,588,44,606,1289,1885,916,1403,465,401,466,729,886,1378,3008,141,1361,1213,14,530,963,433,1784,5927,1187,776,47,2453,45,282,2723,1213,1725,321,578,4266,2301,139,788,1294,543,1059,1777,506,728,4407,710,301,68,225,2093,249,900,2614,1469,621,467,6035,596,1192,6300,726,210,267,397,236,958,255,2717,116,288,66,161,723,345,381,379,1117,810,298,377,726,6,1504,1671,1365,717,64,146,3653,1177,1149,502,200,2129,753,177,1586,804,421,1215,2352,474,4310,494,2231,820,1120,1775,63,388,85,64,824,33,54,4313,181,13,2558,435,573,212,1067,43,668,480,1968,425,910,529,1393,1518,1202,382,4804,2786,1397,7365,494,873,688,621,50,637,1312,760,98,529,372,1032,1955,193,1088,396,1317,921,277,548,266,2,969,1835,26,514,1046,86,732,1248,560,108,50,1365,2778,374,532,512,3432,431,1732,226,693,312,1944,92,1126,1694,179,2005,1399,2682,3226,1206,735,79,1201,1458,551,1422,902,136,2547,19578,1787,3433,52,479,120,157,998,735,904,342,519,571,326,701,498,63,1094,361,280,1722,141,6347,1344,1279,1457,178,646,404,322,38578,4675,3139,77,916,641,128,4411,139,3410,372,2132,782,622,1011,105,306,1806,71,1571,441,461,140,1733,1905,1320,1205,564,436,1318,220,1871,304,1518,465,954,5841,936,1396,105,1116,925,1846,476,8894,44,577,481,473,176,948,1098,1425,35,1038,277,1315,196,29,45,492,485,560,1082,1385,244,223,228,1058,62,359,733,737,164,2029,914,12,1885,638,9620,103,1786,1226,2107,517,208,284,1184,12,152,833,394,446,1430,645,897,990,181,1396,386,394,441,5710,639,1830,602,34,455,269,4038,766,702,525,63,427,518,450,263,2414,701,505,747,16,2683,55,1510,2433,1634,2497,174,1854,229,1135,158,1027,107,1129,205,376,307,1668,1064,1048,366,992,59,400,786,1936,648,252,551,849,609,975,241,2404,337,1585,2277,765,720,317,434,498,1654,1875,593,469,90,526,196,238,1419,881,379,539,236,1092,28526,2299,97,1386,1519,1092,495,725,375,322,40,868,481,146,411,799,1894,1160,48,877,162,5125,545,574,462,192,2151,95,297,349,1662,983,251,361,279,740,229,69,269,581,935,1233,1032,265,125,2954,1078,5188,6,115,786,729,1303,1269,2477,646,1242,790,142,4195,80,1027,838,446,73,1048,1136,3325,498,2273,514,473,373,5738,435,544,12353,1121,493,679,916,769,117,524,117,227,1368,581,959,2175,344,187,36,1654,83,80,2623,3689,2539,435,3113,1739,100,709,30238,11203,873,774,419,89,262,412,615,2875,431,1018,669,565,516,351,408,533,694,823,253,1065,237,61,2681,510,291,70,56,343,1438,195,630,17,145,609,2788,1221,873,179,669,1140,2059,202,1302,1554,703,2032,45,274,756,7942,1547,673,409,202,207,388,1212,1054,130,413,323,607,528,2769,97,1348,630,1857,253,1042,487,347,1524,311,1667,1275,491,241,3931,285,300,467,1515,46,2060,992,3931,295,391,1060,507,1204,2552,1260,1021,1625,508,560,504,522,103,393,2094,1305,3185,1223,515,4649,632,1660,247,1494,303,188,523,498,557,99,394,2013,217,500,2323,25,484,541,525,763,463,2562,428,221,338,207,758,122,1451,193,231,105,2537,1264,1424,376,1140,4014,64,891,745,352,863,5545,5535,68,286,386,65,1013,477,881,376,333,108,3094,32,149,4129,457,161,54,448,1378,513,14,249,893,2158,177,1483,2090,295,2073,189,939,1267,7,356,190,110,1159,17,624,4088,2540,530,3224,40,205,618,85,218,68,354,96,122073,1539,661,512,2564,313,159,2200,453,15,2094,791,45,678,387,32,1896,378,1163,2594,324,612,454,79,2849,1965,451,111,49,3955,479,4967,401,406,20,642,202,14087,447,484,195,505,310,266,562,1213,182,1210,2009,1164,351,38,1659,2497,1772,608,670,725,53,212,1822,247,36,1605,37,85,2720,708,1391,345,2339,1139,983,1189,960,182,20,4766,168,296,29,110,119,1262,191,1553,3016,274,308,468,1930,321,15855,363,1196,87,959,108,1241,804,85,555,642,955,619,1594,152,261,2028,38,1574,24,2447,194,11623,535,412,426,384,684,2745,14000,680,1546,575,868,440,1012,221,2635,514,2321,357,459,3309,119,30,538,822,278,224,540,86,192,97,410,9,467,455,289,67,157,271,26,108,1029,736,8587,95,32,460,201,744,64,556,1155,814,9322,3667,282,3605,7637,1065,411,262,1428,610,1322,540,436,1717,305,376,233,403,4306,129,1640,92,682,304,115,459,414,1127,2477,46,153,659,437,191,373,567,64,297,4234,397,15939,375,942,4120,2,1049,307,317,359,298,608,710,1137,50,1432,310,212,900,866,1012,719,555,168,692,661,1206,1444,961,4869,433,1175,346,10069,1359,109,146,583,6231,1656,936,462,1644,209,2447,1361,3166,78,62,2137,1823,1126,336,584,586,179,9745,475,1726,534,736,782,77,302,354,256,383,1466,532,74,692,149,25,18,247,115,253,1380,265,5281,1412,1734,1174,52,88,822,170,859,320,799,1014,945,69,876,457,989,36,2086,1389,268,759,1141,2632,456,983,65,384,1973,354,703,297,1532,541,119,3472,153,1471,2135,7655,5263,978,412,327,2021,710,46,5777,441,2425,2303,3257,380,238,1114,3290,1147,149,325,1847,1781,847,311,11078,1605,1225,2738,352,1408,125,551,12,19826,2854,280,1691,1701,1171,262,4,9002,1155,405,1147,1003,235,5286,181,201,2401,4963,2009,1851,748,523,1600,591,1704,357,687,1333,950,111,441,431,1257,764,367,159,187,964,16084,2228,1391,1507,2575,289,45,1081,65,173,1235,1011,127,1679,254,205,2454,271,5936,375,1573,42,289,795,459,690,217,2039,821,32,1030,584,451,1030,695,163,371,149,990,319,135,320,973,627,707,114,759,416,14,441,1674,329,22935,9,926,16014,94,11,33,1070,3492,483,309,214,219,756,1588,274,1376,1480,702,1918,1097,145,2803,2088,1956,1193,43,607,73,281,1064,3475,22,360,870,3638,1731,255,247,428,126,1404,282,604,464,534,943,2323,2413,1780,410,112,85,894,262,152,1884,622,987,1861,1220,1945,527,52,16,1796,4270,788,141,191,1372,482,478,221,1158,284,541,12519,528,382,554,500,54,768,1023,210,439,290,80,2,3170,903,1137,136,74,751,692,119,279,1019,1339,509,1027,98,13,961,14271,1603,370,1227,342,1039,129,2016,1370,300,123,2897,355,572,542,1444,603,1223,103,254,987,101,569,3585,418,145,347,29,10,1004,667,701,789,235,369,7288,3022,371,479,53,3053,763,572,2237,2640,631,261,103,83,273,5576,1590,78,160,1720,1149,3099,438,139,755,58,748,304,1934,440,486,566,1371,173,707,1139,3167,2389,842,429,714,711,887,373,904,1540,4801,1622,112,1916,468,9087,1460,1108,157,2172,861,452,165,2175,131,1407,94,786,1911,88,143,1021,3340,12806,1727,337,805,1079,31,494,122,4479,169,1176,270,564,3262,713,128,247,2998,3809,215,553,785,2064,951,1488,1070,618,397,2303,120,661,778,840,60,1705,50,1276,661,45,167,349,1923,23201,668,2271,6057,790,17,955,344,1313,49,849,1277,270,1875,2870,2597,2615,990,844,1662,658,1244,604,505,250,373,448,692,58,2658,630,943,988,1450,248,848,1767,640,236,698,2981,1280,385,5197,1056,548,677,1947,462,921,456,11,235,243,393,790,281,533,2194,1094,731,1285,141,1048,514,1090,38,1571,145,50,152,200,4583,3281,236,664,225,981,373,59,244,136,320,5043,1041,1254,207,566,105,117,15,466,974,1002,172,728,1307,555,76,95,298,1214,336,547,93,978,482,909,548,3259,635,262,75,1915,1202,481,241,869,347,308,239,1881,4788,153,1066,401,989,438,483,257,483,233,305,30,1277,22343,748,1272,340,857,2002,100,1857,776,6035,179,1582,1048,1402,416,521,366,531,135,2247,977,584,21,620,1277,3205,381,3035,1686,1060,1032,588,3567,909,3880,595,48,241,522,268,1349,361,1341,342,65,24,3325,762,1099,298,1335,1558,150,250,1403,935,1175,576,755,3362,565,67,700,188,399,6226,2672,644,187,7204,1012,1848,8756,386,1086,982,605,7042,14,1242,1101,471,473,1346,353,314,625,1152,361,7367,3413,114,432,411,2015,35,922,673,386,452,296,725,769,96,951,1280,131,3748,291,106,4001,1147,222,104,1409,3634,9,2486,2275,16,976,2102,730,290,451,423,523,2000,159,419,42,861,306,343,1122,495,390,941,998,188,919,1140,1342,158,1966,175,746,3788,191,1066,375,13,3285,1193,166,4421,303,454,198,1437,833,2947,1491,1899,203,446,336,959,682,1370,863,665,275,2555,5227,263,924,39,53,118,7433,331,1157,369,465,890,376,84,2285,337,532,251,30,2237,1433,310,1365,305,2318,1672,3047,298,226,231,15551,2135,361,635,33,433,1812,762,1091,1211,308,384,2858,88,1129,253,10,212,1996,1328,6658,330,2158,407,206,752,521,536,903,187,116,102,1927,3236,106,167,228,424,1389,422,76,470,461,157,668,195,221,88,789,344,581,1101,194,2001,177,38,400,1524,1076,242,49,25,373,43,113,459,449,4,1534,1258,171,71,31,501,583,819,1005,99,1608,54,1595,238,1280,2760,297,39,613,274,236,1204,147,672,985,50,470,598,2613,708,25,660,26,2181,60,1798,1664,559,1347,178,530,1854,537,316,381,534,2369,719,1547,2342,27,1048,764,636,1012,182,263,852,108,193,81,229,2005,1468,38,2743,531,8577,77,306,415,274,10631,454,1130,437,58,17,286,980,987,997,1070,1549,1636,4651,896,1616,37,206,761,57,485,682,1459,1120,2301,202,295,1961,441,395,650,124,52,1504,2320,206,449,538,117,1378,674,319,190,3529,529,277,787,224,350,2334,747,1356,520,1070,638,274,5673,52,808,1493,1213,550,913,519,536,312,749,1413,747,1282,8830,1291,864,941,317,1102,2729,720,552,1637,540,10,123,506,3483,3480,237,191,1870,28,33,911,1176,139,537,2806,166,115,1206,2617,380,720,624,1142,396,919,82,406,137,1364,3502,1444,168,2531,227,1655,7756,1302,1955,24686,1422,866,535,154,8,306,378,226,106,554,1341,411,754,1151,206,61,564,1471,568,1454,205,220,1017,203,1426,1227,116,1028,735,676,149,636,2272,1649,3506,386,214,1311,291,362,54,245,467,543,235,482,246,24,284,764,553,345,1425,1201,143,93,600,286,1565,864,814,94,369,4548,366,1297,458,3084,637,761,71,15,2913,588,40,5111,120,1607,238,282,541,990,1379,9206,697,163,752,96,1202,361,1307,785,377,563,263,243,1475,217,1094,264,1327,656,2900,1602,1917,4303,114,30,222,281,3632,155,338,1494,1240,337,423,744,506,79,600,221,107,537,794,270,33,1698,502,1449,527,939,90,195,427,1582,223,335,2090,171,1684,5526,462,240,1997,236,846,86,386,1904,2733,238,541,5329,298,270,741,2148,728,649,400,167,9804,1434,1355,3189,82,490,2651,2857,3780,775,1157,645,905,5160,914,473,201,748,239,695,419,1569,587,327,249,50,1185,134,954,336,361,401,138,24,685,411,712,3203,641,1032,1287,209,1316,1155,622,385,511,650,762,1147,546,437,4192,199,720,3941,482,1209,465,6460,1098,91,15,778,292,244,804,212,498,411,569,972,20,473,459,1203,123,7753,1304,260,205,78,581,1075,695,2058,420,564,320,433,652,376,1336,1374,564,1117,565,1818,6733,347,144,122,1998,97,106,607,280,381,89,956,785,638,731,248,3025,181,121,52,1072,95,2212,393,1094,1625,950,70,950,262,1803,47,28,373,700,3077,393,733,1197,165,1777,600,564,264,262,417,963,12920,61,947,1978,1928,408,884,1161,537,960,253,2272,354,1583,46,178,427,658,381,434,1036,2631,989,431,868,217,525,14,302,29,666,333,260,810,646,61,386,118,691,382,1247,1837,1222,414,663,16,62,545,165,81,254,890,26,688,415,110,9,91,60,11068,24,371,139,2,526,714,944,9268,100,43,2916,868,385,1059,517,1519,30,2053,521,65,457,169,980,1421,665,2057,531,114,97,32,28,614,437,1142,1969,1058,1343,1694,4630,60,1600,1701,3429,1085,653,194,1919,45,438,479,1998,190,616,144,893,6,189,774,1038,2379,1763,1437,257,1809,2782,1656,732,411,310,749,414,1290,114,1657,134,386,87,124,576,824,2340,757,493,96,284,5156,44,160,575,44,86,463,2866,524,27,1485,1192,526,1349,2887,798,1221,13869,326,1545,1392,402,282,174,619,1379,2134,93,722,98,1248,512,740,303,901,429,1017,742,157,1010,333,58,1788,1249,1266,89,1638,5568,348,15285,193,605,67,1039,1947,210,1182,1351,1676,557,598,834,8094,4385,780,4214,499,877,47,854,221,711,524,966,191,239,2942,614,439,1780,784,3518,259,215,1095,731,1667,388,610,1427,373,181,6605,1037,634,1973,133,6393,2808,884,1134,252,400,930,126,1267,661,70,344,248,1404,57,1418,1331,288,2112,2115,802,1983,2744,457,490,1336,109,267,160,965,375,51,690,1480,750,8902,820,570,759,1953,1643,881,809,389,111,640,901,178,1335,887,1070,1223,916,58,334,292,2311,965,371,2585,293,154,716,13789,4422,1455,2181,2411,2045,1995,87,1732,1113,2904,163,1569,722,2393,1016,1022,1558,1270,56,354,77,950,422,892,4048,2610,1666,761,1581,1771,495,569,379,416,264,2877,179,774,415,1316,1034,670,1040,698,705,323,762,401,613,5519,327,101,657,25,632,1474,2023,3585,2052,763,1892,991,924,219,340,88,2115,1759,9,500,1162,288,102,2282,177,7911,3503,646,327,300,29,21,160,336,154,13862,74,1267,5,285,1861,322,8909,588,138,6104,758,1550,774,582,313,1076,369,35,970,208,36,9416,1793,239,1110,249,596,3766,114,1906,1927,129,619,1440,69,54,817,4739,789,348,349,121,324,2220,28,230,484,564,2333,126,310,36,202,137,476,1091,949,472,151,119506,2040,28,1583,2023,1484,208,106,6,1793,33,356,2253,2880,661,317,1970,724,823,444,1210,1398,251,471,1143,672,578,115,668,281,1144,870,218,402,646,3528,343,1375,2207,315,30,702,621,31,405,50,749,693,293,1602,1216,1034,2529,1816,1318,2013,406,978,45,1600,829,2613,29,353,126,547,48,325,1082,471,634,258,214,22817,105,394,78,5267,645,535,17,42,944,1352,521,44,195,1132,830,48,111,735,616,1554,661,860,792,965,371,4026,1287,2138,170,862,1779,629,674,2563,6,36,138,503,1144,137,550,688,340,653,1695,1405,4609,4275,1015,756,904,4859,463,154,305,1224,639,2854,6798,246,172,807,7,218,258,1236,632,1812,1116,2336,302,1598,99,617,488,1426,2286,3022,583,1989,134,83,538,908,4699,686,1882,402,169,2585,132,36,133,2597,182,272,1364,1523,72,711,538,1506,7637,369,355,1409,811,394,400,1218,1053,858,869,71,6372,1281,2099,94,317,19,432,164,361,195,1635,1278,2323,93,1448,27,2683,126,198,742,738,2449,252,193,607,1121,494,781,1228,575,834,421,171,946,2438,402,3156,60,20929,229,894,1983,5280,217,76,356,8419,1832,245,22,469,401,505,6623,111,146,284,1,3539,623,1121,680,1312,2321,21,1590,10,362,1233,221,3414,15565,895,15243,93,1458,448,3984,792,666,256,80,1372,483,1246,271,117,168,587,750,106,2605,1267,776,263,628,969,128,351,1014,122,704,1779,98,1709,457,2462,593,316,756,189,1432,514,1972,22505,1030,1091,226,3042,409,194,428,1326,502,325,264,1545,284,950,14,998,4231,4190,401,246,538,536,7891,390,96,164,149,1212,209,1915,2319,363,706,434,864,29,192,69,496,108,505,6164,80,770,277,548,135,1808,545,6184,436,107,259,766,781,282,720,572,41,560,559,395,17,2687,972,455,600,799,271,1221,3262,831,1311,1794,4316,696,519,350,1567,293,69275,324,518,87,214,772,1494,378,148,549,407,1975,733,2580,511,952,3001,1098,31,276,287,2163,1104,335,761,969,122,190,668,683,1189,268,726,945,2487,4919,432,104,3010,555,116,406,279,3284,2839,443,1646,644,1618,276,1349,5121,1237,139,1021,1119,108,10677,249,7739,6700,943,507,2395,106,202,2545,1551,156,37,871,895,667,1608,678,455,1048,3393,1147,2984,506,427,159,794,299,195,527,923,21,2773,643,318,323,2144,908,145,366,417,380,425,993,18558,51,1431,684,245,596,833,867,823,95,398,1482,488,21,1226,690,2789,1120,593,996,164,4870,1519,1504,1181,536,803,360,771,627,737,48,587,71,35,309,463,34,462,1241,254,1860,3610,200,347,949,1238,417,526,1059,111,34,698,5466,3318,376,965,9,135,605,1106,81,553,606,270,362,1509,909,3932,8,1793,948,224,282,152,866,7434,564,154,31,603,84,1386,1403,1506,97,784,222,1885,233,588,374,103,2500,206,206,390,1530,3118,263,255,469,1059,3578,1513,720,1866,635,577,454,1645,600,1177,809,118,917,1108,592,2105,229,1223,780,2804,926,557,1335,579,627,830,41,337,734,552,1339,200,159,945,199,644,71,420,441,455,137,120,2507,1916,202,907,185,2056,456,1586,70,357,405,1395,650,353,1061,940,2776,298,106,499,66,563,317,493,1976,69,369,258,154,814,880,758,291,553,2185,1643,1518,227,332,6049,1456,277,2264,151,1184,7572,685,2291,957,183,416,218,402,2602,718,353,2023,26902,643,1252,465,1529,58,587,843,47,293,206,1475,374,581,991,223,824,2608,1254,250,740,3980,1434,316,355,75,121,110,1545,1225,1755,611,146,140,2018,7,2407,1609,7525,60,1002,701,285,1097,26959,29,130,84,359,68,102,372,780,780,1270,1021,371,9449,296,80,23,34,342,372,404,157,824,894,1707,5546,89,270,165,2462,17,410,553,316,486,391,4230,4044,92,691,165,1080,674,1910,477,629,1324,273,22,28,105,292,1044,585,159,163,170,233,821,323,518,181,563,6343,1198,912,448,5,856,86,329,73,262,129,437,460,2174,1088,981,41,398,645,8913,729,4200,361,175,216,131,2401,494,12,118,1763,124,949,1347,555,2480,8651,743,1188,695,304,226,975,713,5676,612,106,289,666,6154,972,697,582,326,171,6392,741,710,862,1232,411,420,28,139,457,219,505,777,681,377,217,970,1623,1056,336,735,616,1062,571,474,361,531,344,228,515,3147,1107,90,1093,3738,303,50,1028,660,51,4714,7829,69,562,605,329,352,844,218,1884,427,510,573,685,81,150,101,157,147,198,154,503,99,239,218,201,616,184,804,689,213,979,754,219,111,403,8,185,774,380,1378,5292,43,186,983,510,104,282,993,647,268,182,66,575,192,1012,4714,2011,1406,664,1854,1717,682,5378,554,305,17869,3139,782,121,619,943,91,503,135,52,3109,2472,2362,180,222,577,918,2478,4183,1784,311,785,789,2200,1559,105,143,5903,893,185,14,1585,898,1126,1069,1001,1070,1126,2802,54,62,84,435,351,151,223,245,487,226,2284,82,1805,121,850,1702,124,297,463,384,850,2931,1139,11921,738,1536,1711,1465,90,547,289,1132,541,47,916,4892,27418,258,685,334,364,201,1467,625,14434,436,577,950,809,1098,2393,399,219,401,4958,619,13,824,435,332,1231,117,1821,1777,1496,934,771,632,387,995,832,303,114,235,778,132,1160,11940,1136,490,186,1323,1299,2694,2584,993,745,365,596,970,256,26,519,2376,264,3245,678,601,79,317,1754,206,426,1251,469,1243,1063,674,61,66,113,223,3072,200,20,1599,644,1136,333,664,281,915,601,77,154,1809,1133,383,533,1213,569,235,308,240,83,4,935,540,131,137,530,1140,216,197,390,1645,3779,282,89,683,524,361,1742,1047,70,463,543,893,1425,211,989,27169,39452,400,537,331,406,45,4397,386,767,184,2392,2036,46,676,1306,278,88,3621,638,1611,275,803,481,2381,411,335,528,1056,246,556,282,567,1439,52,504,241,232,1850,524,1363,1641,135,443,616,887,593,245,1453,1182,360,356,2343,78,445,459,3289,3327,316,445,297,625,159,3054,51,390,675,649,478,972,1151,7610,212,536,471,1934,825,124,1400,650,936,221,56,387,1941,3474,447,60,87,591,184,625,1903,771,185,2384,1331,943,157,761,447,125,129,559,4,559,310,495,1160,7245,528,245,112,5271,1535,1514,698,1148,917,594,830,641,36,34660,3587,2559,257,509,1658,2173,1081,1515,3488,621,20613,216,676,733,71,145,1976,72,18740,1053,413,40,5525,1536,351,2693,561,3817,1009,257,113,506,2785,789,1809,48,1272,786,359,1855,215,417,17467,1002,5157,501,1161,809,1158,819,158,930,147,36,1957,312,155,599,364,115,518,131,1133,282,530,904,133,871,184,1731,326,145,5757,49,892,329,44,783,1718,271,886,442,1146,4171,668,768,210,552,487,2765,1688,360,249,698,183,743,469,1354,5266,110,480,1604,1554,9096,2074,129,158,2491,2860,3597,603,326,592,2448,2676,730,276,441,181,424,1135,18984,1975,3013,955,332,114,138,2273,94,1525,45,115,462,470,1675,268,59,78,268,429,1557,67,475,240,528,3351,14305,240,135,60,187,45,425,121,86,11260,4323,3297,338,2908,2179,2842,151,28,1596,1132,818,2959,175,204,2626,1065,163,170,1088,249,1270,1020,1971,526,151,880,304,5311,2371,7159,50,78,255,7,820,114,438,182,1542,651,668,883,1157,746,713,210,671,199,1551,329,598,364,111,477,43,977,720,1078,100,735,263,589,1956,3229,92,474,1041,2485,1256,2036,17752,378,193,855,2316,1030,837,124,1555,624,8048,1252,88,494,978,193,257,952,485,646,1100,1097,989,343,651,106,399,593,279,248,257,615,3070,391,1660,332,1143,2199,511,1103,1551,307,280,507,1465,6450,138,1250,325,24,1355,342,494,932,283,399,3790,357,1759,404,4684,3473,2940,2539,208,267,190,848,631,225,674,2660,779,4239,4204,150,1357,250,2737,445,21214,947,1111,167,322,1545,51,85,1748,105,567,485,1001,648,10,826,869,732,53,1540,367,569,225,124,294,177,2204,30,881,1724,2596,365,468,292,1198,344,1300,1115,2185,475,915,633,5945,216,787,836,1669,175,614,3260,60,1005,33,343,954,377,498,30,1653,1825,412,4020,1171,368,1297,409,139,411,401,278,13,462,627,2889,872,1255,377,1918,792,373,333,376,7,836,50,18,562,627,186,207,24,1094,793,290,732,76,237,94,99,2269,669,638,649,415,1407,1978,516,2298,661,101,292,1044,905,11964,147,1224,1467,817,373,19,551,163,1325,59,238,7376,305,650,476,568,1496,121,1723,86,1382,342,251,618,85,7652,1398,1259,765,22,2470,665,990,122,1036,388,2376,1779,166,425,418,131,9006,13,4276,248,331,1777,2802,2136,522,11953,52,768,633,260,910,429,323,1163,282,188,1595,1111,3229,208,534,1185,1093,1102,1011,253,1946,2110,393,85,416,2,1594,729,1249,13540,29,31,582,367,670,449,677,246,2555,209,1223,2014,49,318,657,19,85,23,748,471,48,220,1044,1061,13,599,600,509,1650,8602,2173,1367,1139,588,440,60,1647,2188,488,660,1564,528,678,4972,2350,1222,9,397,1727,220,1793,0,398,1130,414,522,280,2415,2328,1901,1954,2421,3262,70,61,1685,748,400,635,131,629,1189,202,268,424,429,4914,342,23,127,2864,304,140,180,902,1286,634,1802,27559,172,974,784,454,1396,324,819,451,540,776,1943,387,2791,930,102,870,1305,237,1937,5669,1008,1398,535,91,946,1302,827,88,216,1672,1278,235,501,414,77,620,38,1566,343,923,425,229,265,3929,1896,1400,1682,84,187,733,630,2541,849,2396,1637,119,26,1178,1377,18336,377,155,2343,16,1128,541,1430,423,1872,588,1966,433,835,273,7744,2409,24,7,1619,56,576,128,1799,106,4418,3626,389,364,4,312,184,563,503,578,501,484,40,1400,1365,504,1120,193,55,969,1935,67,374,4694,217,239,215,579,2521,75,241,580,2626,822,145,695,5920,2335,763,220,806,1206,236,1189,3396,141,519,2071,903,1374,421,1121,4306,763,359,273,2062,490,543,83,290,466,403,1977,679,488,107,2076,1045,44,1277,1941,536,1556,862,3211,855,1466,312,665,1322,793,1094,490,10805,240,1027,1087,609,447,71,1028,602,398,73,1572,851,1565,149,2920,199,418,145,1946,540,1701,98,380,62,3420,356,94,917,305,2924,1595,189,357,87,532,547,2184,532,613,399,586,64,1025,108,710,108,1733,2784,516,2215,5083,548,4076,886,72,339,308,499,338,1893,696,607,4146,2028,351,8336,407,139,351,841,1319,482,1718,670,1818,1341,25,1798,617,1100,852,1352,2800,311,796,498,210,122,2162,11956,1105,25068,805,1082,35,128,1609,699,2840,423,69,842,813,453,860,1073,1380,236,1201,426,1793,2351,1162,212,123,1468,1071,348,117,291,858,511,3362,8241,190,2579,927,733,4925,706,1178,99,79,491,978,464,664,1288,496,268,247,83,611,54,374,1575,4940,1249,1100,1485,917,795,7608,187,1453,68,578,542,176,736,205,62,2061,413,751,467,873,3219,1882,608,264,2072,27,806,1556,463,291,6,1772,10,160,1383,12116,368,1842,657,1340,1070,2009,12497,195,508,298,85,105,1880,787,2430,289,14583,585,306,24,6599,1506,216,1641,997,349,2555,3304,438,5075,809,679,7,279,453,763,1708,4956,745,1412,14,115,818,1503,15011,592,231,151,1957,1626,194,124,145,753,367,223,691,1800,6,66,417,1442,60,150,358,30,1094,133,165,485,3870,1239,322,750,1894,897,323,124,282,329,41,1349,1423,1048,230,528,2529,334,451,669,439,307,54,19,33,110,1137,1015,2633,478,1366,589,1242,492,82,1746,1973,1723,2212,229,191,561,627,1058,289,872,24,463,1837,434,193,13,1148,891,543,158,335,384,185,97,1920,305,114,1733,523,662,219,1134,771,864,3034,2186,1431,25,70,267,270,1358,347,426,365,621,419,841,176,120,292,428,960,929,1747,654,180,1186,1641,60,3244,638,1965,143,172,166,755,45,1129,366,3,64,755,170,93,256,372,559,578,251,38,1180,1484,559,504,374,1163,1257,354,950,1494,554,319,2175,7846,4910,527,2021,213,56,421,2729,1267,495,199,409,3570,34,780,181,39,281,81,588,184,2184,1034,518,127,584,4512,127,2027,61,577,479,3478,1255,954,2084,861,491,159,6700,595,946,353,98,2344,360,227,907,1545,119,640,19,1861,373,47,1064,3907,959,105,479,674,298,67,6757,837,4401,1618,574,1166,275,903,19,11134,378,538,4,279,851,579,1293,380,163,490,3324,125,1699,169,518,700,3101,1227,136,116,271,2040,974,98,75,741,158,134,851,1364,786,2020,588,2767,393,490,261,551,690,2588,272,801,30627,422,520,1938,873,1508,426,54,1692,3736,30,518,464,5023,1097,373,538,1192,1097,27,8790,498,253,722,218,740,409,300,179,850,400,1081,1783,141,23,1297,1165,920,176,515,930,7411,176,597,2001,340,274,1349,410,105,167,165,81,183,1183,83,717,2293,1645,724,437,1374,1971,1246,1589,78,231,827,221,534,958,456,338,561,1247,1155,319,1241,438,1202,1024,717,401,81,1307,1000,689,1548,447,1344,146,4455,598,456,1353,66,1251,1163,1310,433,613,362,2053,4220,2903,1491,353,779,556,883,75,670,1015,23,1165,2676,71,630,245,347,1089,5085,1866,1353,489,51,1008,72,57,124,177,64086,100,2742,322,326,388,513,1387,211,462,1026,254,1326,641,100,381,4393,6409,1625,55,335,1434,6025,426,220,9395,220,12633,269,946,137,445,201,1010,12,2188,259,2806,4757,4518,143,704,136,58,81,200,583,1317,342,3320,16808,3427,1750,4896,811,526,225,958,2082,2784,436,797,33,5283,2806,1531,634,63,52,56,1555,318,475,443,327,69,1963,730,631,576,147,224,28,444,7286,3334,3967,56,125,483,276,306,22,1386,168,1781,281,351,116,2617,104,202,1214,2305,427,644,259,423,199,840,489,193,3175,2334,274,2232,88,592,733,293,420,432,1479,133,1502,714,2113,3026,2147,1524,185,1129,1000,830,38,40,142,257,2087,2655,2403,2711,97,192,293,82,3889,626,307,1000,298,98,434,1028,2230,1128,320,2785,32542,230,3252,6445,18248,6614,115,30,441,339,663,152,208,2561,764,3216,599,106,213,4921,545,1227,2074,63,206,108,264,2488,1636,43,198,51,386,1781,681,3460,1620,503,251,32,3928,1538,2924,634,303,904,1495,195,103,237,274,1347,737,2534,738,26,34,338,1525,31,11591,932,1331,712,586,6679,1536,525,500,5841,4445,55527,4425,8297,6529,3327,708,909,601,480,329,680,41,1083,1084,1897,55,407,468,166,337,1862,1132,2919,1763,33,1083,1633,3094,782,587,172,1068,9843,147,534,155,158,607,623,252,414,2469,139,647,472,1737,2135,656,248,2060,215,84,159,1969,513,3004,705,13,1290,2595,143,1483,433,446,359,9488,2116,1387,1020,382,1565,468,151,149,1653,78,460,7981,2193,1107,843,1750,875,393,90,66,16,48,832,1902,364,19410,5370,502,535,7555,669,2313,7002,309,2476,17,921,427,408,1557,541,76,105,1649,539,750,275,31,526,1678,174,226,232,2365,2819,862,103,656,3367,740,1041,1056,1107,1174,201,17,56,363,643,142,6151,1093,3903,287,1934,3158,3821,80197,493,227,7,9218,28,209,3489,670,9583,1043,1949,9745,341,162,47,749,257,212,1636,112,296,1882,718,148,587,788,242,620,4662,1800,56,1695,128,75,131,1233,194,254,508,177,2831,3068,180,282,455,3853,1393,463,68,174,102,129,1599,188,514,580,11012,2611,1810,106,258,2248,140,203,3482,1721,1356,713,2149,473,2480,2000,13,721,275,1409,7023,1349,151,81,1499,967,2641,3428,23,1636,405,2623,1272,329,570,830,318,59229,568,981,2576,2259,1317,1438,2838,1726,73,4078,198,2332,1463,469,309,1958,9985,655,2121,254,1703,114,1440,1086,374,659,602,1084,575,2511,7139,662,99,289,631,332,1856,9124,258,611,10767,290,2899,77,1226,1430,89,1120,1468,139,1948,1341,3227,14658,1650,510,1898,490,682,1003,2571,384,5255,652,896,1254,1449,812,2516,1577,44,104,30254,1185,248,126,682,57,1603,4050,77,2635,53,440,765,389,137,197,569,897,168,1225,2499,3360,1294,405,1766,2119,1821,2437,133,1223,404,81,1039,489,343,1567,152,69,173,20,5461,62,11655,365,777,234,2353,69,786,2165,414,30,11,417,83,3203,1989,822,97,521,370,5596,628,923,198,178,54,899,989,2575,238,4,354,376,118,1846,54,51,1778,283,1391,676,2635,2774,1013,2874,1549,1153,1677,191,1790,128,1020,311,560,328,10,1287,171,3600,4560,173,131,469,2040,230,166,823,3964,353,1357,22,540,526,3120,2363,5311,68,35,21,4828,52,3069,58,696,116,435,23506,3190,642,239,1085,458,896,413,42,2419,122,48,349,205,2235,133,411,453,763,377,3787,3268,405,3969,35,7721,405,61,141,407,282,4271,1626,3108,57,1725,794,548,902,362,389,51,576,939,1398,2235,8639,517,1357,686,113,92,158,1141,328,593,3802,6317,9347,427,1073,1523,375,488,49,567,225,231,137,1662,1797,94,2760,179,3488,390,45,2006,4030,2700,7177,733,32,405,167,336,994,140,13,1134,73,1725,2796,358,177,85,384,29,106,677,506,1258,3104,1041,53,589,5622,1194,2149,63,1457,6120,980,1390,217,1844,1702,58,1302,323,132,3200,184,1419,3901,339,2601,153,106,2489,723,162,80,2671,187,191,608,58,1830,1343,1767,293,186,49,6435,669,633,321,86,133,8609,3998,907,63,576,779,821,473,527,8459,316,1829,32,783,9970,100,719,200,938,14531,28668,5570,756,292,14269,356,283,234,8693,285,1565,3842,315,107,936,168,213,533,104,595,95,27,93,135,259,384,1625,494,13361,741,227,4548,8898,530,119,115,989,422,857,62,1516,207,6843,176,2158,370,515,138,1218,358,1284,564,3001,238,1127,1006,10592,319,443,1549,937,1425,420,405,4372,801,1802,164,150,41,637,308,431,192,67,145,3205,149,151,577,793,546,3811,3639,731,1409,155,1249,105,351,7199,53,616,1503,1128,371,775,2639,2575,4137,129,63,929,1901,158,99,4696,453,149,689,1957,457,673,89,787,71,969,260,74,8576,2949,39,191,60,869,113,637,488,20096,977,1164,10241,128,598,2441,164,9532,102,16448,894,892,449,4414,248,43,399,83,2814,295,256,388,50,5906,412,323,265,56,279,1763,667,3211,12702,336,491,853,531,162,6760,367,137,1319,361,1018,462,2636,171,1603,607,5305,50,683,309,1611,656,38,53,949,154,713,273,8946,96,1191,206,76,595,2249,89,25,820,1128,239,47,1005,344,31,795,761,40,784,719,1026,502,1722,4134,407,1985,738,396,2805,3733,4988,2131,78,160,548,135,393,368,1026,1043,451,98,368,894,187,82,648,185,2291,424,143,113,4190,2131,394,271,1044,611,6483,1273,7598,2005,295,35,3403,246,259,1993,632,934,93,1633,12059,6458,208,1365,9095,409,1510,2692,386,143,38,133,597,2191,288,670,607,2406,582,219,499,3077,198,482,758,246,294,265,1175,117,3690,402,1051,673,270,199,8895,482,957,1097,1205,356,941,891,365,3410,96,4928,245,18790,4025,2703,318,5247,80,1832,47,2692,555,1019,3585,3605,399,2314,691,2731,222,372,16,4009,536,760,236,10402,1250,14269,414,865,429,1012,1810,27,15,101,226,593,338,1976,252,3830,616,92,30,888,456,114,338,17720,13,183,656,51,4436,120,402,189,16826,96,60586,2491,314,16804,35134,263,315,1286,48,622,753,1335,537,3046,2299,1293,293,13647,116,363,100,37,268,90,56,491,176,2014,550,2443,707,1378,518,1734,535,2746,1565,125,97,499,1033,1517,3156,1287,927,3600,2090,2505,210,102,1205,1061,1038,272,4,7428,970,980,3368,63,131,65,1086,1097,2169,217,80,475,3271,466,1426,1904,13657,92,479,712,160,1797,283,142,133,583,320,211,48,625,767,599,2460,229,231,761,1515,995,121,296,15,437,103,215,215,1662,535,607,616,3234,903,128,864,374,1880,216,308,606,678,180,102,1795,128,835,42,26,3252,3160,215,88,602,2417,1576,98,8417,295,108,693,94,901,510,155,221,489,77,586,1531,244,349,511,28,59,1192,2554,911,792,488,623,3432,669,451,3103,5688,1246,165,1119,146,457,111,492,238,623,231,473,373,1265,1694,180,35,88,196,5330,119,588,39,2072,103,2895,413,973,7220,2200,504,470,1982,172,37,1015,2536,1082,583,1047,1262,510,890,463,1962,1600,1531,359,951,179,461,848,3522,1774,455,593,830,2655,596,2759,1378,2283,77,372,314,611,5985,1047,1478,704,352,19765,26215,86,1539,162,24,696,188,334,493,45,376,185,1171,560,667,299,2076,113,1716,11534,208,1030,807,2882,192,4580,6806,117,123,1686,114,1635,1241,402,22714,1239,668,10075,966,492,328,1289,2840,342,1805,4574,424,868,616,3531,1416,410,360,136,2651,77,222,68,196,7232,690,379,1848,2966,363,407,191,3111,161,827,2515,184,2000,304,2562,1396,73,5885,183,53,403,1218,339,1987,367,273,1787,226,699,804,1155,2243,819,299,9,135,279,495,140,296,2866,714,231,1113,511,1041,464,12920,29,892,73,83,168,682,30,107,131,171,5215,773,11190,260,52,2755,373,96,181,278,1062,643,950,388,557,2536,6091,500,1785,2277,99,207,234,87,833,592,169,1022,2172,13,739,219,42,588,226,268,546,1249,3638,233,2947,7711,81,517,1212,2233,26,721,834,4691,331,1291,4875,8492,4861,1490,764,347,1228,535,1448,820,1797,776,823,3942,187,309,56,759,573,210,1028,439,974,234,326,22055,529,3160,936,23,10,344,745,1211,36,1084,778,8472,45,708,2396,582,1293,4653,911,1911,2918,2541,186,12,280,1569,1319,723,136,1219,420,2216,496,2112,243,122,341,5282,264,1599,397,1275,516,1059,189,814,395,4858,439,383,740,433,2085,474,1452,2061,3633,113,40,1727,40,939,2871,799,1493,332,3710,233,65,254,323,232,6312,4806,3446,240,11240,498,2625,136,454,574,1671,2570,145,6994,73,1579,347,64,200,1218,1118,147,89,389,2772,169,3892,2535,405,5376,2159,3280,1296,1158,334,35,743,1922,3012,147,579,1419,1485,11021,847,395,46,176,666,72,1007,370,835,138,169,63,1663,2313,149,449,459,988,141,24,1423,57,2,284,279,6868,784,658,8190,210,725,1452,853,1357,742,447,97,224,285,65,224,337,235,3579,83,3650,1799,59,124,39,4993,362,167,673,2021,2348,568,138,2171,7057,1449,761,1249,1580,241,424,1172,487,558,162,772,15,796,1000,1098,2263,2276,1492,1130,925,101,5776,4978,2997,552,376,514,277,135,1312,54,1473,33840,1071,156,239,585,1645,22,114,138,785,1444,1378,4668,18212,517,145,1218,181,796,1169,16161,221,530,484,304,2489,941,1677,2028,329,4364,101,4648,260,757,461,83,653,1090,2365,759,96,476,165,64,205,48,211,6064,2099,1546,1345,13,408,1273,101,387,562,24551,932,6916,1855,1530,183,204,2052,265,2750,175,101,911,1924,585,2165,5889,55,634,13808,637,692,1814,651,2074,1425,337,114,323,315,338,91,171,2450,620,1468,159,6195,318,425,1715,144,978,63,823,5064,144,1488,735,1186,550,10405,3493,1167,610,2448,1158,175,110,395,2057,1701,655,177,184,2078,2600,507,1146,5097,1513,188,74,19103,1401,1382,2284,302,371,1037,1227,133,627,1804,300,2627,514,451,106,380,1041,839,937,308,1104,7062,3798,373,170,370
36,0,180,86,82,16,228,25,10,225,178,26,236,131,19,638,211,87,497,45,12,1,1,167,366,113,650,377,248,56,54,28,74,79,273,42,158,90,69,45,188,158,148,1263,316,65,75,461,126,87,100,21,36,6,19,235,32,6,38,180,49,1,58,35,140,3,173,54,19,13,127,34,39,30,579,16,538,49,153,24,246,99,59,132,8,194,171,53,47,400,144,1,14,126,1237,43,323,26,1485,23,34,41,240,134,3,211,1270,39,104,14,22,116,8,30,19,60,0,24,26,14,470,15,23,53,1247,10,1,145,18,0,144,213,204,374,173,49,115,117,196,249,9,3,41,17,9,119,52,29,174,7,81,45,154,132,228,21,0,64,297,435,106,270,98,287,48,51,83,198,762,72,213,356,208,24,6,20,165,62,1211,9,89,86,177,172,1426,68,114,19,126,129,210,38,133,29,96,4,78,10,140,7,14,11,86,30,90,2363,39,136,43,295,49,76,727,2,121,39,826,34,100,17,30,94,9,44,28,11,23,11,924,286,10,376,1358,0,22,248,144,2207,14,145,200,21,411,217,61475,19,19,35,8,60,262,448,258,51,20,114,46,40,36,43,93,80,145,291,15,278,2,215,43,115,134,106,194,129,115,10,67,16,307,104,10,43,293,33,22,86,103,350,33,9,29,156,44,27,164,5,152,101,54,53,57,176,8,100,52,76,27,47,10,61,46,120,247,8,153,110,519,50,66,6,34,16,5,19,125,63,886,479,365,8,142,2819,30,49,180,201,107,3,141,59612,44,0,36,9,47,195,8,138,173,5,27,59,1,116,242,48,9,30,22,322,16,16,402,2,4,3,212,43,51,17,20,41,812,34,25,5248,3158,91,64,17,76,221,225,131,57,37,29,793,642,52,4,426,1040,88,34,98,3394,72,21,42,12,38,1,11,38,64,99,8,15,98,17,267,90,50,0,27,39,107,72,48,526,105,188,560,42,6,57,10,0,206,16,136,4,58,62,67,641,164,1193,20,13,385,415,174,6,435,171,173,23,25,141,165,200,24,8,173,352,49,3,404,8,19,144,53,93,37,82,18,2,116,15,36,35,184,351,70,87,30,61,49,140,30,454,136,28,221,30,4,90,239,26,85,3,65,118,101,41,443,3,230,83,373,107,12,54,38,259,169,499,307,55,360,183,84,263,17,67,43,158,339,45,88,1,11,22,22,145,759,175,28,4598,41,229,6,464,267,465,70,3,492,100,44,319,4,194,46,678,233,45,36,483,24,60,41,24,2,35,52,811,4,24,58,237,105,6,111,176,32,9,32,68,30,40,249,33,232,7,3753,74,81,113,491,28,26,151,30,40,124,75,148,212,36,12,90,0,37,180,447,2,57,47,47,81,235,86,17,483,56,127,291,202,14,36,22,83,0,32,493,32,0,113,12,48,18,6,26,122,363,17,438,134,15,489,32,74,58,494,161,103,84,110,633,44,278,1286,46,50,39,7,5,45,52,168,464,553,139,760,15,0,47,263,572,18,35,21,58,11363,7,27,2653,171,126,571,35,3,48,45,348,205,175,759,58,310,599,667,345,38,165,527,30,182,60,62,16,381,198,11,13,316,233,16,51,3386,227,16253,87074,36,148,28,220,308,31,2,8,710,146,16,37,264,740,2671,173,589,65,239,177,120,176,58,47,162,70,340,2,33,1196,32,13,94,110,325,12,144,30,18,167,50,88,3,274,848,273,122,652,73,737,77,210,92,107,161,1,5,73,2789,322,101,1240,14,1410,134,387,36,172,62,173,27,51,327,7,10,29,679,403,66,741,27,5,1473,100,21,200,3,12,269,9,82,16,0,250,13,3,200,75,11,3,46,18,13,201,15,8575,96,825,25,30,85,106,52,18,11,384,41,2625,189,13,75,587,256,66,274,42,355,188,187,37,56,131,29,129,1378,39,499,836,165,13,25,9,450,62,32,51,199,455,151,5,159,0,1,1317,37,132,186,105,112,118,428,42,38,604,580,25,96,200,116,225,89,364,49,29,1644,33,180,23,373,4,155,5,425,3,46,33,60,153,114,22,13,82,0,469,652,34,29,436,94,205,53,482,68,7,277,281,78,203,208,8,35,128,11,85,371,38,1072,35,248,9,74,306,97,8,219,174,25,76,105,141,1620,5,75,257,375,84,315,141,3,108,5,536,33,46,98,117,468,27,28,69,10,95,160,15,35,232,7,369,57,0,454,219,79,224,9,144,43,54,110,724,142,177,610,20,176,47,150,51,138,267,242,460,219,72,32,4,26,169,602,42,5,35,146,234,6,1184,19,1,315,77,83,265,15,363,43,377,0,780,82,127,31,43,12,497,385,1219,7,599,501,8,9,54,11,147,365,2,15,4942,46,193,25,41,16,25,63,50,168,96,1,146,7,11,320,32,36,384,192,313,196,199,40,33,98,73,75,466,5,2,40,94,23,20,7,254,164,18,6,276,65,3,25,184,124,102,466,5,330,629,143,5,33,1760,20,61,92,887,39,47,8,31,17,59,4,96,39,24,190,464,8,1706,108,275,1,4,61,84,847,158,13,28,252,23,28,111,22,69,12,8,45,93,16,25,317,136,333,62,79,163,62,569,3,31,24,20,471,118,52,1798,52,1692,45,210,20,12,9,232,116,385,21,524,556,2,104,124,81,32,26,24,544,107,753,7,245,176,14,336,39,191,52,130,102,37,353,28,105,30,1,227,810,564,66,1084,4,245,315,117,1,45,6303,166,261,26,6,291,17,10,207,87,9,46,60,643,24,237,1,19,126,855,232,116,437,205,370,1799,3,96,20,463,16,159,2,180,142,374,15,244,36,5,243,299,464,203,671,2,5,338,202,4,17,244,0,92,57,243,260,46,0,116,55,26,575,147,60,116,101,190,1272,376,45,1344,91,253,269,32,1010,198,147,17,97,88,448,4,42,208,5,13,14,129,23,46,61,119,30,18,360,79,145,32,0,57,114,25,132,76,96,159,746,30,953,256,56,384,10,245,70,46,3,619,90,83,68,186,566,36,53,21,5,1281,40,864,1126,21893,61,271,51,47,93,22,48,51,40,216,610,93,109,167,320,216,603,21,89,35,91,23,128,37,562,238,284,252,345,36,162,27,24,342,118,3,31,120,194,98,388,3,0,12,1514,285,7,18,89,187,252,757,56,141,53,8,52,32,239,362,5,51,534,481,4,82,16,197,212,66,73,28,113,47,900,45,185,1040,75,129,247,215,397,986,21,10,160,10,69,7,433,3,83,468,1,178,0,104,22,1359,644,37,0,67,42,175,26,34,5,46,124,137,28,53,205,202,224,147,373,35,69,123,72,56,1323,571,34,241,351,503,15,362,20,4,1,124,146,543,3,74,527,132,55,2,65,14,11,7,21,177,1921,2,152,226,8,90,165,209,623,130,70,251,159,10,242,69,6,23,39,44,1,7,8,189,26,47,207,18,2936,61,426,119,626,182,7,39,46,3539,337,1,396,20,37,802,45,285,28,5,68,790,61,17,489,122,17,285,2037,156,27,22,23,33,162,235,92,30,178,164,42,37,119,76,6204,897,21,360,14,874,22,27,13,275,34,26,631,37,2,178,330,173,31,450,111,1,3,10,821,59,311,343,17,3,5,3,81,97,55,39,66,47,94,224,43,23,3576,238,8,1119,15,37,132,166,1272,113,11,11,11,50,121,550,9,28,19,110,21,67,161,251,94,241,248,44,172,17,11,48,8,48,1643,27,36,3,0,1502,822,33,62483,60,127,6,5,167,134,134,164,73,68,93,108,7415,18,19,364,345,944,6,10,28,17,171,475,20,965,4,126,47,257,16,69,4946,148,12,150,37,268,26,722,84,453,118,493,50,290,296,6,87,224,80,1,582,11,276,128,96,3,49,20,86,12,152,245,152,45,768,59,260,41,27,50,9,11,52,153,760,106,107,119,1494,193,108,173,1,5,1626,9,2,17,312,23,1665,28,27,233,199,31,15,123,61,240,241,21,15,60,28,48,298,3961,111,54,32,5,206,184,124,104,40,2,189,235,42,52,224,281,436,309,72,1333,41,7,321,76,2344,117,61,254,779,1330,25,15,81,1466,86,11,77,2,1,1281,16,12,12,47,30,58,11,48,471,10,158,107,106,14,486,304,89,57,4,97,126,74,58,12,4,493,170,4,64,722,511,13,4,19,20,1,11,6,6,6,27,75,13,38,300,77,56,150,115,17,90,862,469,99,8,5,536,107,29,277,346,68,55,15,131,54,29,56,132,237,536,119,178,30,53,435,11,177,304,263,137,31,379,93,29,288,393,34,4,130,15,38,18,2,121,229,485,232,40,243,119,2,147,410,176,5,136,10,12,1589,80,119,464,265,296,51,19,287,12,91,18,34,103,80,248,213,2926,30,106,25,185,163,1131,10,65,21,87,296,155,42,54,545,33,9,53,375,149,15,15,68,16,255,170,9,4,133,342,2,86520,35,174,53,211,28,13,50,0,124,24,223,3,786,823,60,23,55,1142,460,26,0,0,81,50,11430,25,317,116,18,101,49,7756,73,147,4,288,151,20,7,185,55,255,77,42,155,101,133,59,28,295,29,5,28,257,5,13,24,15,2587,282,39,194,404,68,80,45,196,13,21,115,26,49,42,50,36,11,358,5922,701,230,16,10,136,99,137,166,0,23,65,10,194,24,1,0,3,48,72,189,14,77,84,98,645,184,30,9,50,6,16,244,35,72,4,72,175,25,67,82,319,177,17,51,63,16906,332,1039,356,48,16,25,303,48,9521,57,110,28,21,20,119,119,100,20,23,6254,157,38,444,7,761,977,44,18,30,71,26,399,58,94,2908,77,130,20,266,14,25,36,786,0,40,0,167,34,107,161,131,4,16,112,7,20,133,903,239,80,27,41,1869,30,84,60,148,87,5,13,17,140,177,457,62,259,76,364,13,647,55,8,79,119,73,103,181,24,2,424,56,163,0,104,12,452,79,211,62,6,39,286,3,1584,692,914,17,106,130,128,74,28,536,15,238,31,2,16098,26,177,28,36,154,353,177,3,359,245,31,95,24,292,2026,2,9,15,183,65,221,189,7,204,16,52,94,35,3,533,85,18,111,376,17,73,7,32,212,9,18,9,62,26,11,9,22,79,2218,4,124,23,248,64,3836,65,205,234,16,153,177,11,7,0,130,17,53,4,249,36,646,1307,182,16,91,51,1275,222,117,61,16,118,363,8,32371,296,45,13,115,23,160,592,972,68,765,91,89,144,164,171,4743,18,75,49,193,240,1220,18,21,9,235,29,22,532,12,55,10,6,86,19,153,133,430,12,292,81,280,41,787,410,19,100,171,10,2777,77,73,1,5,149,345,220,121,99,5,83,16,9,7,120,29,1458,17,23,6,233,45,16,355,11,15,2,276,147,0,4609,0,392,74,122,95,93,574,6479,22,0,0,80,5263,13,185,27,136,10,6,125,19,736,273,20,48,51,146,202,9,19,106,76,30,14,303,268,312,508,92,433,451,607,1295,5,226,1,1988,129,31,21,369,69,18,398,311,106,5,115,79,877,355,192,53,159,182,2,292,326,13,77,8331,45,588,62,11,20,71,245,347,363,5,23,34,73,213,76,109,44,10,17,29,43,5,53,20,93,62,460,22,362,276,85,14,771,106,35,60,31,225,38,81,41,14,30,2,29,9,18,8,122,121,6,324,975,253,167,30,72,1,602,197,1,81,136,2,144,17,123,92,51,16,405,127,504,27,5,106,4,134,99,268,229,11,295,29,102,39,580,18,94,16,547,171,105,14,1,261,122,170,62,12,44,7,80,504,102,453,7,20,131,42,162,36,11,19,277,7,150,117,62,27,33,6,42,281,19,0,86,82,65,384,72,41,24,4837,8,278,66,433,13,37,107,380,1403,16,25,6,201,9,16,13,38,135,203,82,1103,2,919,45,1422,159,79,127,3380,59,16,52,44,136,84,351,95,251,1655,9,101,87,83,2,271,9,81,90,371,50,66,391,38,8,6,17,41,646,111,392,39,17201,18,532,2,293,12,1506,45,36,182,25,64,258,132,637,421,87,53,19,113,68,396,141,3413,126,301,60,2662,24,369,20,8,78,15,270,1,10,42,376,20,19,36,2,4,123,32,10,220,100,21,3,2003,2315,80,20,10,358,1320,94,25,1,76,78,57,919,91,77,80,130,373,98,90,64,44,36,2,5,945,8,139,418,135,2089,7,80,21,35,327,80,24,12,18,46,164,16,31,2270,45,551,12,5,22,197,6,64,7,990,3,46,116,859,2,56,116,53,156,0,488,117,10,38,46,627,16,204,408,97,12,10,3,202,99,51,282,57,73,66,55,135,12,48,2,1,330,4,437,40,84,326,20,62,456,251,147,94,16,180,262,112,136,61,4,1962,88,130,245,64,75,30,56,39,55,2,157,5,339,254,292,67,125,22,18,1,8,14,50,0,98,143,15,124,210,13,169,18,52,6,52,9,57,8,142,113,118,9,13,0,108,29,30,34,35,10,705,64,3425,91,138,56,268,44,1806,11,3038,196,82,29,564,60,31,142,4,87,45,31,1315,6,46,158,27,32,20,32,154,66,122,264,17,111,25,195,23,6,14,1252,1310,168,158,537,134,30,57997,20,24,24,261,2267,2,190,10,49,62,47,54,9,26,41,20,37,131,94,36,165,109,4,96,1,684,29,8,5,31,248,1381,66,948,8827,73,12,42,15,467,77,32,95,10,197,42,7897,119,973,16,216,57,204,102,147,758,5,220,200,25,7,100,2,241,895,41,510,1455,79,68,63,46,124,301,459,54,58,906,11,66,30,44,93,632,174,94,22,133,4,30,18,168,59,1534,69,112,6,31,36,0,293,37,140,68,68,207,399,7,142,40,280,405,294,121,64,487,28,556,1443,40,92,165,29,124,463,102,381,12,2,71,14,136,398,23,163,60,587,113,742,74,48,87,21,11367,107,181,61,34,496,17,146,60,126,154,42,30,63,322,947,41,72,181,51,24,59,22,1082,126,12,1344,30,2,35,129,130,141,211,307,426,19,331,101,145,13,1243,96,627,185,12,4840,8,3,138,12,67,2,1193,444,586,347,35,13,25,81,440,96,514,294,19,28,87,8,20,539,71,0,384,1332,162,692,143,26,3,269,20,18,43,0,227,225,527,67,296,417,36,8,146,69,13,42,35,794,134,73,53,25,7,6,223,206,465,881,36,7,5,53,375,168,135,253,65,224,166,113,49,106,151,61,22,601,450,18,11,113,20,86,128,46,7,6,224,85,923,28,87,14,206,63,45,260,18,0,2,106,70,113,61,773,5,60,75,65,88,26,440,28,9,186,1,518,142,716,26,194,860,42,77,6,46,169,37,47,42,15,126,7,78,185,27,14,633,72,56,313,176,11,203,4,172,76,29,63,43,63,224,120,22,28,3023,576,71,744,81,171,109,550,242,27,33,180,216,51,114,7,291,48,18,109,72,113,912,93,18,144,24,68,552,819,35,3,36,395,67,50,180,16,3,8,124,419,209,357,113,88,35,55,9,59,6,12,37,369,74,405,29,356,235,182,0,88,146,203,1,10,45,40,25,119,17,10,6,1612,62,24,222,286,96,414,13,220,81,70,365,425,5,42,28,26,20,74,140,76,84,719,557,154,48,12,9,231,110,67,273,10,212,25,63,24,11,567,48,23,5,5,156,15,57,852,162,26,3193,136,30,1322,296,98,112,365,1085,79,3,13,157,25,1489,5,112,14,2,258,15,21,44,443,13,326,97,72,72,54,59,119,363,136,565,45,255,17,1488,8,10,21,282,209,153,8,174,200,109,82,11,130,3,39,147,16169,663,6,10,10,1034,263,1988,628,407,1147,46,0,20630,85,167,54,89,72,430,7,4799,131,52,170,109,8,10,2895,88,26,571,76,134,222,465,19,6,44,345,76,3,14,264,16,2,523,148,11,427,11,9,196,210,32,85,52,1055,172,2,24,26,22,205,282,1397,83,44,15,12,4,30,42,42,1037,278,24,8,912,7,295,203,64,60,161,798,159,39,76,231,2,276,3349,3,61,227,76,427,323,1286,43,7,621,2396,15,46,64,102,2,8,2169,36,374,107,175,245,86,383,8,267,30,213,4,150,24,36,337,112,8,10,104,251,220,117,25,56,65,3,561,729,89,9,182,64,821,74,46,2169,92,9,71,920,5,49,5152,71,16,297,1,157,179,50,13,3,4,125,1411,1,46,4,295,1850,8,34,2,34,766,20,118,96,278,473,19,15,33,69,16,3,53,21,259,37,6,725,2,78,187,22,2359,17,169,6,131,81,200,8124,45,25,61,37,9,28,40,943,117,46,45,48,239,76,10,91,37,38,179,58,640,86,244,20,80,23,23,33,4,97,188,13,129,142,326,80,10,28,216,6,28,36,185,638,5,34,47,18,230,120,306,80,18,19,14,21,0,254,19,69,259,161,34,140,3,54,43,546,353,281,5,3,96,73,678,28,354,600,86,3035,13,5,131,52,48,1,209,217,236,173,19,114,134,63,970,4,59,15,17,9,116,908,60,20,482,3,622,14,8,59,63,14,204,21,56,259,928,167,18,1615,527,84,93,19,1,112,11,122,49,5,23,106,194,69,218,54,49,101,52,205,35,41,138,62,46,1176,107,8,99,399,42,156,55,69,1804,296,43,106,365,171,63,129,2,85,76,101,68,108,36,55,33,142,165,5,31,18,6,85,64,19,274,78,77,110,51,12,6284,562,602,55,186,70,940,303,23,32,370,228,96,99,338,68,535,4505,57,1583,4584,20,64,36420,94,29,15,18,45,43,3,21,246,7,50,60,92,0,1,200,87,28,72,344,52,57,212,21,146,545,50,31,70,223,0,9,32,253,11,397,37,10,8,1115,12,135,1,21,492,1,226,104,21,144,202,89,119,145,9,108,83,44,406,251,443,61,421,11,255,162,365,51,189,236,63,29,4,4,244,52,10,73,37,456,278,110,56,157,8,12,38,113,87,505,57,162,231,282,34,110,390,325,300,76,190,8,34,42,68,62,232,66,198,588,250,197,27,56,118,180,256,78,460,3,1708,89021,16,267,28,208,553,26,132,145,973,71,141,239,15,16,1785,35,7,19,2439,125,15,4,101,63,6,46,124,123,81,42,62,35,166,320,162,7,1,29,383,47,103,4,40,10,90,6,7,92,62,16,13548,92,13,19,56,16,328,35,193,229,107,8,64,128,0,5,130,26,1106,20,119,11,9,285,1,297,562,57,130,236,47,14,79,189,78,73,66,182,75,66,164,5,145,14,128,119,34,15,169,87,110,3,78,180,301,29,13,5,2974,780,174,142,232,64,73,53,5,25,95,89,175,45,186,49,694,246,279,44,8,55,16,101,117,39,178,15,39,91,21,3,44,56,6,229,129,130,39,147,118,863,78,428,4,16,21,24,13,2072,714,19,2,179,30,3112,126,19,376,15602,225,24,92,35,92,494,9,6,45,153,15,27,505,7,12,9,160,265,3,608,10,830,28,23,128,344,61,967,137,149,917,34,347,83,473,15,1261,211,443,138,218,406,70,390,20,82,34,103,204,147,220,36,18,164,127,22,33,349,0,20,17,23,44,977,3,140,51,85,23,301,130,521,262,254,165,14,717,123,321,4,39,12,1,53,11,408,86,135,91,2163,263,1029,2749,78,75,1155,8,621,58,378,27,122,32,37,471,96,113,2,268,25,16,97,487,185,50,587,40,52,50,179,31,47,125,158,212,52,79,120,44,114,71,107,46,29,160,0,46,31,1,167,5,533,17,147,1720,5,32,28,418,389,1405,23,124,63,132,299,843,192,85,51,108,22,10,2,329,1,44,118,109,63,410,4,326,25,1688,156,375,2,142,96,5,12,290,20,47,402,137,4,126,173,287,105,523,40,385,67,91,41,16,80,220,83,165,33,1058,130,105,133,12,89,5,38,63,119,60,9,72,182,115,21,116,149,101,40,191,555,351,36,200,225,318,519,34,717,433,123,63,5,117,20,3,207,61,73,11,71,4,672,164,274,60,15,34,6,79,2886,41,18,360,242,20,123,233,341,595,118,55,12,14,701,5,871,41,61,22,55,191,1,183,47,110,19,1,100,525,36,207,112,143,0,27,17,11,5,78,50,269,439,2,162,703,43,125,25,369,155,34,121,195,1425,112,118,127,305,147,45,618,18,19,71,8,1005,25,297,1,35,79,1,204,17,30,15,26,4,22,171,70,126,93,693,226,449,85,16,1164,710,495,5,2,40,420,54,73,792,311,8502,24,77,146,65,526,447,38,83,350,9,3,227,47,150,1273,95,26,2,123,460,94,27,97,357,272,82,175,284,169,31,563,619,225,4,249,95,707,159,52,278,112,114,643,5,351,130,219,3,58,148,34,291,1356,126,72,223,89,206,52,231,80,36,41,73,17,1005,1,22,14,295,79,631,59,959,253,6,42,23,43,233,117,203,229,39,30,111,164,201,1,12184,45,84,168,28,39,26,343,110,22,31,31,37,638,63,107,21,40,6,2904,210,59,127,23,4,58,520,20,489,6,39,175,341,174,66,0,576,98,149,8,36,289,75,81,95,22,152,8,206,88,76,167,472,170,1,35,28,100,115,14,6,76,52,82,102,9,700,599,90,11,54,55,61,194,322,11,68,12,86,5,56,7,206,95,123,31,106,251,47,89,92,129,647,241,53,134,54,298,32,10,56,17,174,651,74,12,23,7,107,82,35,14,212,102,17,109,413,16,18,57,12,91,842,11,37,39,1922,100,1810,357,0,289,47,13,139,156,9,87,9,45,207,61,28,38,228,90,365,6,31,42,11,85,12,410,71,36,299,10,597,15,106,265,26,4,47,20,12,19,443,45,67,65,29,44,38,123,107,46,27,41,36,10,201,14,510,77,91,109,252,84,33,64,133,122,7,356,61,25,362,242,265,4,426,888,6,30,35,23,0,9,303,14,56,1160,179,20,103,5,163,14,12,7,190,18,453,6031,53,16,34,430,24,6,307,153,26,47,51,20,54,5489,129,1,164,47,79,171,243,2225,14,527,5,25,28,21,430,16,39,7,10,105,204,427,62,15,39,8,7,14,30,46,52,159,25,6,20,166,3,23,54,1917,755,304,78,304,0,74,8,55,139,1584,13,113,35,14,60,1254,74,188,931,565,94,57,888,123,122,390,135,16,102,55,220,64,52,48,106,5,1,59,23,1506,11,104,21,548,29,85,3,32,139,46,18,110,19,138,218,100,77,38,1,62,4,49,326,1276,8,160,66,133,107,47,78,45,151,199,10,7,26,61,33,7,3090,8,9539,265,257,7542,76,55,27,43,31,245,2,10,42,8,234,1011,218,228,52,148,121,4,268,20,128,349,177,34,858,368,145,7,490,65,28,112,229,40,75,518,26,16,96,665,2087,62,121,58,154,17,273,414,209,17,70,4,56,21269,27,254,98,16,159,249,12,1,35,0,56,138,57,170,15,39,31,17,2072,136,92,38,34,9,1064,75,169,88,40,39,7,96,681,48,4,46,54,14,273,276,111,447,36,8,37,28,213,1973,81,16,951,25,229,50,2,11,17,92,0,2,470,79,101,728,2046,18,24,61,2,41,42,529,235,20,93,26,30,8,76,24,21,20,5,592,26,30,290,9,74,57,370,218,0,13,228,206,278,1167,24,72,7,340,3,296,292,825,312,103,142,250,21,143,44,2,251,136,139,63,97,43,52,21,53,31,199,62,63,74,183,414,6,99,2,43,72,370,78,78,2,512,55,46,2569,3,58,80,12,54,45,83,18,114,315,14,446,6,409,229,455,149,25,85,304,68,578,159,597,4,286,35,38,83,13,5,141,207,253,139,74,4,14,43,13,129,57,20,3955,56,317,91,43,88,20,101,155,340,253,13,76,902,826,21,429,6,149,69,1193,17,49,50,147,1019,275,4,5,14,71,61,35,309,39,21,9,7,97,406,1000,14,77,11,294,17,331,45,15,922,0,451,33,4,8,137,1,123,190,7,172,10,114,98,123,293,219,159,26,35,53,215,335,899,1,244,949,11,64,405,76,8929,99,78,46,11,18,19,0,260,76,663,18,113,61,148,51,373,155,179,140,80,1,182,2806,2,173,80,163,16,77,426,744,48,57,504,78,10,135,249,104,222,401,1013,494,118,5,102,249,97,171,3,414,2,549,605,37,67,41,5226,16,28,71,205,40,28,287,90,107,38,696,3,37,71,0,435,4,212,87,54,563,1162,8,49,52,627,624,1,73,119,193,42,114,215,122,495,290,383,2126,104,77,0,23,29,25,46,17,48,2,123,6,21,174,484,21,626,124,12,20,75,5,3,34,23,500,3,15,0,69,1093,44,612,403,85,136,59,29,341,227,98,6,299,23,77,452,169,21,150,12,78,15,30,2,9,6,12,151,80,141,85,14,92,78,203,242,85,230,9,57,20,58,11,176,7,183,3,63,4,49,253,96,159,98,6,93,149,59,61,195,47,55,948,172,16,14,173,361,98,241,4,71,17,8,128,254,13,10,216,103,93,10,2,3495,97,38,367,91,23,65,26,141,422,22,609,315,111,29,328,26,9,138,101,354,91,12,167,3374,7697,112,146,140,549,10,120,72,706,9,287,243,119,389,332,196,27,369,411,133,10,101,8,58,141,3,207,162,18,203,464,102,32,551,8,158,97,65,41,193,16,64,64,17,45,36,212,286,229,11,16,266,246,77,49,33,33,127,90,181,50,103,26,79,204,1,263,527,132,51,93,461,33,38,30,8,270,57,6,20,185,2,274,154,196,132,211,93,969,287,0,3,22,46,7,73,95,56,154,14,22,292,87,897,89,44,117,28,253,14,7,402,102,43,216,382,210,156,269,285,6,295,97,335,75,220,66,116,110,18,22,130,77,23,3,45,12,48,17,227,372,372,443,49,20,101,238,3,49,199,886,9,114,62,1,1377,472,49,55,24,43,132,151,27,7,228,356,25,90,855,0,7,55,2,338,568,167,23,109,15,38,35,200,48,173,59,45,1,9,57,238,549,58,522,13,395,453,39,337,165,26,90,1845,9,259,106,759,274,96,78,14,14,99,38,12,123,68,16,113,89,120,408,21,30,32,87,61,14,315,2,7,19,172,9464,507,118,34,195,17,1,168,51,7,3,543,8,66,0,148,22,54,120,15,77,60,337,100,3,7,5,190,28,9,60,1750,1769,66,67,5,5,210,391,29,39,169,436,155,8,663,256,173,31,6,54,0,107,63,112,110,1,285,234,159,59,15,192,89,59,29,30,134,1093,1581,92,32,239,161,28,114,5,152,30,186,164,23,159,5,2838,210,1113,11,727,43,36,215,256,15,30,0,42,273,222,163,36,353,273,45,86,126,595,409,122,4,146,139,280,20,684,232,1666,27,24,280,189,11,104,239,11,114,233,305,45,76,3,318,23,54,244,66,208,13,151,62,24,167,175,308,73,48,24,169,283,134,47,52,51,38,496,0,63,412,2,5014,7,79,309,80,20,52,343,457,387,302,65,0,193,18,28,178,12,26,140,34,98,95,226,28,11,31,59,17,319,61,193,141,41,462,3,4,178,124,864,153,13,59,25,41,18,65,378,117,205,317,10,461,441,39,360,2646,81,49,260,33,0,808,20,26,146,48,119,28,420,18,130,43,40,8,159,25,40,80,355,5,81,141,68,33,62,303,249,192,14,3,76,29,9,357,9,143,6,55,53,469,121,295,73,231,270,2,307,63,736,21,13,18,6,215,2,14,201,417,581,162,4,50,24,135,130,69,43,6,471,47,42,30,1,1338,8,1122,51,32,275,278,2,3,73,151,144,147,136,105,1442,21,260,58,29,35,0,126,5,3,88,85,5,4,1726,93,107,472,438,2061,390,79,6,83,170,13,215,22,208,157,0,4152,32,10,225,91,121,6,91,37,15,20,367,194,307,6,7,132,41,16,17,45,216,78,243,111,315,65,108,72,2,48,26,106,104,574,47,162,1,30,604,21,1,28,520,119,70,79,98,362,560,131,58,47,16,5,348,215,38,109,3,5,6,142,71,147,59,38,34,61247,108,4,1,15,19,469,39,294,584,207,621,10,55,263,1,23,118,76,327,278,67,9308,139,248,2,6,19,86,306,1880,167,21,411,356,671,257,171,209,142,98,31,34,234,49,8,146,78,788,17,27,0,15,7,10,5,41,40,16,857,18,6896,44,25,90,121,267,258,152,105,108,48,49,29,93,36,64,236,495,1820,128,38,514,167,46,16,67,41,15,146,163,45,40,11,502,2,80,11,95,29,641,70,46,5,73,6,9,182,193,416,95,60,157,19,40,55,32,132,71,55,33,76,35,33,10,198,47,30,69,66,210,102,179,105,84,375,286,192,18,1246,49,17,60,59,64,68,228,79,58,49,153,177,116,51,1,315,133,0,41,22,36,9,1521,18,19,16,1181,0,13,293,134,32,2,202,45,1659,120,528,19,31,202,408,48,193,48,12,7,80,61,20,46,313,12,120,32,682,1044,1,23,158,45,7,7,12,27,30,141,13,81,1599,393,82,27,16,94,3897,954,91,7,23,12,135,274,183,1397,34,40,56,142,3,358,36,11,82,88,221,211,1,152,140,3,1,62,72,416,833,111,32,458,13,130,113,181,4,155,165,167,5,1590,39,6,7720,99,311,6,57,474,337,175,54,3,8,14,174,16,37,156,238,8,47,1496,8,21,60,0,173,381,177,434,21,52,24,1180,302,22,167,81,24,28,2320,104,78,97,13,254,134,317,9,39,17,64,218,123,55,10,45,60,64,10,296,35,35,10,9,58,33,382,37,273,188,23,116,478,237,59,169,32,133,76,98,11,189,185,168,472,19,93,150,54,81,176,71,529,28,4,7,501,115,71,437,88,447,81,51,6,1787,372,114,11,26,267,135,50,135,296,207,8,59,63,148,1015,8,13,1405,190,282,24,70,42,24,27,374,181,31,139,69,314,24,106,42,8,335,25,54,127,201,1,128,42,184,368,106,49,2239,123,292,17,315,33,40,56,79,2,59,93,11,98,80,76,565,138,217,7,11,33,104,463,110,51,13,13,12,1072,337,34,344,149,26,441,32,53,6,806,95,51,1,107,98,574,22,16,401,11,582,2092,108,286,148,2,190,80,110,9,15,85,17,236,34,22,48,136,21,1982,39,41,47,316,41,11,13,19,12,74,59,57,57,335,121,88,23,1821,3,21,19,608,399,34,82,64,8,87,5,664,4,389,32,14,139,2760,110,79,88,5,97,1,64,18,113,30,157,84,595,403,106,57,46,321,1039,4,50,16,46,89,34,32,1,160,17,320,152,57,843,121,14,100,0,82,16,98,1349,2,72,806,31,20,59,13,197,48,3,61,337,52,43,398,6,119,1369,142,143,4,121,193,126,422,221,395,27,54,27,88,141,29,366,51,63,42,13,8,304,246,230,21,58,203,41,42,11,122,17,162,4,34,11,210,236,146,30,13,72,100,59,71,117,44,21,49,5,118,53,6,322,7,59,144,6,43,2,114,140,373,200,67,21,1,239,1756,50,129,16,1,19,589,102,5,4,13,71,102,227,173,1889,54,36,166,27,53,30,21,6,59,82,33,36,95,1,71,1,4454,0,300,315,557,136,13,66,17,61,707,80,41,276,92,123,15,15,32,224,33,74,14,112,25,93,679,30305,31,29,57,438,84,41,38,226,1123,58,1,3,928,558,132,222,3,22,148,43,15,578,282,178,5,41,12,300,5,147,83,10,149,70,468,3,74,36,0,54,64,41,102,6,1,116,40,53,253,34,4,89,98,756,24,14,261,36,436,10,56,12,67,44,448,101,75,19,55,40,375,244,47,171,164,18,89,23,8,796,53,78,16,175,222,73,469,14,52,3,128,70,314,59,112,15,120,57,35,17,31,354,11,105,6,155,190,53,28,36,161,89,190,1911,14,26,111,33,272,112,104,131,311,1322,179,41,2060,4,500,50,56,658,58930,14,6832,35658,580,3574,9,54,229,110,1101,1012,8,24,39,21,8,59,331,513,30,37,25,161,440,15,2,50,37,106,4491,158,2,184,87,498,255,1,278,233,15,485,59,523,64,70,106,281,225,266,31,70,72,160,320,31,506,0,1265,236,18,89,96,110,500,217,631,36,1326,20,43,1295,1,17,20,20,87,158,210,23,15,54,54,1241,24,128,140,23,28,38,3240,29,438,12,14,36,481,137,1553,76,308,246,66,199,1,53,2198,329,32,84,16,119,218,50,10,6,82,101,20,20,872,176,44,76,302,0,274,20,1,538,6,3,386,1,5,1,160,287,257,81,126,202,4224,1400,42,414,550,86,17,117,311,17,22,18,237,323,29,139,64,295,90,264,41,30,153,27,7,6,62,82,60,26,28,53,359,50,53,13,15,9,12,2456,83,10,171,44,33,20,177,48,34,1033,161,2,10,1080,135,511,129,22,97,177,194,427,1178,90,703,369,8,54,213,240,32,185,29,15,4,11,2,142,399,47,94,120,151,243,57,53,800,699,6,36,57,182,3,54,487,42,974,22,2,74,1,43,754,130,2481,78,444,1348,96,54,109,9,43,107,87,55,27,1,53,172,226,38,792,271,121,113,80,76,18,136,93,3,87,37,11,817,11,5,17,158,161,4388,86,28,168,17,21,65,101,174,134,73,700,156,47,2,163,196,165,282,919,391,206,7,1,65,1567,1727,177,568,473,90,59,416,6,37,16,9,84,2,193,310,30,114,1,42,47,19,93,101,39,52,1961,40,141,250,1413,98,5,40,89,30,846,209,52,181,1288,20,36,33,9,133,3,116,5,486,48,113,61,496,75,482,111,27,63,18,16,4,4122,12,57,4,38,4,125,105,7696,26,19,19,3,105,19,157,21,1631,251,110,80,70,291,12,4654,520,460,832,21,199,60,4859,2173,71,136,5089,612,189,52,272,340,96,5,47,13,186,181,37,37,398,191,64,244,18,311,24,66,26,2379,97,334,9,1386,167,173,39,51,14,257,50,259,30,45,47,40,1,39,73,10,5,59,18,1748,132,27,41,50,319,16,55,14,53,77,16,86,1,21,56,266,150,556,41,151,498,0,14,171,48,13,170,201,254,1,307,3405,27,103,137,163,0,239,170,8,18,29,10,75,536,89,74,13,14,17,124,72,203,449,49,819,7,15,226,5,36,290,4,17,21,63,193,118,621,183,87,92,25,4,27,6,67,20,84,35,197,66,63,16,129,51,21,2,11,34,8,56,250,149,212,281,120,328,273,0,44,188,555,273,41,156,15,319,46,18,77,409,17,36,68,102,52,315,16,0,133,69,12,76,58,147,58,100,33,22,37,258,50,473,19,12,108,132,26,68,18,60,4,306,591,24,17,59,4,16,251,8,117,126,81,33,13,6,93,55,313,277,51,357,74,182,1,651,51,17,44,29,187,27,0,297,24,41,70,111,21,82,2,55,72,10,59,11,164,52,145,29,5,55,189,463,51,233,63,123,7,209,2,6,0,72,11,1,108,113,599,93,44,813,170,336,40,426,298,117,32,25,6006,1,284,3,49,116,606,85,48,205,131,105,65,84,729,10,23,51,11,200,46,137,44,62,351,106,959,1513,225,1441,359,60,217,104,76,20,47,4,148,466,4,33,56,85,45,69,18,60,46,32,2,451,55,52,53,86,12,429,1185,11,5,396,22,26,2278,22,602,368,312,10,140,89,255,41,439,24,75,8,2,8,99,139,560,9,39,90,72,273,1,30,87,1918,35,236,101,523,397,92,164,105,1096,3354,22,92,10,15,20,10,11,16,21,10,156,6,18,365,81,48,13,14,15,26,186,64,24,72,118,400,89,0,212,232,26,508,12,29,5,3,34,64,30,280,4,62,187,22,220,406,11,25,88,12,62,65,43,20,154,65,120,15,39,344,37,55,320,7938,48,176,185,122,39,47,5,4720,103,795,133,100,83,156,13,98,182,39,4,106,152,74,1730,148,410,62,757,303,763,78,12,102,198,72,136,17,255,76,13,78,385,129,2148,62,27,200,34,99,42,18,13,22,277,14,15,51,87,457,5,112,141,56,343,7406,54121,0,43,612,257,25,85,165,89,95,478,186,122,74,165,329,85,47,883,1,75,181,30,162,284,53,30,341,38,68,10,584,4,87,67,33,23,46,67,1603,93,145,179,484,132,91,195,222,122,311,23,16,49,660,57,5,33,151,520,22,32,145,15,154,142,196,45,339,25,87,16,40,253,2394,9,61,66,10,102,98,29,149,24,118,20,30,2620,10,638,27,99,92,41,66,31,1087,36,23,21,24,92,101,447,60,381,93,213,4,61,95,190,13,32,64,58,96,16,34,73,772,3,105,13,27,16,82,2,162,8,18,18,187,18,73,15,27,3,17,17,27,278,55,26,31,48,30,705,9,173,174,76,14,303,431,235,580,3,11,73,258,54,37,48,2,398,2,13,575,13,64,480,40,913,19,602,38,22,52,55,21,8,35,60,291,4,93,2482,101,143,361,178,0,464,21,130,66,125,53,3,96,38,167,41,22,100,55,337,37,7,91,10,395,68,513,57,138,56,458,203,330,33,6,69,14,16,756,308,163,69,70,179,36,104,1554,43,42,29,6,61,29,7,145,4,193,204,3879,1,5,60,57,44,12,78,282,434,247,13,45,19,27,365,115,21,206,163,12,1849,35,125,84,279,3,3,30,11,42,47,4,187,74,57,62,57,1069,94,173,60,84,1,6,59,12,243,441,198,31,35,73,92,6,13,0,27,9,54,8,110,850,80,21,74,747,558,1,82,196,203,141,16,241,349,1060,84,94,84,74,319,37,175,44,31,54,597,109,27,25,15,341,428,37,624,125,21,30,74,96,89,318,136,141,405,126,84,198,79,826,6,55,272,93,44,91,7,11,295,330,374,7,1924,333,366,191,170,188,168,24,145,15,17,203,0,114,163,51,39,95,54,41,9,38,165,4,111,11,2,9,11,103,1361,5,412,837,241,387,33,4,10,20,18,138,506,154,683,62,11,130,241,107,21,14,59,47,7,55,17,785,16,47,11,195,4,188,336,130,699,147,7893,234,134,24,30,31,256,47,385,408,5,1488,34,353,38,8,12,68,151,18,287,155,647,356,3,256,500,78,237,269,60,472,241,59,1,106,151,183,119,65,2190,3259,114,103,36,52,724,15,5125,34,3,23,59,22,24,172,5,596,231,129,34,27,70,610,29,15,28,21,264,286,54,696,125,53,26,86,22,285,388,471,414,27,124,595,163,415,23,124,67,1195,406,381,5,945,146,33,323,361,48,105,33,39,215,288,79,18,31,176,4726,239,71,30,166,45,287,19,150,329,5,68,111,227,37,17,170,81,41,67,41,708,56,239,64,163,145,202,239,3528,204,21,41,198,60,229,52,1265,359,1650,127,1368,97,83,25,6,37,28,38,551,4,1911,106,354,60,141,180,259,128,163,30,11,186,114,57,15,0,175,49,194,173,405,177,92,49,515,7,19,135,195,46,166,28,79,32,18,146,121,86,49,393,31,134,4,358,142,206,3930,126,288,20,125,1,129,41,91,31,171,2,56,374,154,153,53,46,378,13,51,157,3,21,6,21,70,80,37,142,545,20,81,4,40,82,42,72,211,0,9,25,71,253,29,211,31,407,311,7,167,49,160,6,49,83,66,66,30,8,101,316,269,118,145,105,34,94,1251,135,9,30,478,37,72,12,73,23,101,19,12,73,39810,67,503,67,4,6,2,106,290,190,73,221,37,80,110,170,326,2,55,176,404,111,216,4,488,104,53,426,344,37,8,93,30,69,9,60,19,297,50,18,30,175,100,187,512,97,75,16,193,115,23,67,68,27,20,90,1506,11,17,4,17,248,600,64,80,50,312,53,12,50,107,239,169,190,44,34,122,3530,32,21,106,44,10,28,52,60,53,71,43,1636,34,135,180,613,31,20,22,95,38,395,5,28,88,227,99,109,10,21,8,7,2,260,86,35,81,9,721,940,64,104,2791,225,0,2,51,127,688,12,160,22,300,47,4,36,9,150,86,217,23,16,12,174,28,76,151,1433,8,42,7,239,218,43,134,215,40,5,308,0,29,140,3,44,158,9,10,972,3569,334,84,43,1016,105,872,86,143,10,59,16,1046,11,6,2,127,19,169,88,97,8,36,172,1998,219,346,109,32,175,87,815,16,59,166,53,121,211,9,132,233,58,16,260,52,73,29,1432,37,37,34,813,63,303,92,93,152,10,157,3,13,104,8,7,490,3,16,208,135,124,183,60,177,14,11,63,106,167,365,77,44,2,820,195,717,22,116,114,38,399,79,8,35,171,119,103,17,31,43,134,85,43,81,149,190,75,17,933,738,48,163,27,33,60,24,56,15,33064,46,7,495,8,115,801,2,36,17,79,43,4,327,4,125,49,46,10,2910,199,1349,146,122,538,86843,53,133,297,40,163,37,187,41,189,131,152,490,39,9,90,730,60,141,158,32,42,101,16,4,62,36,130,658,263,1171,105,59,101,60,4,66,38,537,28,1737,182,99,257,94,760,63,248,0,21,29,325,87,53,32,63,31,0,75,216,81,154,68,38,5131,62,14,365,68,202,0,8,15,0,36,683,25,876,7,581,57,9,2844,185,83,75,235,195,12,42,33,207,62,105,178,11,33,4,49,931,54,4,36,103,659,1236,20,201,213,21,310,9,93,424,382,51,21,10,267,56,11,75,18,135,7,311,469,46,169,1327,876,15,8,1138,276,23,350,378,14,2040,1,48,19,4,52,25,194,21,1044,1746,39,222,173,308,361,57,20,8,59,43,1017,80,18,14,90,61,102,113,127,86,305,8,13,2658,25,16,15,90,72,3,144,521,316,15,148,1,280,151,4,89,54,15,101,55,1286,16,81,56,43,12,81,126,27,22,8,203,267,32,1400,10,34,985,65,301,2628,171,161,68,227,101,37,23,45,7940,317,19,7,366,13,99,29,105,52,76,40,3,724,104,501,208,291,34,80,5,103,105,52,69,85,41,262,106,40,196,719,31,8,3,546,462,109,33,17,139,29,207,214,143,186,12,123,111,217,144,931,20,44,283,322,90,141,132,176,57,264,83637,45,78,32,60,12,221,185,294,1733,60,32,376,218,398,173,749,299,45,340,935,23,12,84,3046,257,11,172,2,1055,26,14,345,243,156,52,92,127,71,12,277,10,17,326,624,200,159,102,31,155,294,77,49,205,92,799,35,264,50,99,3,24,49,90,19,288,10,593,170,37,1,11,101,23,7,246,57,2,100,203,85,86,1300,169,21,235,58,20,55,32,47,583,2,168,35,8,80,35,21,256,294,92,124,348,14,142,2206,36,37,49,15,46,180,51,189,32,355,50,40,20,19,20,23,339,468,109,502,654,52,123,1639,4,9,1,184,146,47,16,83,152,14,229,56,179,225,24,328,261,18,124,369,455,103,176,39,69,1,4,664,42,19,2,125,22,49,26,45,33,166,16,38,289,70,1316,35,5,31,39,72,35,388,192,28,117,93,102,1046,6,36,96,243,1889,34,21,266,86,69,50,28,269,43,102,53,1591,301,121,1865,8,6,513,57,1143,70,113,73,49,3382,787,118,10,325,23,425,29,1062,140,66,10,64,51,39,15,2642,10722,19,57,10,184,100,53,2,67,51,575,3,5,3,16,191,6,273,254,582,48,44,33,0,15,75,285,1184,24,3738,252,25,54,1108,123,1,43,7,22,19,277,157,57,31,214,66,184,248,31,90,38,96,20,1577,7,151,20,134,162,33,28,724,89,18891,33,7,336,23,7,84,18,96,61,23,1627,38,35,68,24,44,139,14,202,11467,464,1294,3,10,72,470,41,89,30,78,25,21,2,195,631,10,40,50,9,336,244,15,155,224,15,47,83,9,2155,185,596,24,10,749,110,56,399,166,29,1669,304,318,77,15,132,202,18,200,18,26,391,906,15,451,21,74,134,183,91,5,31,337,1195,29,44,15,24,744,165,21,6,3,11,191,44,425,99,846,8,7,0,119,35,2183,1076,50,336,217,25,14,84,8,7,36,33,239,129,5,39,350,82,134,120,228,553,22,282,104,67,36,1,121,6,514,1,7,51,48,49,235,440,18,101,31,26,116,44,29,220,81,70,25,204,30,240,2261,154,123,11,36,380,747,10,22064,155,1386,249,149,3,42,24,42,19,289,275,2,143,10,26,53,39,21,322,9,6127,66,155,50,8,360,24,14,3669,8,9,34,16,26,124,1602,100,126,1298,11,54,9,191,29,48,3,770,20,71,7,29,132,27,39,55,488,38,194,6,594,143,11,67,30,171,79,26,135,1,35,1366,12,28,9319,0,27,43,44,120,9,180,121,26,274,70,236,31,53,28,135,381,645,141,71,222,29,4,55,18,320,1242,179,160,260,13,1410,453,33,123,78,61,3,1,44,185,26,65,213,40,47,237,70,104,10,8,3,18,16,69,5,466,387,3,2449,18,139,42,27,153,237,1,824,77,61,44,314,31,2745,485,39,593,105,23,619,6095,72,0,40,1,734,14,334,28,7,32,11,275,235,0,2592,15,438,90,207,325,72,180,196,27,20,362,111,9,84,32,148,62,347,46,127,185,58,261,4,878,41,143,20,384,36,7,2498,704,16,40,466,144,41,3446,455,102,39,298,51,59,72,158,15,364,14,268,62,52,176,227,727,324,18,250,210,1205,120,5,62,48,55,476,11,450,102,17,434,247,29,459,80,107,72,43,9,323,142,213,34,107,14,90,133,278,295,183,24,59,21,8,33,629,20,15,195,77,109,88,74,193,39,11,63,345,97,236,363,45,77,5229,19,204,202,1,66,47,1325,92,61,117,12,81,35,9,144,22,3,21,9,924,797,102,40,69,104,9,15,153,205,306,513,147,163,129,41,17,0,73,36,86,19,43,704,370,11,22,413,121,89,103,273,21,233,42,5,61,4,14,1,482,27,75,102,152,8,303,1,129,23,25,2771,8,5,35,92,11,66,34,104,18,150,14,1,778,69,87,4,38,78,55,286,84,454,230,30,23,12,276,66,37,527,39,58,17,20,184,14,67,1,67,12,52,232,854,24,906,85,2666,166,3,257,26,28,7,7,111,147,247,281,18,271,48,255,109,150,136,633,336,108,1536,14,8,5847,28,2298,77,38,110,144,32,77,62,37,31,39,537,87,372,692,230,43,18,12,3,34,48,0,20,62,38,13,314,116,3,3597,23,169,77,283,17,137,22,59,96,101,26,7,1491,29,22,7,9,276,115,25,30,61,157,381,1876,12,80,103,72,224,69,97,247,67,121,320,34,16,12,225,140,24,140,1,553,105,35,87,18,291,126,215,31,3,4,386,183,6,488,33,377,80,7462,12,27,25,152,715,232,53,1755,426,0,81,1,225,14,55,8,2,55,347,2420,102,857,147,198,98,30,5,121,163,2,54,42,30,564,220,167,446,29,118,417,58,86,192,35,268,127,83,1298,21,43,128,36,49,27,373,0,30,73,5,79,17,17,200,59,74,118,1169,178,703,12,29,3350,140,362,33,50,8,273,56,33,317,47,13,202,24,9,20,1074,6,5,58,244,284,240,6,30,58,96,36,36,614,4,8,58,322,13,44,10,6,65,36,41,0,9,184,192,54,8,149,47,6,46,2,89,16,44,2,123,48,524,1,552,1,1426,35,78,111,312,182,419,78,7,150,13,143,29,274,397,18,14,840,214,8,62,164,24,27,50,6738,40,57,101,69,47,48,108,65654,94,34,220,879,45,116,11,87,144,175,37,86,11,0,148,1488,51,267,149,223,59,59,18,28,160,13,0,43,1842,31,9,177,123,212,18,97,64,48,129,9,59,13,157,21,109,3,76,60,23,16,12,221,46,196,8,90,351,4134,30,257,15,14,253,6,2579,138,195,362,299,42,387,82,15,16,35,282,299,127,135,296,238,28,1,91,15,253,19,199,42,51,120,74,1382,20,88,193,38,139,229,49,1450,0,7,37,1040,575,501,179,922,53,87,1486,204,599,202,319,82,20,1,912,31,86,45,13,7,87,59,56,273,1688,95,4666,130,37,44,66,52,257,445,142,106,75,243,10,91,836,19,43,40,1,5,47,92,6,109,261,212,168,117,12,41,47,7,10,22,166,193,134,232,1,10,22,3,137,4,3,38,21,379,50,205,39,19,8,122,14,58,58,154,6,18,3110,121,35,3,105,126,12,82,196,84,253,26,210,379,15,18,96,180,48,253,13,70,286,410,2,45,48,459,17,664,183,60,20,1,11,1182,16,92,25,56,208,228,195,45,52,4803,38,285,390,55,33,196,188,10,22,52,180,3,40,0,1,60,64,32,4,5,17,27,75,112,99,124,29,118,15,121,72,81,2,80,150,133,72,549,189,0,241,49,355,83,34,2,76,363,211,9,132,664,61,491,78,316,4,3,128,177,1082,19,873,91,34,162,0,98,556,765,32,483,8,37,197,73,8,106,55,24,654,8,36,300,2866,6277,47,56,96,1,291,1,65,206,67,71,15,77,1242,15,78,80,134,203,501,4,92,66,253,9,108,245,87,1,547,38,392,8,36,86,44,49,21,37,22,30,1247,121,1396,30,33,18,17,123,47,40,218,44,9,73,84,30,185,11,6,39,183,5524,20,7,14,19,47,30,474,127,35,220,141,186,129,37,461,355,243,142,481,747,18,5,848,69,39,441,240,329,399,6,400,9,67,1173,132,238,235,177,90,392,141,59,16,31,536,14,1,95,626,181,112,450,85,98,584,1119,20,93,883,246,14,3,8,476,131,119,0,222,572,349,70,450,120,152,494,82,60,30,38,19,758,7,350,30,24,34,0,3079,152,213,44,204,97,7,120,48,45,123,119,250,485,5,8,8831,1,66,58,61,24,88,182,410,1,112,4,305,56,11,73,9305,378,246,179,26,73,158,235,58,242,181,143,1921,89,57,55,24,105,625,273,73,26,177,263,164,3,438,4232,106,99,16,270,171,184,28,153,133,97,15,194,193,143,61,35,107,43,23,172,14,183,1,402,54,113,15,17,21,178,7559,306,162,472,223,456,396,1402,72,57,21,43,43,430,181,24,11,47,337,49,68,266,28,196,115,1930,10,100,985,9,81,16,3090,5,7,2,10,263,29,133,144,8,7,225,3,47,499,230,893,152,62,39,85,31,46,0,32,316,97,154,5,8,39,56,6,59,163,10,524,41,27,35,923,3,165,165,282,17499,0,1356,26,727,69,538,130,95,117,336,1064,6,77,33,735,59,122,15,25,151,230,19,10,228,165,245,114,452,72,430,2440,10,98,12,71,79,229,140,60,13,142,292,616,71,26,6,503,2,240,745,54,365,30,52,409,332,13,56,45,94,227,61,291,94,49,135,1,2,23,26,37,160,59,86,16,140,140,28,275,74,117,153,216,95,26,158,12,55,1068,91,45,5,18,1635,62,40,72,168,102,5,142,32,136,470,109,131,44,119,34,215,0,138,8,7,6,109,9,141,0,584,173,50,258,48,24,172,4,35604,1,8,14,20,14,792,3,212,5,216,42,12,36,57,82,106,20,435,35,203,4288,179,347,9598,964,171,109,1,55,56,10,3782,1,66,6,27,1765,66,13,692,395,206,28,47,27,1,496,5,61,37,318,5,12,148,110,84,18,222,53,15,369,80,64,430,53,8,68,90,212,1044,23,22,168,118,8,97,56,69,20,42,43,34,46,672,63,1011,43,11199,363,184,10,14,658,767,79,18,77,238,460,13,602,65,398,36,54,12,12,182,33,386,83,290,33,35,57,29,163,565,543,101,32,133,71,624,437,2,12,791,25,161,412,78,250,230,33,244,163,20,279,25,51,6,229,771,52,208,917,13,16,25,66,595,130,18,3,32,10,603,406,65,97,784,185,62,27,74,50,336,6,51,99,13,567,32,257,12,5,18,42,18,141,71,75,24,211,1014,3,19,196,10,34,46,182,167,95,146,140,47,787,30,63,51,219,2,20,11,289,106,257,59,29,19,122,80,476,22,383,132,31,22,25,227,53,157,115,121,562,211,12539,28,77,33,864,504,131,3,59,170,135,27,582,113,55,48,33,324,9,159,31,78,28,78,99,34,356,614,133,153,187,88,28,28,192,282,7,96,764,18,60,12,17,209,32,50,121,15,415,110,1,7,2523,128,146,43,251,21,27,245,27,1520,10,2,15,8,272,70,52,331,142,47,62,153,30,123,1,153,5,690,5,354,116,40,409,97,347,119,11,205,333,252,48,3,250,21,32,13197,23,403,29,337,151,72,119,134,3823,88,35,10,44,6175,104,66,20,113,117,348,21,34,29,140,83,81,57,155,226,18,2173,1,94,281,83,7,42,44,152,74,301,234,8,44,236,149,1112,6,11010,44,19,62,28,73,6,40,104,1,202,66,35,37,58,73,75,36,100,10,76,30,192,64,61,53,147,64,97,33,17,57,100,521,65,65,1323,142,42,60,108,52,38,375,7,69,480,23,136,52,141,56,150,189,227,161,334,47,72,42,475,11,96,7,66,19,105,84,772,90,502,143,45,58,2339,10,64,144,139,95,159,35,33,0,1704,576,6,386,751,449,79,3,114,10,88,21,34,35,74,20,37,68,3,34,377,89,300,2,51,154,139,259,1244,101,24,51,315,40,757,41,15,18,200,119,11,22,4313,84,68,67,276,181,0,531,245,32,314,226,559,108,19,63,25,33,1291,69,129,53,340,13,89,384,64,131,31,96,308,208,116,7,14,9,452,1523,70,29,10,57,42,68,74,17,44,64,191,82,13,447,359,27,35,136,10,21,215,9,0,454,255,2180,29,31,619,26,20,105,5,940,171,0,38,4,28,16,270,51,29,1,28,209,176,159,1116,30,43,75,4,17,265,22,39,127,123,210,256,1813,568,17,252,8,96,7,6,100,16,261,10,303,33,279,1277,76,12,893,21,26,28,240,41,70,44,315,29,22,48,173,86,6,9,68,12,54,626,533,255,532,28,476,70,50,170,28,176,51,27,153,6,24,46,68,123,203,639,9,75,238,254,26,107,2,31,32,18,65,288,22,42,134,132,316,112,897,138,44,352,169,101,1149,86,99,6,108,2,203,1,89,118,1309,70,181,185,1595,13,70,24,863,128,238,15,80,21,0,30,141,446,3140,66,122,117,179,43,94,229,99,102,23,28,390,81,122,412,27,12,1,195,3,497,277,37,46,208,105,58,71,80,407,5,16,214,182,273,134,199,64,7,216,35,10,19,517,15,207,668,3,30,5,72,58,6,28,15,9,11,19,162,104,68,31,285,174,133,312,53,2,248,135,148,11,8,48,60,20,192,40,148,837,683,10,108,92,257,36,17,264,38,167,7957,46,20283,87,139,42,171,156,10,37,27,1536,12,214,37,26,7,10,262,38,17,16,489,23,47,5,111,181,57,216,127,75,166,280,32,145,188,69,281,41,126,36,426,318,20,390,190,291,166,29,20,51,46,40,13,126,11,375,61,1235,436,0,196,458,21,6869,272,178,161,86,326,3,131,28,24,1202,142,91,38,77,43,275,42,103,609,32,336,116,28,9,13,90,30,225,179,1773,62,837,36,2524,435,20,4,509,302,1,1526,79,19,80,43,231,81,90,7,34,32,12,50,47,3,64,68,54,0,264,49,121,114,46,12,44,382,0,23,305,0,195,3,0,290,102,3,487,22,36,239,36,764,6,5,50,24,122,4,32,269,13,9,372,192,281,900,25,456,12,222,5762,318,237,439,67,35,21,560,154,369,114,52,30,52,133,634,6,14,48,52,2,306,143,272,34,6188,107,11,1673,187,110,981,77,166,987,1253,67,204,75,5269,101,20,5,5,14,449,35,107,16,445,109,30,103,41,140,14,180,50,9,3,5,11,58,545,66,13,21,94,12,11,45,168,20,267,490,8,2001,1285,161,359,1265,160,214,13,2,16,65,324,279,43,170,116,781,69,6,165,111,132,0,169,60,13,798,61,19,5,59,2,303,114,32,25,6,13,183,1236,161,39,9,254,104,155,445,33,85,861,26,24,357,549,81,6,45,2,28,114,39,27,40,36,12,88,376,81,23,15,108,412,13,10,16,78,188,10,128,67,19,1,50,31,216,5,79,8978,86,409,836,137,315,64,70,28,246,63,688,28,543,47,21,31,64,186,50,424,15,527,161,50,92,2,347,104,640,839,13,159,304,139,231,372,111,12,2,250,132,76,62,75,108,4,45,19,51,12,439,16,5,21,12,49,60,7,8,228,4,116,32,172,931,42,21,157,230,66,156,183,61,19,253,67,122,323,320,383,296,943,67,4,755,132,262,213,209,27,229,72,196,2,16,22,118,729,8,29,145,638,65,193,178,43,29,4,51,457,31,79,30,4,30,46,116,549,337,310,57,99,14,5,60,93,161,4,9,346,1,1,11,31,181,25,3,130,19,247,493,8,436,4,5,63,178,246,674,73,562,447,253,20,2,70,20,60,82,7,42,24,488,231,21,8,308,48,75,30,94,3,124,682,221,83,112,123,9,80,32,23,28,75,99,370,41,117,255,147,41,3,39,93,96,1,396,2,195,33,184,16,36,23,99,878,84,163,1206,539,139,100,290,56,385,2,18,1,71,2,61,84573,321,282,65,189,20,228,36,48,1,261,104,647,391,134,10,37,258,53,9,6,118,45,262,356,269,23,809,228,4,1446,250,76,39,255,0,26,67,268,13,20,67,27,656,16,21,23,40,363,142,513,3,221,11,102,150,235,270,985,7,50,62,50,96,194,41,40,46,3,17,17,42,216,40,227,182,107,108,25,49,290,102,185,107,303,268,32,1,51,14,59,154,1532,642,259,156,63,3,855,5,1904,126,152,8,171,72,226,43,2,137,155,750,142,197,58,28,32,104,92,166,554,40,111,340,0,48,128,35,281,4114,207,143,16,243,4,32,489,105,215,25,39,617,668,15,147,222,33,124,478,43,111,5648,67,20,17,63,287,27,110,386,242,285,28,1095,47,158,1470,578,29,25,20,39,139,15,114,6,33,12,14,100,37,98,44,216,117,13,55,65,1,788,664,206,80,9,19,446,311,256,41,21,2283,68,76,109,126,25,111,887,37,1327,69,1298,121,123,335,1,73,11,4,79,1,3,521,19,3,661,55,82,31,144,5,178,80,375,56,105,33,96,375,99,26,462,436,141,967,51,93,53,75,8,85,179,138,12,74,35,150,979,15,464,48,718,90,62,51,24,0,25,241,3,61,276,15,92,143,137,8,3,527,291,56,40,601,1030,28,615,17,110,22,188,11,324,308,25,299,1231,534,237,156,54,6,101,402,45,189,128,23,504,4091,603,571,6,63,8,25,110,147,81,27,68,56,14,54,56,1,199,25,32,207,27,803,564,186,142,25,56,40,80,50261,537,641,4,122,145,25,1030,18,1918,24,402,55,68,121,10,18,676,6,166,72,62,25,285,431,190,318,39,12,215,20,213,34,153,134,140,681,218,405,6,157,80,243,130,2714,1,106,119,40,15,179,114,848,2,251,21,305,25,2,6,42,92,35,116,239,16,20,28,278,19,62,98,66,15,536,87,2,319,80,1379,10,268,150,352,50,52,58,140,0,47,91,55,20,232,50,221,223,30,359,33,37,32,450,28,404,123,10,52,43,1069,100,63,66,1,33,183,20,24,425,44,111,88,3,736,18,292,513,203,363,14,257,17,137,17,103,18,254,14,38,39,272,109,119,25,150,1,48,96,259,70,17,70,447,174,118,19,324,30,305,422,103,167,32,20,28,627,196,105,61,7,43,36,17,171,56,23,65,12,218,2657,922,20,200,220,134,39,11,39,37,2,135,36,39,32,96,410,84,4,172,7,805,65,33,37,26,221,5,23,116,238,85,25,59,63,32,20,5,23,46,188,148,198,27,1,2416,93,2610,0,19,59,84,159,201,413,40,176,104,15,458,7,103,135,185,6,343,113,156,73,303,47,37,45,417,93,26,10248,139,229,56,155,254,7,44,6,38,173,66,149,521,36,33,5,201,4,8,341,377,221,41,334,219,5,135,33022,2390,135,131,123,9,12,59,186,499,36,100,107,153,23,29,68,56,48,82,26,372,23,6,1502,78,13,18,7,49,556,20,82,0,15,100,486,217,286,36,285,160,327,0,125,2320,215,267,3,19,360,3548,196,61,94,30,12,56,332,194,18,34,37,81,47,483,2,158,40,285,17,108,58,41,128,54,234,136,136,7,7686,36,44,86,209,31,318,70,471,32,172,107,78,194,359,181,67,566,80,72,97,104,15,27,262,373,1041,176,66,1263,144,274,34,194,133,66,45,72,382,13,12,158,10,87,626,35,63,82,57,129,34,301,71,12,38,52,86,12,234,40,17,23,558,273,301,34,168,4071,2,95,118,15,76,1457,3298,17,30,55,2,285,136,166,253,40,5,506,3,20,808,55,12,4,41,341,34,2,17,216,231,17,170,315,30,360,7,526,110,0,20,25,11,110,1,133,616,456,66,419,6,7,73,2,33,7,31,14,62572,234,125,72,380,44,18,346,42,0,434,88,4,76,34,4,205,40,155,1237,104,112,43,1,435,204,34,27,4,1644,87,589,17,31,7,64,78,2977,44,87,14,66,59,58,48,195,52,93,202,135,25,13,251,402,123,56,118,339,1,13,282,12,0,203,1,9,351,62,160,14,514,209,131,159,105,15,1,729,14,18,3,18,10,189,20,253,201,30,24,49,310,62,4126,35,133,15,120,10,122,109,1,106,394,101,100,134,19,15,318,5,340,0,721,25,1259,50,120,55,19,67,371,834,80,216,115,84,40,110,36,1896,69,452,69,22,462,12,4,44,88,15,17,41,7,18,10,20,2,75,73,37,1,15,16,7,4,124,108,669,20,3,315,19,74,7,278,228,170,3872,856,15,732,4810,159,23,12,400,178,215,45,37,330,46,40,99,37,562,12,412,7,77,38,9,50,70,164,779,2,7,41,54,23,30,165,5,22,572,75,11334,36,101,491,0,238,76,37,48,98,84,34,139,6,121,36,18,47,214,202,241,67,6,45,84,347,189,141,576,40,197,52,1257,188,30,9,96,1044,219,110,29,1043,10,935,142,1084,4,3,258,391,142,47,104,84,14,3001,59,290,77,98,266,3,80,31,42,38,180,99,5,66,20,1,4,19,5,29,354,14,700,93,232,488,6,19,229,9,159,58,99,53,78,9,101,24,117,1,188,204,7,64,416,263,98,226,10,33,195,35,32,37,170,109,17,748,12,377,636,1831,897,423,30,55,237,184,1,606,53,621,422,257,24,54,151,187,180,9,18,196,188,467,32,12991,95,215,322,41,195,8,78,0,25159,360,77,169,335,93,32,1,1870,632,27,126,81,19,1595,13,132,289,581,409,267,70,78,183,55,312,16,91,100,171,36,53,93,218,107,29,5,20,419,2129,303,187,196,376,11,6,198,6,20,206,137,11,298,25,46,290,291,860,103,191,4,51,51,74,49,10,1197,84,7,114,185,96,95,106,18,54,9,110,96,23,50,79,62,164,4,134,28,0,22,847,42,36939,1,144,12625,10,0,14,1113,627,74,142,27,99,85,227,45,500,385,108,311,112,11,618,351,167,158,3,43,17,26,159,533,2,41,86,2278,113,8,28,58,10,140,21,165,31,44,135,428,398,229,82,4,15,55,33,14,229,71,51,304,148,277,46,2,1,241,1941,140,12,15,181,183,42,14,241,15,532,2892,86,196,64,37,6,361,545,61,44,49,16,0,501,99,81,16,4,108,113,6,15,141,206,156,532,6,1,165,3134,345,41,99,40,162,22,1211,147,35,11,1361,55,57,38,338,49,227,5,24,156,11,35,552,22,21,47,2,1,512,65,88,107,18,40,6369,935,21,137,3,1072,214,58,225,613,61,28,14,11,62,1525,265,1,13,241,74,527,39,7,143,6,81,20,308,64,56,72,255,23,87,159,765,716,132,85,74,215,206,38,107,227,807,208,7,539,62,1391,196,167,23,304,91,85,22,395,10,196,7,83,307,3,11,117,4530,7624,696,51,37,130,0,35,19,666,23,90,24,65,542,88,41,110,353,386,30,83,111,421,88,3089,258,102,26,228,18,131,119,131,10,183,5,124,134,3,12,57,911,36905,73,224,5048,98,3,119,99,155,8,271,210,37,231,384,400,474,129,149,90,59,257,283,72,23,55,22,70,3,1152,64,147,141,200,37,155,463,80,26,99,329,109,54,1183,227,127,117,234,31,81,114,0,31,41,26,43,22,63,367,240,338,128,4,94,198,362,5,201,35,1,18,25,3094,1950,17,66,10,75,34,9,27,18,54,521,107,163,39,44,16,13,0,54,418,224,10,94,128,39,10,6,45,186,33,117,7,92,95,123,102,764,131,41,2,276,137,59,16,195,27,33,10,192,1327,13,185,28,375,199,55,69,46,15,47,2,338,3895,115,199,16,144,163,22,223,56,335,16,251,202,205,66,105,63,91,6,2724,223,36,0,84,229,414,40,533,123,111,99,29,676,437,1020,72,16,25,84,34,2875,32,113,25,6,9,772,117,179,14,134,247,29,32,293,63,453,135,48,2281,81,0,94,22,55,492,493,82,16,664,216,367,8163,35,236,138,72,1673,3,168,125,60,41,228,23,94,106,123,53,923,350,8,172,72,1903,7,148,89,45,35,68,77,106,5,288,292,19,1423,13,9,670,379,29,19,147,3017,2,445,2205,3,77,333,81,32,107,62,53,491,17,51,1,78,30,42,237,56,104,157,77,49,231,265,125,15,411,22,43,562,14,112,67,0,391,175,12,431,38,42,10,478,58,384,270,375,42,69,49,88,74,484,152,127,33,426,815,21,260,2,3,27,1344,30,263,173,39,183,35,5,139,57,62,23,3,265,199,44,330,30,219,220,390,28,30,22,1365,839,12,159,2,57,420,136,122,78,35,63,794,4,153,39,2,9,612,186,1680,36,373,50,13,152,100,78,372,19,10,10,348,287,18,47,16,22,100,13,70,27,54,10,108,40,21,13,84,90,73,362,6,192,12,3,53,443,98,15,3,4,86,0,27,25,246,0,162,352,23,6,2,26,46,64,130,10,166,9,290,27,219,474,33,49,86,25,25,203,24,87,107,4,39,169,312,47,0,129,4,1437,4,309,232,76,259,12,73,972,131,35,64,46,340,115,153,423,2,73,83,594,61,25,24,137,15,13,4,5,241,128,9,286,64,3446,12,34,56,22,4126,115,78,32,6,2,23,136,136,152,201,48,257,613,60,220,1,16,59,23,88,68,195,145,336,26,36,350,41,55,72,9,1,359,251,12,63,44,18,247,370,42,15,1308,27,19,105,25,35,262,120,136,37,113,162,10,1033,3,85,116,158,124,86,58,39,80,93,479,67,196,7466,228,100,119,49,284,544,130,240,308,76,2,12,31,362,583,15,39,227,3,5,97,132,19,533,1342,15,22,188,409,103,63,60,142,37,136,5,47,21,164,448,168,27,226,46,91,1388,1733,692,22618,271,74,53,40,1,28,32,42,3,35,1624,66,97,185,17,18,35,540,64,133,25,41,184,45,191,144,21,132,184,109,15,45,450,123,778,31,79,459,14,28,5,64,42,66,24,66,30,3,64,261,61,70,614,491,15,14,55,62,199,701,127,20,29,2421,36,150,153,257,61,68,6,4,380,100,10,1634,9,170,31,22,72,88,229,8263,87,15,101,17,149,45,216,88,25,71,21,39,151,35,185,113,876,115,326,73,269,1537,30,1,23,35,381,30,22,236,281,68,42,91,51,11,111,19,27,59,76,21,0,131,168,93,56,135,6,22,38,153,21,73,180,37,222,1277,71,31,261,20,172,5,75,471,285,19,50,4600,21,25,93,1494,78,60,58,11,1368,549,184,945,9,62,397,456,421,86,168,40,75,534,113,49,9,67,36,102,60,184,62,30,26,5,125,10,77,46,45,44,2,0,154,76,44,411,196,55,228,29,189,90,77,45,48,74,61,154,112,42,545,17,65,2313,51,152,58,2204,201,2,1,142,18,27,78,37,47,121,76,148,6,59,70,156,4,1684,184,30,15,16,146,673,85,741,47,114,26,26,174,32,230,209,63,299,64,293,754,37,24,19,603,6,12,79,24,33,6,135,223,42,80,24,352,27,19,7,237,12,252,42,233,521,91,2,151,13,233,5,4,42,66,328,55,74,210,19,436,42,80,14,74,75,139,4069,1,146,256,143,52,138,151,62,138,31,262,22,620,5,27,36,97,34,85,407,800,129,42,323,21,604,0,21,5,110,56,21,214,227,135,74,8,63,51,156,328,195,69,113,0,3,65,18,11,31,121,1,111,61,8,0,5,70,920,3,52,18,3,36,42,283,1868,4,2,253,284,49,830,71,491,1,2443,43,12,54,18,204,246,92,473,56,3,11,4,7,86,53,113,649,108,210,405,702,3,291,372,1060,133,57,14,846,1,33,166,253,20,96,16,263,1,32,134,242,558,356,978,75,143,245,288,104,39,55,250,60,271,4,449,18,152,10,7,69,120,1123,126,134,14,37,783,5,8,107,2,8,41,468,67,6,294,138,51,223,370,376,144,3208,27,159,259,47,36,7,119,178,281,12,81,9,154,80,108,47,92,24,131,86,2,155,27,13,214,267,205,18,183,872,6,1515,32,28,13,183,1625,18,212,456,467,66,48,63,4823,1042,112,933,44,89,7,137,177,55,84,77,16,26,693,104,47,198,58,389,34,24,1015,67,205,50,48,446,46,19,1420,87,38,318,17,9255,284,176,217,39,38,656,11,74,69,9,33,34,123,5,581,220,62,576,402,63,261,380,30,257,234,16,32,5,173,33,18,125,385,53,1079,128,65,151,346,241,139,85,15,11,37,192,33,96,46,63,141,126,3,77,48,301,104,51,374,5,19,64,3156,963,260,259,336,302,1852,15,1228,287,406,9,386,64,355,132,527,314,330,5,52,15,168,32,195,505,278,102,87,179,464,113,43,38,61,37,1649,19,118,73,118,138,675,96,224,104,73,102,25,54,1847,68,12,38,5,281,265,288,424,247,179,223,203,90,28,54,17,183,285,0,96,198,42,7,321,33,1794,490,60,34,23,14,2,16,5,16,3094,12,368,1,14,404,13,2324,35,11,745,84,357,48,69,38,159,38,3,162,50,3,7858,757,30,194,4,72,581,24,299,269,19,38,163,15,9,49,518,207,27,26,2,37,629,15,22,201,97,390,24,26,4,5,11,49,155,153,25,27,55765,115,2,177,418,216,36,10,5,330,2,19,158,304,82,13,430,142,109,51,137,223,103,45,221,83,101,9,80,26,88,113,21,38,124,496,52,201,862,155,9,108,53,5,161,2,60,81,37,202,186,131,781,219,172,272,39,137,2,109,258,422,6,77,17,100,3,18,96,45,112,14,22,9465,11,44,10,762,100,48,4,2,80,220,76,6,13,193,120,1,7,101,112,861,27,1098,141,98,55,2359,244,630,21,111,195,95,88,1428,1,2,7,35,118,8,84,34,16,74,186,114,6135,564,87,295,115,1462,39,12,31,160,56,702,1439,18,26,143,0,36,19,243,72,259,249,365,38,413,21,49,66,350,265,941,109,226,9,7,63,209,876,31,352,59,10,527,11,5,6,355,11,22,144,212,17,94,39,110,836,40,28,153,300,40,30,410,161,54,80,5,2197,104,327,12,45,1,44,7,99,28,209,245,330,11,260,6,1995,26,25,208,128,397,12,54,36,100,139,78,165,83,67,179,31,102,655,99,445,8,25514,32,317,1186,1168,27,16,40,998,202,101,1,63,29,57,3608,8,9,24,0,901,40,341,72,171,713,1,212,0,71,184,16,563,17297,99,6365,10,233,89,1015,81,162,23,10,183,63,453,48,11,15,57,69,27,270,164,300,28,83,73,10,35,179,29,45,178,11,514,24,433,128,107,86,79,183,80,217,4066,141,92,32,478,47,5,49,670,67,38,43,257,55,173,0,164,394,957,74,27,65,61,5270,40,5,12,9,189,20,429,350,25,148,34,130,4,8,11,122,4,89,804,5,97,54,182,20,521,355,724,49,10,32,63,106,29,118,126,4,36,76,41,2,494,125,22,49,101,33,175,920,65,133,172,2455,65,632,15,92,12,66224,45,64,14,18,76,234,26,11,80,88,143,142,250,78,174,665,430,1,29,48,892,155,110,58,198,12,27,61,94,158,68,61,82,469,993,53,10,1633,14,6,60,23,554,388,121,159,77,393,17,208,775,543,17,245,97,8,8923,9,3505,891,90,77,2590,4,21,400,217,7,2,65,89,51,538,132,41,140,383,138,836,81,52,10,53,54,67,117,190,3,456,148,19,24,597,1633,10,36,74,28,47,114,12524,1,445,97,48,82,104,240,146,9,40,139,28,2,156,70,1809,135,273,102,8,1867,150,148,141,74,90,53,85,264,56,3,34,6,7,36,45,6,53,167,54,272,1753,12,18,212,282,51,80,101,11,6,255,1149,160,40,156,4,7,110,128,3,59,69,19,32,613,144,537,2,177,88,31,27,80,68,859,91,27,1,53,7,373,132,293,29,75,25,126,14,47,48,15,979,20,29,65,330,783,93,8,38,256,520,175,66,253,50,70,38,532,282,698,49,5,136,206,147,132,43,118,81,4357,130,168,317,74,68,183,8,45,57,73,252,28,13,283,16,78,8,229,23,25,11,24,296,272,26,128,29,244,84,199,5,98,49,612,95,31,153,139,463,19,9,42,13,32,23,54,183,11,35,41,21,114,116,82,18,134,544,179,342,7,50,1341,199,17,409,27,87,2949,83,535,132,8,99,28,51,344,116,16,461,46201,197,193,41,225,3,254,137,6,19,29,141,19,33,175,12,380,1135,149,8,67,510,177,20,43,2,10,8,214,150,263,236,7,11,311,0,456,212,5614,8,102,45,18,301,16949,0,17,2,70,15,12,52,50,81,204,160,38,7822,61,4,3,18,92,32,30,20,185,85,234,3422,8,12,17,286,1,55,77,34,15,89,570,6639,10,101,25,119,83,212,105,63,660,27,2,4,12,28,104,49,14,43,10,27,271,54,35,41,41,1283,147,114,90,0,225,9,36,7,28,55,125,53,185,669,70,8,52,163,2528,81,1373,50,11,13,11,327,60,0,11,657,19,74,114,170,337,851,49,157,43,15,29,157,134,678,41,12,19,130,623,100,185,110,31,9,2259,349,82,204,142,82,58,4,20,41,27,71,66,96,45,20,398,205,238,36,70,39,162,113,103,51,62,25,56,48,386,318,9,280,309,30,8,102,56,0,753,3789,15,100,66,30,41,113,16,275,110,63,136,76,7,14,51,20,8,14,17,90,2,27,23,14,69,22,250,39,40,98,100,6,7,60,3,11,53,36,128,821,1,3,241,134,12,42,85,267,33,15,22,58,12,184,2424,256,291,77,573,365,78,3783,38,36,6082,678,108,59,65,67,9,45,13,5,615,683,2348,11,15,124,181,196,538,313,29,210,71,302,202,9,18,634,110,11,0,832,150,121,163,218,156,64,1119,5,3,5,52,22,14,18,17,42,25,283,7,294,4,198,246,14,35,117,199,100,415,156,2074,139,249,221,172,11,49,36,146,254,11,109,1251,3681,34,50,25,73,19,93,162,6566,50,34,203,77,209,771,39,107,86,4427,72,1,313,14,37,152,11,142,268,859,176,67,69,53,130,71,66,11,17,115,10,90,1886,150,39,52,328,172,1554,2758,112,127,32,94,99,21,4,98,144,18,400,110,46,3,51,300,9,204,144,55,123,106,89,1,10,6,14,276,98,0,244,117,146,48,61,23,144,53,5,21,181,181,31,101,136,62,32,35,9,13,1,126,72,17,3,60,159,18,9,104,243,615,3,9,75,43,74,260,116,10,31,103,104,113,25,95,5409,50413,35,73,36,64,1,649,33,66,32,696,421,1,34,201,51,8,272,133,192,13,68,58,349,71,81,48,188,147,58,52,32,86,4,39,27,23,201,104,484,226,15,93,115,71,91,36,278,59,51,29,274,4,93,63,5972,1637,26,84,70,38,20,294,5,38,111,78,46,122,63,1962,29,65,49,137,37,15,132,46,145,10,5,58,221,456,50,9,19,59,8,33,177,115,30,1246,316,171,9,82,47,11,20,46,2,114,25,112,115,1708,64,26,21,1457,177,431,132,142,81,59,114,214,0,16131,240,468,29,25,203,210,86,208,520,46,7272,22,62,151,5,18,291,4,2831,345,64,1,1135,180,44,2223,96,1519,1072,29,16,75,447,60,174,6,228,174,37,544,6,65,2137,122,4250,65,75,56,157,112,28,150,16,4,504,67,9,55,41,15,32,22,263,28,68,75,15,107,17,223,15,14,3636,6,99,21,7,211,243,48,178,90,185,1048,294,86,25,207,55,535,3630,16,5,191,18,143,58,78,1243,3,34,250,216,2353,969,19,32,328,445,332,41,55,93,1757,378,56,21,30,12,38,139,4573,330,657,250,34,22,3,361,2,169,5,4,83,29,211,29,5,8,35,53,494,7,47,18,30,456,3131,19,15,2,35,2,52,15,13,2248,744,433,24,584,278,424,5,2,241,114,284,482,11,10,333,95,23,34,91,42,336,143,187,50,42,44,23,2911,53,1576,13,13,48,2,202,26,53,16,355,88,44,47,511,294,45,16,72,46,233,130,45,48,14,70,4,201,67,202,13,106,22,206,3449,299,4,52,104,210,116,475,12747,96,26,136,969,95,388,11,315,181,745,229,12,69,98,23,25,142,41,73,119,99,120,47,67,5,46,52,20,35,18,61,467,30,316,18,163,484,36,133,421,65,17,55,251,4777,3,117,28,7,212,42,135,124,18,77,607,40,188,49,579,1930,182,388,32,25,13,80,80,8,134,442,59,2227,1306,19,1137,13,352,153,8755,103,180,21,41,249,3,6,245,3,28,41,373,81,0,54,77,76,4,250,50,70,32,8,33,28,684,4,288,434,449,18,58,29,78,74,133,191,250,58,198,65,779,16,54,108,131,9,86,930,5,134,4,38,108,43,67,9,218,311,63,2113,108,56,167,29,18,37,53,21,3,96,45,467,232,131,40,532,109,47,68,131,0,91,9,1,47,48,11,9,7,178,86,58,59,91,22,10,9,381,108,85,46,32,295,889,52,214,73,2,25,172,166,19787,20,222,239,124,46,0,50,85,144,9,28,3732,21,84,349,38,417,13,87,60,237,33,27,64,3,1267,287,161,89,2,286,96,51,17,125,35,1166,167,31,63,31,13,2061,2,564,18,22,364,309,500,84,2473,6,117,98,35,188,103,25,131,20,31,926,85,1547,5,55,184,238,113,314,40,454,635,97,6,88,0,202,54,176,908,4,8,117,16,87,68,97,75,384,26,221,385,2,27,106,4,10,0,150,16,10,8,191,207,0,45,77,23,243,4780,454,365,186,57,41,6,136,998,66,144,204,52,77,561,1059,243,1,69,229,22,203,0,33,91,16,144,32,368,217,356,96,333,552,7,2,251,62,35,67,9,81,88,19,33,52,35,840,57,3,14,1072,39,7,38,121,115,65,144,44629,14,105,123,59,147,68,64,52,52,103,199,45,545,58,3,136,181,44,259,878,132,122,89,12,101,94,42,14,49,201,65,92,73,28,10,131,1,228,36,81,35,13,24,1465,684,196,192,1,37,114,46,334,69,628,478,17,3,95,198,2394,24,50,287,0,180,47,335,93,230,133,177,17,90,35,1506,379,1,1,505,6,79,10,270,8,370,388,42,20,0,54,72,53,69,36,39,40,20,227,374,34,394,9,7,117,689,8,40,777,15,107,5,52,346,11,37,70,300,49,18,97,1994,313,107,83,80,205,22,351,689,7,61,1497,78,207,46,1440,672,120,124,20,500,102,107,11,26,36,65,368,125,84,12,1519,160,6,666,205,114,248,75,395,73,324,16,90,234,51,256,19,2100,4,231,154,181,17,13,148,47,181,8,139,85,178,12,406,12,40,19,214,30,152,3,53,4,361,37,13,103,30,408,184,7,14,16,37,109,302,99,48,52,89,7,194,12,73,13,116,413,82,352,2529,66,884,96,22,68,21,186,45,271,42,18,1232,377,52,3202,37,15,111,161,222,32,2999,88,287,142,6,166,24,62,130,149,458,29,147,28,20,10,1002,1881,103,19061,180,89,1,2,205,262,1071,41,8,121,160,19,122,170,211,28,147,41,272,216,181,10,12,117,464,23,9,36,115,29,511,1885,27,378,104,344,822,168,158,2,10,39,185,80,192,184,30,31,32,10,140,4,34,266,505,329,131,272,764,87,5118,13,126,8,66,41,24,62,28,0,203,63,123,53,72,782,233,88,53,484,1,169,181,123,30,2,141,1,19,525,5256,146,199,92,183,313,302,2103,14,38,16,2,12,633,55,1553,46,5497,69,63,5,1766,131,4,431,130,29,404,402,77,3337,116,65,1,24,47,158,287,609,189,226,2,12,139,164,3236,70,45,25,198,291,34,79,5,62,58,20,106,286,4,7,35,245,8,41,271,0,114,7,15,50,426,214,24,33,866,96,23,20,23,15,15,340,307,104,19,63,160,40,79,67,57,57,6,0,1,14,156,61,226,69,134,71,116,36,7,207,565,404,348,23,66,50,39,124,25,55,8,60,222,44,6,3,168,73,82,15,20,39,23,18,218,40,5,402,48,77,24,113,126,70,410,389,78,1,54,28,35,219,19,71,22,100,43,133,12,15,19,17,103,109,239,115,12,186,220,4,518,77,337,26,13,12,234,2,1513,63,3,19,80,19,33,28,85,47,61,18,4,178,141,73,34,31,169,148,17,171,240,53,40,280,1891,984,185,307,18,26,133,2349,95,55,16,194,510,0,90,12,1,17,13,114,18,2307,161,79,17,142,1250,11,275,2,30,87,547,194,412,152,113,33,23,5460,150,102,42,20,1706,25,31,187,212,5,81,9,257,46,4,163,585,207,10,92,85,12,7,773,99,528,182,11,163,51,177,2,3021,17,109,0,36,236,43,152,22,46,31,597,15,184,17,51,52,231,146,16,26,45,361,84,9,13,100,22,41,71,119,138,691,28,295,60,75,24,51,65,1299,39,160,44546,24,90,302,70,560,95,5,461,634,4,111,26,711,139,28,65,102,137,6,5271,119,26,53,32,112,29,33,16,56,32,104,128,9,1,96,122,157,11,69,471,1179,25,51,899,86,24,177,47,12,35,31,8,13,303,4,177,222,198,74,51,194,255,223,115,24,23,178,14,68,82,55,38,36,271,144,37,246,102,196,143,86,63,15,180,238,112,818,259,179,11,2141,69,77,424,14,227,240,85,109,72,86,271,1515,204,169,20,185,59,119,4,76,109,2,78,251,4,61,17,33,117,1836,448,101,45,4,272,5,7,15,16,9653,4,196,54,55,112,211,163,23,266,139,42,76,97,12,57,303,3813,112,10,38,113,362,40,6,722,23,1468,36,74,31,50,44,150,1,160,23,317,326,788,11,59,11,10,24,38,57,142,44,191,1248,238,83,371,48,54,23,98,392,212,75,110,11,420,317,193,267,50,3,5,132,27,157,157,25,13,165,94,53,117,21,14,7,31,435,434,200,47,13,85,33,12,2,85,17,178,21,49,8,349,23,33,97,280,52,61,26,38,22,52,23,23,468,348,37,172,72,87,86,10,36,101,121,8,299,198,285,219,132,104,30,173,98,55,0,7,24,59,278,970,240,606,4,20,42,6,504,77,47,73,37,6,49,149,323,143,70,203,4764,19,326,359,1087,560,12,4,24,37,63,15,24,371,70,452,85,9,17,434,53,133,184,36,22,23,87,214,110,3,43,16,38,122,46,321,114,61,44,7,246,223,305,94,36,123,152,10,8,21,87,122,106,239,78,9,9,197,161,6,1077,67,172,29,22,939,230,59,21,522,317,7148,504,530,669,456,59,136,48,69,26,82,14,612,127,193,7,32,65,18,29,313,122,197,233,3,78,267,299,28,28,44,103,1199,15,124,16,21,74,650,23,27,147,23,23,44,250,137,49,39,237,36,9,56,64,95,324,107,1,164,247,18,430,32,52,54,1614,242,156,85,55,298,156,32,37,199,7,33,791,151,78,65,114,168,41,84,5,4,5,69,208,106,2398,494,34,68,862,96,216,1510,18,323,14,110,73,334,86,64,9,17,200,76,114,32,1,60,91,20,64,21,323,253,113,6,62,272,53,106,137,83,148,30,4,5,49,49,29,791,72,395,16,176,195,424,16864,38,21,2,1177,2,20,608,46,826,65,324,1486,15,12,6,71,16,67,208,6,47,230,37,24,78,192,58,72,392,154,7,331,24,6,18,114,9,45,78,51,275,303,83,36,27,475,209,67,8,5,28,20,144,31,79,119,932,104,286,10,36,148,17,21,413,105,122,104,217,73,450,158,8,77,257,139,720,175,10,12,159,98,133,371,9,103,36,523,143,13,60,96,39,7322,187,137,336,769,130,156,358,205,17,432,32,210,319,33,39,204,798,56,696,21,295,26,184,213,19,26,38,126,73,183,884,78,4,28,277,67,171,1561,28,66,1203,87,275,49,219,87,8,105,198,26,217,242,183,1240,402,41,121,42,99,133,169,13,940,88,78,160,96,44,531,170,10,25,1706,120,30,60,16,9,141,672,5,371,5,44,15,44,14,28,99,558,27,151,104,242,163,83,123,201,213,194,9,204,105,5,85,107,55,627,21,7,21,6,510,13,2210,32,101,17,192,13,97,279,35,10,2,28,2,189,128,127,2,73,33,606,31,202,90,13,6,653,64,123,13,1,30,17,22,211,10,19,224,66,126,51,101,186,133,308,655,208,192,56,307,23,445,45,50,14,6,97,13,378,708,7,11,115,105,28,4,162,249,160,192,5,23,75,205,242,2826,7,10,1,374,5,390,7,143,9,29,3286,320,97,199,92,80,135,24,3,235,12,7,30,33,255,9,73,33,54,68,318,223,68,409,13,1021,46,6,21,116,33,399,2099,194,6,113,163,123,71,64,49,6,59,136,183,425,1277,260,139,70,44,24,14,147,16,42,198,670,1468,18,211,122,64,45,4,107,28,30,14,177,124,8,226,39,585,37,2,190,412,127,1159,45,12,226,4,38,47,36,3,131,18,111,1324,41,9,39,17,2,16,56,111,141,299,175,41,30,566,223,152,4,156,557,87,167,23,260,207,9,109,11,92,350,23,91,544,53,249,32,18,350,86,13,2,243,15,23,73,6,187,707,189,25,28,6,584,37,49,16,136,10,773,239,74,5,83,35,77,64,41,796,22,462,4,98,702,12,595,22,86,8336,1861,775,61,41,949,25,73,23,641,32,179,138,38,16,118,16,24,149,13,52,9,3,7,24,36,64,198,183,1003,40,34,422,1541,114,17,17,85,61,38,11,110,30,606,27,129,23,37,21,84,110,311,52,158,21,795,137,659,165,42,102,181,141,12,60,470,172,270,14,15,5,96,21,34,16,12,12,589,26,56,130,133,42,362,619,120,147,6,236,10,47,634,20,48,156,285,29,53,209,366,528,9,6,77,278,15,11,673,40,27,199,114,92,49,4,168,11,53,30,8,421,304,7,24,23,223,14,62,71,1452,86,108,1152,33,65,292,9,812,15,1440,108,120,46,883,28,7,39,11,211,18,24,12,13,457,114,32,13,3,25,151,25,227,1076,33,126,103,54,29,559,76,9,73,29,47,38,344,43,136,58,597,10,72,50,246,188,6,2,226,56,76,46,782,70,290,19,6,34,155,10,0,144,103,20,4,293,31,6,84,96,7,24,148,85,52,231,629,55,240,55,220,195,387,758,179,9,15,98,27,43,46,221,997,56,11,94,111,18,17,65,125,309,68,63,16,339,138,41,20,112,81,509,222,616,232,53,13,322,51,27,173,329,156,40,90,1196,601,40,192,1092,33,1141,189,57,32,12,13,48,187,34,58,21,276,72,94,31,218,35,53,143,11,14,81,241,24,249,35,80,159,22,30,1723,71,62,131,103,44,56,122,99,109,9,488,29,1722,479,115,43,460,10,230,6,142,82,164,739,544,27,263,49,376,106,59,1,425,50,131,26,1460,67,1713,240,77,63,111,426,6,6,9,36,76,125,250,26,230,56,8,7,44,27,11,52,3152,2,13,41,6,287,39,84,13,1257,9,5112,364,52,1546,3655,110,50,247,2,55,75,156,57,290,365,89,25,1636,7,110,6,4,41,23,7,53,33,260,97,174,95,252,46,332,60,365,153,21,5,48,199,277,330,93,193,298,1230,514,7,4,155,171,68,50,0,812,155,137,459,9,15,5,62,83,1049,19,9,31,506,47,181,153,1215,12,37,53,28,165,31,17,14,123,61,27,14,81,68,116,188,13,27,51,224,92,15,34,4,91,9,28,4,133,80,50,22,538,153,20,192,51,133,46,44,100,76,59,27,858,18,50,5,8,158,224,19,9,90,165,178,7,1143,16,15,199,8,101,81,38,92,57,10,72,1194,13,91,39,4,31,88,368,118,100,89,61,299,71,23,284,386,89,21,147,143,68,9,96,27,777,5,72,50,121,170,23,2,17,26,570,18,83,11,206,20,419,66,267,858,95,21,47,175,46,5,72,377,173,76,62,167,27,39,62,166,181,142,35,96,16,54,98,586,197,85,95,80,224,142,201,159,101,19,29,23,47,890,58,178,72,45,2437,1988,8,181,7,3,55,6,30,50,3,40,9,73,40,56,45,242,20,198,616,62,65,82,245,17,630,629,13,23,75,21,155,153,90,2311,363,34,1022,113,74,31,142,252,11,127,315,53,77,60,283,110,101,33,23,641,6,54,6,38,1359,298,59,228,178,24,87,22,284,44,75,266,24,277,35,513,152,9,732,26,1,35,135,37,238,26,54,47,14,126,150,115,166,79,18,0,24,145,43,10,29,408,102,13,166,93,79,81,4520,5,68,15,13,33,45,7,13,22,12,237,67,1482,25,13,184,38,10,22,125,570,72,103,35,89,258,433,112,171,200,17,17,14,16,118,63,17,115,295,1,65,11,8,64,22,15,106,118,1255,63,470,434,18,51,150,371,2,78,58,924,32,259,830,1371,281,106,93,48,238,72,139,123,311,225,97,270,34,47,24,84,45,10,106,96,122,14,34,1961,53,253,145,4,3,36,37,234,5,109,67,652,8,59,387,107,115,434,89,437,399,250,56,0,32,83,148,47,34,194,197,247,56,279,43,8,286,2037,40,107,80,134,112,238,51,37,63,151,53,54,134,20,174,31,208,152,338,10,14,134,2,95,254,101,124,49,259,26,7,261,34,24,329,5705,234,23,735,60,960,22,29,41,97,98,11,533,18,76,128,5,13,331,256,15,6,96,244,18,265,314,60,297,230,236,49,253,59,7,29,298,190,24,55,194,158,1439,99,45,3,69,60,3,30,10,110,16,14,3,147,258,3,40,33,89,27,1,100,2,2,33,27,696,49,93,724,103,31,110,76,122,33,36,33,34,38,12,18,53,20,260,10,334,133,7,10,10,600,57,35,55,85,375,130,16,186,483,157,62,94,261,33,60,108,51,18,27,74,0,94,139,291,255,217,191,251,139,11,567,636,198,92,30,26,36,13,48,23,188,3914,155,124,18,150,274,5,23,22,90,158,202,616,1911,35,31,87,13,66,57,3375,48,60,49,49,233,134,228,96,58,726,15,393,26,109,77,9,54,52,172,119,12,56,16,29,67,5,14,341,295,222,154,2,52,106,5,35,70,2384,98,478,255,132,23,33,110,27,374,11,20,40,192,38,725,754,3,57,898,98,65,150,422,115,69,37,30,119,49,41,19,17,271,39,364,21,504,30,31,486,33,115,13,43,1358,4,125,287,150,58,840,353,261,159,1866,147,27,16,36,294,200,209,17,47,245,250,39,176,567,164,39,2,2896,140,393,254,34,110,68,163,16,103,244,23,158,47,57,26,47,116,102,121,64,220,1927,355,41,29,60
5,0,17,13,10,1,34,7,4,27,17,4,40,10,6,92,28,8,53,7,2,0,0,20,52,15,68,48,22,9,10,10,17,13,56,10,20,6,11,5,28,27,27,146,32,10,13,60,17,14,8,1,6,0,5,31,6,1,4,26,13,0,8,6,8,1,13,3,0,1,16,4,3,2,70,3,53,10,30,5,34,15,8,16,4,19,15,5,7,42,29,0,2,16,131,1,37,2,198,6,8,9,39,12,0,32,159,4,12,5,3,21,2,4,2,12,0,6,5,3,67,2,4,12,254,2,0,23,4,0,17,32,26,56,20,11,15,19,15,58,1,1,1,7,0,19,13,6,19,1,7,7,37,8,37,6,1,17,56,56,14,29,23,33,11,4,5,22,78,10,33,52,38,12,3,0,31,9,175,2,8,21,23,23,187,18,6,1,16,20,24,6,15,3,15,0,19,3,30,0,0,2,15,3,8,190,7,22,9,61,9,21,90,0,24,7,132,9,5,0,7,16,1,12,13,4,0,3,102,38,3,53,136,4,0,26,25,198,3,21,26,7,38,32,5264,6,3,8,3,13,49,69,21,5,4,16,8,6,4,7,13,16,14,47,1,25,0,18,7,12,26,19,23,22,25,1,2,3,27,16,3,3,37,5,4,17,10,25,7,0,3,24,8,5,21,1,19,5,5,4,8,27,4,23,8,10,10,9,7,10,9,27,25,0,30,8,100,11,7,0,13,5,1,4,14,7,112,31,45,2,15,287,3,23,27,20,14,0,26,5153,14,0,13,1,7,29,1,21,19,1,12,9,0,11,25,18,3,2,2,23,0,2,37,2,1,0,16,6,5,2,1,6,77,0,2,678,375,16,12,2,11,24,26,10,4,5,4,106,93,6,0,73,106,12,7,20,351,8,6,12,5,14,0,1,12,7,12,0,6,13,5,30,11,4,0,4,3,16,10,7,69,8,25,62,3,0,14,2,1,32,1,8,2,13,10,6,59,25,167,3,3,56,83,21,0,55,20,23,2,2,19,11,15,1,0,22,55,5,1,54,5,3,21,10,16,5,22,3,2,25,6,8,2,19,44,4,7,3,7,2,14,4,77,19,5,28,5,0,12,35,3,22,0,7,15,19,6,56,1,24,12,24,13,4,9,4,28,30,86,52,11,71,22,10,53,6,4,7,17,39,4,13,0,1,1,2,11,69,11,4,346,5,24,1,67,43,56,20,0,46,11,8,29,0,32,5,83,27,3,4,62,4,14,3,3,2,7,9,75,3,4,15,36,24,1,10,17,4,2,5,5,11,7,35,6,33,0,326,21,17,16,70,10,6,18,7,1,21,11,21,34,2,2,7,0,4,27,69,0,14,12,8,7,21,9,7,48,8,21,42,25,7,4,2,15,2,4,53,6,0,20,2,17,3,1,9,21,45,2,49,21,1,76,5,6,7,58,35,10,7,16,99,7,30,195,10,7,6,1,0,6,16,24,43,69,16,62,4,1,7,36,89,2,7,5,9,1115,4,3,484,40,17,68,9,0,10,3,57,34,22,99,16,47,61,54,36,6,10,45,4,23,18,10,4,44,34,0,3,52,27,2,10,276,46,1289,11861,14,24,0,23,25,6,1,1,105,22,3,6,38,135,230,20,66,11,46,37,21,29,9,10,23,9,44,0,3,197,3,3,17,12,36,5,18,9,7,14,9,11,0,32,151,19,18,92,21,78,20,35,7,22,20,1,6,12,256,49,14,139,2,109,4,41,11,19,12,28,7,3,26,0,4,2,65,45,11,57,1,4,123,10,2,41,1,2,50,2,24,1,1,22,1,0,29,7,2,2,14,3,0,30,4,704,11,89,3,4,15,9,12,0,5,45,2,382,21,5,7,61,28,13,47,6,36,25,29,7,16,19,6,16,109,5,71,74,23,1,0,1,42,15,9,4,34,61,29,1,34,0,0,108,7,25,18,13,10,14,58,5,10,36,77,4,23,26,15,15,13,55,12,10,162,3,25,1,57,1,27,0,77,0,5,13,14,22,14,3,0,15,0,80,59,3,8,78,6,31,8,79,10,1,57,48,18,38,42,1,5,18,0,14,49,7,104,3,21,0,8,41,16,6,35,29,3,8,13,19,212,0,14,27,58,9,46,21,2,21,2,87,7,4,20,12,63,10,4,7,1,5,38,3,3,33,0,48,16,0,58,11,16,17,0,17,4,14,13,127,27,28,76,2,16,5,18,3,12,35,36,57,21,11,10,2,3,26,81,11,1,6,13,28,2,192,3,0,37,23,15,31,7,48,17,42,0,48,17,14,5,12,1,28,55,225,2,64,58,2,4,10,4,8,39,0,4,406,7,28,0,11,3,6,10,5,33,15,0,21,2,5,56,5,2,32,36,36,20,26,10,5,17,14,20,59,2,1,16,16,2,6,0,31,22,2,1,37,7,2,1,22,11,15,47,2,31,116,16,0,7,137,5,5,11,88,4,2,1,8,5,16,0,6,6,6,29,42,0,184,16,43,0,2,4,14,71,21,4,6,23,0,1,19,4,20,1,1,3,13,3,7,32,16,42,5,13,30,10,36,1,12,2,9,29,24,9,138,13,211,5,23,2,3,1,31,36,57,1,46,37,0,10,13,12,2,5,7,86,14,103,3,33,19,2,35,6,18,6,14,18,8,42,3,18,12,1,30,77,66,10,102,1,39,33,14,0,6,593,24,45,3,2,39,1,1,13,9,5,1,9,83,4,35,0,5,14,157,51,25,23,21,52,258,0,12,3,26,6,11,1,30,35,80,2,29,6,0,26,59,72,16,67,0,7,34,20,1,1,34,0,10,5,48,30,5,0,15,10,5,93,25,20,16,13,30,185,38,9,169,15,30,46,4,93,33,34,2,12,17,64,0,13,26,1,1,3,26,5,9,14,14,7,5,43,7,26,3,0,11,11,8,23,14,12,26,68,2,128,39,9,52,4,25,13,9,0,68,15,10,14,38,67,8,18,4,0,221,1,88,136,2492,6,38,4,5,12,6,12,15,17,29,64,18,11,21,50,20,84,4,8,2,14,3,19,3,72,44,31,41,38,9,23,4,3,26,16,0,4,21,34,16,65,1,0,0,123,68,2,4,13,12,36,66,9,14,7,0,2,4,31,58,4,9,65,69,3,8,2,33,21,9,19,3,23,7,127,8,22,94,12,24,33,26,37,100,6,3,10,0,6,1,54,2,6,56,0,35,1,18,6,145,82,5,0,3,7,19,7,5,1,9,13,32,2,13,16,31,27,28,50,12,11,26,17,7,189,50,2,23,50,59,1,55,4,1,0,9,25,71,3,16,53,12,9,2,11,4,2,1,3,23,194,1,17,21,1,12,15,24,58,12,5,55,27,2,36,10,4,5,12,8,1,1,1,13,6,3,23,2,403,10,25,22,74,28,1,5,8,517,22,0,57,1,5,108,10,44,13,0,15,73,9,1,90,23,6,54,231,28,3,4,4,6,38,27,27,4,22,12,11,10,12,4,500,80,1,57,5,103,9,1,3,39,1,5,52,9,0,26,69,13,6,47,20,0,0,3,82,6,69,57,0,1,2,0,9,16,9,5,3,7,13,30,1,3,425,20,3,94,5,2,25,19,116,8,1,0,2,8,28,58,3,13,1,17,3,14,19,33,10,26,49,14,41,4,2,11,3,15,137,1,8,0,0,274,61,7,7951,7,25,1,0,27,36,18,20,7,9,9,17,623,4,6,57,53,120,0,1,9,4,26,44,5,85,2,18,7,42,1,14,570,20,3,26,8,44,3,69,15,67,24,47,19,34,36,2,21,33,16,0,63,1,20,22,22,0,5,5,19,2,17,53,16,4,119,6,42,4,8,4,2,6,6,26,70,17,19,35,123,38,13,33,0,1,123,1,0,2,34,5,165,2,1,35,35,6,3,22,12,20,20,6,1,8,1,9,32,438,19,4,3,0,23,18,33,11,5,1,17,28,5,4,11,25,52,29,8,115,6,0,24,12,322,9,12,29,99,100,6,5,9,194,15,1,15,0,0,233,2,2,2,12,4,13,5,7,66,4,30,20,9,0,90,57,3,7,0,14,18,8,10,2,1,60,24,2,3,87,88,4,1,3,3,0,2,2,0,2,1,11,0,5,39,10,5,25,18,1,16,120,25,12,1,2,83,23,4,18,45,16,10,5,16,5,4,10,12,28,81,27,32,5,10,70,4,17,34,27,20,5,55,23,9,39,44,8,0,17,2,4,5,0,11,27,42,36,6,24,18,1,27,67,31,1,25,0,1,130,29,14,51,33,44,12,2,31,2,15,0,7,22,8,48,34,267,6,35,2,31,15,126,1,7,2,17,20,8,6,5,60,2,3,17,38,19,4,2,11,3,37,26,1,2,16,28,1,11983,5,15,13,38,6,2,6,0,9,2,36,1,130,87,2,5,9,156,53,2,0,0,23,12,1225,10,48,10,3,16,6,771,14,25,3,44,7,6,0,14,15,48,11,13,15,22,24,6,3,36,10,3,5,42,0,1,2,4,319,13,5,36,28,10,4,5,18,0,2,11,1,6,10,14,9,1,37,635,53,23,4,3,24,16,21,30,0,5,7,3,46,3,0,0,0,7,20,25,0,9,23,9,94,25,5,1,8,2,2,28,1,11,0,12,17,7,6,8,34,22,3,2,13,1593,25,108,55,12,1,4,51,15,997,1,16,2,2,0,19,13,10,2,2,720,20,4,48,1,111,148,4,9,4,10,6,53,10,7,237,16,12,3,72,4,5,13,78,0,5,0,16,2,3,25,11,6,3,19,0,0,12,65,23,19,3,5,186,1,19,15,22,18,1,6,2,29,21,54,13,15,10,69,2,92,4,2,8,16,8,22,19,2,1,56,14,24,1,9,1,50,12,20,16,1,1,28,0,142,74,79,5,13,26,18,7,7,36,2,42,3,1,1438,2,19,6,4,20,35,36,1,31,44,2,23,2,34,190,1,2,3,41,8,32,25,2,47,0,10,9,12,3,60,9,6,16,48,2,12,0,2,25,1,4,3,11,14,0,2,3,22,226,1,18,5,27,5,528,17,15,34,4,21,23,1,3,1,19,3,6,1,17,9,65,140,31,1,14,12,172,22,20,6,8,19,38,2,4019,33,5,4,19,4,23,90,150,11,69,13,21,27,19,28,471,5,13,22,19,45,140,6,6,0,34,4,2,74,2,2,0,1,26,3,23,19,41,3,42,10,31,4,108,60,5,27,26,2,273,8,18,0,2,26,42,14,5,25,0,11,1,1,3,24,6,153,2,0,4,25,5,0,60,2,5,1,43,25,0,308,0,56,9,10,15,7,73,662,3,1,0,12,436,1,29,5,9,4,2,21,3,71,45,3,8,4,24,33,7,6,22,7,2,2,59,30,27,73,18,48,51,63,157,1,37,0,161,19,5,7,65,15,4,77,31,15,4,10,12,99,50,28,1,28,33,1,58,24,2,7,675,10,86,10,0,2,8,39,48,62,6,3,18,21,37,5,12,7,4,3,7,7,1,12,4,13,10,44,2,52,50,11,3,78,15,6,10,8,51,2,8,6,3,7,0,3,1,4,0,18,11,3,36,69,20,19,5,15,0,56,28,0,23,19,0,27,5,23,15,11,2,31,6,45,2,1,10,0,18,10,42,26,1,25,5,15,9,65,6,15,3,48,19,13,5,1,31,19,9,12,1,9,2,5,74,11,71,4,7,22,7,17,3,1,5,37,0,36,18,17,4,6,0,5,45,2,0,7,10,8,58,12,4,3,437,1,29,8,59,1,9,15,46,141,4,7,0,27,3,6,0,5,22,31,13,177,0,101,10,100,36,7,7,341,10,5,10,9,12,14,36,15,28,185,2,12,14,17,3,54,0,14,6,64,14,10,72,2,2,1,1,7,48,17,51,6,1359,4,52,1,38,3,104,7,5,49,5,3,34,19,102,38,11,10,3,15,8,39,31,452,15,62,15,287,3,67,3,1,17,4,27,2,0,8,35,0,5,2,1,0,19,2,1,39,23,7,5,196,286,9,4,0,32,96,17,8,0,13,12,7,107,12,22,12,17,38,11,18,5,14,9,0,1,114,0,30,37,29,210,0,17,0,4,30,14,5,1,0,6,42,11,9,176,6,57,3,0,4,21,0,10,1,99,0,3,5,168,0,16,11,4,31,0,23,9,0,7,1,107,0,30,44,9,2,3,1,26,13,10,43,7,9,2,7,18,0,4,1,0,26,0,62,5,18,39,4,11,59,38,25,12,4,17,35,31,10,9,0,210,15,14,41,16,12,9,11,12,4,3,25,1,31,36,41,5,19,4,4,1,1,1,1,0,10,13,3,21,33,1,30,0,3,1,11,3,11,3,23,20,24,1,7,0,12,4,8,6,9,1,105,11,284,19,22,6,26,8,258,2,310,21,14,3,46,8,3,26,0,17,7,3,115,4,7,28,2,16,3,6,22,6,15,25,3,12,2,22,2,1,8,125,174,13,27,71,11,1,4821,2,7,2,34,228,0,15,2,8,8,3,5,0,7,5,4,5,8,26,8,28,13,0,7,2,52,5,0,1,5,24,199,8,148,1159,7,4,6,2,52,22,8,18,2,32,10,636,13,85,0,31,12,11,18,25,88,1,25,15,3,1,13,0,20,131,3,71,163,7,1,10,14,10,36,55,15,14,118,2,4,5,9,15,112,19,9,7,17,1,5,2,21,14,120,5,13,1,5,9,0,26,7,16,6,9,41,70,3,18,7,42,71,41,20,15,65,3,65,172,6,11,12,4,17,44,17,34,0,0,12,3,19,67,1,19,14,41,20,96,18,14,13,5,1214,20,23,16,1,83,1,11,11,33,20,6,5,12,45,104,5,9,10,4,3,16,8,126,11,4,130,4,0,5,7,19,12,19,30,52,1,30,8,17,1,119,13,57,39,0,717,2,0,24,0,12,0,158,74,91,29,6,4,11,16,63,8,78,46,2,6,16,1,5,44,11,0,36,167,23,54,18,6,1,40,5,3,7,0,14,22,81,12,46,40,1,3,22,9,3,3,7,72,12,8,8,4,2,0,29,25,55,79,6,2,0,15,61,42,12,25,11,33,35,20,9,6,19,9,6,81,98,0,0,16,8,19,15,3,0,6,14,15,141,2,12,1,28,8,8,43,3,0,1,15,12,12,1,72,1,7,18,7,6,10,46,4,2,24,3,46,26,98,2,28,89,6,16,0,14,23,4,9,6,3,22,0,10,23,13,2,128,14,7,39,25,4,19,0,37,12,5,7,14,7,21,17,4,7,313,41,16,112,12,17,10,45,31,3,2,7,19,13,17,3,37,6,3,21,11,24,82,13,4,13,6,19,72,104,3,1,7,61,9,8,22,1,0,2,22,78,43,48,24,11,9,14,2,3,0,2,10,39,17,45,3,31,38,40,0,21,23,31,0,1,5,5,5,12,2,4,2,155,10,4,42,41,13,46,1,18,5,5,32,74,1,3,7,7,2,13,21,8,14,101,60,31,5,1,1,22,16,6,49,3,27,3,10,4,0,41,4,5,1,7,23,1,7,96,28,0,273,15,3,148,41,15,22,51,134,9,1,0,18,6,215,1,7,7,0,36,2,1,5,78,1,29,7,13,14,10,10,20,38,22,73,6,27,4,183,1,0,5,41,23,25,0,27,25,24,9,0,21,1,7,28,1584,60,1,2,1,183,51,234,78,67,118,7,0,2016,14,13,9,17,12,31,1,471,31,14,16,9,5,7,245,22,9,86,7,12,31,65,3,1,3,47,8,0,1,19,4,0,43,26,0,67,0,2,28,16,6,6,7,83,27,2,10,2,5,44,28,182,14,5,3,5,1,4,9,7,138,41,3,2,165,2,65,36,13,7,12,124,32,9,16,28,0,33,520,1,10,36,9,67,26,197,10,1,106,400,0,4,12,9,0,3,257,7,56,21,31,25,12,38,0,21,8,48,0,24,2,5,50,11,1,2,14,28,23,19,2,10,11,1,53,90,9,4,21,12,116,9,7,278,17,1,5,74,1,3,461,6,0,24,1,9,38,2,2,1,0,15,210,1,8,2,41,199,3,6,0,5,62,6,22,18,51,36,2,3,5,12,0,0,5,9,39,7,1,77,0,7,42,2,269,4,18,2,16,6,29,17649,6,5,6,8,1,2,7,73,19,5,6,11,29,11,1,24,5,4,23,13,96,22,31,3,6,1,7,9,4,23,27,8,22,17,39,18,1,7,22,1,4,3,33,90,0,1,8,5,26,17,49,15,0,1,2,2,1,40,2,7,35,10,9,22,1,7,3,69,44,43,2,0,25,12,87,4,64,57,17,391,2,2,11,9,3,0,32,28,39,21,1,25,20,15,153,1,10,3,1,0,19,103,9,0,72,2,58,2,1,9,9,1,34,5,9,43,82,27,7,178,53,20,10,7,1,16,2,10,7,3,5,20,31,5,38,9,14,12,8,24,3,8,13,4,6,114,23,0,15,34,4,23,8,17,183,34,12,19,73,28,9,16,1,12,13,13,16,19,6,11,6,25,18,1,4,5,1,7,14,2,22,7,12,24,14,0,586,45,87,9,18,13,136,46,7,6,42,29,15,12,29,9,46,517,11,144,418,11,12,4188,22,6,0,1,4,7,0,6,27,1,2,3,24,0,0,42,14,5,10,30,8,5,37,3,12,45,10,6,14,29,1,3,4,33,3,29,16,4,1,139,5,19,3,2,65,1,29,9,6,23,27,7,13,20,2,20,12,16,59,20,39,11,55,1,41,21,58,7,24,40,13,4,0,0,33,8,3,7,3,47,28,27,6,20,4,2,6,17,11,52,11,27,29,54,4,24,61,36,36,11,42,3,10,6,4,7,29,17,40,82,25,31,9,10,11,22,29,3,89,3,184,12181,3,49,5,27,52,8,17,25,113,3,10,35,9,2,185,8,2,1,259,14,1,0,10,8,3,3,31,30,12,12,15,2,20,56,14,0,0,4,48,8,19,0,6,2,9,0,5,19,3,2,1807,24,0,9,9,3,38,8,20,38,15,2,6,16,0,0,25,7,100,7,14,10,4,42,0,35,42,13,11,34,7,10,16,26,14,10,4,25,9,11,27,2,39,5,9,20,8,3,37,12,13,0,12,27,47,6,7,1,467,97,28,29,43,7,21,9,0,12,13,12,20,10,28,6,75,34,30,1,2,8,1,14,16,11,24,4,8,15,3,3,9,16,3,30,22,23,6,29,20,80,9,76,1,1,3,7,3,213,54,6,1,29,2,271,24,5,29,1349,19,4,11,7,11,80,0,1,5,22,1,6,56,6,3,1,14,21,0,84,0,80,4,4,22,45,8,120,23,26,135,13,49,23,65,1,200,47,50,21,42,78,9,63,2,19,5,18,20,22,23,11,5,16,16,0,6,49,0,4,1,2,10,90,2,22,4,16,3,27,29,58,31,25,19,0,72,12,55,3,4,2,1,12,2,55,6,14,16,304,62,93,256,11,6,131,1,101,9,53,13,15,6,6,56,22,26,0,24,2,1,12,63,17,4,68,10,9,4,26,13,6,8,7,28,3,15,18,7,26,5,15,4,8,25,0,11,4,0,16,1,45,10,26,205,0,12,11,54,40,112,4,16,8,8,41,72,20,7,8,9,1,1,1,44,0,9,14,17,8,37,2,31,0,148,19,45,0,9,15,1,2,30,2,7,64,17,0,26,35,44,13,46,6,36,15,11,11,2,18,26,16,31,6,103,19,19,33,4,13,1,3,13,9,12,1,7,22,10,5,14,33,22,2,29,66,51,7,32,34,31,69,4,95,46,13,2,2,15,4,1,35,10,12,1,21,0,67,31,34,8,1,5,0,6,354,1,6,80,26,1,19,31,29,112,24,7,2,3,95,1,85,3,8,4,7,27,1,35,7,11,5,0,10,75,7,29,13,22,1,0,2,2,0,10,11,44,61,0,27,70,5,23,4,60,14,4,15,36,129,8,9,15,46,31,7,111,2,3,5,2,145,7,39,0,1,14,1,27,3,4,1,7,2,5,40,12,13,17,74,27,63,23,2,130,123,56,0,0,2,35,11,16,126,26,767,3,10,6,8,48,33,7,23,25,4,0,37,2,15,131,18,6,0,20,70,15,3,20,72,42,9,10,41,26,6,67,107,34,1,39,17,56,27,9,38,11,17,82,0,49,16,32,0,11,22,2,35,110,24,10,28,8,30,5,25,7,7,7,13,4,69,0,2,6,49,9,66,6,157,40,3,12,10,4,28,18,37,34,7,14,15,24,33,0,1391,8,11,12,5,6,5,41,24,1,5,1,8,52,5,17,2,3,2,305,35,15,20,9,5,7,51,4,62,1,9,27,47,33,14,0,85,9,22,1,4,32,14,17,6,2,30,2,42,19,7,32,60,25,0,8,8,22,26,5,2,12,11,12,13,1,51,99,6,1,6,9,3,34,58,1,9,1,14,0,8,4,47,12,19,6,22,52,8,14,23,33,69,25,15,30,7,31,4,1,9,2,35,48,14,1,2,1,20,10,11,3,30,22,1,10,40,4,1,6,3,9,75,0,10,10,153,13,245,55,1,44,8,4,34,9,1,13,2,6,35,6,5,5,41,22,37,1,13,3,2,20,6,85,9,6,47,2,81,1,22,41,11,2,7,3,1,1,41,5,15,8,3,3,7,14,17,5,8,14,2,3,26,0,60,13,12,15,30,11,9,16,12,24,1,49,6,8,39,27,26,0,71,154,1,7,0,1,0,2,30,4,6,114,19,4,23,0,10,4,2,3,17,8,70,645,15,5,9,46,6,1,43,24,4,2,8,2,8,472,19,2,36,3,13,18,34,232,2,54,4,8,10,2,32,2,8,0,0,8,33,59,11,4,9,3,0,0,4,9,8,23,10,0,3,12,2,4,20,201,66,37,14,58,1,7,3,9,12,175,1,7,5,1,6,143,8,31,63,87,26,9,164,18,16,57,24,4,13,7,39,5,5,14,20,1,0,12,5,141,2,24,5,88,5,11,0,9,22,7,6,7,1,18,33,13,15,3,0,13,1,12,55,154,1,27,10,18,21,12,17,16,20,17,2,0,4,10,9,4,351,1,1107,37,42,758,20,5,6,8,2,23,0,7,13,0,27,124,18,36,13,18,24,0,44,1,27,30,14,2,95,21,12,3,84,17,7,23,15,2,16,97,5,5,13,98,164,1,11,8,31,1,20,43,17,6,9,2,9,2347,6,29,19,2,28,33,4,3,6,0,6,18,11,12,3,10,6,4,167,26,8,2,6,1,99,5,23,18,11,6,1,13,83,11,1,7,6,6,39,24,22,58,1,1,6,5,29,162,9,3,105,2,34,7,0,5,7,22,0,0,57,18,19,78,169,2,3,8,0,8,8,50,47,8,13,3,3,1,9,4,4,4,3,54,5,3,26,5,10,4,44,32,0,3,24,23,39,132,3,5,3,57,1,58,32,95,73,11,27,18,3,30,3,1,23,4,30,16,9,8,15,2,5,3,23,8,8,13,33,62,0,10,0,7,3,54,13,12,2,44,10,13,248,0,6,10,2,13,6,14,1,24,29,2,64,0,48,24,42,32,8,10,32,10,72,24,54,2,30,3,14,12,2,0,12,31,18,20,11,0,2,14,4,14,7,4,444,7,70,12,8,11,3,15,20,33,33,5,9,77,71,3,48,1,24,9,124,4,3,10,25,107,33,3,1,3,8,8,2,45,3,3,2,0,12,40,121,5,15,3,52,2,50,9,1,72,0,33,13,0,1,17,1,20,25,1,33,3,21,14,16,21,41,25,4,7,9,28,31,110,1,45,151,3,8,30,23,1084,14,12,3,2,3,1,1,42,12,72,3,19,17,24,18,71,21,24,30,13,0,30,260,0,21,11,15,4,13,63,114,7,9,38,11,1,17,40,22,26,57,94,60,13,3,19,19,8,13,0,41,1,71,93,6,3,5,495,2,4,12,38,10,5,14,9,13,7,71,0,8,2,2,70,0,25,10,13,90,115,2,8,3,91,49,1,15,12,20,7,10,18,17,100,25,42,207,17,14,0,3,5,1,2,6,8,2,21,2,5,24,56,5,58,13,1,5,15,1,1,9,1,39,0,3,0,5,162,4,58,51,6,19,14,7,26,22,15,3,50,4,22,93,27,1,13,0,17,8,8,0,0,0,4,24,10,13,8,7,13,10,62,43,15,42,2,10,0,8,4,19,2,32,1,11,0,9,36,16,23,10,0,9,12,10,7,26,11,19,85,27,5,2,22,46,19,38,0,12,4,0,14,29,4,1,23,9,9,3,0,267,20,12,46,25,1,8,2,29,38,11,62,30,22,7,40,6,1,17,9,37,18,1,11,285,823,18,15,32,60,5,18,8,98,2,22,28,11,62,40,15,4,48,42,15,2,14,4,2,16,2,25,36,6,23,71,19,7,81,0,16,16,13,9,27,1,7,5,2,1,11,23,17,21,1,0,30,33,34,9,4,4,14,13,22,10,14,7,6,16,0,39,77,18,7,10,39,3,4,6,7,38,4,0,2,24,0,28,13,40,29,32,9,73,28,0,0,4,12,1,18,17,17,14,4,3,32,7,127,21,5,19,3,33,2,4,33,9,9,28,38,22,25,29,51,0,42,7,29,11,13,9,14,15,4,5,13,4,5,0,8,2,9,2,27,57,31,60,8,2,12,37,0,10,23,107,0,19,7,1,139,72,13,6,9,6,10,24,0,1,20,57,6,11,109,0,1,6,0,30,80,30,1,23,3,13,4,41,9,35,10,2,1,5,5,28,60,10,109,3,39,45,9,34,28,1,22,165,1,34,13,58,25,15,15,1,0,16,6,2,12,9,2,24,17,16,26,3,3,5,20,10,2,46,0,0,4,24,841,58,17,9,23,5,0,27,2,1,3,39,3,9,0,12,2,12,22,3,10,7,48,16,0,1,1,22,10,1,5,167,196,15,13,0,2,30,51,2,6,14,51,25,1,73,19,21,6,1,8,0,22,13,19,17,0,57,24,23,24,2,15,10,17,1,3,12,63,133,13,7,27,23,4,14,0,24,8,10,15,6,15,2,225,28,95,2,78,6,10,10,39,4,8,1,15,65,23,26,5,71,33,14,9,9,73,67,12,3,26,11,36,2,84,11,194,8,8,34,39,1,16,26,5,14,34,51,12,5,0,38,6,10,24,17,29,2,18,13,4,20,18,29,11,9,4,17,32,10,5,7,13,7,59,0,8,79,0,495,2,19,50,8,1,10,35,91,46,43,10,0,33,3,2,32,5,5,30,11,13,7,41,2,3,6,5,4,43,10,31,21,6,48,0,1,35,20,67,27,1,15,3,6,3,18,52,32,23,30,0,59,85,4,74,289,9,14,27,4,0,140,3,5,17,13,18,1,40,3,16,4,10,2,29,5,10,20,66,1,11,19,8,2,20,47,30,21,3,0,9,2,0,39,0,14,0,10,10,43,26,28,7,25,41,1,42,6,76,3,5,3,0,43,0,3,24,41,64,26,3,6,2,19,17,10,4,0,74,8,2,6,0,128,1,124,6,3,20,41,0,0,6,20,21,21,17,20,153,6,53,5,4,7,0,22,0,1,7,14,1,2,159,11,21,47,50,233,37,9,2,11,23,6,16,2,17,17,1,408,5,2,20,8,13,0,13,8,2,5,53,26,53,1,0,18,8,7,5,8,32,25,22,19,27,10,22,23,3,8,9,19,11,60,7,26,0,6,44,4,0,7,28,20,9,6,11,54,38,15,6,7,2,1,50,34,3,25,1,3,4,12,9,40,13,12,4,5312,15,1,1,2,0,36,5,36,50,35,76,3,12,41,0,4,27,12,39,15,5,850,17,53,0,0,6,9,29,196,10,5,35,39,121,51,21,34,16,12,3,9,32,12,2,19,10,87,5,8,0,5,0,2,1,8,3,3,133,4,676,3,4,15,15,72,34,19,11,17,12,7,3,15,6,16,32,61,185,24,6,67,39,10,4,8,4,1,22,25,8,7,0,44,3,8,2,11,3,62,9,9,1,7,3,0,17,22,39,20,10,25,3,5,8,4,22,17,8,10,12,7,7,3,21,6,3,4,7,28,19,34,32,12,51,35,33,5,102,7,3,10,9,16,7,30,8,8,9,15,17,11,11,2,43,35,0,6,2,7,2,141,2,0,5,194,0,0,41,15,5,0,27,6,189,10,101,1,6,48,65,8,19,4,1,0,11,15,2,7,51,0,12,5,63,106,1,3,19,18,7,1,4,6,0,22,3,12,116,53,11,8,3,9,355,73,8,2,3,1,28,33,27,121,2,7,13,24,2,28,3,0,13,17,21,28,1,29,20,1,2,12,12,81,111,17,8,57,4,13,12,29,3,27,33,33,0,136,9,1,668,7,55,1,10,53,19,45,10,0,2,1,25,1,3,11,28,0,8,115,2,4,8,0,25,35,25,39,5,3,4,189,36,1,27,13,3,8,232,22,11,19,4,22,20,64,0,4,6,11,30,27,12,0,6,12,7,1,45,2,11,2,3,9,8,64,4,39,30,2,8,83,42,12,27,5,15,13,25,1,28,30,18,73,1,20,22,8,6,29,17,41,12,2,0,64,12,12,66,11,66,6,17,5,191,28,17,2,3,52,24,5,26,43,23,2,6,7,25,117,2,1,121,29,51,3,13,2,5,7,65,27,4,13,9,24,8,18,5,1,53,7,6,16,27,0,14,10,26,58,22,0,189,10,27,8,49,6,6,7,19,0,10,16,2,5,16,16,37,13,30,1,3,4,12,67,19,16,9,4,1,106,27,3,60,13,10,61,4,9,6,99,9,9,3,15,22,56,4,5,44,4,62,197,19,34,14,2,26,16,21,1,5,12,5,28,10,3,5,25,4,341,7,5,6,61,6,0,0,2,5,13,5,13,3,34,19,14,2,207,1,12,4,65,59,5,9,7,0,19,2,56,5,61,6,0,22,302,11,17,10,4,12,0,7,7,17,6,10,16,77,36,20,7,13,37,129,2,6,2,6,11,8,4,0,35,2,15,19,3,131,17,3,10,0,17,3,16,111,3,12,80,6,4,8,1,27,11,0,12,49,8,9,42,0,15,189,11,24,2,19,27,13,46,29,32,8,8,6,10,28,3,49,9,6,2,6,3,41,43,46,6,10,28,6,9,0,24,1,22,2,5,4,21,26,20,8,2,9,17,3,12,29,7,5,10,0,15,12,1,14,2,14,27,2,9,1,26,24,39,24,10,7,0,29,149,8,14,0,0,2,61,17,1,0,1,7,29,23,14,157,11,5,36,1,18,7,2,1,13,8,3,4,9,0,7,0,597,0,20,39,67,24,1,6,0,9,117,8,4,43,14,17,2,8,4,18,6,21,1,15,4,11,56,3602,4,7,20,38,6,6,2,17,158,8,0,2,82,77,19,37,1,8,18,5,4,69,38,16,0,4,0,25,3,31,14,5,22,20,81,0,17,16,0,1,11,10,8,1,0,20,7,14,24,3,1,14,15,70,5,3,48,6,47,3,7,3,11,11,51,15,4,2,10,8,37,48,2,18,12,2,38,3,2,72,5,12,1,16,24,10,59,1,13,3,18,8,50,9,15,4,14,10,3,4,4,36,1,17,2,21,31,7,5,9,23,17,35,255,4,5,23,16,48,20,15,11,55,209,30,4,297,1,46,9,10,71,7351,2,764,4250,36,349,3,8,37,15,115,94,1,2,6,6,0,9,41,37,12,4,6,20,48,10,0,6,1,18,466,29,1,23,17,66,41,1,36,25,6,47,6,86,7,9,13,40,45,26,6,8,6,33,47,4,68,1,119,24,2,26,18,24,56,29,84,5,149,2,9,85,0,3,0,2,13,15,14,1,3,4,8,121,5,25,20,5,9,6,245,4,27,3,0,6,79,13,176,5,38,24,14,29,0,9,222,30,9,17,7,16,20,4,2,1,11,13,2,8,87,36,6,7,45,0,29,4,0,79,5,0,35,0,0,0,22,53,42,5,10,35,453,198,9,80,71,16,4,33,59,4,3,4,48,47,2,19,17,46,22,24,13,6,18,3,0,0,3,5,10,1,9,13,31,8,3,3,4,1,4,274,6,0,24,8,15,5,28,7,6,112,30,0,3,152,29,60,13,2,21,33,37,44,120,18,98,50,8,7,40,37,4,22,5,1,0,3,0,23,49,8,9,20,27,27,6,9,65,98,0,9,6,11,0,7,65,14,137,5,0,5,2,6,122,22,273,10,28,138,9,9,7,1,6,25,6,2,7,1,7,21,38,4,80,40,23,12,15,9,0,16,10,2,10,7,1,73,1,0,1,14,7,454,10,1,14,2,3,16,12,36,13,7,78,21,1,3,16,24,16,47,82,47,30,0,0,1,256,189,23,69,42,26,11,58,1,3,1,5,9,1,17,39,2,15,0,5,12,5,10,12,8,11,185,5,25,39,175,17,0,13,4,1,124,16,5,23,187,2,11,5,1,19,1,26,0,70,7,15,3,98,13,74,10,2,12,5,3,0,420,4,4,1,3,0,24,18,2387,2,3,6,1,13,3,16,5,149,19,20,8,13,31,2,526,64,42,98,9,32,9,464,194,9,13,589,75,37,6,23,35,9,0,14,1,14,18,10,10,60,38,3,26,5,40,7,11,5,212,9,36,0,125,23,22,13,9,1,44,7,48,3,7,4,10,2,7,4,1,2,12,2,250,12,4,10,7,37,1,9,5,7,5,1,7,1,4,7,26,20,56,15,23,55,2,3,26,4,1,8,24,28,0,53,345,2,20,18,33,0,35,22,2,2,7,0,10,45,14,9,6,4,8,22,15,23,38,18,147,4,4,30,0,9,54,0,1,4,15,29,24,57,32,7,9,11,0,1,0,9,2,15,8,27,15,6,2,14,4,5,1,4,8,1,12,30,20,21,33,35,41,49,2,9,28,88,44,5,18,0,42,7,1,8,55,2,4,15,13,8,27,6,0,16,10,4,4,3,36,11,21,9,1,4,27,4,64,2,4,6,27,3,7,3,5,0,32,82,4,6,10,1,3,44,0,13,13,10,10,1,0,23,11,35,52,8,36,12,22,0,64,8,0,6,4,26,1,0,46,6,2,16,14,0,12,2,12,9,3,13,0,46,5,7,5,0,7,26,58,13,33,15,19,0,22,1,3,0,9,1,0,17,16,51,13,7,91,26,38,3,59,50,10,12,2,700,0,44,0,10,19,85,13,6,27,23,12,17,10,73,0,1,12,3,18,6,22,1,5,40,13,130,143,30,195,62,6,33,12,4,1,8,0,20,81,0,8,12,5,10,5,6,6,8,4,1,60,9,9,5,12,2,42,108,2,1,48,1,3,252,2,92,59,42,1,22,8,32,9,44,8,9,0,0,0,17,18,83,1,5,14,7,19,2,7,8,211,3,32,20,58,22,23,18,15,84,316,1,9,2,3,0,1,1,5,4,1,26,0,2,33,15,7,4,1,0,4,21,7,5,14,12,53,13,1,39,27,4,49,1,3,0,1,3,14,4,63,1,4,34,6,17,44,4,5,8,2,15,10,7,1,19,7,17,4,7,46,4,10,58,870,12,31,21,24,6,4,2,636,8,70,20,17,17,12,2,16,30,3,0,17,19,5,162,19,11,7,110,33,92,18,0,19,37,12,16,2,32,9,2,9,32,15,263,9,6,27,6,17,6,3,3,4,31,0,4,10,8,48,0,7,17,10,38,637,6668,0,4,68,37,3,20,28,5,15,58,17,29,10,17,31,20,18,90,2,8,26,7,20,46,13,7,27,11,12,1,65,1,10,7,1,4,7,9,149,19,15,26,43,20,23,24,24,18,39,3,4,10,58,16,3,9,25,53,4,7,16,3,20,20,17,8,58,7,7,3,5,42,286,3,7,11,4,7,18,3,21,9,11,0,5,277,2,64,3,17,22,5,18,3,143,3,4,4,5,13,16,59,8,40,19,39,0,17,18,50,7,8,3,10,13,2,9,21,151,0,16,1,6,2,8,0,13,2,1,0,22,2,18,2,6,1,4,6,3,19,11,4,5,10,3,68,2,23,21,14,1,66,53,56,66,1,4,1,15,4,11,8,2,94,0,4,74,2,11,95,3,87,6,54,6,2,10,3,1,2,7,10,35,1,8,305,15,12,53,30,2,46,2,21,6,17,6,2,14,1,31,6,5,17,9,44,4,3,11,2,15,10,57,6,34,16,68,17,45,9,1,13,1,4,73,39,12,14,5,32,7,9,205,9,4,3,1,9,8,2,26,1,37,21,288,0,1,10,3,7,1,7,15,47,51,5,1,0,3,33,19,0,32,32,2,176,15,17,8,24,0,0,2,0,3,4,0,13,15,2,8,10,108,26,27,20,6,0,0,10,1,37,64,20,9,2,8,11,1,2,0,3,2,10,0,12,92,12,5,15,76,59,0,13,31,11,17,4,39,46,174,9,12,19,11,32,6,21,6,13,9,46,18,5,6,3,70,39,2,57,31,3,4,12,8,9,39,22,31,82,15,14,26,15,113,3,11,35,24,9,8,2,3,55,61,37,0,161,32,21,30,44,19,22,5,21,2,3,32,1,12,27,11,9,12,6,8,4,7,26,1,29,2,1,2,2,20,100,1,48,84,25,67,6,1,5,2,2,16,60,19,98,10,1,24,22,14,5,6,10,10,3,8,3,143,2,10,1,26,1,27,46,36,89,25,2323,43,26,4,5,7,53,10,33,78,2,122,4,38,6,4,3,10,14,3,22,15,57,44,1,38,55,9,19,45,9,69,25,6,0,25,32,12,31,9,239,379,9,15,4,15,64,3,525,9,0,5,8,1,5,14,2,37,13,25,7,7,7,45,6,6,6,6,29,42,7,83,19,1,7,9,4,40,64,64,48,5,24,61,24,59,6,16,9,119,87,31,2,79,15,8,46,36,6,13,9,3,23,45,9,2,7,29,503,19,7,8,21,3,33,9,14,46,2,12,15,26,4,3,14,11,7,9,6,49,5,46,3,20,29,25,27,381,18,1,11,23,10,31,13,126,60,198,16,155,17,29,6,3,6,10,4,62,1,186,5,50,9,27,19,41,15,23,0,4,35,10,4,1,1,20,9,29,19,43,29,15,3,57,2,3,16,26,8,8,3,19,4,0,21,16,20,10,31,4,27,1,46,17,37,365,15,37,4,26,1,19,11,12,5,32,0,6,75,11,23,5,5,37,2,10,26,2,5,0,4,4,10,6,9,62,4,10,1,4,14,4,5,37,0,2,5,9,36,4,36,3,63,60,0,27,7,18,1,3,10,6,5,9,1,13,51,22,21,19,16,6,24,209,15,4,4,57,4,8,3,7,6,13,2,1,6,3786,4,73,7,2,2,0,31,40,12,9,22,5,15,19,24,33,0,18,28,44,18,25,2,93,16,9,59,62,4,0,20,6,17,4,13,5,42,6,3,2,26,18,25,39,14,13,0,38,19,6,11,10,5,2,20,196,2,4,1,5,37,46,5,17,18,54,9,3,4,15,20,34,19,8,5,21,400,7,4,23,18,1,7,7,8,9,21,6,206,5,18,20,74,5,2,1,8,5,58,1,6,17,17,9,19,2,8,3,1,1,20,7,5,8,1,83,127,8,16,212,47,0,0,14,16,98,0,16,5,25,5,3,5,2,28,17,27,5,1,4,19,6,14,15,179,2,8,1,51,29,2,23,36,7,0,40,0,1,23,0,7,18,3,3,95,372,50,4,2,129,16,73,9,27,1,2,0,102,1,1,0,11,1,34,17,23,3,7,12,226,18,47,14,8,21,19,92,2,4,18,7,15,21,5,9,40,13,4,21,11,6,5,138,3,3,4,107,3,34,14,15,17,1,36,2,1,9,2,0,57,1,1,22,28,28,36,9,24,2,2,4,10,29,60,26,9,1,106,32,64,7,19,24,7,67,10,1,8,26,13,18,1,2,8,15,16,5,12,26,24,9,3,94,75,10,32,2,8,12,10,12,2,3575,10,0,49,5,18,98,0,5,3,11,3,2,36,0,6,11,6,4,221,29,139,14,23,58,11741,8,13,42,6,19,9,16,7,32,15,15,49,2,0,10,102,10,18,21,1,7,14,5,1,18,4,26,73,34,146,32,13,16,15,1,8,11,57,7,129,20,15,48,10,136,6,34,1,5,2,22,12,7,1,15,4,1,10,23,16,8,3,6,437,11,1,47,10,33,2,2,5,0,11,96,2,74,1,47,4,0,236,21,7,11,35,27,0,0,7,17,6,22,15,5,9,1,4,185,16,0,7,14,66,158,2,34,21,4,46,4,14,64,42,10,4,1,45,13,5,5,2,15,0,52,37,7,31,145,79,0,0,118,30,2,55,65,3,180,2,6,2,7,5,4,25,2,115,162,4,33,14,42,47,13,5,1,12,9,139,8,3,1,8,4,8,12,13,18,35,4,1,409,6,0,4,26,12,0,22,45,28,1,12,0,31,28,0,21,8,3,17,11,144,8,5,8,9,2,12,11,0,2,1,18,49,10,93,2,8,144,9,36,306,22,25,5,35,23,3,2,5,699,44,3,0,43,0,24,7,14,5,12,9,0,54,13,39,37,31,9,8,2,6,9,11,12,14,9,57,17,5,24,71,4,0,0,104,30,21,2,5,30,8,16,44,21,26,2,12,18,30,25,72,2,9,35,43,7,21,18,21,12,25,13222,10,16,5,7,3,29,34,60,183,11,2,46,33,36,31,95,70,12,21,112,4,2,24,254,39,0,8,1,158,5,2,52,14,26,6,15,15,9,5,29,0,1,41,69,28,29,19,1,18,43,9,7,27,10,77,6,34,15,9,4,0,10,14,3,20,1,102,28,7,1,6,22,4,7,19,6,0,12,30,15,15,120,7,2,37,4,4,11,4,1,48,0,26,8,1,11,2,5,36,30,13,20,38,0,27,251,6,5,9,2,7,37,3,24,8,20,5,14,1,3,5,4,37,61,14,75,79,9,16,184,0,0,0,32,17,9,1,22,34,3,40,7,15,27,6,39,38,4,9,26,40,10,32,5,10,0,1,105,9,0,1,25,0,6,0,7,5,22,2,4,29,9,170,10,1,8,6,18,8,39,25,12,17,12,18,129,0,5,14,43,194,4,4,35,26,10,7,4,22,3,18,20,145,26,14,224,4,0,63,7,88,17,15,12,2,320,107,20,6,55,10,73,4,77,31,15,2,7,3,5,2,283,1355,1,5,2,35,16,8,0,16,9,60,0,2,1,4,23,0,46,44,46,5,10,2,0,4,16,28,107,9,381,21,4,6,159,21,0,2,0,2,4,34,9,12,13,36,13,27,28,1,16,8,23,1,134,0,16,1,25,26,5,5,127,14,2018,1,8,51,5,3,10,8,8,9,1,112,17,4,16,2,12,23,5,18,1275,41,119,1,2,8,62,8,19,3,15,7,2,1,29,115,1,6,9,0,43,19,2,30,31,4,7,11,3,233,13,47,4,0,60,11,13,52,23,5,120,38,42,16,2,20,41,9,12,3,0,91,81,8,63,3,6,13,29,12,3,3,29,107,6,8,3,5,98,16,1,1,0,2,20,3,50,15,127,0,2,0,15,6,192,97,9,61,30,8,4,17,0,0,4,8,22,20,3,6,41,14,12,11,27,67,3,31,10,4,9,0,9,1,32,2,1,8,5,9,32,48,4,20,4,10,16,10,4,15,10,17,9,35,5,25,217,17,18,2,6,26,115,5,2782,31,165,34,38,0,11,2,3,4,44,54,0,23,1,3,16,7,4,60,3,587,12,15,13,1,40,9,2,413,2,3,3,1,11,19,164,17,30,187,4,8,0,25,9,11,0,126,2,21,1,2,17,4,5,5,75,12,25,1,89,21,2,8,4,18,13,2,17,0,10,137,1,8,819,0,4,11,8,33,4,31,23,8,43,2,35,7,17,4,13,64,40,21,6,24,4,1,2,8,27,135,13,24,44,5,147,58,15,36,8,13,1,0,5,14,2,11,16,4,1,27,14,18,2,0,0,6,1,15,3,55,56,0,171,1,13,3,1,31,35,0,83,8,16,4,45,5,195,46,4,70,13,4,84,531,9,0,5,0,193,3,26,6,1,1,4,29,35,1,321,0,94,17,26,53,13,16,24,2,0,45,30,3,9,9,21,9,62,3,22,19,7,55,0,116,8,21,4,35,7,3,215,59,0,4,55,22,10,389,70,17,3,50,4,15,16,28,3,35,1,38,7,11,18,32,63,50,2,43,21,155,28,1,10,4,8,31,1,39,10,2,38,25,0,42,14,14,11,9,2,40,19,31,1,25,2,12,14,47,43,26,2,15,7,0,6,64,2,3,36,9,15,15,11,31,9,2,18,39,16,32,45,13,5,448,2,35,32,0,10,9,178,22,9,20,0,7,5,1,30,0,0,4,3,95,93,19,6,5,18,2,2,32,21,41,48,37,26,25,10,3,2,16,7,19,1,10,73,58,2,4,67,17,27,12,34,0,33,5,1,12,2,3,0,70,7,5,13,22,3,43,0,14,2,2,275,3,1,2,15,2,12,2,14,1,37,3,1,71,6,14,1,14,12,8,40,9,66,27,1,3,2,33,6,3,73,6,18,2,3,16,1,18,0,9,0,9,24,84,4,109,7,186,27,1,45,1,4,2,0,10,27,38,29,5,31,11,22,17,19,15,73,42,10,225,5,5,684,6,198,8,8,13,19,9,8,11,8,7,9,104,17,43,36,34,9,3,2,3,2,9,0,3,13,4,5,51,23,1,391,4,18,9,33,6,17,8,9,12,27,7,3,143,2,2,4,2,28,16,4,4,6,36,44,169,1,15,23,22,28,25,27,15,14,15,33,10,0,0,37,19,7,25,1,72,13,1,11,3,31,7,18,7,3,1,44,23,1,67,7,46,10,1226,3,5,5,19,99,29,6,135,43,1,9,2,28,0,6,0,1,10,55,213,18,171,22,26,10,5,0,25,15,0,6,13,3,79,31,26,63,3,15,43,11,12,23,2,29,17,3,138,5,7,20,10,17,6,36,0,5,16,0,14,2,6,40,11,25,16,79,16,70,1,5,464,14,26,5,4,2,37,12,5,40,4,1,19,12,1,1,134,1,4,13,31,40,45,1,2,10,9,9,7,92,2,2,15,30,3,3,3,1,14,10,3,0,6,33,18,7,3,13,3,1,14,1,5,2,3,0,14,6,65,0,48,0,119,5,11,13,44,23,39,19,1,37,0,20,2,55,33,2,5,96,30,1,11,12,1,1,2,680,5,9,20,9,10,17,9,7938,11,5,38,49,6,16,1,7,19,17,8,4,0,0,26,155,8,23,10,35,7,16,4,7,17,3,0,7,166,2,1,25,15,16,2,17,8,13,15,0,13,4,21,6,22,0,10,6,8,2,1,23,9,25,1,24,38,389,5,53,1,2,25,2,271,29,23,37,48,16,49,12,1,0,2,43,41,20,26,55,34,6,0,15,4,30,2,15,8,6,14,19,132,3,20,14,8,13,39,4,130,0,2,9,114,71,56,19,65,6,19,190,17,39,25,35,24,6,0,161,4,12,7,2,2,12,12,6,29,184,15,490,17,9,8,16,10,33,93,22,9,11,35,2,21,91,3,4,10,3,0,12,7,1,20,27,26,21,22,3,6,11,0,1,8,31,24,19,17,1,0,4,2,15,2,0,15,4,70,4,26,10,2,0,18,4,8,9,17,1,4,389,14,4,1,16,10,2,12,22,17,26,8,23,45,4,4,11,27,7,39,4,10,36,52,1,7,1,54,1,118,41,14,3,0,1,167,2,12,6,10,29,24,14,14,11,486,11,39,41,8,9,26,15,3,4,7,22,0,4,1,0,8,1,1,0,0,0,4,6,7,19,10,2,2,4,17,5,22,0,22,21,23,15,61,26,0,33,9,31,13,2,0,10,46,29,1,16,60,6,47,15,41,1,0,10,34,98,6,100,15,3,25,1,14,69,69,5,57,1,1,28,13,0,14,1,7,74,1,7,53,215,620,7,8,17,0,37,1,6,27,15,15,6,11,169,1,10,22,30,41,70,1,13,5,41,1,15,26,15,1,66,5,41,1,9,18,7,8,4,12,7,8,82,6,184,15,7,1,6,17,8,8,28,7,1,9,12,15,25,0,1,5,8,543,5,1,1,2,5,3,53,22,3,19,4,25,23,4,90,51,39,20,45,61,4,0,65,12,4,68,37,48,44,0,23,4,6,103,24,18,13,37,11,48,27,8,3,3,78,1,0,22,107,34,12,59,8,13,87,83,3,10,162,20,4,0,1,76,33,20,0,37,80,70,12,75,19,9,63,10,12,4,7,2,57,0,61,3,6,4,0,278,32,36,5,35,5,0,17,6,7,17,16,20,48,2,3,1009,0,7,12,15,5,5,27,68,1,29,0,47,10,3,7,1045,68,32,16,2,13,19,43,9,20,24,29,224,11,13,17,5,14,57,51,8,2,27,18,40,0,36,421,11,18,2,21,15,37,5,23,22,15,5,22,20,15,12,7,12,7,4,36,1,33,1,53,7,8,5,1,4,32,2468,27,20,40,40,62,67,169,8,9,2,2,7,30,23,5,2,11,23,10,11,24,6,16,14,166,4,14,93,4,12,3,374,0,0,0,0,29,10,20,21,2,0,28,0,14,70,22,162,18,16,2,9,7,6,0,8,68,19,27,0,2,13,13,2,7,25,0,95,6,3,4,138,0,20,26,42,1365,0,181,6,99,13,60,12,4,12,49,100,0,11,8,146,17,13,1,3,28,44,4,2,20,12,42,20,80,9,80,250,1,17,0,4,13,26,24,18,2,23,27,89,12,2,0,51,0,29,93,12,50,4,4,38,75,5,9,4,11,28,11,32,10,7,16,1,1,2,4,2,40,8,11,0,15,19,1,31,17,19,18,22,10,3,16,4,12,104,8,3,1,1,183,14,11,5,13,13,1,15,4,13,54,12,24,7,11,8,28,0,36,1,2,1,23,0,18,2,78,24,9,16,6,3,34,0,4317,0,1,3,3,2,69,1,39,0,32,5,1,7,7,17,16,1,53,10,32,407,22,45,1139,79,31,14,0,6,9,4,352,0,9,2,8,189,23,0,94,72,26,2,7,5,0,69,2,14,6,56,2,4,29,14,14,3,19,6,7,55,11,5,69,15,2,12,13,19,88,7,0,30,21,0,21,4,6,6,2,5,3,7,63,12,110,9,1006,53,23,2,1,118,121,16,1,13,25,49,2,68,6,40,2,8,2,5,51,7,71,12,40,9,12,13,2,25,76,52,29,5,10,12,60,40,0,0,109,3,21,64,12,47,27,11,30,18,3,39,1,7,5,49,86,14,14,147,1,9,8,17,60,25,4,0,6,2,77,37,15,22,61,30,10,6,20,5,47,0,12,19,3,100,7,35,1,2,0,10,5,20,8,24,1,26,88,2,5,41,2,8,11,15,29,20,11,29,8,114,13,2,12,32,1,1,3,25,15,23,5,7,4,18,10,83,4,38,23,7,5,14,21,12,17,19,13,77,18,1266,5,13,5,157,85,19,0,7,40,16,9,62,17,12,6,5,45,2,11,6,14,2,4,8,8,48,83,23,20,32,15,1,2,35,29,0,11,68,1,7,3,3,19,12,11,18,2,31,10,0,1,248,10,19,6,53,3,5,32,1,127,2,0,2,3,21,5,11,47,15,11,6,20,4,18,2,13,0,85,2,62,9,7,61,15,47,15,1,34,12,24,7,1,28,0,10,1461,7,95,7,18,17,13,15,17,416,15,11,4,8,464,19,6,5,17,5,44,8,4,1,24,7,16,7,13,38,2,197,4,6,24,15,1,7,8,21,15,37,29,1,6,50,16,162,0,1306,8,4,5,4,8,1,6,16,0,25,20,6,14,8,17,13,8,15,0,14,1,16,10,11,7,24,12,13,2,2,11,21,42,12,20,172,18,9,10,10,12,11,58,0,6,57,5,22,9,19,5,18,10,23,24,51,8,18,4,47,0,16,3,10,7,14,11,73,18,80,14,9,13,245,1,22,23,24,8,19,1,5,1,191,76,2,46,98,64,22,0,21,2,21,6,5,5,12,3,2,18,1,3,41,14,19,0,9,19,14,20,158,14,3,7,33,6,103,3,4,4,25,13,1,5,450,5,17,15,52,13,0,53,48,6,36,25,64,15,5,15,4,6,144,10,9,10,42,5,18,50,8,13,5,19,48,33,15,1,3,1,93,159,14,8,2,10,5,14,8,2,13,11,15,14,0,68,46,7,6,21,3,5,19,2,2,59,44,231,3,16,83,5,5,15,2,64,13,0,8,1,5,2,51,7,5,0,6,42,31,28,138,4,8,13,0,4,33,5,18,20,10,37,40,155,58,1,26,0,12,0,0,23,1,34,1,38,3,40,169,13,5,122,7,4,6,23,6,8,9,32,4,2,9,24,22,1,0,8,0,14,93,47,51,57,8,58,8,10,26,9,37,5,5,15,3,3,4,14,32,23,89,3,13,52,34,1,7,0,3,5,1,11,19,6,7,13,22,27,11,77,9,5,33,19,20,117,18,12,0,26,0,26,0,10,13,190,7,30,29,167,4,15,1,91,20,26,5,9,0,0,6,24,57,252,4,13,19,27,3,15,38,16,10,2,10,42,12,8,52,7,3,0,34,0,76,50,6,9,31,20,6,24,11,47,1,4,40,28,39,25,21,7,0,23,4,0,5,104,3,13,78,1,6,0,7,8,2,2,5,0,0,3,29,15,10,6,11,35,17,49,8,0,24,20,20,0,2,13,10,6,25,7,25,109,52,2,2,20,24,5,5,62,9,16,2335,18,2402,8,15,6,32,28,2,9,4,123,0,52,10,1,1,0,21,7,2,1,45,4,3,1,12,25,5,18,24,9,22,31,1,16,28,5,39,8,14,7,51,29,5,67,23,51,30,5,5,3,18,6,3,14,1,58,7,181,66,0,15,92,6,921,30,24,14,16,37,0,20,8,8,157,23,8,9,5,3,52,10,21,59,5,37,16,1,3,3,5,4,41,25,260,8,107,4,266,48,8,2,63,32,1,152,14,4,13,4,28,19,12,1,8,2,3,10,6,0,10,8,4,0,21,6,17,13,7,3,6,48,0,5,30,0,33,0,0,47,15,0,40,5,6,31,5,83,5,0,6,5,10,0,13,33,1,1,35,29,34,94,7,39,4,13,550,29,25,41,9,1,6,84,35,50,19,7,5,7,16,87,2,1,2,6,1,35,22,36,5,753,10,1,199,16,11,144,5,15,111,120,10,26,22,451,19,6,3,0,3,39,6,17,5,56,11,3,19,11,18,5,26,4,0,0,3,4,1,80,15,1,6,14,6,1,8,28,8,30,73,0,241,127,16,36,193,22,30,0,1,2,13,39,27,12,26,13,83,9,1,16,29,10,0,32,4,1,84,12,1,4,12,0,24,22,1,3,1,2,34,193,23,12,2,29,4,42,59,5,7,78,2,5,52,38,13,2,5,1,15,26,3,3,3,6,2,17,63,10,3,4,16,49,1,1,3,7,36,0,13,11,2,1,7,3,19,2,10,1164,18,34,73,14,36,6,17,5,38,5,67,2,69,5,7,11,7,47,6,54,1,30,25,12,14,2,69,14,100,114,2,29,29,16,41,64,21,4,0,33,21,12,19,11,12,0,7,2,12,2,36,5,2,7,4,4,5,2,1,37,1,22,5,9,70,4,4,21,43,16,17,23,12,6,41,8,19,33,49,26,24,104,10,0,70,20,18,35,14,8,41,11,33,1,2,0,18,72,0,7,14,93,19,27,18,9,6,1,6,51,6,15,5,0,10,8,19,51,45,45,8,17,3,1,7,14,28,1,1,30,1,0,3,2,31,6,0,23,2,42,56,3,59,1,2,9,29,12,104,7,36,54,31,5,0,10,1,14,7,4,8,9,54,18,8,4,42,3,17,4,8,0,10,73,39,15,12,19,3,16,6,10,6,13,15,26,7,28,16,13,5,0,3,16,16,0,44,2,37,4,18,4,7,0,18,81,13,30,112,65,19,18,43,6,42,0,3,1,8,1,10,13279,44,28,11,30,4,26,7,6,1,33,13,63,52,12,0,7,44,6,2,1,14,9,37,53,31,2,162,12,0,141,25,6,2,35,2,1,9,58,3,4,6,6,53,3,4,0,13,53,21,70,0,36,2,17,28,42,37,111,2,6,15,15,14,34,15,8,11,0,3,2,4,54,4,48,23,27,15,5,16,23,12,28,9,41,39,8,1,19,2,1,24,197,74,38,23,21,1,111,0,179,19,40,1,17,15,37,11,0,27,23,69,12,19,7,5,9,21,19,23,74,14,12,36,0,9,21,5,38,343,13,10,1,51,0,6,59,18,24,5,12,83,71,5,27,27,10,14,52,10,11,561,14,0,5,6,41,6,16,44,35,34,5,151,12,18,139,51,2,4,3,1,14,2,25,2,5,0,1,13,9,17,6,25,13,4,9,12,0,86,60,32,9,2,4,70,39,25,8,1,231,10,9,23,18,3,27,134,5,141,5,180,12,23,33,2,11,7,0,16,0,0,62,3,0,66,12,8,15,17,1,13,13,47,7,20,5,23,34,12,7,90,63,27,150,8,12,12,16,0,13,24,17,2,8,9,33,107,5,51,9,44,17,2,2,3,0,13,41,0,5,36,1,9,19,13,1,0,51,50,8,11,69,95,6,59,4,14,6,24,0,24,44,3,33,135,49,39,30,1,1,10,34,8,34,21,4,52,426,45,86,1,7,2,6,32,19,13,1,19,10,5,11,5,0,17,9,7,35,4,106,50,15,24,3,10,5,17,5522,101,76,4,21,17,4,180,0,158,2,47,10,16,13,1,5,81,0,31,10,19,4,38,53,28,26,8,2,18,7,35,5,32,10,20,89,27,40,0,30,13,14,23,309,0,10,14,7,3,25,21,99,1,34,1,28,2,0,0,13,9,2,11,23,1,8,2,32,4,6,17,9,3,50,11,0,27,15,181,4,37,28,46,10,7,7,17,0,1,12,17,4,38,13,20,21,6,32,6,11,6,65,6,42,12,0,11,6,167,14,6,6,1,3,14,7,4,41,6,4,14,0,71,3,39,64,29,37,3,59,4,22,5,22,5,28,1,7,9,36,25,18,2,12,2,9,22,41,7,0,8,57,14,20,5,56,4,35,58,13,29,10,2,3,43,25,8,4,2,9,7,0,21,16,15,5,5,29,437,88,3,28,27,27,5,2,9,3,1,11,7,1,7,7,49,19,1,15,1,111,10,8,6,2,27,0,3,10,32,14,4,8,1,5,3,2,6,5,26,22,23,5,1,280,18,345,0,2,13,10,33,20,46,3,20,17,2,54,3,10,22,23,3,42,16,41,7,45,7,18,8,61,10,3,919,36,13,6,20,31,4,8,0,4,34,5,19,59,9,6,1,46,1,0,54,61,39,6,45,30,1,8,3347,270,11,15,15,2,2,8,8,69,9,14,11,11,5,6,10,7,17,11,2,40,4,1,136,13,2,1,2,8,55,5,7,0,5,9,54,28,23,4,28,35,43,1,19,250,24,45,0,4,32,289,33,5,7,4,3,2,60,27,4,3,6,16,7,63,0,35,8,53,2,17,9,6,25,8,39,27,8,5,2329,7,6,7,32,5,38,10,95,2,32,21,12,26,48,22,12,76,5,20,16,12,2,2,26,44,118,31,13,110,24,25,6,38,18,8,7,12,36,1,3,31,2,9,64,2,3,13,12,12,3,42,7,5,11,9,12,1,41,6,10,7,81,34,32,5,31,378,1,17,11,6,13,173,404,5,6,6,1,30,14,18,38,7,2,77,0,3,112,12,4,0,5,57,4,0,2,32,26,1,34,50,6,65,0,67,18,0,1,0,1,16,1,14,91,68,8,74,4,1,7,2,7,0,4,2,5463,28,17,7,54,5,4,44,2,1,55,13,0,7,7,1,35,6,24,119,4,14,14,0,65,28,9,3,1,139,15,94,2,6,0,19,9,337,7,10,5,5,8,6,10,22,4,13,44,15,7,2,58,38,26,9,17,32,1,4,45,2,0,32,0,0,54,11,22,3,51,35,16,30,22,5,3,99,5,5,1,1,1,28,2,34,48,5,6,6,49,4,340,4,20,2,20,0,11,20,1,10,73,23,22,18,3,3,36,1,52,0,76,3,196,8,11,11,3,19,47,144,17,29,15,15,6,21,2,149,6,55,11,6,50,1,0,9,17,1,2,7,2,5,1,6,0,17,5,6,0,2,5,1,3,26,17,118,3,0,36,0,8,0,43,30,21,365,91,6,69,392,18,5,1,39,22,31,7,3,45,8,6,5,7,79,1,41,1,13,7,2,5,13,28,85,1,1,7,6,3,3,19,2,10,98,11,1018,9,13,89,1,29,10,5,8,16,13,3,18,0,10,2,3,6,14,26,18,14,1,8,12,32,29,13,91,7,21,8,189,18,3,1,12,143,38,15,3,108,5,69,27,111,1,1,38,51,21,5,18,18,2,267,12,31,7,16,22,0,9,4,3,10,30,13,1,11,1,0,2,3,3,3,29,6,110,23,25,57,0,2,19,3,25,4,18,6,6,1,21,7,16,2,25,26,2,19,38,46,10,31,2,7,38,5,7,6,32,8,1,76,3,33,51,165,111,37,1,8,33,22,1,77,11,65,58,40,4,0,17,22,24,1,3,35,34,48,7,1117,19,36,41,3,23,4,21,0,2722,62,5,38,50,21,7,0,176,67,1,27,19,2,179,1,13,64,99,36,32,13,21,29,15,47,7,12,23,17,0,9,10,22,11,4,3,4,38,304,37,28,38,66,2,0,25,0,4,29,19,0,41,9,3,59,46,99,14,34,2,7,9,7,8,4,127,11,0,13,17,16,14,7,1,11,1,15,13,1,3,9,8,27,2,22,9,0,3,90,7,4659,0,19,1146,0,0,2,113,58,9,16,4,4,16,34,4,36,30,12,45,15,1,62,41,44,25,1,6,2,1,25,83,0,9,9,214,21,2,3,10,2,23,5,14,5,12,21,53,35,36,9,1,2,7,3,4,36,12,5,36,23,48,14,0,0,36,223,24,1,1,33,19,5,3,36,5,85,274,13,21,7,5,1,35,45,3,9,5,2,0,67,20,15,4,2,20,22,2,6,24,29,7,65,2,0,31,293,36,3,10,5,22,5,92,25,3,1,126,2,10,4,31,10,34,1,6,22,1,9,86,3,5,8,2,0,67,14,12,11,6,6,573,101,7,7,1,109,31,3,34,107,12,1,2,0,7,145,32,0,5,30,19,76,10,3,19,2,10,3,45,4,11,10,25,2,20,25,75,72,14,8,15,15,11,4,18,30,111,34,0,25,4,175,18,23,4,38,8,15,0,58,1,18,2,15,47,2,1,22,384,781,83,12,5,31,0,6,1,69,3,16,0,11,68,14,7,18,55,73,8,12,19,42,16,297,28,12,6,23,3,24,10,15,3,24,2,10,16,0,5,10,83,4625,8,31,622,18,2,10,14,20,1,17,18,8,31,62,63,61,18,17,19,4,26,38,12,18,7,4,4,0,127,19,17,26,33,2,17,58,14,4,21,54,13,7,147,19,14,16,31,14,14,6,0,1,13,7,6,0,9,44,17,25,26,5,14,21,30,0,27,0,0,2,3,300,170,2,15,2,14,4,0,6,2,4,106,11,25,7,11,3,2,0,7,30,32,0,24,26,8,0,3,7,22,9,13,2,12,18,16,16,82,14,1,0,43,21,6,5,23,2,9,0,51,113,1,31,12,64,28,3,4,10,1,11,0,22,428,19,18,2,23,29,3,30,15,89,5,41,24,31,23,17,8,17,0,325,20,15,0,15,36,50,9,49,22,16,20,7,99,60,91,7,2,4,10,3,412,5,20,6,0,4,77,10,24,2,13,47,4,2,47,22,47,9,9,205,9,0,22,3,15,85,64,13,3,128,22,28,714,3,32,15,11,155,2,16,21,3,15,34,4,11,21,15,10,114,56,2,20,9,139,0,24,9,11,11,11,9,10,2,17,31,1,129,1,2,87,42,1,1,23,240,1,49,236,0,8,47,14,5,11,15,13,56,4,5,0,15,1,4,18,11,15,29,19,2,39,22,24,3,34,5,7,71,3,17,7,0,52,29,0,95,2,7,0,41,14,61,62,47,5,6,4,11,15,59,18,7,8,62,90,4,21,1,0,4,107,5,28,13,8,20,9,1,21,4,12,1,1,44,25,6,30,4,39,33,51,2,3,3,233,75,4,23,2,7,49,11,31,18,2,10,103,2,13,8,0,0,57,25,153,4,51,8,6,23,13,9,27,3,0,5,44,46,1,3,3,3,22,0,5,7,11,2,20,9,1,4,23,9,12,41,5,50,3,1,8,30,12,2,0,0,10,1,2,4,16,0,23,51,3,1,0,2,6,17,25,5,38,0,54,3,28,61,6,9,9,5,4,22,5,5,22,0,12,24,49,8,0,19,0,144,0,39,44,16,21,3,7,82,10,8,10,13,42,12,20,63,0,12,18,67,7,6,3,22,4,1,5,3,25,22,1,36,6,357,2,8,8,6,437,10,9,10,1,0,3,19,11,20,17,14,33,85,12,38,1,4,7,4,8,12,36,29,48,5,2,43,4,9,16,2,1,36,32,0,10,8,3,34,40,7,1,98,2,4,13,4,3,53,17,12,12,18,22,2,142,1,22,18,19,9,23,6,10,10,17,34,7,28,649,23,17,31,6,22,61,26,24,36,13,0,3,8,49,70,3,3,35,0,0,16,16,3,60,128,2,4,29,47,4,17,6,15,8,14,3,9,1,30,76,30,4,35,4,22,191,313,99,2449,32,12,7,1,0,3,7,9,0,7,190,8,15,22,1,2,7,54,13,23,0,3,24,5,30,25,3,41,17,13,0,5,49,26,85,3,9,51,8,7,1,8,6,10,4,11,13,0,7,33,16,7,48,43,3,1,12,7,23,82,19,2,10,157,12,23,18,53,12,12,0,0,59,19,1,138,1,24,3,5,9,5,27,733,10,9,12,2,25,10,29,21,5,13,5,3,22,5,22,5,77,15,42,13,37,165,2,0,6,5,65,2,4,33,40,9,4,17,5,4,13,3,3,13,13,3,0,34,20,23,8,24,0,8,6,25,1,7,22,8,41,143,7,7,36,4,21,0,10,57,52,4,2,379,7,4,17,120,14,13,4,3,161,44,25,91,1,7,33,57,80,12,26,8,16,82,18,12,5,4,8,12,4,30,11,4,9,3,24,3,22,3,6,4,2,0,19,10,7,65,24,13,17,0,36,5,10,5,14,11,6,23,14,9,68,2,11,237,11,16,6,229,27,2,0,10,8,4,10,3,14,12,12,17,0,8,15,15,1,178,22,2,2,4,17,52,13,70,8,16,7,4,18,6,40,38,17,41,9,45,131,8,9,0,68,0,1,13,3,2,0,17,23,13,20,4,62,2,5,3,17,1,26,6,19,54,12,1,20,0,43,0,0,10,8,41,4,12,29,2,65,8,15,2,5,5,25,391,0,20,47,16,5,23,22,11,28,9,45,3,64,2,2,7,14,11,9,52,61,22,10,29,2,82,0,5,0,9,8,5,21,23,10,9,0,10,6,25,43,22,6,13,1,1,10,3,0,6,14,0,24,11,0,1,1,6,126,1,10,0,0,10,13,29,225,3,0,41,24,5,71,9,40,0,248,9,0,5,1,18,34,14,50,2,0,5,2,0,10,6,32,76,25,26,57,85,0,27,21,85,18,9,5,99,0,5,21,48,6,11,5,21,1,6,10,39,69,47,103,7,14,40,38,10,7,8,38,13,23,0,51,3,17,1,2,5,25,84,14,12,2,8,113,0,4,27,1,0,4,72,8,3,54,19,11,23,70,38,28,359,2,18,35,6,8,1,10,16,33,2,22,2,30,12,8,13,9,8,20,16,1,25,5,1,42,38,31,6,29,123,2,239,3,9,0,23,147,6,23,56,51,8,18,9,437,123,13,109,6,14,1,19,26,6,7,12,4,5,107,5,8,31,13,54,6,3,145,19,23,8,5,40,15,3,125,22,10,53,2,1336,54,19,16,7,8,66,3,7,5,4,4,5,16,1,47,29,11,54,32,17,48,57,5,28,35,2,6,4,19,5,2,12,37,11,172,17,8,11,40,31,15,19,5,2,6,23,2,15,6,6,22,16,3,16,2,53,9,9,43,0,1,4,268,115,27,30,57,42,151,4,91,33,54,4,44,13,41,27,72,35,17,0,6,6,12,11,19,56,38,21,6,26,46,14,14,10,12,1,150,5,11,4,21,20,67,18,21,9,14,11,4,5,177,8,2,6,0,24,36,53,54,43,14,45,30,13,5,3,2,24,33,1,19,29,2,0,47,7,198,78,9,4,8,2,1,1,2,7,261,1,44,0,8,45,7,223,8,0,80,16,37,9,13,6,19,8,0,32,4,0,782,110,4,18,3,10,80,2,45,28,3,7,31,3,1,5,78,15,6,2,0,5,45,3,6,17,12,42,3,3,0,4,2,15,20,16,5,4,4837,20,0,33,24,32,4,7,1,39,1,7,29,41,8,2,52,14,15,9,32,31,18,10,29,9,11,4,5,3,11,15,4,13,16,80,5,30,71,15,1,13,7,0,18,0,6,11,3,22,25,22,67,20,34,30,7,19,1,20,28,47,0,9,0,10,1,3,29,9,7,3,2,793,1,9,1,96,4,6,2,0,13,29,9,2,2,29,6,1,2,14,16,69,7,123,22,22,6,203,28,55,4,24,40,11,19,119,0,0,2,6,28,1,13,9,1,10,37,14,684,77,15,21,21,172,9,2,9,35,7,65,149,6,0,24,1,6,6,34,11,31,45,55,4,50,3,16,9,28,61,93,17,43,4,1,11,29,116,8,39,5,2,68,5,1,2,52,2,5,12,37,4,21,7,38,122,11,8,29,17,8,5,35,15,7,18,2,229,23,34,0,7,0,8,4,7,4,29,31,46,3,30,2,179,5,1,18,9,46,3,3,2,15,13,15,22,14,13,12,2,22,60,11,56,0,2831,10,28,99,150,4,1,8,180,46,11,0,12,5,8,314,4,2,2,0,97,9,42,10,28,86,2,34,0,4,25,2,82,1674,21,636,0,49,9,169,8,14,8,1,32,8,37,5,1,1,10,18,1,41,30,21,3,15,22,1,6,24,2,14,26,0,44,3,52,16,5,19,10,24,7,31,432,29,15,4,53,6,2,4,78,9,4,13,35,11,22,0,19,54,90,10,4,12,11,438,6,2,4,3,30,5,40,42,2,21,2,16,0,2,1,9,2,18,114,0,23,3,19,0,33,40,104,3,1,4,11,2,7,7,14,0,9,12,2,1,64,22,6,5,19,8,29,127,17,24,38,274,9,54,4,13,2,8179,3,10,3,5,10,44,3,4,9,11,31,24,27,13,17,71,42,0,7,6,133,21,5,14,30,2,3,15,16,21,6,23,17,55,123,10,1,163,5,0,9,8,71,49,13,31,5,37,3,38,123,38,5,22,12,5,770,2,292,133,24,10,356,0,4,53,28,1,0,14,15,13,46,12,2,25,63,27,77,6,9,2,8,4,8,9,23,0,76,17,5,7,50,211,3,6,10,4,11,27,1110,0,48,18,9,11,9,21,23,0,4,18,3,0,28,9,217,18,33,20,5,156,17,31,21,3,6,6,15,25,11,1,9,2,2,6,6,0,6,22,5,41,189,3,4,27,27,9,9,9,1,2,32,146,51,2,22,1,4,19,19,2,11,14,4,10,38,16,68,1,40,10,2,7,11,12,117,17,3,1,8,3,27,37,42,6,17,2,13,6,14,6,1,74,3,8,8,34,69,6,7,12,28,63,27,15,25,9,15,8,57,37,67,7,3,15,21,22,27,2,20,13,615,23,16,35,4,5,19,1,2,9,8,23,1,2,32,4,14,2,19,1,9,1,2,36,41,2,13,5,38,13,22,2,7,6,62,24,4,20,23,60,2,1,6,1,8,10,6,23,0,7,18,3,18,15,8,5,10,57,30,56,3,9,129,37,1,44,3,14,279,20,80,19,1,9,5,7,54,13,2,50,6274,20,22,7,20,0,24,22,1,6,1,24,9,8,19,3,36,87,20,3,23,68,31,2,7,0,2,1,33,20,25,23,0,1,31,0,83,42,517,1,14,3,8,13,1524,0,7,0,10,0,1,15,8,9,26,19,9,890,12,1,0,1,14,8,9,1,20,20,31,245,1,5,2,36,1,8,8,6,4,7,105,737,5,10,2,28,21,35,14,16,58,4,1,2,2,6,19,7,0,7,2,5,33,5,9,4,8,143,26,17,6,0,33,4,6,2,6,7,10,6,34,78,6,0,14,20,265,12,181,7,2,8,2,51,14,0,0,79,4,20,20,16,60,125,8,17,9,5,4,17,18,123,5,0,0,13,98,15,19,25,5,2,187,32,11,26,31,8,10,0,3,6,5,16,15,19,9,1,48,31,21,5,10,4,22,16,12,8,16,4,9,10,52,31,1,26,50,1,2,18,3,0,79,341,1,14,8,4,5,14,2,58,10,7,10,9,1,0,6,4,1,3,4,9,0,3,6,6,11,2,24,11,1,10,9,1,3,13,0,3,8,4,15,82,1,1,28,12,3,10,14,29,4,3,2,11,3,28,201,47,40,5,68,35,10,346,5,3,517,89,21,3,9,12,5,8,5,1,85,47,284,2,2,13,26,23,76,49,6,36,14,31,29,2,0,86,19,2,0,62,13,25,18,30,17,15,93,1,0,1,5,7,4,2,2,12,5,41,0,25,0,10,42,5,3,12,14,14,52,31,215,19,27,21,17,2,2,3,18,21,1,15,151,507,2,7,1,9,3,19,16,581,8,13,28,19,26,119,6,18,12,554,12,0,24,4,14,27,1,17,42,137,17,17,10,12,24,10,1,3,3,10,0,17,253,26,6,3,43,22,126,284,20,16,4,13,16,6,3,13,19,7,49,16,10,0,1,39,2,11,20,6,19,13,6,1,2,2,1,39,9,0,34,10,17,11,5,2,28,12,1,8,22,20,7,10,28,11,4,6,3,0,0,22,12,0,1,4,24,3,4,14,49,82,1,2,5,14,6,50,19,2,10,9,11,19,6,16,539,5784,6,11,2,11,0,80,6,10,7,68,44,2,6,17,3,1,41,15,14,5,16,12,58,13,9,6,25,14,18,8,8,25,1,5,1,2,36,21,53,28,3,13,14,13,7,8,45,16,14,10,36,0,12,8,615,127,10,11,15,10,4,30,2,3,11,21,8,28,10,179,5,16,11,34,11,4,29,4,21,3,0,5,53,78,10,1,0,4,3,10,28,22,4,92,14,21,2,17,8,1,0,14,0,9,6,9,11,183,15,4,1,133,37,54,11,22,12,10,12,23,0,1333,47,47,4,3,46,29,11,24,78,12,531,3,9,21,3,6,47,4,380,19,6,1,136,36,3,200,15,150,169,2,1,6,35,3,12,2,39,23,11,49,1,11,264,18,410,13,10,11,15,17,4,23,1,0,62,8,1,19,3,1,10,6,27,6,13,23,1,23,4,32,3,3,296,4,15,5,3,25,31,3,19,10,20,112,30,17,4,39,4,57,344,5,6,16,4,17,9,13,161,3,7,47,36,215,97,1,8,47,63,52,5,4,15,120,49,10,5,7,1,5,20,411,29,62,27,3,6,2,63,3,24,0,2,20,6,23,4,0,2,6,9,38,1,6,2,9,76,274,6,4,2,5,1,2,2,4,222,69,65,4,73,47,68,2,0,27,22,21,68,2,2,56,20,3,10,21,5,38,27,43,5,4,5,4,261,3,165,1,1,3,0,26,0,7,1,30,18,3,8,52,22,3,2,14,5,42,5,19,11,3,10,1,27,9,17,7,11,2,12,315,50,1,6,17,39,27,30,1465,6,4,16,79,13,45,3,38,28,111,24,4,5,14,6,0,16,9,16,12,18,12,6,16,0,12,6,9,4,4,6,52,5,45,3,28,61,14,15,40,5,3,9,36,454,0,20,2,0,30,9,17,20,7,12,89,5,34,6,80,190,41,62,2,12,5,5,15,1,19,51,11,194,140,2,143,3,44,21,685,13,24,1,4,29,1,1,42,3,8,8,33,13,0,8,21,4,2,19,9,11,9,3,7,5,69,0,28,44,48,5,4,7,16,13,15,30,46,7,17,12,110,1,7,15,23,2,15,64,2,28,1,3,14,3,9,0,19,34,10,229,27,5,21,4,2,9,9,4,0,19,9,61,31,23,4,48,16,4,6,17,0,14,0,0,10,7,0,1,1,23,10,2,20,19,2,2,1,65,11,16,4,8,27,110,9,44,12,2,2,23,22,2248,2,28,19,14,7,0,4,15,18,2,4,325,5,14,34,18,46,1,9,7,28,7,7,8,0,147,37,24,16,0,32,14,11,2,18,5,146,17,4,8,7,2,220,0,96,8,3,40,56,49,12,241,2,22,13,5,20,9,5,32,5,3,113,7,172,0,13,21,27,18,34,8,37,53,6,1,17,0,36,16,22,146,1,1,14,2,9,8,15,20,58,9,26,48,0,5,5,0,1,0,24,2,1,3,20,18,0,6,12,5,31,449,39,45,26,8,6,0,17,79,7,18,48,8,10,72,81,30,0,13,45,3,37,0,10,24,4,14,8,48,38,46,28,50,71,0,0,36,9,10,9,5,13,11,2,3,13,9,99,6,2,7,170,8,0,2,15,18,12,28,6134,4,17,24,12,28,5,12,14,8,9,53,5,38,12,2,17,44,3,40,105,26,23,7,5,15,22,4,0,8,26,17,14,12,2,2,10,0,44,2,19,6,3,5,122,71,30,35,1,9,11,7,48,19,73,66,2,1,15,29,362,4,5,60,0,21,8,32,8,42,12,31,9,16,6,176,56,2,0,55,0,8,1,33,4,89,63,8,8,0,10,11,14,11,8,3,7,2,42,33,3,29,2,1,16,64,1,10,112,2,14,4,7,38,0,5,9,44,7,2,14,197,63,16,9,4,32,5,47,63,2,6,152,7,28,9,171,95,14,9,4,38,4,12,3,5,12,6,48,19,14,1,136,17,3,70,39,9,40,16,61,13,51,3,11,39,15,40,1,269,1,17,25,17,9,0,23,10,21,0,19,18,33,4,60,3,5,0,40,7,34,2,10,1,58,11,2,23,5,54,28,3,1,5,6,19,58,7,10,5,17,0,30,2,15,2,17,67,11,50,227,15,86,14,5,3,5,25,5,35,4,3,150,39,3,379,5,2,6,20,27,8,411,14,41,21,0,26,6,14,17,26,77,7,24,5,2,1,154,267,22,1962,18,19,0,0,30,27,137,9,0,14,22,3,15,12,41,5,35,6,44,29,13,3,1,21,46,3,0,5,20,7,78,237,2,64,17,44,120,19,24,3,2,3,20,7,15,39,6,2,3,3,12,1,5,45,89,32,12,25,118,14,494,3,27,0,16,2,0,3,5,2,30,3,22,20,17,74,32,12,10,45,0,29,26,10,4,0,19,0,1,40,482,6,39,14,22,28,40,241,0,12,7,0,1,57,19,129,3,439,10,11,0,135,25,0,40,14,7,36,71,3,341,15,17,0,8,7,18,34,107,23,49,0,1,16,18,326,9,3,2,41,27,7,10,2,9,7,7,14,41,0,3,5,27,2,4,26,0,26,2,2,6,64,31,4,4,76,20,8,2,4,1,1,47,42,22,2,6,39,9,5,9,6,4,1,0,1,2,26,13,39,8,27,8,27,9,2,34,64,56,47,3,7,6,11,16,5,10,0,12,56,2,1,0,36,14,9,2,1,8,6,5,36,7,0,42,14,9,2,17,9,9,65,39,12,0,5,3,10,39,5,5,6,17,7,14,1,3,8,3,14,20,49,9,5,24,31,0,62,8,35,1,4,3,28,1,187,4,0,7,5,4,3,1,11,13,10,5,1,29,27,12,5,5,32,18,3,26,36,10,9,39,141,116,19,42,3,5,16,228,15,9,12,25,73,0,21,3,0,6,1,14,2,252,24,15,6,12,112,1,42,2,1,7,72,25,33,19,17,7,3,458,16,18,5,6,133,1,5,19,43,0,11,0,57,4,1,16,69,13,0,7,8,3,2,86,17,70,19,3,20,7,23,0,303,3,17,0,10,32,10,24,5,2,5,110,2,23,1,4,6,31,18,1,2,10,51,9,1,5,16,4,4,5,19,13,130,2,46,5,9,4,15,15,121,8,21,6041,6,11,37,22,62,12,3,46,81,0,16,11,107,15,3,10,30,21,0,431,16,4,5,2,19,6,7,2,9,13,25,32,2,0,22,21,11,2,14,54,211,1,8,67,10,7,28,4,2,3,3,2,4,27,0,14,40,40,10,5,23,44,14,23,4,5,20,2,13,15,5,10,3,25,19,9,34,13,27,27,15,9,3,24,22,17,100,34,26,1,200,9,9,43,4,38,12,22,8,11,6,38,141,49,39,1,18,4,16,1,8,15,1,12,41,0,14,5,7,16,172,52,21,6,0,35,3,1,3,4,1426,0,38,6,4,8,18,25,1,32,17,5,12,7,1,9,57,292,37,1,6,12,63,9,6,110,6,254,4,10,2,8,8,17,2,55,7,36,71,99,1,17,2,3,4,4,14,29,7,49,218,53,20,57,7,14,9,16,57,41,20,15,0,61,42,25,28,4,0,1,32,3,18,10,3,0,23,8,13,11,4,3,0,8,73,99,67,7,2,5,5,1,1,23,0,37,3,7,1,44,2,1,12,32,8,10,4,5,2,10,9,4,78,48,7,38,7,18,14,3,6,14,26,5,50,22,31,33,30,22,6,17,9,7,1,1,1,7,41,62,37,67,2,5,6,4,74,12,9,23,14,1,11,26,30,25,8,36,627,5,55,73,250,110,1,1,7,8,14,2,1,52,12,49,13,0,1,78,8,38,32,2,4,7,12,44,11,0,3,2,6,14,13,65,22,15,5,0,43,41,46,7,5,14,16,2,3,3,7,31,12,47,14,0,1,36,17,0,165,14,30,6,5,132,42,11,10,77,58,1123,92,71,133,67,15,17,10,12,2,11,1,58,26,31,1,8,7,4,6,56,25,38,20,0,20,28,61,8,8,9,13,161,3,21,5,2,8,61,4,4,25,2,6,11,28,36,9,4,38,9,4,9,16,8,62,16,0,26,35,4,46,4,6,4,218,36,13,14,2,36,15,3,5,26,2,3,129,21,14,11,28,21,12,8,5,0,2,16,25,8,360,91,5,11,135,16,31,238,0,49,2,17,8,40,23,12,1,0,28,8,14,9,2,9,23,2,3,4,45,40,21,3,11,55,7,18,14,19,25,5,2,2,9,6,2,113,13,69,1,24,32,80,2659,9,4,0,208,1,5,91,8,154,19,30,168,3,3,3,10,2,4,27,3,15,38,4,2,21,18,7,7,70,25,1,33,0,0,1,19,2,7,5,9,46,51,6,1,7,68,33,15,1,1,3,7,21,1,11,10,159,7,34,3,7,32,1,1,59,20,31,12,36,11,53,35,0,12,27,19,91,28,1,1,30,10,35,69,1,11,8,47,35,5,11,12,6,1201,20,16,55,66,22,28,65,37,3,79,3,35,39,3,5,27,136,15,65,5,33,2,25,19,6,2,8,37,8,33,140,6,0,4,25,9,31,267,5,13,181,10,54,6,31,12,0,10,30,4,43,37,36,164,32,7,25,13,15,18,29,1,130,3,13,34,28,7,52,27,2,2,332,21,3,4,5,1,24,113,3,46,1,13,4,2,4,2,11,90,0,30,28,39,23,11,17,31,33,37,2,20,13,2,15,15,10,50,5,3,6,0,106,1,387,7,26,4,36,1,16,44,5,0,1,2,1,28,21,19,0,6,5,112,10,16,16,0,3,39,13,23,0,0,2,5,3,41,0,1,36,5,19,7,16,35,25,44,48,26,34,6,31,2,57,6,8,1,0,14,3,67,89,1,4,12,17,4,4,22,50,16,9,0,8,7,35,45,229,1,2,0,71,3,73,1,23,1,7,479,45,14,18,29,13,23,3,1,33,6,1,6,3,47,1,12,5,9,10,56,46,12,65,0,134,6,0,1,15,8,92,279,44,1,25,23,14,21,10,14,3,4,24,27,54,198,20,10,11,4,1,3,28,3,8,46,92,207,3,32,26,7,14,1,10,7,4,4,24,18,0,42,3,68,9,2,38,69,24,133,4,0,18,3,3,8,2,0,19,5,23,82,2,3,4,5,1,1,19,6,17,42,26,2,6,102,32,27,1,30,91,10,24,3,31,34,0,19,2,11,66,4,19,77,12,33,4,1,57,11,4,4,46,6,3,14,1,26,76,23,7,5,0,109,16,10,8,20,1,163,39,13,2,15,13,13,10,6,151,5,30,1,20,125,1,74,7,16,735,363,94,21,5,172,3,14,5,121,14,36,36,3,6,15,3,1,2,0,7,2,1,3,5,2,7,24,13,161,5,9,85,203,7,3,2,20,11,13,0,21,3,90,2,30,5,7,1,21,11,38,11,51,3,87,26,155,21,5,22,18,20,8,8,63,17,29,3,1,2,10,9,5,3,1,1,77,0,1,16,19,9,57,128,22,34,3,36,0,2,113,1,4,12,25,3,12,42,69,71,6,1,13,33,2,1,105,13,1,12,17,7,11,1,24,1,16,4,2,100,44,0,3,1,37,2,12,22,267,20,10,156,3,7,70,1,138,3,224,13,23,7,90,2,0,7,1,32,5,2,1,2,89,20,3,1,1,7,22,2,39,157,5,12,21,10,6,95,16,0,15,6,5,4,50,3,37,11,86,1,15,7,40,16,1,0,46,5,11,1,106,6,31,3,0,4,31,5,1,24,21,0,0,21,8,0,10,12,0,9,30,19,8,41,81,9,38,9,29,43,42,106,20,2,4,8,2,10,6,23,88,9,1,11,30,5,1,12,9,37,4,1,4,48,38,8,5,13,18,87,35,104,33,4,0,57,6,2,34,33,21,1,12,148,101,2,25,221,4,143,25,5,3,1,1,5,25,5,12,5,40,13,6,6,55,2,7,26,4,2,12,27,3,43,8,8,15,4,9,185,7,22,25,19,9,12,12,8,26,4,90,3,322,90,22,6,83,3,35,3,41,6,8,81,67,1,35,9,52,8,7,2,71,7,10,2,228,28,224,21,14,14,18,46,0,1,5,11,13,12,43,4,44,11,1,1,6,5,2,2,415,0,2,7,2,71,3,9,1,266,0,806,59,7,295,619,14,8,28,0,18,9,26,17,57,46,22,4,286,1,6,3,0,8,0,0,5,10,44,6,36,20,35,9,79,10,59,24,10,1,8,24,34,60,29,27,56,98,46,4,0,25,18,21,10,0,142,14,31,62,1,3,1,7,12,97,2,2,7,72,15,34,25,245,2,6,12,1,31,2,2,3,13,5,8,3,13,12,15,22,3,1,7,27,15,0,6,0,17,1,2,2,39,11,11,3,68,15,4,14,5,24,5,9,9,14,3,2,104,3,10,2,2,45,47,2,1,13,21,33,1,185,4,2,32,0,13,8,3,3,5,1,16,116,1,22,3,0,1,19,71,15,16,3,12,38,17,6,50,71,20,3,24,16,9,2,8,5,110,1,12,15,23,29,3,0,6,5,77,3,15,1,35,1,66,5,25,106,22,10,9,46,2,0,18,56,15,17,6,18,7,5,7,41,26,24,5,18,4,9,6,69,30,8,15,12,30,9,34,21,30,0,4,2,7,152,6,34,13,9,340,360,1,25,2,1,8,3,10,3,1,9,7,14,11,11,7,39,2,36,113,7,16,16,50,3,104,93,5,2,17,2,27,32,15,376,34,6,151,24,26,10,13,65,3,22,41,12,13,11,48,34,9,4,4,74,0,7,2,3,178,49,19,40,45,1,13,2,43,3,16,44,3,51,4,50,19,4,124,4,0,5,12,3,41,1,5,18,3,12,19,26,30,4,8,0,2,10,7,0,1,71,16,4,23,13,12,10,372,0,10,4,3,6,6,0,1,4,4,49,15,222,2,1,27,2,5,1,15,63,13,19,1,10,51,79,12,31,35,2,1,2,2,19,9,2,14,49,0,11,5,0,4,4,3,7,29,144,8,65,94,5,4,19,67,1,13,14,122,11,27,103,193,54,15,9,8,25,10,18,21,41,26,13,57,4,4,0,15,7,5,15,9,23,5,8,280,9,40,17,0,0,6,9,35,0,12,14,134,1,11,45,7,21,73,15,41,68,42,6,0,3,24,17,12,4,26,10,34,9,46,4,2,19,291,4,8,11,15,8,24,5,6,9,50,11,10,5,6,36,2,28,35,60,0,1,27,1,13,41,14,20,6,67,6,0,22,3,5,58,572,37,3,144,12,83,1,3,5,27,30,3,99,0,22,16,2,2,40,36,5,1,7,36,3,45,43,5,60,39,62,24,35,4,1,5,43,42,4,6,23,20,148,17,5,1,2,9,1,6,1,13,2,1,0,27,38,1,4,5,18,7,0,27,2,0,7,13,108,13,16,145,6,12,23,16,21,4,6,5,2,8,1,3,12,3,68,1,66,35,1,1,0,97,8,6,4,27,49,16,1,36,105,24,13,13,37,2,12,16,7,10,5,17,0,12,15,26,40,37,41,43,26,3,72,102,38,12,3,8,4,2,18,3,37,544,24,8,4,11,35,1,3,6,17,12,27,71,386,10,1,10,1,23,11,332,3,11,11,8,41,23,38,18,2,86,1,96,5,32,8,2,8,9,32,15,1,11,7,5,3,0,2,75,36,34,22,1,5,13,2,4,12,313,22,89,54,23,2,3,18,4,74,3,5,5,40,4,59,126,0,11,176,16,7,28,26,19,11,3,3,7,7,2,3,2,28,7,31,4,97,4,3,63,3,28,0,8,164,1,29,20,19,6,116,63,36,16,159,36,3,2,6,38,39,26,7,5,22,30,0,12,89,27,2,1,404,27,33,38,8,20,20,32,1,15,46,3,36,9,3,0,7,18,27,12,6,20,197,64,6,2,3
963,421,1918,4040,21448,7239,14484,10140,2435,20197,1485,6497,9562,1685,8461,57830,13958,12549,391,8829,3958,642,444,4964,12346,33766,423,12630,1244,9125,7243,13378,12616,30872,71325,26482,24744,33136,20771,2068,40441,18871,24159,55845,7071,10916,21791,37155,13324,2817,20068,6077,8315,1594,9685,1827,13859,3873,2311,35996,21075,669,22558,11733,335,2202,4607,6510,10189,9618,18226,10162,7970,14793,24247,6831,20561,10861,52866,10873,10005,4256,24537,52700,3712,2527,47222,21910,20775,834,45177,317,10885,19813,896,957,39869,8277,7278,4814,13457,17513,57165,27808,733,43939,366,15916,27478,3606,11645,36114,6479,6163,1322,21517,564,14115,520,2459,24734,6542,626,19445,150845,1301,1464,11209,8151,395,53459,7693,19737,51027,14612,4785,40893,15039,789,81962,3354,1284,469,8633,274,29830,11035,1300,19224,2058,17864,9370,48463,2418,35211,5865,476,20446,82522,51131,21105,23392,36581,11425,16711,4431,32044,49872,3189,19791,14617,8918,62719,6033,3671,5258,23760,12014,69792,6069,193,22523,41738,17515,1016,9912,2398,1822,6133,30662,28074,12855,19907,1713,19291,136,21671,5877,48815,1474,3730,10052,27609,9496,6663,201,10268,48294,6476,97094,8248,14077,14477,33,54139,7047,62439,14722,9277,1424,8993,28176,2116,5332,5896,5054,4892,4371,13729,2327,5752,44892,294,4053,4561,19537,8900,455,1576,40107,677,7626,57988,25952,0,458,7517,14100,2837,19490,11364,18817,3299,16678,2658,15636,1175,7713,19455,12952,8252,27761,8510,12060,1344,27415,815,2035,13572,27187,22818,15704,25061,4016,19923,4280,4915,4359,2996,21277,2660,8521,70499,13417,8546,30533,10560,797,13165,2329,12638,47068,14416,5365,7566,4605,7471,2912,3918,727,14836,46023,5742,201,26180,19623,13083,15749,4169,27022,17053,22880,4502,1321,33916,5903,82992,2259,14355,6,15618,5300,1667,786,29427,11107,111603,891,53363,3232,535,596,2803,28675,20310,12996,37992,1422,40494,0,10953,29,11992,1997,1882,49630,2786,13329,14317,1605,6283,16983,1409,3200,2751,21652,2781,17376,6279,806,3943,6229,20517,1677,1450,2434,10886,21763,14272,7376,3833,12552,6526,6610,4746,19,28694,18787,30480,7550,8378,9702,18712,8154,571,940,8498,12372,24088,13356,1837,59269,32515,6702,15690,27495,158,16615,15231,6410,7012,22437,281,2623,2989,1495,9424,3110,8360,34057,12907,21443,29916,2644,278,13972,11272,7734,14663,13926,27897,25715,23006,8797,5452,4705,22661,5280,225,4595,4751,3386,995,25007,1186,301,275,13526,287,8249,7202,1264,92506,4736,2124,16935,1878,17740,4359,10962,24416,1942,3621,568,2222,6418,56069,2108,338,21505,8503,5645,4831,2893,30018,13095,19086,7613,1832,12972,6478,11567,13559,1777,21226,3433,12597,4251,6831,3346,33918,8632,76655,11490,8053,57731,3954,1071,13553,39374,8568,19021,1603,17339,3575,34565,7793,36678,1341,33730,28984,218,23226,5042,13562,16686,8900,49933,121556,85230,11490,49149,34328,30207,73855,6527,205,17465,13434,43570,19671,3832,1113,1736,6229,3438,2148,8038,2914,9464,152,2462,27071,2438,25607,7741,36795,21413,16,739,11537,3642,2956,2862,9204,15009,10854,13214,4280,14727,59477,804,28634,18286,6151,2833,13443,2,516,4584,2459,16409,33890,37210,2388,18255,11835,11412,1667,4569,19064,15686,5943,36867,14680,25989,1496,2080,21459,28840,8922,29938,13598,9273,17517,15364,1371,18424,31829,31006,46475,93,4235,15102,309,3435,206,52933,104,15183,16762,18704,3525,879,947,8942,337,19298,42281,44134,4290,6766,7990,8767,16230,399,4323,10063,10300,270,2046,542,14309,5575,3555,6218,10730,18978,7295,20220,20631,4237,21438,10398,3993,20483,46868,8555,6167,3053,1363,97745,924,5814,61853,16468,5904,16725,3705,3071,19367,20172,37187,1173,5799,22852,1128,6391,831,11682,31450,25021,6809,10182,12330,17853,2103,2947,5251,37189,41028,30835,748,4214,804,10840,8943,31189,33117,39896,16980,5630,36380,241,676,7122,17403,4064,16648,11040,8285,17864,18963,7062,8139,19184,1192,8812,2158,588,5685,20573,83,68299,9,0,7439,28049,3928,39186,2612,14562,1353,2846,97676,1596,4019,12097,4894,78729,99,1063,638,23175,28851,45987,34066,31498,11593,26840,19699,15126,19584,1092,5139,96,598,1563,19503,169,50536,4753,50471,17024,2583,2912,13309,9841,1024,38062,123626,2750,20095,111026,29780,9931,20041,42266,24331,14253,20105,767,4844,17175,1148,28422,32032,2710,6928,250,3293,4259,14064,15391,20395,52787,9007,2282,20769,670,6298,18169,374,39045,9974,3404,8951,713,2770,438,4977,21310,129,8097,66766,6699,37110,3820,647,9076,5876,1566,15041,19694,2645,4345,23356,5671,4027,65350,9592,1154,16766,1925,3507,13549,18612,11301,23792,3039,10190,101670,8507,12634,9908,5493,17396,1818,12243,8003,73645,12413,20193,9183,14044,11116,29201,44401,14569,6580,523,11043,16334,930,23694,4798,10715,2254,2875,15299,15286,9231,43372,9352,29468,1250,51695,1126,1541,6527,12418,1494,10893,1917,2524,21324,65221,7009,3313,662,35047,11058,22823,16412,7974,4499,29210,27609,4347,13749,536,9031,34768,4420,15020,2905,37037,2508,58640,1329,23402,19362,20654,2230,33031,10629,2717,31418,58,222,19637,8659,8486,27855,8967,58318,9317,41001,17466,2,63020,6551,30807,35856,73188,2790,4297,40244,2271,28389,20360,13033,4988,9632,7281,1724,3607,16068,15733,1882,12701,38107,8261,15893,26724,2855,17979,1222,26405,25605,60403,12417,9895,31301,2655,37818,1950,45281,12389,24246,17682,10303,63810,7178,8658,25666,1835,2915,52344,3749,10489,4465,722,30594,27621,545,21998,18841,26302,3868,2729,15072,11473,15348,10083,64931,9778,8468,39022,3719,2268,7591,3886,4453,23163,11195,47505,50843,21263,15418,13821,1769,5163,8016,2042,16759,1572,12936,39166,5900,3075,146161,11096,751,15939,29407,30910,7079,10399,39527,17784,930,135,235,35107,20526,11611,16361,4313,311,29252,98940,3347,366,3764,4994,2228,9062,4325,2948,13425,1208,4529,9,14084,51912,1693,14435,1403,9851,18509,23493,28616,5278,516,17434,1774,4429,32502,12886,17470,1380,56812,31907,1045,3367,10810,7895,27709,33273,39471,84531,1427,1489,16934,5887,6886,4038,4277,11763,32841,7654,2882,28001,8014,1821,11770,1341,954,21220,25042,3712,11944,122936,6612,277,12697,407,12962,15177,1370,4099,13482,1486,3062,16508,4610,10900,4035,22210,12712,7211,26738,2679,3243,10,29183,19434,1920,2753,9246,12607,2642,11825,6236,5164,6152,3663,3987,33050,10736,17944,2027,4666,4195,28532,3406,8765,1396,5950,15702,1728,29352,22560,18334,125,1721,13882,10213,12567,264,23753,15610,241,21505,25073,20585,10652,4885,7754,5922,20354,24820,67201,7381,2793,151,558,2636,170,6416,11190,15620,13546,89954,16191,8968,2849,2902,40666,4360,13915,9476,24004,22209,14473,36615,10364,17713,10389,31397,6860,782,15980,2539,3731,16347,144,2694,40418,25410,10397,1415,1499,15,43498,8599,9026,3196,1524,5716,7150,5616,7966,4234,4560,14854,264,4502,44780,1065,11635,43549,160561,56465,27290,1717,6425,33192,48856,46,17381,6493,207,11607,1051,3069,20125,30498,82246,3283,12645,19076,1933,674,6208,87010,17631,35077,366,4553,254,25938,2222,4218,16811,102,29931,4383,31895,6022,16860,156,9654,19223,4998,14096,11675,21578,26584,29477,39366,75821,54064,23310,53111,16565,7589,74252,6029,3715,24092,21334,3262,26647,5190,75322,1039,8146,2339,3239,4814,3367,30598,8453,16578,11275,37768,12360,8023,7309,8976,14010,7305,395,20798,46012,11989,26807,24703,27924,41830,965,9478,23684,26848,18656,42917,6411,2775,14074,12924,3469,5681,24611,4825,17008,66124,33640,9529,11325,11914,1465,79213,13706,194,19421,0,15883,43636,15174,12749,11522,3655,18156,12165,16880,20554,8734,31147,7088,24170,21290,17831,33166,12242,26449,5386,18658,11287,14721,7338,13059,50103,6746,54405,6330,9150,29826,11236,3752,853,5319,20,14889,24443,5097,29647,88870,1292,25,666,1521,14230,717,10083,6502,746,45030,819,27580,14050,3673,422,22006,15632,24631,37692,3409,7072,27117,99231,4138,433,2454,56320,23058,14626,34210,5009,10240,14155,18541,13989,6508,227,21563,28310,513,14528,2375,19568,8647,7019,4762,6410,22225,4017,6414,1183,1084,42773,722,19698,730,30055,2675,4665,59,4547,1014,9685,15696,39718,14553,6095,4281,12447,6323,26606,7918,8297,14447,18056,31211,63819,8199,2089,26790,47039,27388,19247,13184,1447,12003,32766,62746,9777,4195,44744,11573,2852,582,2251,14213,61586,2741,23073,8293,17023,8110,1739,4396,8151,795,3819,1327,29648,150,2664,22344,15862,2631,3850,3704,6231,374,2201,6982,8147,44644,275,28441,715,8072,6312,11817,15538,197,987,2847,4758,5375,16535,17965,4291,102,24988,387,17144,10128,284,2782,21472,16544,4,8575,408,25705,3958,16663,60232,19712,23645,10320,842,12724,121,17207,9100,45451,37604,2854,25555,2555,28772,13244,7597,5026,12562,9610,329,23174,10160,15061,521,2888,16207,27372,3288,12,610,7961,118,4655,84,11243,8532,5252,22267,9196,2477,1158,8355,1021,30222,63452,6019,10250,5813,38791,417,1352,5184,1796,5658,44231,32736,694,736,3415,389,2191,26778,2272,17770,12890,13270,16026,26328,6,6949,80,2082,4367,2111,3829,260,31206,10671,5743,20958,5326,7440,5106,18558,44544,3292,2768,9759,6140,33345,3615,14669,2610,10659,649,8833,61610,12397,70081,9932,3476,3251,884,22492,1683,6935,17541,1485,1128,115880,2724,3875,0,9139,28269,3786,3300,23836,19641,28904,5407,6544,683,33429,44307,9,2598,9005,44761,47775,17724,1391,2066,11842,1284,46639,12346,7269,1842,2711,12386,12800,29850,3325,18581,8,39902,7464,33756,11072,4045,7909,1591,24236,58859,60331,597,0,550,3428,3070,19919,1855,10637,831,4475,4213,9708,39614,39347,1468,16124,9907,23327,6225,6005,6322,13879,5367,11757,825,48117,7222,3398,13253,2935,4023,3256,9944,1150,10166,25685,41257,243,77527,20631,45925,1075,3368,4474,1819,2385,5866,722,7994,63,5100,751,2416,31282,1920,2168,27379,11076,22805,530,5966,6326,22037,7535,17057,13795,6261,40401,6460,8714,1084,1334,4655,39991,15497,13365,821,643,8365,12977,13132,2258,981,19578,29724,823,142,16967,417,644,16168,50,19901,7584,96,16419,434,4553,8147,21974,1192,3949,3193,20577,1001,679,38684,8565,2866,2729,16241,8434,16884,2552,14619,7446,3047,56641,14757,101,6531,70202,36020,8272,16838,2532,9359,1150,3759,17722,8712,3064,22866,30990,2085,3081,9489,64308,3736,1448,11671,3516,431,2783,1049,1174,4376,8643,20130,49,18164,4680,7530,26509,4070,11119,247,32737,62801,647,7141,2287,3744,40034,19356,463,1161,917,19607,7347,6199,669,7896,11776,10457,7663,56869,17597,41280,53491,2395,6028,14106,3711,4159,33307,2525,6660,14173,27685,21073,12510,62474,43500,8418,980,28383,4449,11576,6244,138,3118,19675,2294,66837,15803,17176,21762,1054,16128,36456,50609,2371,40146,3340,6537,333,23098,9124,57022,16156,31741,12920,4965,238,5141,10386,5844,11155,12064,31054,67572,22855,926,5400,49151,11386,48215,3153,23110,5925,2424,4077,5625,3830,7020,12939,9250,19991,12095,4133,8870,14711,19296,7872,7562,3330,9797,6144,42284,3309,2050,6533,1456,3668,0,7927,1583,17036,56732,46,6508,19177,166,5248,2913,16472,1733,146334,2849,5789,8789,11125,22667,6099,2968,1527,808,38630,25353,12,15062,23670,4742,6589,11044,21238,103,28292,31613,1614,15402,10575,5986,4813,1391,24567,71454,23045,1851,39644,27998,20488,8111,12387,39740,10066,2193,15365,40788,4041,3367,7923,5264,7485,23687,2828,32514,2089,30232,2708,522,2657,6594,7085,14531,334,12039,16439,20462,8594,4314,33608,60,599,4540,1219,5471,30633,10519,28230,28503,292,12750,14251,6078,47864,8558,369,901,1169,17203,30000,18864,85,15111,11778,33181,83002,6518,13552,2032,19663,1630,3255,10080,8513,17701,1599,27677,20504,7087,6058,25851,9218,61310,113,4949,27186,0,10380,7471,32128,22135,8054,2552,47394,4147,10,1065,21459,9772,10895,4479,6104,805,13147,8422,9575,32,44472,9614,1025,6726,47639,68344,16349,11351,10520,3623,6786,4637,18058,1829,136,17162,11193,10835,73877,107,8539,9775,6431,1089,15303,53,8998,13391,5703,1688,6185,3077,5631,15368,2989,4870,3743,460,6304,475,6912,14580,111,10205,13465,26559,4180,17021,1303,5043,6359,28043,39852,28568,27554,1619,18386,24396,2510,34065,8517,5268,19600,38685,4100,8378,26442,3711,801,16237,16402,32351,782,910,3613,5454,5574,4361,18722,2781,9080,825,1063,122,13150,1422,1963,16087,18790,31147,31557,7105,9795,6446,39029,5117,2386,0,5410,7024,6312,13402,33825,20684,51540,3498,1618,51457,7999,15794,4283,17746,66,1632,2048,6583,20598,24422,59553,49202,2650,44776,2347,5318,977,12096,2334,22298,3226,4317,40675,13970,3183,21515,6884,8840,15987,5550,12068,2761,5820,18779,1625,3937,9038,36817,118,1766,19151,874,30048,13045,7869,30447,11692,75898,3975,502,22293,1936,5235,1076,51196,6657,16644,1397,1285,5853,9583,18258,14971,3213,16838,25776,26664,51118,27755,5038,5069,36579,2019,2287,691,1064,13666,3452,22358,6966,3430,54290,106553,27884,656,39823,20569,324,16123,18197,32,5735,13183,21756,3086,22392,25783,11155,11795,7414,39361,10521,3989,9267,3127,10421,796,1565,23990,6490,20894,18125,1130,3229,35293,6700,29775,12906,119339,8834,4863,33021,40076,4104,137,17079,16673,1173,4065,43018,40,2025,347,40297,1269,8962,4223,2402,2704,1049,7666,13668,7446,5417,2482,9638,21772,1831,58865,4285,5270,783,10247,58284,740,170,2429,24090,12727,3586,3005,7431,35175,11,7349,1064,376,24149,22,3809,19863,6544,1748,5653,1827,3130,12551,83,44980,725,3065,12406,30226,9106,9091,9381,22572,2674,6999,4750,42464,12862,16130,46398,5042,20485,5378,17242,8296,3172,37533,590,204,904,9243,6169,28791,12391,5475,89240,13431,15377,1314,4418,27973,804,27060,3205,236,14184,38223,2801,15637,2863,5478,2449,6,15299,64506,1235,55,2531,1583,48421,27746,93129,6369,1738,11091,31311,53675,8641,1176,11246,7085,7568,7767,3466,118,20936,5049,8364,8235,3837,6577,61133,51328,11255,3146,7439,4927,8492,16101,13528,47189,1242,9115,15271,7184,7882,1839,10932,4302,5560,581,16816,8489,2165,22742,334,702,5223,11620,22661,758,134,6331,426,23187,26881,1881,5569,8228,56000,27687,15043,7098,5896,3337,3800,13614,4531,14855,95,53225,2823,28572,3322,4877,658,11697,36596,17509,6228,6334,19342,4878,160,26152,4128,7644,1249,12211,12569,6063,17717,6761,8069,3055,7880,77978,1982,54405,1975,5986,25265,10515,31392,7824,45,11514,17817,2906,47004,22777,19375,10047,16114,1050,5613,26166,6068,482,1835,6318,22869,3560,10433,17500,5400,370,5720,47156,19173,22989,3222,16404,364,40738,210,6759,6322,3577,16543,2197,3375,3975,3147,18104,8028,1196,69811,398,3677,23922,334,47807,27285,10257,271,21511,5250,2829,2430,19070,25731,16877,5575,537,5376,2226,12592,10070,22151,1627,25379,4434,11613,682,41097,16387,22729,29909,10748,2469,241,1162,11897,680,29061,29373,15898,9,5876,7181,1071,15495,4347,472,9891,11008,47380,11406,13950,11971,43881,23069,3420,6031,19314,4541,34366,6000,1071,40870,8962,5316,69346,13359,2248,6280,73406,6069,2160,9201,6857,2867,1399,389,16676,25958,666,1830,12767,737,279,45467,595,6911,57925,37836,11948,3201,371,696,3145,11731,2953,47555,85,28540,1988,384,23326,4230,12607,10954,10471,19170,27428,10749,881,18280,25942,11978,27028,14005,1904,3051,48759,3800,47972,3582,35062,1148,1786,30448,2802,8643,7704,17690,3673,194,3652,19011,83211,13056,8524,182,7203,704,4990,2551,11962,27244,4405,16141,2814,25926,638,4898,633,95723,720,18025,6507,11403,28844,1641,4853,2088,3670,18453,6487,33323,5,37459,23026,14792,3153,1718,1154,3675,19302,6968,60453,20352,8400,17613,5064,21778,2705,946,658,14,878,3024,34082,14108,25926,19690,6643,24212,15537,24709,22811,15158,4725,22641,66297,49346,27784,13517,1769,17136,39422,2899,6945,19164,29797,6894,16683,18558,9962,3945,28160,1419,8513,72996,8295,17188,16732,9446,5071,249,134,3851,114,1098,4133,43797,7244,17959,8285,2478,807,4911,2497,3260,25213,4750,16725,3774,25525,14968,23476,0,5716,1473,18910,6410,7606,16489,16598,2894,62249,13196,468,3699,20223,3641,1158,10203,81,6524,887,15740,19514,12253,13404,22435,9745,50529,710,20124,4943,6959,208,3248,17971,59301,4225,16118,7979,2010,13126,5622,14842,11173,8200,21141,670,12528,9038,3272,10791,1737,237,6665,49061,12573,7457,1962,0,7267,12487,1308,27166,4146,1406,570,3755,17594,16946,8603,14501,507,7745,6154,13304,5610,33810,42952,15560,16408,22871,2756,2433,1736,2781,2057,1024,3910,9462,1008,16,3403,77274,17,24488,4239,11069,4191,29556,2643,9323,8574,2433,21697,6019,1052,27280,944,6977,27672,3700,6475,27653,52368,19655,1755,33006,52748,9565,5988,12574,1778,53209,17195,8469,9240,1801,10664,258,17816,12178,16017,6815,37843,11230,12656,5922,6056,6932,19148,15629,33902,18811,17357,20803,11860,14225,1992,5358,3795,50948,24418,176,23503,19916,693,7711,4907,560,17105,10978,12692,13010,1461,44831,85998,3939,4514,7225,30333,36206,16624,19177,24290,18568,1864,4700,34581,13614,2896,2269,12608,21587,15735,33523,10268,2675,769,24131,4390,3901,32116,7402,14890,17902,246,159,987,17564,22651,18984,5319,9,28676,2505,20872,660,59310,5332,2903,19945,20273,973,1224,9139,3879,40840,1394,1258,38027,1062,19975,885,24437,7544,83,651,2039,8711,10987,777,5878,8358,26849,17648,11659,1941,7880,3909,4210,3214,4463,3415,125,11731,267,44192,3060,39,4467,430,30814,5404,24482,988,4618,84778,27613,24,13368,2259,12054,15276,15666,293,99755,34947,2892,2034,10104,2154,7133,4510,2558,423,13804,205,25471,607,39670,9789,420,933,8421,1395,13019,4,16694,3743,40746,16953,86492,1708,7894,1867,822,11349,5983,13958,7930,251,6977,3539,1744,9673,3101,3885,6179,11692,42173,11014,10838,915,2258,14228,80114,61022,33658,2445,18185,6311,16194,23028,12411,3472,8243,23588,1721,25494,67236,6894,370,33970,4120,23891,34171,3107,2917,2936,240,18767,134553,9926,31365,6546,52196,3871,8771,21692,1126,370,625,29541,16569,1894,1761,2672,1166,22442,5462,14858,305,13660,19720,8895,8860,33802,2812,3875,11666,33241,3475,37911,1482,10592,18210,2770,13678,34137,8901,11412,12047,8810,32053,3398,20050,9239,5607,8783,108620,12998,14212,20039,16603,4051,3572,2084,53250,27271,9711,19461,15742,15822,6696,8885,17389,11839,52,459,29488,66695,6387,5730,18137,21339,16559,9820,11815,185,24579,18075,40985,258,44095,16167,4909,9679,30352,32347,3234,21541,2569,1597,15556,28283,12048,73809,14480,922,4250,30789,18912,14353,31973,4748,2159,3559,3850,32235,15947,20914,46024,28837,10385,13459,102,7923,1550,1133,7199,13991,5710,5376,10068,13091,49379,31315,116,18009,53,23045,1248,1199,9991,114,5771,14616,9683,2240,408,18,15675,10227,10023,22836,14346,15005,3199,1,9352,9397,6888,52811,1452,1572,9811,10738,571,24038,8369,15070,19842,5275,8911,31955,15431,4968,3921,2445,23723,6213,27954,3946,3238,0,7727,6065,3498,201,16911,10157,5159,6068,892,6780,20592,55934,31586,1503,42,17957,7764,2840,88832,29618,33255,106889,5054,4467,1575,69,5846,6579,88204,798,5313,4733,19,43997,1466,7208,8955,17493,2925,5483,4088,9867,28229,15080,21789,42703,15217,22240,35746,10165,4299,8873,27,1738,1673,9152,75596,444,16086,592,32216,856,36369,3155,3310,8016,1610,17545,48701,0,529,2306,7883,4482,70811,50582,331,3713,58687,4144,13753,279,0,31779,1654,23169,34894,28831,2869,409,13,21950,17171,49101,19621,8389,3838,247,39556,10184,96296,363,4078,22373,14761,5070,3735,20150,11636,7442,1336,4427,3130,5086,316,13430,46529,1955,68554,3099,2935,21532,7584,11111,1316,26291,442,40043,2592,13404,5003,5759,31122,18749,70461,29567,892,7662,6676,2070,8220,8129,8713,18324,59281,10310,2004,56593,1,61358,21337,17916,8057,508,23649,61283,18926,22630,23560,1354,729,11,1840,12870,49727,18852,39139,668,36368,13611,5024,55509,71049,6732,20666,10159,3152,344,3754,72,6649,82471,8529,40051,5138,20919,7582,3576,212,11325,71916,1207,55136,11849,5583,17101,5936,1703,5290,35283,14630,11295,28181,8677,4667,10962,1997,21844,37305,15204,3260,46946,12684,46529,20722,12966,6513,17636,2945,8019,304,2026,385,185,14694,6344,11448,1432,1353,53919,3280,7783,2151,935,11901,41027,931,11400,1768,54956,3911,4418,9781,257,12482,1305,2210,29241,29556,37227,1931,10980,6551,4509,15608,3995,1866,771,10947,36820,10458,2534,164,1210,3028,59117,9008,87,1912,20035,905,40543,3308,48802,0,7379,7388,4963,10761,1422,2507,14243,2336,3283,16367,4816,13135,23655,26971,5624,30288,9074,10489,39783,16825,113542,21994,3346,7232,2028,11694,3127,7556,3288,21128,34375,7419,25487,6148,30104,2949,4274,9890,23629,3035,7649,7207,10668,33997,2295,14981,17320,9358,54277,4282,66970,6787,528,4936,5472,2646,1268,47844,5399,2140,9324,6527,11776,19431,1464,9988,18686,23040,1782,81696,2249,867,32595,12210,22709,363,14675,1954,18187,28,6089,1720,23666,25551,17450,180,3429,12692,18528,240,3542,6964,45516,15399,27472,1968,10527,6752,6247,4338,3669,720,9068,708,81241,1417,16323,9700,1996,17351,19402,2135,33945,2682,11049,33227,1479,4462,7292,1468,5546,8841,30972,7801,1183,33904,3061,1876,9809,2180,2725,14053,39459,7955,42603,21167,19085,10987,17070,3331,614,21784,11827,11077,13695,891,17113,2190,13378,477,8770,32629,3954,32420,1170,12172,11387,24612,51055,33251,21315,42077,2660,23912,29058,15750,22658,51385,16264,21096,15403,44785,10204,2539,12946,10370,2711,20434,14434,1578,21,19335,20940,23731,24114,1121,15,883,27261,20481,44744,17308,30378,13297,14399,14894,10104,2849,31999,11877,714,22631,1428,49357,3774,1153,202,9646,29424,0,44441,3849,3593,8923,836,20756,4128,4601,607,3024,7069,7652,34733,1135,3353,46667,11229,11779,10834,1922,15911,5667,19168,9275,895,393,16766,8824,24686,6263,1052,6720,7639,4145,3124,2048,20088,871,885,21062,5331,43048,1942,6497,12716,248,60345,19406,6227,9894,35037,8746,20498,55331,3437,39725,14487,3454,9377,5418,1866,20296,44822,5699,1650,30601,5122,2454,15799,13888,1570,7942,2082,1754,35012,16333,2789,2251,11309,13223,6665,24961,11969,16039,6163,1368,2596,35827,13723,13906,11748,60899,4454,29144,10770,38695,34346,3361,14510,20083,30529,4836,11531,4056,14231,9187,18196,23674,66882,53039,4584,26763,12553,2227,957,12431,3134,32286,91225,1555,17437,0,6443,32548,6310,36395,219,14128,32383,9750,6021,5067,8440,17686,6009,5545,98,1237,4315,4103,59,4767,1164,1459,1969,12751,2784,9989,56432,53380,13641,17358,22436,11504,29931,80405,2427,1709,555,4410,16498,10625,3645,1789,10652,628,17334,1966,3104,16971,6389,4650,89,21636,3565,8855,15378,6959,23848,13680,8978,70150,20234,3889,12510,30862,303,2084,35305,10802,1385,3839,24716,7493,1796,31113,936,10491,406,26447,16702,7754,22384,8706,20884,911,24000,11773,11580,37953,15593,6152,14830,4423,50736,10261,18894,12403,10460,9006,37805,24936,19739,451,23806,32564,33705,12878,7252,3474,202,29130,39382,42909,25769,1788,16733,13546,1522,15668,28229,9978,8140,10323,23483,5114,11764,4018,2331,13358,4936,15928,5191,2489,17564,21173,14467,6580,14846,12080,10504,2907,12027,15873,3035,20473,45500,25272,7629,33268,23651,9519,22319,23929,487,1152,4453,7903,3606,113,453,8581,864,23822,7335,77,24206,6854,2152,3,28925,819,36362,6601,9982,16968,5660,754,11854,30121,4433,14801,2273,4478,667,481,10765,5386,830,2005,3348,2713,4423,8506,18913,21084,5031,5036,44219,57771,65642,4439,48943,43828,24452,5197,81552,77467,56,44535,33046,47154,2323,12512,5560,39449,10448,11896,12045,18405,463,10489,7212,14912,45004,11391,16618,32721,389,7180,651,11695,15618,611,1520,25846,9926,19743,3035,4334,29524,74,16634,6913,9044,3390,421,7284,13976,4240,17033,3086,463,18310,4037,23821,3013,16993,12841,46,39342,6899,96,10647,27383,8410,1437,24899,29708,19259,11120,8648,7690,11277,7634,3546,49195,1721,4287,9050,6156,9115,33297,12188,19622,540,15675,12334,6387,18446,1,14786,1911,3367,1916,14996,19638,8417,5505,51256,2271,30051,13789,14865,42847,595,14639,15142,176,1446,1535,123,11452,4060,7124,2155,18641,13175,35142,40548,948,9256,1395,24994,3784,23883,785,9260,310,13537,15237,5738,5097,956,2395,254,15060,31075,38671,12028,1397,4397,22360,3855,194,15972,539,1219,2727,17247,1191,9947,2579,8375,15569,644,2294,2321,51552,47057,30057,23137,1242,5889,6830,30545,39978,1370,6541,11256,2212,6134,55016,7976,1255,30758,17566,16734,4529,37815,1332,1917,3663,10788,25807,5710,3000,3340,47476,9778,17823,26965,29829,7081,21816,201,30013,15661,23495,21066,1682,1439,11193,35772,279,18679,2096,1253,23932,366,3039,15589,22385,5974,5184,27257,1432,2746,38293,11671,12981,5509,11862,2806,322,2963,4222,11464,31904,19384,1936,37375,374,26414,101163,55410,931,6676,5437,89298,700,9711,10240,15076,1265,11794,23346,408,30994,18015,1513,5571,170,10115,49617,8534,439,21255,17618,480,1041,1249,7009,77,15979,19324,45923,15271,1343,26395,3412,12328,24752,4122,28000,968,11457,8749,37050,1363,1709,1273,14912,4215,51258,13780,75699,2799,5777,17775,3919,48336,3982,22313,1876,300,20369,674,14457,8446,6775,4663,9377,2017,281,44328,17785,5234,1508,25103,5088,83391,40319,7267,162,23800,37803,2649,235,15170,225,25877,15125,64355,7344,102,15152,17603,4520,7169,3076,1136,13336,40683,106,5144,1298,19976,12950,33272,124,34014,8710,2089,28012,8070,9603,14411,38127,43999,42264,8020,407,28903,8974,5571,17929,35921,6810,883,13678,21092,467,52260,21861,363,46253,34989,56727,2161,30301,2416,34218,1845,7769,46300,12860,23787,97,47103,17234,24877,3275,972,10173,45106,2176,12018,18501,21118,6922,4961,617,1818,7336,34304,3117,2153,20736,54377,5385,1682,14544,9896,1946,30946,39590,14502,38408,2667,14834,22958,29089,45550,851,32,19607,1741,19135,12709,11242,5399,4439,26361,1475,9512,11180,16392,350,8479,8421,9464,11828,4317,1191,17187,25813,23931,11676,614,21781,2730,10405,31839,2040,10179,20843,3743,33692,27542,495,46215,30051,32816,2944,2799,9330,11196,25901,15586,7513,38874,4946,58296,0,25400,16247,41930,8417,178,5440,10100,42043,13266,5409,2050,12357,17766,12392,4628,1629,298,54450,4455,528,17359,7787,23559,12048,59327,4245,1305,2124,38018,1864,2880,4529,21197,27432,9461,13098,29141,52544,10401,12854,22578,23073,7456,23509,21387,40561,24356,744,9778,4610,15245,4126,39392,341,21090,5733,11855,5912,31254,11580,10539,5362,560,35352,689,26272,1146,8169,5456,9462,4063,20075,214,3996,19719,4714,58,26809,15074,6688,153,70597,18320,12008,51933,1922,3217,29283,7817,5448,24021,10566,7530,12348,11927,31389,7294,2658,13567,7455,4454,13540,2819,1757,13199,10166,64229,6903,47216,1790,17029,56342,14615,4048,13138,5619,4929,8241,14767,1765,20025,533,9505,9988,4803,14149,20474,1095,17301,16450,4412,5509,14668,5191,510,33823,14724,31494,13842,7204,1054,18446,1254,39690,1947,13930,7492,16418,3786,20553,10493,930,67383,68857,43,7658,9898,491,11,8026,4056,6009,7250,900,37768,0,20307,2347,1358,6725,3644,5313,5969,8450,20563,411,21563,802,2252,5709,9423,1549,24108,22738,11367,17282,4632,8002,22193,9,4517,587,38127,4343,30180,18722,12922,42,948,9305,3712,12028,1722,174,1463,8098,13585,5259,3773,8842,54475,75067,2665,5867,8457,4515,791,3998,898,16944,7865,38973,6799,692,6942,7455,1792,6448,16095,5534,2240,5583,36932,62789,815,21000,2703,13571,975,259,8316,12900,10501,3307,10882,186,12236,20168,139,56718,30739,21244,32799,37569,6599,16398,11270,10938,32845,9739,29037,19106,18166,21877,20602,1813,449,21946,10774,98,2248,8729,9547,46861,8358,20921,1367,7271,33301,15741,8481,6939,5020,4686,34642,18006,3300,3575,1304,25037,1516,28395,32938,169,2360,41095,20431,11100,45762,5441,34020,19417,10243,1272,4597,1937,11350,19029,8164,4065,3279,3020,10,39166,8008,25,26296,3206,10777,13378,6517,4654,1389,4917,22173,4245,43530,11885,4318,62283,22068,15076,57397,2412,28999,7715,44177,15220,37823,18181,55430,10635,68,4825,24050,25820,16264,35414,1659,8707,30264,98038,621,8224,3616,140126,498,3411,12538,19171,34427,5011,742,9836,878,7062,9450,3627,16343,0,4883,5035,3887,396,58788,7888,7369,1139,19124,404,7641,2063,18224,1433,7628,14075,1159,10484,701,12954,14348,11080,12207,2389,123,1267,1154,31775,20790,8908,2756,20743,6766,1354,2063,15722,3231,5072,9849,660,22958,19631,8838,2884,12291,12998,25794,109,28706,6530,1661,13336,18222,9108,1358,5253,10802,39186,97,3683,13033,29121,6007,6053,140,2436,7784,9352,1263,9214,10923,2579,76361,11355,6278,4426,8390,2567,13994,9721,2729,10683,4318,2536,7918,12221,17416,6285,15047,1379,1659,28925,404,2390,9099,14576,9684,16990,12975,9687,4254,26775,1376,34918,8125,16910,14989,3591,27167,2287,11920,11425,5725,966,65352,2528,12969,17435,16143,10140,4403,4223,17588,7039,1239,8314,11319,10583,7450,44747,2929,9381,104,7430,5407,3389,20281,20968,4905,2076,15287,8154,33,1502,25660,23344,1497,15683,16140,6653,7750,32758,9067,3005,7733,1063,4631,9834,35694,61596,16061,8227,2720,1945,233,4124,213,3414,6569,14237,15242,6786,4758,481,8565,14814,12603,19700,20642,211,4970,17307,4866,8415,12208,8767,53,12420,45311,2750,18343,7467,63,12332,50639,11019,3732,9338,4949,264,748,5010,13986,226,20542,8351,12378,13326,14701,332,50335,575,64937,2492,2507,4718,25012,16207,9431,22732,6884,493,2602,782,25982,1382,23150,3585,2982,9977,40800,7534,32146,14131,6796,13698,95,12720,24034,2859,2450,2204,331,33124,40931,3024,1809,3950,31871,11652,2248,15575,33533,39643,10220,13465,13557,25091,273,21,1574,20197,54,4821,17148,1644,32881,3,8517,8403,206,4844,5760,4607,1332,25740,11996,415,2135,18678,13039,35715,6284,99496,28428,59919,51286,23313,722,5184,112,66,10156,27890,1136,6989,15148,25205,15586,6257,8230,1588,11848,4453,16776,75936,25555,9223,15384,159,266,10443,27,23537,346,5758,3763,1690,1884,1541,53584,59555,17922,794,13826,28,6666,8228,32682,29371,18804,6387,298,213,4743,15316,5472,4291,21576,576,426,32713,989,8937,15880,935,41011,8468,4825,6502,18215,50296,1842,214,25018,22775,7700,21088,25358,493,44300,56027,5784,14095,210,27230,19554,526,7837,7674,1082,11623,7665,13781,758,33484,412,8654,26799,41868,15021,472,2654,5961,6312,7814,4053,2257,10919,5589,1299,1043,1666,1002,2071,33605,186,256,78159,12886,44519,19340,10415,3114,882,23987,1181,84244,3384,33612,110482,10793,5992,1121,3486,28530,6447,14084,1557,2934,2454,5797,33695,4926,27255,25887,6434,27620,20541,46940,27918,15513,52579,6344,14184,3987,973,4894,4318,1169,34997,4570,3394,2209,9463,35649,9385,40494,27819,2254,21543,4313,692,4355,60360,22771,10407,707,35824,10450,4061,41588,8708,21874,65467,3452,8512,7185,4276,19038,2429,3744,2027,3395,16404,79,3040,511,135,23780,20350,1187,36257,6834,315,9237,36425,1158,5237,756,5342,40323,14674,39092,14994,4931,25901,22830,1822,34075,4765,3316,428,53,32555,20503,62342,13036,7850,5935,21163,149644,7079,1417,27863,33278,101632,16051,2505,7965,5664,2570,3201,3340,24829,2741,15463,9643,1986,32918,36731,7284,3506,28689,7542,16892,11841,2625,2589,13265,25881,10376,8980,2434,12136,12488,10304,12293,17550,5720,1637,235,1069,8,11026,2179,31428,2704,16798,9459,6890,17639,1862,5740,18451,10356,8610,269,648,2612,15839,21168,19665,31478,9858,11229,1435,9293,5768,57392,532,962,2523,51643,1082,6626,17092,48627,24647,12637,9473,1090,14095,222,861,7867,20726,773,16491,30191,11587,26146,7266,1205,3352,6499,32609,19829,2014,13289,5232,51829,583,9475,1468,28870,21127,18302,5845,2859,12560,2922,22237,1832,18436,1786,2309,11228,1512,7541,4551,3017,5653,10448,18083,10058,9581,131,10135,3014,11710,7393,2302,100323,2106,279,18291,5295,3679,16231,1177,19192,9036,219,1861,20341,1749,1268,35424,40745,24769,8878,7281,15382,1081,32455,3916,328,10569,28958,8458,21394,73436,46,4238,20208,1118,1495,31784,27416,229,36261,7425,10522,6763,1017,18592,47731,20516,13451,2832,5862,20348,5970,51316,25254,93236,3512,13765,3040,16048,4350,26536,14361,21738,230,4225,2627,11219,336,21715,8686,38761,5637,3939,19922,368,6111,691,24972,8517,26453,26404,5186,1961,8742,3322,13879,24723,22207,4650,6826,605,2203,7544,8241,11,2399,31523,5707,8450,7863,973,31440,1488,2077,130,231,1883,22341,97,9759,4534,12675,35855,5061,7616,13552,38890,16578,4,938,1402,347,15476,5269,861,22,289,21772,28933,924,1501,39548,16417,16810,11859,4418,17423,9545,2888,253,5348,21069,1810,1696,15935,1056,33081,26916,40249,33650,526,17187,28506,9299,38003,5330,9041,17190,25323,6508,4437,3928,73,616,32261,14224,4884,23687,2199,1001,1420,11126,7060,6569,15743,766,14848,4721,274,11312,158,2155,2684,20991,12290,3880,32116,4021,12629,736,2164,29546,10091,8416,9745,87347,22847,13407,5982,2364,310,90912,359,4509,9595,18074,2159,10078,29081,1733,6599,12518,14768,7079,55332,3769,6077,20734,4811,17442,4548,48567,20785,3904,1283,6456,7010,7810,7810,26577,53331,6502,8904,27150,4734,9000,6351,4130,28544,24060,13237,6142,13823,15696,14189,26480,5891,11311,1632,212,8265,52113,1232,23,1727,13250,23859,9210,6202,19806,6828,54632,9487,952,26884,875,21359,9339,9295,23519,6425,4324,46353,17229,2894,4379,58097,9336,5086,6626,1540,9622,7399,22538,44198,22466,17957,3193,654,11,56227,14962,2465,11723,7034,19389,9026,6750,7848,33384,26159,28593,7326,7408,5461,10632,44828,14896,53566,45,13574,22775,6641,4998,162,121145,4670,9219,7617,18054,18389,8016,24167,4438,10746,4698,11636,8385,47188,10976,10717,35202,64268,219,7524,43654,25019,4514,22880,16404,39565,9029,3941,814,26131,9387,5115,2260,235,27441,2054,7803,9388,550,40324,2040,7316,2464,34416,1859,63185,2578,20913,1809,5311,8890,3918,27673,380,2629,18629,2935,44722,22134,263,15886,927,4785,30941,986,12150,995,17398,22642,1100,350,1013,21423,3951,8064,13714,8106,2683,26649,3,1678,2457,5799,21383,54790,13488,4001,5070,12050,91734,14885,10698,13265,208,21778,249,1874,17807,7518,4013,3439,2613,1179,26501,33204,5821,3388,8565,11189,3819,12135,10460,5801,120,6995,218,13499,1102,1874,15341,8813,9123,31928,16894,1854,4884,5628,3578,12594,4981,15670,81197,1471,1676,10373,8317,6588,7555,12303,53882,27444,27885,14867,13179,20397,26142,32981,2553,10662,8802,13869,38635,75061,12329,29680,82,9969,244,11260,44,16118,539,40593,11625,743,9604,93609,5524,28355,2887,4021,3484,1527,4502,7846,4146,27810,2237,1782,3135,2467,23394,66128,14280,11862,10327,0,36174,700,1045,6174,3003,6615,2585,35458,2276,40233,5727,967,21766,51448,1712,3085,36642,24798,9628,502,3252,12,8312,51897,1889,2248,5723,9009,4749,144,6596,9586,1914,2665,100272,94702,21880,54121,6643,2044,9862,13549,47556,1046,6651,34560,8833,16498,10622,8833,115,4939,2394,5001,1284,10318,705,8266,17337,8825,18,3950,1924,42380,680,61,213,30392,10494,20706,17481,12478,8630,25844,14389,19124,24258,504,2727,57868,20883,477,31494,15969,299,27433,12453,5992,38881,48498,7642,1895,7331,1762,2472,663,2863,3637,13175,13801,16785,12128,2592,21347,1949,2323,2235,28684,467,27056,16918,36723,11030,16727,18386,15751,47359,9119,20460,3881,27418,10516,13591,5637,13340,7768,16874,64,5867,8988,34721,14151,34506,7202,140,17460,8274,9609,347,10661,6613,2385,15348,20187,29208,20898,1832,8479,13866,3103,1929,7867,22952,1628,4457,5581,927,11005,9289,7201,11281,207,4997,7043,3565,86934,457,4098,13335,22347,16008,1007,30281,16693,108,6547,96150,7006,3636,69036,28013,18898,3671,2627,2153,3421,3059,8560,10337,20057,1198,3339,34364,5464,2576,2498,2244,195,13327,21465,4317,3717,4397,12487,7594,23304,6306,8647,484,62080,23971,19577,6112,9272,1708,1949,5683,3269,4873,3524,47384,15464,24682,485,3092,14774,15866,18295,4910,4332,8285,1817,13941,36131,1651,41040,529,9234,12112,1919,662,12506,14025,45349,17933,4204,9708,4507,6224,6268,15795,2263,3647,41340,59574,20573,3077,986,2139,1785,40,10995,85383,2717,20002,384,3732,53071,14647,1193,4551,5162,15136,7151,15568,36061,55992,1006,15,705,359,1807,22509,3509,8513,27686,40515,8375,8725,2665,2430,66888,16164,9576,65565,35877,7390,6349,19730,18013,870,9852,7059,9564,18091,94232,2134,12467,9449,21077,8611,34095,22463,1022,14074,8106,21725,1054,27486,10701,22714,3691,5402,13964,14355,41420,9725,22469,40456,10699,4831,37370,86494,19524,1775,2462,10586,17515,24375,332,42180,23424,8600,38632,6150,30800,24121,17988,16787,59094,18355,895,22909,3799,1029,41226,8662,30972,18102,2099,12374,18543,12966,4094,669,5708,40407,6624,3291,37487,41957,10217,43288,5486,150,2912,8222,2753,11904,1675,1072,3784,35389,31977,33709,11804,11732,10393,10679,13418,4784,11566,8177,5557,5777,2818,9590,16253,11777,4409,25290,10278,21098,13982,17977,138,7129,11672,52157,35462,14779,15709,403,32167,6360,11484,100113,17046,4701,20857,8900,1244,13912,1611,517,18164,25155,5465,416,5427,84320,6067,9748,14661,3762,30734,11975,18697,6008,2977,2565,2245,2769,6521,18639,14715,13379,26177,8183,27427,4989,16026,1884,21499,777,30852,39523,1985,10819,8133,15129,4570,57766,4143,28900,17684,3157,1220,343,30826,8331,3677,33,37461,3991,34055,15508,11286,10374,22933,17437,43114,8992,6648,4895,19682,11752,1137,5474,9415,5843,2705,16802,13278,4960,3533,27954,31487,7065,183,523,7193,3065,1602,120643,12649,19929,686,4034,23059,882,3591,1770,16289,14913,3059,31569,541,7760,30011,5982,2768,3044,1151,20669,8427,34441,10586,2488,9325,47191,659,50079,7204,15403,29929,8517,1636,12178,2764,12051,36226,8902,8382,508,44914,7558,442,51084,24306,93567,2987,5399,8532,256,39312,3753,31089,161,495,32079,317,11420,7827,8476,4495,10587,10839,2181,8616,28801,8112,18641,5633,2120,35129,63224,5396,35122,1231,524,15085,25023,41858,21281,34830,10378,19841,9772,15192,14688,11795,22894,6490,12228,1896,8116,428,38038,39183,25257,11388,4010,7437,14965,10585,4097,36735,8379,18981,1894,8689,2380,585,14503,30558,17269,4150,310,22363,1185,27716,13180,6659,6360,24788,19,11768,14683,2273,873,2977,11660,16587,2726,21070,2866,39300,19312,19320,29918,7469,10207,683,20276,216,9417,10275,1444,756,7481,866,43692,1321,2386,6386,551,43606,14362,3052,56,20189,10226,34754,7591,6456,12479,4941,2171,19527,2895,11809,6831,504,687,9875,738,80,577,21836,31014,15023,7602,5905,2202,1821,14378,70152,11763,15774,26006,13206,27001,2743,7393,3085,3572,4719,15008,3082,34492,13957,6036,318,0,5231,13965,8553,513,6337,19128,11545,15913,161,25475,841,1591,1022,27148,22062,4885,699,4030,7029,19978,5790,5325,40461,46083,2086,9038,6497,54460,2416,60420,25782,4965,7376,22865,98120,760,18522,6664,2060,247,12486,15249,16609,1145,927,15348,6003,19682,2717,15,1348,33629,21306,10449,7610,5386,38417,9414,3569,623,4824,2780,30949,19776,14108,21736,5953,6705,15413,8195,2419,45224,3177,577,7310,3281,30685,9582,6260,15843,11507,8148,6879,6534,6979,4831,2760,2338,9604,2475,32993,15524,25783,6065,30479,5462,3386,28287,5746,4294,6020,5018,4477,28265,2902,238,10668,7157,6645,3289,9169,37609,44834,1598,6882,8729,33813,16021,27097,33149,7898,37,22499,151341,33163,12799,20290,1153,7728,13885,6397,6213,0,1392,68,0,2180,248,5588,17070,731,35204,88,2827,4783,8618,10011,2306,3164,19501,57218,1896,7018,12794,5396,21674,715,5836,574,9584,1843,20153,117,33479,523,11829,36795,8903,37510,787,1252,4175,10236,26190,8927,73676,2254,4730,23439,491,48289,3312,13006,2474,25322,59638,30782,10801,46886,4323,472,39012,1118,39704,4106,33874,3012,489,48525,1265,352,7817,13747,1242,342,5969,6548,5092,11694,7333,664,4601,5520,8537,12176,5783,7963,35655,26727,9702,11030,8070,207,3726,376,4,5275,1673,85585,28778,5363,785,49663,8170,12304,11626,31,17355,1810,23227,13404,24556,8425,20516,1275,12099,4324,4472,17036,7025,697,8441,6263,38645,15202,22505,7391,94,60661,205,1180,31399,3440,0,812,196,1589,1039,27256,57,64090,1644,1060,33172,34,207,9966,14664,20659,17534,13378,45854,24946,11265,5346,5316,33748,55397,11268,20734,11261,40744,39406,1936,14107,1179,19191,6411,3285,3780,6086,10461,19640,4965,12286,21374,227,17844,957,7387,1754,1514,6311,5085,3143,966,36763,6337,371,12592,27069,16887,10840,11828,33897,950,6802,21840,29695,21690,14472,7326,15735,64897,20937,26757,146,1670,71157,41761,6369,15148,55005,71136,218,7403,5873,185,853,4848,2160,37105,67410,6818,21520,42381,2853,9889,26216,27475,2142,16592,1327,14772,2410,27636,1652,17123,39183,20572,66479,12122,26,3009,2375,18409,61951,16956,1537,2883,181,2437,13127,12833,659,2493,11288,32073,15075,22567,5133,1475,1366,23237,67493,7782,9704,1493,36091,11537,15763,947,4851,31104,11368,104,480,8697,5683,731,5436,372,36,14725,2195,3218,25826,9055,18633,3554,6576,942,24290,47342,4131,9676,17133,953,8360,166,10210,44332,12155,38866,1891,13047,40610,293,2511,50,114359,3707,30123,24329,2659,36947,6468,2947,3771,10908,6007,3444,13449,1273,28392,15618,3554,6928,539,20902,1298,6553,2875,19344,10798,20224,724,17635,1400,22523,169,26276,1950,15764,900,1177,111727,1001,4801,10969,129,8825,10210,1524,2221,38966,1742,3672,1686,38223,5835,9242,1383,69768,34916,49313,13413,11555,1848,8883,11097,3664,1780,4586,5854,4565,8969,785,49421,20452,0,6274,2326,6483,2960,32230,2939,3772,10493,327,13910,37501,28945,30390,8206,8972,237,5865,8762,15495,10249,44732,13337,17,217,17609,4749,39,83336,56092,5129,5228,9956,8861,1176,748,4224,10918,6497,17235,8838,40225,51332,16633,14864,3629,4526,5491,17230,5920,156,13130,2567,2121,302,25912,32097,26226,2331,3207,53751,3681,72734,12894,6600,3431,14558,593,3219,2229,2911,4574,26313,4577,46363,4564,13247,9751,10745,2394,6425,12550,6428,17067,3350,7389,1356,2695,28,23633,22289,31139,305,12417,34424,3654,326,8174,3915,12737,135,969,9396,22273,829,63295,6,2239,19135,17068,37319,570,864,569,4619,5177,5506,105,13649,44,11857,6405,10013,5240,6823,46252,3412,28783,55455,6351,70209,7913,9026,27834,1034,776,89087,749,5811,9229,23537,18079,29727,197,20566,27608,15666,9864,4178,990,104,8094,5809,19293,6929,15638,8327,13742,5667,41888,393,10606,1450,2142,9885,4979,21063,4363,16184,4575,2867,37517,25918,27855,887,11390,43025,20475,64777,14497,8129,4848,52814,3732,2470,13091,19431,3593,17344,27250,5367,13680,911,11293,938,20934,17128,155,25729,1141,12477,15078,20285,13931,14139,4915,9151,3874,11944,6720,7180,1530,12231,6610,17793,5538,16359,1417,13202,89666,2409,7753,13365,1696,7163,34190,1254,46258,37671,21315,15605,2436,1222,34127,9212,15162,54969,3723,2326,27868,45633,1520,5941,20468,76,18414,9474,2267,4196,649,12770,4292,2252,19703,3950,5213,33892,1610,9861,34370,6335,11702,2573,51437,15838,1706,3934,726,3187,5161,9373,4641,22167,24272,25883,3606,23531,625,919,1033,26885,4959,972,10893,17037,238,25072,7283,1213,14936,14802,7937,88433,71273,9947,21544,8066,52,2075,58160,1387,20717,5567,32132,4757,12372,1197,22958,976,23085,34539,371,2950,3698,9646,4800,6643,5823,37860,10062,419,18712,21908,106,862,4972,3947,73654,17201,18860,5610,697,6827,19086,2162,16580,107370,229,5341,29025,2226,23143,969,12798,19944,5395,5470,1027,50769,24300,9306,776,31978,5981,33469,5201,7889,4369,8449,9075,6118,5452,7345,18539,344,661,4147,15978,18682,48774,20100,8312,7361,20923,3130,520,3955,21442,17661,9665,4420,2162,25152,4106,4997,1184,4809,22819,5122,9508,1906,5917,34682,1591,21362,9581,3465,204,1238,5807,2437,4731,4860,1977,8514,4144,6839,5660,5842,12658,2154,7788,4616,8230,16490,6956,100,6098,6084,19444,4342,555,6111,3252,38531,17399,228,14914,9045,10549,22781,4494,4270,1653,789,1560,29966,13260,39702,1734,4414,69733,2623,16016,15948,7392,5522,15570,3462,30834,2441,13420,1758,33844,6554,32264,11025,10640,50721,6612,9279,90222,10,17783,24560,28884,27539,3461,1667,3207,33,15193,4118,36075,21305,39621,1265,6442,20199,23902,4890,1663,14538,22987,12730,504,32764,74,4936,3738,20169,36603,4271,4129,15753,44232,14315,13965,781,6687,16784,4938,3690,4324,36501,8933,1750,11026,10962,12394,2294,20522,8920,7866,9883,6865,1658,9575,6154,33056,2613,930,1275,9739,12491,89244,11,0,682,5876,376,38014,6994,19722,28510,7783,22855,7669,5296,26011,15021,5040,4667,21842,17818,6863,1133,5831,28341,3015,714,3063,12982,14723,635,19356,18856,2276,794,2356,18923,19460,5396,6852,8986,4076,3436,24023,6912,14552,1135,11411,38321,46252,21373,30003,3700,725,7227,17826,1061,19588,2782,14135,31445,3399,12061,7747,10653,6571,23403,38324,22337,14209,62521,8491,1611,5266,5712,30086,6141,4440,15606,15455,4351,1248,21260,6332,35519,12655,3502,9370,9032,34,7950,5835,7325,37694,11065,20541,33207,9460,50123,11860,6996,5476,8517,10526,35249,31919,282,19326,37930,39546,413,11661,19633,73651,8777,5027,21586,14203,26262,4340,19120,6320,160480,3233,21126,3499,8946,4779,13374,1734,14162,4476,4353,8259,19246,8446,17479,4573,8309,1014,5394,10917,8890,6503,17874,4363,3865,25159,11434,2194,2279,30193,44188,8360,4949,48787,4405,32348,90295,717,3735,15475,391,9479,17106,28766,1691,115,847,4392,10097,3970,23537,46646,95,2267,8304,379,6161,6786,8788,4780,7606,3200,7451,2994,4174,3452,2670,28702,14576,2622,35144,769,692,241,7253,52265,6929,5029,25561,688,21253,16290,44057,9867,10053,27432,19056,1260,9199,7975,39162,7525,1221,2405,5381,9017,15439,29368,50422,1913,26559,20712,3134,12845,6212,8663,157,51978,52869,14328,2441,26437,11154,11959,22080,16576,17324,7941,1723,4885,14899,3414,23795,1009,59076,3178,151,417,1681,21210,9591,13379,2187,1755,5601,32705,85749,3230,5712,6032,4609,14973,38177,5688,28645,21496,8139,522,7652,9500,11891,3741,3984,1304,11026,3568,1873,4663,1672,365,32831,11,20777,16005,1273,31160,49599,12562,8877,441,417,10480,2387,13647,32928,7952,16112,2832,1639,6481,1355,6695,400,5862,4880,2763,3249,4456,18034,16713,3202,1224,5764,867,383,1471,38230,858,29251,6336,1650,45771,16,34252,23488,30809,6307,25478,12451,34376,8676,23335,19339,1977,23241,7425,1814,321,53522,866,2403,477,19312,7258,6625,29154,2224,29770,22692,58431,42816,55445,10671,14049,19227,1198,25203,3031,23763,2268,18406,13485,9524,7722,4680,56352,85777,29696,2732,113,1520,4444,30237,29189,13318,15958,9586,27623,1998,6670,46883,1660,213,21677,8247,18483,7111,9906,9842,1418,7445,10004,2401,25590,5451,1400,5065,6519,23857,43,4506,9588,211,41321,90295,15123,537,1856,2277,10163,49321,13601,1143,33507,19736,0,23519,538,40300,8196,11566,4654,14991,6041,22716,10236,58136,6122,7826,5083,10833,67,5742,26127,44449,1288,19803,0,25198,49324,190,11558,13840,26709,17067,6651,92763,3008,212,1670,14656,16948,3393,4361,11797,17827,4315,365,18788,126,31500,1611,14003,21046,2394,7946,21618,23627,38208,285,9802,1723,31158,47304,9557,41694,13613,82,79,11701,10372,1273,14500,863,997,61,9659,1948,6381,18798,6118,9324,979,3226,638,3678,38600,9805,6717,1383,129,14272,5587,292,8035,27644,28844,6762,95387,48351,20052,17412,11752,8345,29814,59529,12919,14982,7095,23172,5125,1738,23652,10737,30389,10318,249,11619,1231,4705,227,37778,9163,10855,27443,4195,12838,14536,6048,1565,78361,3662,1459,995,28878,31,3390,20176,3645,9589,7352,13580,10934,4782,6125,1418,25823,8356,19469,9573,8819,5005,3257,4501,15174,11269,15746,4194,57309,12636,16754,23713,22459,55889,259,20703,7356,17809,1587,17615,29168,15855,10,27731,13021,29465,735,1743,11310,5084,2681,740,14649,8148,20754,48,2666,1418,34514,13305,42064,4549,33643,19690,15771,4402,2743,66214,3619,2303,4854,869,1314,18289,32045,5078,7227,46363,19493,10241,11185,3743,2243,626,11703,1223,2922,8683,17257,9064,1859,25490,8827,9718,20538,4088,2866,42145,2172,39453,18689,62544,158,28704,63554,4819,32161,1486,47710,7835,26994,13756,49013,2227,26226,65740,6346,13611,4995,11990,34548,2432,5769,5799,1933,1210,4157,11430,5964,8853,11048,23645,19038,8597,18510,1697,15483,25838,1261,12326,13199,68,6282,6454,21259,31590,9583,27980,10660,28228,12768,1470,15574,11876,4927,2462,17491,1366,17618,6463,10764,1769,39786,84445,1865,16756,24331,33919,17144,7149,34634,11613,985,13729,5274,13174,18202,3571,1172,2719,8199,9026,407,19426,0,2219,29246,14220,336,3963,961,36390,15515,634,19381,15710,13829,18942,22974,35639,95,394,29230,27523,19995,47140,2893,1247,45423,9758,20191,86540,13149,13247,3335,17589,14124,22146,1529,30768,4547,13592,11255,6860,8986,26820,15053,1575,187,15001,3670,5653,51930,19135,9598,15300,6263,6884,4305,17539,41,3618,2329,2789,312,43776,955,22620,32213,20286,14860,17009,3782,7776,3099,8864,52759,7188,9686,18528,11309,86,12610,8650,9099,14177,6204,14752,12501,25666,11622,17484,11052,3474,2707,24279,6160,78369,13560,2556,6024,998,6478,67868,1273,10912,25464,3239,27524,14361,1851,10574,2226,1579,447,1041,21588,12393,29024,2386,22660,5271,25320,9318,237,11502,253,872,4538,39709,61724,4546,1507,2953,12019,17372,4655,13964,6930,11083,9238,34824,13452,7122,4048,15669,8339,7990,8528,10,847,7656,3211,65704,9713,1555,27882,34025,19583,2931,18171,343,8276,34787,40,11585,10667,2727,3393,11609,66,31118,15402,13121,22151,32202,668,6568,8214,7524,9141,7122,1628,1607,7012,1112,30239,8922,55087,4111,39592,4728,17189,21190,94,13172,5009,33685,13941,5561,30155,11219,6891,8344,38560,11568,16726,7586,4011,10128,558,16027,4494,12607,20370,1832,8313,1253,1697,5901,1185,71710,21693,539,21909,4148,14720,4053,45154,1877,3553,183,1293,772,1071,2998,7905,11117,32085,44813,46492,19052,57017,5256,2692,28741,4515,16032,59679,20929,6522,1260,279,43141,18702,10556,40774,34480,5938,16632,15811,4305,12494,42358,9513,28739,2256,4853,1814,27305,14005,24170,18321,4053,27275,4255,3834,14854,2634,13443,73061,11789,6973,18497,3609,19640,4229,20,17435,3139,5638,4425,13145,437,442,3439,5761,29330,17302,2007,11857,713,3993,3384,11306,3786,402,17487,1726,28020,50279,25736,0,2479,3695,20203,8229,5460,12312,57559,3764,16591,15705,7124,683,9190,4883,28239,7466,7848,1339,17717,10805,17478,506,7873,2449,25673,13906,44244,35966,19063,4844,22523,6123,32381,23171,2175,10352,15325,11958,6479,248,12109,30361,69483,1012,60357,1083,4266,1487,8286,212,682,22769,18639,8364,23630,2535,769,14481,46058,6351,2701,8754,8641,26,1198,6130,42043,33112,26310,21,1924,6742,11,19819,29642,8803,7432,65,1437,4855,3326,64,748,2415,29969,19447,19407,6298,14159,15367,13703,6203,44402,9547,1250,1970,3711,13272,160202,30377,21,4722,24766,3945,32772,6255,46129,3608,3611,20868,5123,24143,45566,16705,12432,10962,2858,57131,22282,6866,10142,9094,19062,2984,50953,173,21559,22347,199,2648,7754,3171,2858,28435,469,19704,19599,7809,57,2239,5770,7551,4701,13002,10704,26944,10851,1728,474,16606,746,2911,20897,6647,16420,11190,2496,16141,22624,24989,21978,4548,970,31409,2502,9785,880,2964,579,8839,4677,5861,56175,8659,3585,890,29289,25462,2127,34423,4227,5752,1135,6824,838,35209,26300,758,38053,17104,5524,22849,8466,3872,9527,16333,2923,454,3368,21349,4094,240,3184,2983,191,22007,9031,1109,6194,10138,41905,12687,48193,31,17853,6151,23,49583,33758,4472,7895,14397,260,38501,8812,2424,24324,3775,19319,5850,25536,17263,20423,11262,1947,574,19391,2337,36418,30048,19035,10849,699,12352,1167,12438,18561,14480,9513,49504,34760,20064,49270,3270,8618,2772,1905,37921,2057,19545,7767,3456,37350,16811,6129,65878,31388,7546,9671,7444,3982,30091,23449,960,4937,17634,20328,64400,26992,15740,31859,23558,27568,1021,0,20134,13540,17347,16480,2734,5044,66451,17339,1770,18161,3079,6173,7919,2868,48841,122,28270,19673,257,46569,12086,6901,3631,338,25263,1840,3189,982,151,7530,6848,71822,466,49208,12503,23063,34212,23475,5308,21542,126,1836,41483,10401,19255,21717,33469,11898,30756,53276,32139,10708,22055,33551,73,10695,37120,11134,7310,3731,10047,1048,15606,4791,1486,3298,152806,50017,12408,48,3191,11185,8787,5556,7003,11989,2135,15092,28340,37330,18265,622,735,6400,83282,12560,10415,17797,3715,21657,17291,2150,36013,15931,3717,4291,8726,4902,70487,17525,26294,1412,3706,4836,36195,19435,13971,9218,13814,676,8208,45776,1018,30489,5610,1278,14749,17539,5888,9216,5238,12332,47920,45154,3516,50946,226,16434,22832,866,3706,637,918,24754,2783,4467,8578,20358,42503,3911,48922,10122,7275,2350,12825,13301,42980,12000,10065,10919,410,387,8109,5120,5200,402,3103,51461,12969,7036,1500,48039,1374,2398,5896,12698,4508,12528,7773,1685,896,19448,2799,2230,2639,10359,16405,22699,4792,22750,6909,9564,23532,21640,28311,85,2479,10836,34849,17399,671,10649,8806,69421,23880,30097,14855,2423,14811,13066,11219,22565,30,613,32766,21616,4482,1075,14129,17089,206,23035,4842,27044,6584,10,16065,36492,4353,6191,6700,24077,11741,601,26715,11275,227,13126,6594,15266,4969,50,22,114,9669,896,57751,21985,12411,1983,5256,10708,5600,1322,4301,1937,5292,17513,473,32289,15024,165,21279,13269,1139,1394,9108,10521,6022,205,7145,8873,16192,11979,18214,77093,51122,140,15342,4133,6530,4470,5692,3309,14084,18074,22717,10682,21585,27178,950,22340,14437,19363,3966,2678,6703,24734,7102,13780,13706,18429,3528,652,30319,1,5389,3701,61459,11421,3840,13940,10260,2481,17361,11311,146,17282,924,27722,12010,28717,35548,4830,2867,15,31157,2930,3214,4361,18207,33000,13867,15270,4,19387,4571,3472,622,29834,92602,5493,14633,18565,6149,11861,1163,1488,55402,3136,6269,10262,20456,4697,25322,1915,1724,8990,1698,1046,3362,24315,2632,4409,7611,97,1419,6859,35732,3844,40698,22183,1,16644,13579,2914,68853,265,1319,30158,9904,6878,33829,38292,37168,1565,10616,261,10,3570,18667,6930,7726,45368,7804,7499,3169,2850,7231,2406,592,7900,1886,19609,1938,2971,291,34675,1148,154,195,4299,53966,27373,13285,7994,16631,3604,22,7760,22957,2307,38864,3516,15321,36673,19056,2370,15736,32519,6652,8915,12683,17560,8647,10648,6,16203,3753,25628,953,2164,2404,13705,14601,23895,6217,7912,33928,5057,10687,7946,1579,8130,22179,10628,11477,5931,50398,9433,18646,67,9595,38218,3285,16211,1006,80931,5284,1,50033,7161,2557,36634,3654,3085,5882,7528,3701,34561,53163,1130,4868,4374,10023,20050,13063,2010,74077,2539,40,8452,14470,18321,6624,20443,7706,1882,58,10408,825,11101,2518,17244,26198,309,14184,39833,162942,6381,710,3452,9791,13367,27216,2410,98,6616,10878,5976,128,4625,340,12044,18135,48526,22165,9456,4048,3108,6280,7565,16431,11443,26198,15630,6143,49561,1291,23371,235,4340,949,6,56,7287,17845,934,32794,2194,43847,18701,14944,6684,1808,4853,12489,3537,6481,16573,44319,86,12591,3011,18258,13056,1035,2509,10961,6805,31718,2610,37073,21715,7922,2211,28237,9642,31895,14424,22516,2934,1873,14834,14976,7381,22723,5301,11918,10330,9466,18282,25768,4732,2282,889,7356,11243,17762,3863,1372,33197,3486,146,10713,31436,13156,2857,62225,28917,1288,1575,5730,16966,15346,27946,8352,82,7183,340,27736,5063,5718,4530,69,17091,87,94,26,177861,6747,20955,14710,2433,505,2478,2396,53166,291,14209,6266,70937,9877,9859,8692,25271,15610,63985,3323,1971,16630,38912,1154,17343,7187,6832,18730,39626,7628,17273,3377,8558,76123,17,31979,5746,14898,7921,1498,8335,5067,57,200,4680,16904,17678,34669,17613,171,14462,11184,1258,55225,1540,27378,26031,15520,248,28577,4804,33724,9981,16089,2386,25203,1331,5470,4936,26278,1444,8608,42355,172,16341,3536,28918,1995,422,4658,21503,6210,2316,24424,465,3221,10917,20144,13344,10562,5787,7136,23624,21218,7421,42854,7774,31879,5795,15034,4087,27617,7279,9596,11616,3928,12126,6973,9125,5269,43338,23462,25941,17783,18576,21742,7194,4941,14281,21208,19612,34912,17172,17367,14578,146,4312,14789,36528,422,7685,5860,43951,28962,12316,15437,4516,6551,18019,2980,19581,8883,671,6597,2666,121,2824,23899,3677,36479,13911,1631,12126,11217,7516,27616,36807,48663,28097,949,7536,6552,338,20230,18683,28718,8733,22690,0,37017,24,6804,9332,14908,27844,20245,28941,699,10717,12255,2031,22407,1552,3589,282,66671,14329,4201,28269,3778,5907,48848,656,13750,2245,7237,1252,4313,1649,13391,202,4504,11406,13937,15213,5725,64179,5920,1297,383,737,32419,650,15006,1408,11070,23766,14096,103759,35249,14684,3276,7213,31631,29740,4424,16398,5247,23380,6599,1264,294,5236,26896,435,12519,1969,17125,2298,11717,5814,18221,3017,126,31759,734,10374,551,2925,3305,1321,6920,19037,98168,22827,7739,19697,18249,42,20948,5122,12926,2409,319,19798,39816,3998,868,65,7329,175,14721,7305,9548,8967,15750,18843,18275,16120,9861,10970,99326,19798,36690,399,58448,17238,7636,5192,2415,773,3766,91,9779,12268,471,9738,17779,34157,1249,29,2086,22660,16611,7642,2627,34200,3779,977,16157,11299,8212,2520,128,10456,5088,1640,2839,19247,19969,947,9590,12018,40161,14213,4321,3956,13123,19193,8655,2971,20412,23660,184,34777,21051,8796,12291,7457,3429,25983,26433,2762,35413,914,13973,20265,978,37044,5367,14097,7552,287,16662,3859,2125,12632,5964,1317,18239,8953,19675,16913,16470,2535,2657,5572,50024,25662,8712,13819,520,2150,676,14149,2641,7921,3764,10035,2760,877,12328,28613,6391,30475,150841,22565,27556,5211,8312,1688,30175,3719,858,1185,17760,9420,53452,14324,2023,33425,14521,40378,92760,14643,5321,5879,6241,3991,42769,24917,14853,13848,14332,2,12836,9791,9909,4171,851,13171,24896,2885,13715,3663,7168,44684,14453,20844,12340,142,2091,4740,5873,14213,10245,8335,738,8736,1194,1854,20677,23494,16453,1118,16425,5194,21690,9890,5184,4855,57,4753,5035,17214,15033,16987,18578,4051,16160,11739,1497,17713,21135,43868,1379,7033,18360,4912,6292,10587,5007,5126,17103,4637,530,818,6391,14363,13179,26350,847,826,1292,1553,23467,1588,1345,6862,8346,651,3241,9302,677,282,11173,318,138,7176,1326,14188,29378,19139,39548,6171,3072,52350,2589,914,1494,77147,428,930,476,4372,24652,1563,24565,14884,1711,6335,455,15,6599,14764,41752,28093,10309,11204,20,0,23129,5978,35306,1888,10223,9222,2288,1507,18891,11364,12606,1428,2473,111,26741,19836,5647,221,11567,26651,16875,28743,6051,2732,2288,4782,136,13099,32940,14367,1663,21708,28935,5463,4859,37390,8497,8961,11841,508,538,4064,9632,423,35495,1255,21086,21427,10980,8147,9045,1212,11977,17698,1909,17570,33658,2714,14030,13324,9629,5670,21724,2664,115,41134,11928,41718,64250,18023,11459,14042,6235,496,9133,27173,4227,16453,27270,81404,26410,9521,580,33310,8738,1973,3231,24654,14889,2986,8481,20718,828,11572,41232,12134,5316,350,59850,12432,541,106,2719,11118,33426,69555,14209,27467,724,15245,26800,22552,2028,974,9209,53928,26739,2835,471,102226,11007,16666,21952,7061,1643,13494,8645,20461,15,9068,25311,223,32756,18416,16371,16328,2698,269,79428,1232,6845,15917,1027,1173,39232,8223,6178,12668,25547,959,330,17351,3422,1156,25932,20569,13436,52432,30293,11260,11330,11413,2243,6330,10118,20634,54602,1049,132,818,5088,5097,3511,1583,8531,1337,18489,8774,8372,1267,34650,15130,5809,753,38788,6015,22774,538,27406,8021,3729,69,6171,2721,1843,24596,1367,6788,19808,5450,33106,15888,14607,9092,31427,5738,8554,27238,6210,16017,82520,1157,13818,33490,55530,1563,10624,2010,102267,6595,122950,19733,25282,7263,2024,3796,65,8031,18405,11534,16413,50728,852,2444,19999,13014,3783,16630,4548,10289,11601,10969,24262,21502,5979,10996,14273,45024,70,7351,836,240,14006,110,3442,929,569,4920,10781,15100,24804,20281,28686,5462,4226,6481,16000,34888,20470,631,30018,26967,37091,20052,13342,11852,70,28629,24731,972,22914,12878,476,13582,28117,10385,3223,10795,76,10687,24311,4638,115,2033,1708,2671,30601,3087,5618,1736,25785,7884,7554,1528,2867,16111,1851,5389,398,3872,9987,197,2801,4497,23551,2072,7575,87,1074,4034,30648,57,25,18216,379,19381,1877,16511,862,4281,28248,13089,10131,11810,27185,10787,2143,11501,42710,17120,33229,42736,3623,19937,7362,31501,4296,31626,9605,19101,930,13426,20190,12829,2440,2095,7038,8420,24073,4419,5336,1742,2658,87,10202,24552,13412,2507,3503,10043,327,22811,19449,47542,21403,3,17640,11171,16220,12099,2289,1294,12649,7,269,6912,3258,4081,6332,1771,10576,4095,16860,15167,31367,577,23023,2794,10990,70156,24807,41956,39273,12913,438,5076,1111,775,18620,7094,56147,23944,72829,1154,2818,485,5201,9509,1449,26419,8699,1330,36866,1342,7258,27435,12755,5890,3216,96054,5159,627,1982,56856,38006,7330,18781,12186,38716,48662,271,7869,7923,81785,8332,1727,913,3021,141049,35482,35709,492,35072,40181,33893,10545,129255,24840,3548,51414,10772,7182,11156,2883,3471,7648,3711,61983,13612,14457,2612,1343,1001,68396,41370,3028,21296,18464,925,3795,6287,14375,8047,2009,25507,18514,4134,3354,0,975,7075,24824,9018,4518,14636,24670,27694,435,24890,2304,69642,23385,2931,18867,30,16741,67372,19298,4326,23483,15716,54109,23678,9896,40673,54366,16426,31863,7228,1918,10968,25437,312,49757,15765,9943,240,222,68338,768,2028,1559,5128,34699,3766,13616,4396,43983,9858,17323,18327,12534,1078,3308,21352,7521,21226,8988,32416,21125,11152,16723,1739,53683,1240,68817,16961,220,7973,3940,11570,29796,0,8241,2079,19165,20399,82738,40392,3967,8591,14866,5349,6478,14338,2779,12204,7996,3775,19182,7932,19064,23891,3173,8151,3500,29151,341,7135,10003,1497,3445,12245,9372,708,2028,1821,1130,3874,8673,23181,30994,6826,4808,1355,8301,834,12594,7301,58,94895,20749,20190,16948,3884,13242,1923,103,10437,37318,39010,15755,1384,3782,16037,14672,3361,9743,13229,1369,23931,11823,5610,15175,111357,2803,1250,46917,23183,2,27,25471,595,1241,17444,6678,7576,415,25288,60219,2044,2259,21047,10200,146004,14486,42091,3844,3978,30286,49849,5654,3688,2049,309,55043,29695,82446,12393,38318,196,3042,22282,3684,12327,9311,5309,40653,23766,8712,27949,2990,29885,11583,4972,4727,38064,770,36929,53083,14144,63255,5920,18157,2319,74497,7540,22953,10238,15853,28367,20559,82902,24165,16825,13345,1415,2678,2287,7520,3465,32197,3838,11241,1423,37054,8959,6067,3070,4453,46036,11593,5885,5549,15172,29824,2331,18423,275,16068,2511,2362,9433,25831,22984,22409,5636,3170,1397,4392,2149,12182,5239,70471,11278,28581,21153,32962,6876,9989,44,54673,1959,2343,3629,28785,5410,2457,1159,27378,63773,26157,175,1,10989,46201,2294,0,18,564,798,5223,108,652,330,22237,1765,24990,11201,7505,12066,13858,22571,10242,3767,20279,8295,60990,3,18123,27105,14,31766,54655,7499,914,12783,5032,1,2471,34,21471,471,5720,168,27130,7018,29271,71374,9109,11130,8590,11197,365,23615,3640,3436,6629,92092,163,5285,40353,37367,17895,940,57917,11394,3829,16629,2619,6120,38864,25804,3604,7747,17778,4239,5868,5985,10649,40053,1968,3309,13499,1786,15270,10385,7303,3917,164,8093,389,8286,14490,13102,1360,77691,17708,6790,4963,99025,20663,9359,4204,11122,26273,7273,6051,107945,8024,11899,8064,9965,3337,4702,53728,12063,23260,27529,39930,14008,15645,14302,6676,34788,103062,14488,42477,2308,4730,17847,2083,989,1916,1134,29528,13057,46426,46620,8952,28888,4800,18699,8908,17231,6380,10732,776,1947,4510,20240,79268,8893,6118,18663,2026,8655,8255,21968,316,8795,5742,1139,12324,3716,1130,875,12104,39800,8686,9682,13874,12051,10992,9206,35447,2050,21383,21856,3724,87521,14042,7672,2572,2512,2646,13300,3502,10682,20887,35564,10037,35870,1193,2375,10926,67699,5731,11527,19705,8740,18659,33480,5052,12913,7908,65257,12590,2469,20041,24728,1436,6293,6325,5112,845,14161,15300,9879,8764,21410,1158,38118,1434,3084,49343,7148,7674,14127,37834,23196,5673,18259,7549,25239,2265,2,3972,3464,6073,142757,62067,39879,1466,1850,60787,31270,6169,13185,7904,20663,18305,10728,10934,6502,646,5729,28024,15162,619,1726,7117,18322,185,31855,28168,22271,7202,12093,5211,57795,3615,1568,2598,2888,8196,25042,6530,2033,6845,19619,18131,20886,5556,2748,19481,452,3764,1303,16232,27572,6183,27199,9964,10456,25465,4,2690,2117,565,5698,1804,935,7872,18889,38420,24785,19291,14978,8997,11051,17871,70,5094,1387,2392,2055,73271,15274,10920,12593,3864,83873,24134,5857,4299,4057,250,4205,313,28148,5618,16615,11,3701,63171,17572,1522,10802,5723,30415,22716,223,36543,23216,6475,24409,1615,41224,5776,2553,34370,2531,14895,3883,12354,13464,16874,14302,13678,11285,12331,3817,1728,3994,1915,1023,2220,12702,2062,9831,8275,28485,11949,12528,15520,337,4858,59213,23456,33897,1067,9,6820,5677,2260,20201,17733,4007,7986,12720,948,9339,24808,19020,18983,30141,25408,21097,6139,13600,2247,29373,7466,2566,18445,33051,22529,17163,24113,32540,12583,8172,24947,33733,11063,20862,32257,31842,4970,13250,22922,5037,16243,21248,103,1886,1581,6155,27,6646,21533,7477,4081,6441,863,2636,23224,32696,15219,37512,3445,2119,2295,7094,3486,13644,6740,28742,8599,323,30558,61315,6534,17706,11651,3872,6087,12661,14806,28604,12890,28030,8474,14109,39,90,27512,5596,1142,46305,29091,37495,531,17492,6411,26487,8027,10081,12567,16859,7293,10593,13703,2718,2764,26860,28504,1006,569,12932,42420,28989,18679,1377,20210,11461,7546,738,11532,42794,8182,7603,6337,30174,14336,9322,7546,896,6229,24186,25807,57031,330,327,1192,58424,15086,47733,3081,4565,51921,7415,24558,8754,10260,4970,23390,2397,14269,12201,3546,25646,954,16796,5866,6571,24140,30103,71836,7486,1651,29,1850,53578,333,18672,6460,4048,913,17258,1428,6071,8827,20184,19608,30285,31369,4508,23186,24079,15378,13751,8666,2025,950,862,3897,1386,34136,19354,43,11368,19485,23949,14464,8021,14888,4213,228,3984,204,4552,2476,10748,6381,53825,12047,11148,1426,7580,65078,47621,767,5660,14407,10122,7919,1048,6551,15532,14453,14117,7713,6047,1012,30734,114,355,1150,4846,646,23372,0,2642,17323,3784,207,735,22766,11538,69877,342,4829,7020,93,13637,13166,6349,42180,12155,830,15291,412,5058,8258,10956,26966,16754,2369,2091,4258,1757,12830,34767,4688,90990,8756,13368,17425,19896,13048,46567,10714,7055,447,237,47108,3301,9372,435,25265,36010,18365,29593,3140,13770,13211,62142,8278,12192,117,9325,11356,2538,22316,22479,6432,21486,10363,1238,21033,722,239,242,13309,8974,26135,15917,11382,15093,14817,3094,28755,1016,20117,871,5929,4406,42,7677,11066,57858,4354,7431,18503,6438,2422,41076,32445,7253,777,2879,211,15997,23921,35995,127,6674,11278,9520,19712,6462,17236,2162,15576,22908,3370,10046,10902,23920,895,3308,120,884,916,63267,3221,20299,20987,2553,4118,53092,41907,2525,21021,7406,1810,1047,8261,33301,11064,6107,28561,8458,1686,2307,9288,14493,3083,7960,95784,7468,2506,25855,1502,18756,1308,14471,4310,630,10084,1708,446,6923,8556,31216,6825,16859,9222,111,42516,22345,75440,16757,1766,4193,5663,47379,4493,1879,9130,4186,8357,14910,18223,9892,271,3025,3415,3479,16515,9275,7712,8337,72690,13644,3054,0,11758,3,19356,536,22729,44680,29888,5987,8761,3602,358,7661,62947,12892,7467,2565,985,2555,20326,6003,6254,3615,5362,7507,2686,15577,54764,21148,1210,38470,24434,11412,12269,3909,23084,6628,1155,6328,15880,3591,9448,27144,2227,6237,97210,41989,35187,32319,4693,7252,19289,15417,18402,4236,19106,4153,50070,5460,133778,85076,485,160,101089,8225,0,3662,39827,6481,24433,40131,3383,5705,13352,7873,10933,13184,20168,19755,6522,7864,55205,12678,29231,54027,6369,3533,13757,8470,4862,9621,576,1456,15569,44838,66,27083,25240,3763,5217,16417,6642,1702,3170,8133,3,3471,1050,3470,29938,16320,1087,14572,3176,29,11275,3574,2794,12862,15747,1039,9385,8640,12208,32,1144,22584,25972,1169,17760,6787,13870,13349,2092,7684,4328,1119,10368,28,222,33673,5312,1372,582,5373,11931,16305,3764,13525,240,4209,14146,11337,7792,1174,14156,12954,2262,4199,826,23975,47943,1562,9545,7455,10147,9744,34,538,52161,9828,27070,3457,5063,31614,1874,33738,37488,22586,12387,14514,27758,63038,168,8624,11878,8213,615,3261,38372,14505,10081,582,36429,5456,3724,47227,26341,75293,16522,5859,18600,3383,15833,5422,36250,14,23327,8633,1546,1154,7021,729,17455,14137,7167,7332,12511,4118,47024,16836,16676,3791,13926,7746,2050,1182,4589,7205,9872,69674,16614,2547,11456,14372,3734,3286,10759,53941,12302,5107,57730,3744,45200,1621,5669,25433,43733,10369,9938,1168,76,3858,27825,10687,25787,23128,141,6142,220,18208,1978,969,30220,1100,123,13907,110,4692,1546,16052,9810,3345,14068,19,2566,42544,13867,6655,2072,384,15917,53336,25134,3668,4206,31869,1171,37316,84886,13063,24968,1527,3186,7886,9120,537,17942,1847,6585,2337,13157,35535,16235,6454,13702,4318,337,34221,51772,18634,7119,13592,4499,44828,3428,4438,7283,12026,33811,1328,13735,3103,1457,825,7769,11678,1970,4794,12950,19,19295,1536,1770,467,6487,6776,26267,12055,54505,8585,1639,5854,4651,15583,8950,13195,24385,23673,18734,21287,2973,1937,7601,8231,35930,4386,36326,3047,31626,6529,11534,57852,8602,1816,19173,10238,33916,5595,559,8749,60999,17777,34525,23935,8473,913,7503,7725,16739,4994,3671,3943,3398,8749,5883,482,11150,2233,3138,13685,1086,11444,8194,424,234,12997,3716,20619,83257,23121,15611,71168,8344,9736,47953,3009,25515,486,10159,2280,2256,22345,23530,1895,611,10683,16662,7042,1856,11935,22582,15456,41787,1078,6928,4549,32324,36619,3717,10959,17854,81361,18006,45285,33953,17222,11349,976,6942,1002,6241,7082,1057,4066,5291,13415,32656,12233,64625,53497,2950,27079,5694,3340,14919,10281,18326,1243,2964,6639,1541,768,4039,7644,11707,6660,66,54310,7274,68517,9622,3059,7628,2053,1585,22971,47547,670,57895,12418,243,29838,53872,59,1921,2772,5312,22512,17285,4412,6016,9650,10484,3548,9864,4699,11597,6082,6075,1076,3040,1411,29082,936,20371,21328,11903,41192,3566,12425,14626,14309,16465,12999,26381,4924,7358,25189,1168,2036,9438,1070,8134,16781,24154,159,41261,913,25700,8252,20101,6470,17066,431,12807,94,7007,41412,216,2026,17713,17353,17320,8097,31972,1736,845,1645,14642,1078,12666,0,54494,19726,2727,31365,10693,5540,11167,33119,1580,3239,40875,200,79738,18830,1912,11629,47889,15052,5367,2563,9363,15427,41540,476,20055,1789,160703,1190,3894,718,5471,14509,2371,15895,2330,2596,16916,41707,4750,2391,17010,7559,963,3993,135,7623,13799,22936,19621,31465,175,36979,1814,39894,31294,53187,40008,13568,370,6446,24565,21524,24951,33876,14094,14520,8785,1534,221,4555,9197,38691,8522,31748,2305,35952,6696,5766,24042,727,40758,40773,29614,21894,4124,9464,997,23604,5315,11493,46099,65,3618,7610,9408,21282,2061,1869,618,50,25044,61291,2594,41524,31648,32635,18368,1138,13995,37464,846,17128,53865,13892,14497,18942,12527,14644,51012,20836,2542,29705,1421,568,16021,16673,15686,26841,26,9591,689,1786,32298,2640,7578,23401,35774,54803,7807,24510,27320,2627,6941,7233,8233,20459,33615,3689,8226,7816,13,22166,8389,1000,5245,45361,3709,24917,29549,34052,299,15169,22067,11710,5925,6640,2115,2799,8750,4653,2534,18387,3382,42884,3099,12800,2578,6120,13816,13474,606,15479,3437,4746,5385,11775,16633,167,322,361,11281,24098,2324,6609,46877,5848,7467,5913,7040,100,29477,6875,39260,11533,8458,37519,3418,9985,2880,22263,313,36592,28319,15872,1832,1416,55,927,19467,959,1503,68560,6390,400,2503,15038,18464,5699,11602,1833,3639,22364,15062,10561,17174,13120,46431,2937,46057,5073,26807,35524,30192,42404,6899,28689,18538,24334,1626,15134,20680,10178,2837,7671,12578,28434,3231,8863,1072,15947,24,22157,14644,3895,4869,20,13598,6480,42,7016,3176,3260,30768,8444,1391,1877,2273,272,50993,5749,15968,1983,3144,8918,982,8531,21776,10349,59240,3780,696,16899,5059,5689,327,4603,88450,60979,5359,2673,18448,2866,13906,23442,19417,7151,8713,161,226,25957,2659,1978,2228,1812,48735,3966,20766,10853,18499,21749,4124,13076,13936,1963,12217,12241,11961,41534,996,29087,486,11727,33551,9863,21851,8370,5136,0,72669,35642,2458,39210,916,1964,24015,2083,121,9678,19192,22813,8678,4275,2580,3758,1264,2182,30330,9493,11202,5707,15097,30509,26307,3176,18648,8526,10731,1461,34657,11216,35235,2820,32697,59535,12665,22160,2973,45666,35897,6462,6823,4242,1071,14297,2867,1136,4862,6208,28670,4475,543,12916,9835,6483,7969,823,887,20688,2116,7190,28717,14914,4656,8095,8904,5035,1916,2475,17325,23412,7684,4817,17734,500,7495,12426,37601,2231,35892,40618,23668,9457,3747,8126,38380,504,102,18868,11686,10314,32388,15407,1867,31017,2822,5537,15935,8183,11865,97136,19532,17780,2079,2159,13940,2443,9625,18120,22611,14049,2865,15053,1850,10054,7724,19168,12691,787,33155,10,537,294,9046,4992,15000,23025,4996,43105,9928,16005,4326,22853,614,10471,6360,12172,10501,10303,43967,16048,13963,8606,1860,18336,24088,31074,24101,9473,22334,273,1993,11552,10037,19642,10427,16409,28062,1278,6063,11604,6376,10763,3838,32579,14892,1708,387,11419,5451,3348,28583,27636,10753,19229,9191,5041,42319,826,4231,33567,56232,36548,17841,1248,14114,12036,786,4675,3112,4269,9323,6366,18822,32296,2113,6585,2530,40957,23594,16559,16182,4261,31423,2631,6879,915,9249,26343,8878,966,6793,14726,7537,3042,2601,11005,18929,27385,24367,6076,2282,19568,17363,2615,929,2620,20637,13278,24425,21925,29288,21473,33264,8797,5180,74439,1766,26324,28155,594,1174,8694,27396,59732,17924,57674,10117,10640,14991,97211,3234,10621,26,24876,158,10020,17988,12001,2062,14530,1942,8568,52499,14420,27114,11140,12803,6557,509,57323,2460,2101,61818,74108,62550,11582,23244,54253,2407,1172,19,5330,17510,7808,1194,2302,6751,20123,1279,12724,14677,15638,361,16032,15093,2203,17180,19372,34097,11826,9669,2249,10243,2020,101,20940,5400,2664,1815,15733,232,4380,22105,563,6569,18060,10631,6392,5378,2670,300,11609,4834,3793,15457,26198,1537,49701,2671,8889,13553,92,24227,15191,237,11209,9617,13071,10200,11674,4546,12588,8638,15848,17696,15566,4016,35451,8015,23024,7502,37753,14806,15950,23660,5836,35288,51245,161,7606,0,12124,15941,8587,41063,196,16596,30514,122188,10565,536,38215,19148,43924,25841,7841,18705,10837,19727,12148,1068,9994,4372,3464,22639,2818,833,38472,5258,2319,1375,15991,10882,31617,109,212,15854,16368,6980,6,483,67103,1153,9560,3964,848,9884,13125,17485,7102,8258,42297,20240,8950,14864,508,26530,3538,20308,2042,9484,52,83220,15046,6772,10969,23120,8968,2385,19736,8445,9418,33372,6409,2935,22,6355,5853,1364,3657,468,7363,160,9362,3250,30940,544,7047,11848,16089,5782,1550,16573,14248,8073,836,10742,951,22893,5465,46708,29751,10053,15128,1201,31720,30575,249,7644,8474,4027,23129,400,2126,27895,19352,21450,54966,2177,3403,20185,119,11254,2974,11661,4549,0,2486,12403,7610,33059,2489,4664,27196,5731,484,30425,7066,3386,15081,14266,912,17965,14433,11806,164,363,17086,11895,1324,32865,23267,9965,469,962,237,3370,70337,10047,10665,1445,14676,1369,1378,18717,5411,7585,6638,9579,679,20948,8220,3377,2781,68281,27032,12639,1829,24188,32624,42446,18568,27261,640,520,4791,14692,7460,1437,32479,1731,3277,66788,23605,35042,8598,9871,18187,1547,3549,33293,4052,1424,33106,7098,9071,967,2226,3654,25261,4263,17941,37095,9835,3171,19939,24329,11530,1083,15323,8581,2737,45377,3118,13823,32564,1742,719,247,38871,16155,27571,1059,7209,29416,1625,40796,1161,12065,5867,66362,16604,2538,9323,2395,24742,22571,176739,16352,15036,3303,35522,21031,25681,1849,132,19744,36078,15612,12617,21017,4982,67,9522,24547,8005,2653,19710,427,7775,4906,2929,85,499,6743,13412,373,7298,5498,97,3096,29171,29057,106821,3086,1276,932,8582,23064,1820,7931,7747,1854,622,2579,5811,9207,19,17652,9636,7199,7677,224,16480,14356,11872,8813,2724,3287,5798,12255,97836,1053,2947,3292,8046,10284,5967,10408,15200,32914,9182,1846,4129,16831,18377,7698,11678,1059,3077,12171,48871,2418,0,11896,28591,79669,78,4068,1759,6561,19299,606,19412,20528,23702,1199,44302,7230,5132,12064,5036,8064,1444,23306,3983,18379,23066,4441,20141,11758,70090,19066,13078,7216,40177,36927,2859,3659,12577,47654,34496,27183,10924,640,6278,1605,23079,461,2640,2095,68323,18491,37349,2457,2152,20819,8879,662,19134,6605,6604,25229,816,2348,339,19131,13260,15594,33679,6285,2495,23226,2556,797,102,9221,1740,10557,23133,8697,27748,35808,33984,90,1050,2635,4008,3818,10870,1205,23154,11255,17828,3296,17447,12656,34246,1480,72300,52037,7966,23439,1003,35702,4594,4739,2618,16857,53973,15789,5418,12306,28971,4027,5229,10007,7423,3149,863,1678,17000,28895,10911,8954,38502,2679,1110,52273,2675,5898,54570,65724,15191,6061,20781,59979,19798,2778,1753,37646,34373,95,13658,26,32952,8235,28025,7169,27362,6267,16234,218,0,42430,2387,55149,9365,47616,8112,153,13023,291,17116,37499,35042,7594,1195,5251,285,88950,100833,5919,9611,24097,31768,21647,18015,28375,6627,4809,45658,19495,1974,15023,4729,28561,18621,16546,4591,7850,325,17811,39192,25119,40409,63501,7203,2302,12418,2765,6711,5678,21374,4908,4349,8671,7679,96714,57,9814,257,62555,2329,14888,15084,5337,11971,5834,177,35437,37,8357,969,1719,23817,14195,7621,1187,5292,44021,1993,837,9512,31263,22548,17342,2330,15698,8651,720,9489,5120,6948,0,361,10004,8,2041,184,871,140,15469,24125,0,8110,504,19369,25473,1385,2594,6112,18225,21900,23672,7435,2685,31764,42865,22932,1482,11239,359,4843,17781,67771,712,11427,31212,971,46402,4366,8674,17890,4001,28742,3537,1690,13828,23657,23940,16554,8286,33078,376,2662,4227,16600,9801,2690,33099,21106,20274,13980,49334,14883,24187,2461,566,18567,389,16256,5025,5542,36016,996,14825,7503,1427,9162,97,2257,13982,420,11671,8925,2091,416,147,2564,15491,14898,4839,111,43245,31392,29299,6957,2952,3995,17242,2651,7688,23659,14544,1616,58,1638,345,22551,875,16492,16238,8532,9706,14400,968,199,39883,1815,4523,236,6316,5953,15406,4742,11836,8116,2709,6654,19369,2975,18234,41978,8589,670,7696,1086,457,9701,20307,10250,6912,8084,15124,16,1630,12156,2008,2004,3261,1673,2466,55533,70110,23870,8511,3166,3751,2735,2196,28750,2572,6647,62697,34397,42359,10232,5343,1822,2028,10191,5675,29641,4674,21081,15396,2125,7244,10111,28755,11148,16025,40682,15419,15434,3025,4458,8372,36399,11049,30399,20215,429,2198,20236,13349,16023,5528,4714,45627,29292,12746,6811,6220,4313,30574,4069,23812,32093,2263,2703,20446,36,1937,39082,8545,22696,27574,940,14448,4106,6689,6846,38804,12258,16956,35056,22503,3861,9537,55938,94377,11871,24028,6976,28073,31294,2868,4953,12059,7045,45223,2339,10213,10134,22706,2080,50964,864,15556,3831,1568,1899,7311,359,0,23130,64877,69,31874,1741,32723,62,33851,2015,1848,14400,1050,14027,24217,32642,37462,35724,7209,43831,14140,5609,59,14527,13756,2039,7937,22798,1091,3534,20289,30886,15848,55396,309,9151,4104,4525,9968,14731,55542,41482,17966,7572,4411,5039,1555,58111,17010,16473,11209,345,6606,4910,12469,14281,7860,22509,4164,4181,66,45059,3136,40021,740,3156,1835,21476,1047,1585,7110,8270,22,124,8844,21031,5872,23025,12466,1026,8800,1231,1179,97339,25250,37831,490,15316,4054,4092,179,18714,831,4651,6269,14016,14290,22048,4385,3304,13362,18212,12786,16786,2646,15020,810,28398,709,3547,11800,6963,1076,41246,26216,13517,8803,5458,11854,9164,1815,62644,123,3705,19341,11795,7262,351,21062,4484,15932,8289,3869,249,1512,24388,15456,14108,9268,5026,53151,346,42804,22054,110351,7056,26656,27598,31748,4583,4251,6124,4097,4112,36,2532,20759,750,12988,9128,93178,13023,13589,4970,21141,39169,13932,38132,7414,2201,20738,1398,7726,15037,10003,73,15106,19367,8216,2118,0,4873,20642,20114,5627,47299,26004,3991,5593,3760,29218,914,1969,18286,686,10504,2671,16599,3031,21643,122565,43407,23053,5208,108738,893,7767,0,5293,5848,8379,17672,3074,1079,23019,36882,643,13991,11528,12311,2448,21846,23424,2150,45346,45059,1486,3574,7564,29,385,13371,10770,5285,19299,1936,22808,32108,330,1122,6172,5319,3364,8603,5017,28212,895,10106,4365,34602,294,621,20068,86,297,29516,36538,11033,13268,4776,14246,16264,9335,9424,10205,1001,18498,1605,11948,8804,17900,10585,12032,35997,7070,936,2115,45498,5274,14978,6792,21002,53203,9496,25928,9094,170,39064,13024,4483,81586,13627,11535,6539,402,19710,25266,16135,3760,107,14250,11603,2113,16211,10467,2609,5050,10772,12837,55943,8912,3295,1135,1974,1523,1201,11453,1905,102,18230,11330,15614,3948,60037,17389,19380,9575,1134,78722,40211,9391,2569,7805,78144,40608,38835,482,8658,8209,112128,2044,8491,5310,65,5120,1679,32494,41096,16984,2905,17885,4062,2729,24542,2609,455,3561,4324,17897,2952,5537,5435,3425,7129,9811,4618,17794,943,7477,3949,2985,13468,63051,4240,9586,2482,11677,33453,3270,0,10027,21931,3778,4571,6781,640,3124,20387,5483,20337,741,7287,57369,5105,1310,8894,3480,18799,6833,1791,613,2527,862,5125,5542,269,225,47508,2818,8427,2874,901,9798,14496,16285,10801,1545,62604,2241,17152,5881,46706,9069,7307,80,8742,10102,13449,20369,6631,26531,23240,1004,3594,9287,26884,18407,3,4403,1775,325,662,44397,36192,21424,13294,4559,20726,418,2869,2622,12430,22946,81994,18185,24424,17797,933,34282,17780,171,22978,2744,6099,25746,5136,7675,3319,6149,21474,41696,557,57500,14592,231,2552,7495,11810,6007,1233,5008,35924,19721,3151,957,5136,32731,13923,23125,487,32630,42615,54058,29115,37431,687,4695,3422,3,2800,27906,46980,44295,70731,5271,8479,25171,20279,5559,24461,2552,1957,4256,50820,6270,5861,11754,6573,23647,242,10849,8146,529,4837,6669,12597,7110,7347,52813,6111,1831,4328,36010,3446,10875,42344,1403,29484,13752,50006,1310,33053,5694,19337,5343,25620,157,29574,11160,26,22646,10220,21608,12722,1557,7245,14659,2365,15558,16116,467,5170,11515,86875,35617,5053,207,60870,900,535,32112,41878,6687,0,220,3215,3968,7086,25070,2883,30799,31577,27363,13065,2227,3244,7425,5730,17331,70144,39795,4039,16115,4757,15205,31053,16,3440,0,15559,26634,13559,230,366,4577,13913,905,2483,7364,7934,12793,30102,36932,5569,1421,10083,1670,15023,22828,4713,7305,8711,4820,40761,16521,6467,40622,18564,26839,4614,23196,65990,50664,22136,9740,129,4638,7165,4066,495,386,15656,9830,11942,8037,7850,740,13736,960,2889,8809,577,200,3675,5927,4557,4783,40121,896,10185,3137,13803,97,13429,29668,833,72812,18305,19104,3152,626,49048,6088,1818,20525,2769,44695,8231,9859,8988,26452,6114,0,7565,8548,7574,1669,37115,13933,23706,40388,14370,11915,10334,7323,34968,855,18672,5151,155,1856,54130,31029,50716,2408,840,1044,7793,2958,39251,4887,10835,22627,663,1977,3124,6802,25613,1438,4350,7796,2869,11868,20673,5719,870,47615,5976,40153,20257,19738,1927,4114,15434,47216,6193,6728,46178,5404,68714,24645,5918,6472,25441,5957,1183,2037,4688,28632,85410,7992,23030,7,8578,13680,16033,96,29511,14684,13210,9976,14926,767,23268,2918,1868,22142,28652,27281,108393,6296,12946,20396,29464,105074,24626,20032,6648,25458,8977,16572,18210,46601,25439,9673,4805,1662,20460,5639,35486,8002,15976,15064,4751,961,4189,2671,16681,44062,1431,26143,18754,7311,31063,34846,18002,4830,23605,12037,18596,39139,4994,16724,87101,6776,24962,62,16467,25382,18032,3567,10643,3092,297,8949,6118,5945,6412,5036,25215,3060,16013,13223,303,21535,9292,37885,3184,8799,19149,7639,8728,2976,2514,186,15196,5360,14304,2993,7646,11576,2352,13619,40860,28997,7680,2662,12025,16879,109952,8621,9445,5430,545,2615,1796,25851,7700,10590,3296,40581,3372,21596,3178,11045,89015,878,5766,2083,3500,2366,28876,10021,3729,154,18055,2736,23663,5625,46743,1296,649,7490,15845,68401,3839,15585,17136,6393,9533,14682,17364,4588,2985,1120,43214,1891,2002,10229,26130,50786,1050,10170,26600,24262,20742,7138,38420,3347,19794,1779,1045,18040,8882,13954,1882,755,6203,13488,15694,119,2625,6,306,12845,1038,7769,8928,2786,590,5161,757,2778,2653,9294,1682,52403,15166,20897,17124,6617,731,3021,25674,5369,3331,13632,36139,964,11768,6525,3717,729,3886,339,118204,1106,8970,3503,186,22103,10002,1245,8188,2689,1503,47247,1750,2378,24,16898,1179,764,52,14458,2328,13156,8275,4743,21353,13583,2929,2057,3755,3067,295,1450,17587,1248,41759,3764,29452,18345,11590,27645,2842,14228,11110,466,36921,25178,4969,340,752,16019,2315,24324,6140,16232,7115,1827,124,4772,2468,31028,17524,4269,3514,1539,54377,31341,12171,12923,12339,9177,34567,10797,3361,2850,3345,1386,209,705,3423,20191,29967,333,13459,844,3751,9335,29996,1465,5185,6495,481,1466,10317,75260,12210,1197,35954,29861,10246,14812,70378,1130,33092,4230,6035,23548,13949,9984,9546,3880,9656,30387,37036,183,19417,1327,16932,21453,14375,13230,9757,11959,24674,24345,2527,17779,8490,2493,37987,8254,32172,172,33556,63286,8897,33099,7921,12375,1035,9615,68,9314,11145,32189,7954,18383,13562,28952,109,11604,5895,16765,19377,29367,3200,5819,567,25560,1568,6847,6090,7522,22975,1048,16425,23275,29051,44287,9479,8169,28,3040,32641,12081,4495,430,13308,5840,7939,40070,19689,73474,5618,21,68149,17665,5443,4550,14292,214,5355,37753,18176,2736,8645,7932,34135,1846,740,4124,2069,9160,37847,23236,30425,53180,13864,5478,23769,3292,8683,4326,9128,11795,627,8051,7078,23243,73083,22036,20440,11849,51263,12317,20076,15395,5724,5858,20288,2947,1912,38718,29684,22936,41493,39611,1805,995,8893,68181,7525,17461,51255,3137,8209,10790,1096,5221,31219,23031,42519,22278,97,2950,4302,2254,38409,6875,3753,28644,32427,23903,178,7863,375,3258,1674,494,16916,8798,3543,26690,59750,45478,15308,35067,3654,2945,20737,11366,9247,10089,1850,3351,23866,4912,57606,27934,205,11014,1560,18821,124,12203,11373,13863,141,7935,4133,15206,1225,667,12298,53082,93378,62280,6737,54296,888,31562,9049,13850,1952,13265,32902,227,15377,11362,5552,3865,29907,3771,6769,61466,14180,14965,3867,57,287,4518,3113,5438,840,3613,7824,55,7190,9353,10912,519,8532,4153,57364,30174,2270,24700,3996,12917,27290,15153,596,21530,8336,1669,43,22400,4066,6859,1692,11756,58496,1293,37556,33505,3467,16334,50950,1253,1767,20723,68374,4323,9557,9711,3619,12179,788,346,5333,3080,402,19870,3265,13050,876,3453,4233,20235,23163,12589,16983,5375,0,31455,248,41884,3937,20575,6000,280,186,14533,1925,14285,32328,39111,16254,8128,2795,3906,8135,15854,51783,11964,2149,14386,6178,11570,4808,2635,23776,13324,3024,28882,5499,14855,8501,96446,4264,23639,2048,3894,1514,18993,394,709,1519,934,4605,19538,7991,32806,9058,31897,1405,22075,11778,4783,14838,37615,1175,53893,1544,19996,244,7539,3361,5530,1315,9621,39654,5562,10539,3819,8582,6,4971,13719,742,29713,4598,24042,414,988,8398,45277,8993,2183,6530,6496,15792,671,3251,14660,9556,339,16189,209,13011,28006,3306,102,4511,2389,5794,31651,40813,10262,37675,88,142,103,3702,9200,41999,2116,17666,22900,9491,7535,23606,39611,60,46535,30305,12808,25329,4676,15553,7302,14775,37760,20085,4801,13357,8044,5414,21039,152,10763,13469,32686,25099,22517,4852,28452,13998,4668,3699,27663,9923,3736,32081,2431,1649,57605,5645,1381,18540,2596,41680,12993,7921,2259,4698,19270,2729,1013,4480,18342,7430,7357,22765,47785,2,33230,16188,45980,55939,14570,15172,51880,2193,11735,11328,1556,6654,16417,2015,3108,1274,33192,24875,1491,15439,756,16483,6234,1476,10479,28583,6243,48396,1054,18667,920,21,5697,7791,1891,33180,20654,9948,4146,13219,34317,5924,15254,5562,8600,30321,14749,6752,26616,2485,1341,33177,2077,2,9053,2016,187,17852,6567,2885,1912,69814,51964,292,744,15007,11176,17644,151,1124,4089,6704,59,2425,17285,1660,3404,34703,18941,1042,25552,175,963,40881,6966,54274,0,33276,111,1637,26194,1979,9885,19374,15543,15099,2911,31017,18569,2083,693,5933,3092,22553,40085,290,31402,24011,152,6354,3648,33325,2814,11474,7547,4178,16286,13056,3528,1844,12604,26533,897,7970,30536,775,17443,4225,37006,813,41048,23831,784,33998,7716,6178,10889,50802,21063,9794,12109,10220,539,4015,402,17815,89665,3907,5305,6127,21208,21117,195,1892,4329,4391,1119,9696,6406,1761,23266,4914,5036,18494,6577,1583,6653,1175,1400,4384,11065,125306,2040,43807,1992,4486,8275,4956,92,147453,12949,3258,9685,4540,18922,5988,7629,12614,2027,18018,17153,5301,255,12350,17857,6810,144,36816,11610,9115,6374,1273,32895,77277,543,22472,139,9490,37196,5270,0,1886,17821,811,2575,8663,19131,10823,6999,1636,6553,34067,8264,54737,7396,19780,6620,987,737,14259,3840,3148,23523,271,16942,29342,4551,6835,18057,24950,28888,844,34657,34530,21081,8076,2839,4083,266,9225,1813,900,1895,19081,52791,686,21327,20324,4035,6443,30770,78829,310,5546,2306,29242,4202,1,6801,117,65833,27461,23791,91,4591,8129,13889,19198,1981,800,11406,21868,26147,945,2538,12047,33420,63503,13528,1488,15842,11673,4189,19127,6820,2525,6137,4802,683,24840,26207,12510,7047,2341,58,2984,11456,12641,8705,5127,28305,13,1625,27186,28037,3003,17633,21526,1752,8755,2205,10930,34236,11601,1002,53082,6019,171,29359,888,12926,5976,85,34360,35274,16166,5860,30170,14334,14286,391,21551,1652,4610,2509,1575,14239,18203,2009,13851,13264,3411,48505,488,5182,3352,2356,4364,8990,4629,8086,3270,2282,28097,24270,75099,13194,19575,414,3170,23370,34552,2136,18539,17860,9297,17606,812,15845,24961,189,51891,28074,1167,12184,921,24167,17662,13161,1165,1545,17913,2605,2352,52271,13621,1676,33641,8656,36351,8828,25441,1094,5246,952,6498,4801,9669,6695,5509,588,7006,17357,2448,13752,8545,18005,66108,9992,13043,15517,2249,117,12471,21264,3312,6721,16989,2420,52500,973,39933,548,28,21854,2236,4010,25228,13837,10613,279,18019,20719,9347,7577,5929,5393,550,9016,6668,3096,9452,8717,6821,2264,945,15488,28747,8898,4293,7496,75376,2571,24295,2653,2048,7082,1761,26261,11361,25784,26223,40557,7431,3054,16994,3640,12740,12027,13035,58913,2554,12598,11683,4430,9790,19449,17549,9594,2195,3205,46858,28902,8500,8565,14095,59060,7634,7743,3738,26261,146,12370,4423,13189,3681,565,6161,11443,81865,12987,12187,2495,0,1687,21075,10620,33435,1430,1696,35695,1630,6314,5839,35843,7500,19253,36315,7296,79,1204,26050,1170,23020,67046,51743,3973,12185,3269,3241,3910,18185,55088,27090,14449,2563,4575,26917,57,6726,61209,33,2837,31002,1977,9796,618,0,864,8298,1569,12290,816,4391,17052,22911,29894,5904,14808,15532,12,10743,3045,1511,77,7940,18375,13627,4201,2090,19345,41122,36,1715,8179,1153,66542,869,6925,5206,9379,137,150,64996,33,3705,4797,7789,53365,29024,34362,2728,26496,143,8763,1128,1752,367,8757,20834,18673,4417,8489,6650,9711,395,17064,14213,1360,22788,22961,38794,7749,17869,44,2537,2774,7416,258,8311,634,3897,15199,57388,4598,28556,909,14066,6839,5048,25833,3887,13492,4161,8160,5770,70439,21514,457,4018,564,899,28085,28699,12553,16748,115310,18537,35898,12238,8309,9365,10516,935,94088,16344,2540,10313,6899,61395,24002,8661,6406,8501,5969,6066,2576,29423,2220,57536,3392,5494,786,275,16628,6562,26074,34713,17961,21424,2603,14268,27490,8225,14658,6378,16961,15696,9591,9779,10315,14738,7543,4108,2226,49492,1761,2120,3389,23836,10459,1862,39673,20509,761,27850,75,49,4541,26665,16507,13899,6638,8448,55885,1405,7506,5261,16939,2494,6118,2174,3909,4056,5172,3977,5488,1986,8578,7029,2898,27283,7874,539,12774,2416,38248,15298,3821,3811,11696,238,9398,17778,10395,37391,5987,1122,3965,22707,2278,4445,10221,29966,3664,3931,6098,0,19611,4276,19031,277,38707,5657,21603,8786,17162,19292,22,14349,8363,80,16290,7346,36,10532,34294,3633,18963,6056,2250,20577,2531,108,1367,8530,3000,5643,55013,9782,39879,7967,13922,31843,39025,21745,2178,7045,120124,17481,7428,235,384,9439,32316,5177,13673,10956,28871,764,2186,2994,2850,8366,3461,5234,222,13398,19950,9092,34901,1172,13709,2609,7271,20137,3745,2883,4874,89,15637,34468,7981,6870,18993,43357,32834,34492,2489,15199,10889,48973,748,1833,25261,4404,3912,1199,17008,10420,6011,7251,43843,1553,2104,19685,15989,8141,25712,16440,7527,13175,5419,8073,25,12436,947,716,10731,12961,24776,4213,37562,30679,173,7651,23003,14714,7564,10505,30594,1204,3114,6915,9679,3283,31391,26418,17116,8045,599,4339,15004,299,328,16299,13393,12253,24669,50518,10473,1071,9905,37484,7061,9101,3945,19129,1260,15354,23131,7707,3837,34047,14390,38082,33403,20586,1819,2314,2848,1840,56938,206,327,18668,8202,10249,2883,14442,7964,18749,23523,2543,478,18073,35225,11079,8249,38610,10853,6168,9778,6172,3740,148,27595,18271,4953,2489,6075,40206,5895,3325,5237,22617,56996,1932,3630,16706,14940,1192,42122,24061,3982,15624,2697,9907,30247,8060,34210,550,0,11599,10475,7131,9382,1264,60140,8012,30132,1104,2873,7510,1454,10809,27491,5535,2982,34203,777,28104,7924,27984,6444,53277,2575,5202,11393,20341,2729,25387,5782,18157,38061,1865,13998,7894,5519,35874,769,6162,53333,4959,3140,1690,37540,18134,12455,44440,12304,15544,17869,23196,2884,2703,19069,26,4235,11576,8498,636,15523,8244,32019,1579,7656,8949,7227,17125,17972,36130,4515,8311,26359,16561,51684,17019,5632,50876,13052,9866,2217,957,3178,68835,39753,13826,2152,2858,6042,4138,17621,32781,15205,10825,79,1574,36466,5325,19724,17892,2534,2676,19556,305,4755,10916,2527,46914,7991,14612,6763,3320,5511,50566,2163,4056,41411,12416,15933,28874,2405,792,1,33058,44221,4447,14977,26029,73428,33282,9342,67511,17906,233,6742,10535,17463,3753,8428,49476,3894,4821,357,16282,1157,80161,49271,14390,124,11432,1204,15,9427,4265,4064,8020,3346,14577,2166,4550,16702,14987,4493,6521,7972,11306,40130,77,27783,34304,24714,16973,16955,3019,8123,5288,1265,6375,2782,3290,12537,9239,2371,17195,6127,7538,8887,27925,30539,4869,16507,4590,15252,7057,7021,41,21,28501,7787,3329,733,34547,10157,430,730,18310,3873,2950,29911,8586,7283,19978,9749,5354,9348,7093,2669,4542,8384,17359,34210,28522,3977,18023,28245,32418,234,314,4053,8014,36660,29507,50999,14203,3728,5000,101,55287,25180,11649,17892,3584,13817,35237,2628,15193,5469,2380,12494,4502,1210,14135,2642,17123,2286,1928,8171,15928,64888,10095,1293,2595,8858,18061,3626,981,18493,8114,18586,27998,761,10450,2375,2040,1737,1402,13091,1544,5684,18368,9510,34458,10806,33242,53807,74858,5625,1167,10319,17337,98,23467,5490,5880,31272,34248,7403,899,36975,6070,2841,26723,22993,2258,87,23160,2004,167,4693,87955,1311,3070,5460,365,20191,85,20879,4218,5412,20603,4795,30010,86,219,9571,6163,24307,3888,23079,845,18713,10092,5935,16787,822,10471,22208,4039,2407,16446,11856,54,1209,80506,2704,13874,26721,87705,50964,2468,7,3001,9243,4762,403,26772,79,4535,11823,271,57096,30400,3719,19556,31352,7087,9123,6601,13767,3634,42879,30950,4781,7577,17628,3075,12576,15458,8773,4051,10479,24757,28005,9109,25005,1311,16482,5751,17975,40047,2678,2519,9405,17019,41976,3,3230,37088,9631,73,42704,7888,3033,17106,12186,1399,21107,6098,60928,13111,58111,431,71960,63772,7678,9869,8347,4765,16494,8969,1976,2389,20427,71,2891,4814,176,3977,28769,5979,430,40439,20739,827,7247,60415,1245,1746,57030,2333,15889,17129,948,10466,179,24357,35532,26214,2129,19061,16730,11651,1664,1211,14377,5391,18770,1002,862,16172,4439,10937,10190,9520,29956,15339,38395,11375,35723,12150,4596,23270,47438,5047,8125,16113,29641,1183,13144,1724,2130,26263,1029,12396,23070,13899,19425,666,21830,25608,3050,10585,29213,2942,21163,12868,6300,19569,4578,8079,622,13036,18889,25519,1991,31645,11095,3752,22282,14310,8505,10078,356,25450,119,164,12756,3702,5402,5592,104,22436,11665,1634,32303,264,7696,4815,3464,33238,14919,19852,10033,12923,7578,1326,10291,47752,3719,1759,9018,21639,32847,3,4760,17285,10282,17189,16007,647,17649,85,41972,3445,8614,73,9836,7367,14295,854,2811,2444,22395,621,11677,4005,10021,14948,1243,2977,7150,23617,34626,448,46654,17764,22271,5458,18683,5504,502,17338,2316,2562,13228,4331,5354,195,53625,5605,5557,10601,43633,1761,11158,4349,947,26777,17432,9509,2619,1993,9237,47528,9770,9959,135,9082,142,4754,18435,55281,5902,38222,1987,7361,12890,2456,2921,2662,15503,21,40132,22890,21947,148170,1236,4,3296,7370,9593,8143,13133,1689,23396,9110,11752,19004,847,8298,5343,909,4376,397,4742,12839,687,7430,4447,4318,258,19182,8707,6433,30392,26,6905,2188,7162,20973,9950,2007,44743,2168,12441,2778,32919,18298,31958,95130,320,3682,279,8286,42392,8789,50483,9,6771,40268,12095,320,5762,2892,61603,6549,47280,33776,30453,3028,1385,31288,31757,16690,18160,218,15987,28866,6320,11466,8428,15376,14292,1909,961,1433,90695,7505,3314,6145,5278,46051,27910,44478,0,5204,34595,23956,5356,42847,584,14290,9676,12719,28595,40191,9424,3679,18197,2851,33828,33135,1385,36317,75073,20316,27005,16668,3677,16650,36304,19566,695,5425,5081,28333,6826,18841,10686,3532,402,865,10281,7076,35002,8283,7832,10209,359,28307,12154,31310,1555,1489,2720,13686,14004,21928,5742,2421,4413,1550,44561,28024,21762,7515,1306,93674,763,17516,17115,12618,1097,33310,4245,17773,8063,38122,7145,9045,17688,1284,230,4624,2962,17391,3764,35796,387,95568,89507,12833,13046,21,6221,5376,21835,13063,18759,17710,17679,870,31191,910,15135,942,4409,3221,34635,4064,2716,11210,27284,9758,4625,5812,19508,31673,2614,9688,15147,30969,24952,4250,3088,3706,86453,15973,1492,20680,19354,8394,9972,14201,5248,17548,38,14194,36288,13450,24,32959,20292,233,9482,4686,8448,3329,1976,7926,17436,12212,2823,18389,13507,3871,266,42656,754,686,48945,1248,18292,38537,93141,23956,6042,9257,18526,17118,17281,6584,4916,13838,3000,5703,20901,1328,13181,1316,15549,8835,183,3287,14820,28463,42187,4507,15709,6699,9158,5472,53438,12266,34034,3202,6148,1438,50604,12853,363,22455,12231,43603,33106,4356,6578,3341,17886,1175,40706,21504,23773,13295,14226,2074,3005,1305,23065,2491,3762,27887,15596,13688,117,9408,2781,29799,842,1104,8769,12366,7817,40510,22039,1914,6231,8140,16273,726,16705,2517,796,9939,10693,8867,17,17744,45161,28432,604,61287,13243,22833,28434,35529,13422,14855,4037,14737,7962,4846,21060,17011,34511,0,4264,31296,666,2138,33484,743,50862,8741,1704,28474,16796,13466,8795,10352,49182,15461,49803,6940,23501,82627,12124,6659,4511,29453,2277,1839,4118,11571,28757,7353,39313,8473,3496,66835,27697,160,16262,3244,5665,2973,2712,11080,8125,3271,1412,10438,14926,13343,9203,4135,1834,1076,7088,35156,99886,3307,17971,3628,11086,28439,27,6828,52797,2366,25277,12517,5906,17396,7285,1588,60996,2239,21226,16931,23809,2066,43203,13275,1627,4017,1004,28154,57017,10449,11969,135,47190,470,6279,477,69,847,48431,23103,24989,785,27930,3694,5421,19384,6619,1604,4786,2319,29731,146,8228,491,23304,4574,959,697,44189,8530,694,8264,1742,18061,49417,2101,126,13762,23692,140,1980,14752,2273,19933,95507,1188,20411,605,4358,24757,8749,3060,28710,3530,2474,72940,9415,4535,205,6430,19692,6426,8607,9932,14148,41,2816,13803,14666,2306,1427,1026,796,25627,5232,5241,17513,66400,8918,2822,19988,61,35328,10640,2097,4753,10973,91,17522,24658,32871,5880,25229,46111,12995,8974,27256,3411,7376,2081,184,1201,751,17117,25620,50629,7116,43735,18185,50656,10679,3484,36238,25176,36781,16817,5122,3089,14543,25195,22518,12951,20191,1355,18757,38237,13629,4612,573,9170,31612,14087,7500,8012,19032,6279,1065,23956,8172,3507,1076,10406,12489,3916,35973,997,28328,43334,8902,32920,20,2960,11122,5494,20147,8354,12597,13287,11134,16580,14864,3261,4213,12198,11686,27295,26352,54176,25932,6773,12204,31158,2548,10246,7506,10019,5985,4000,5336,20335,1609,50,1305,23,2034,23876,8381,2583,7367,1531,13588,12346,8404,1475,21171,37184,22294,14452,12748,26881,42003,7709,21865,29029,12472,3836,36701,2659,6959,2002,34862,7234,9,651,101,22962,17609,7999,188,30333,824,16914,7483,1073,9818,513,21835,9228,53,30039,4336,3130,1704,1085,6692,59613,1663,4599,11625,47417,28597,535,51036,16178,16461,8250,143,429,34111,2002,3556,134,9390,10633,7012,14126,2347,33415,1309,29117,6564,1009,15164,34684,1244,3401,1828,26804,10960,433,16393,31262,86261,53180,10377,34025,2881,7168,255,461,5402,6341,204,12814,3209,14399,36416,14547,1559,9356,38647,6785,39886,7260,14276,22935,60705,16673,2835,354,3989,14252,32685,3675,1287,22928,6688,51,21518,44724,12400,2888,14986,53210,18536,5864,6382,20208,29002,225,2432,9645,0,15327,14908,15459,20371,1264,11635,1084,5509,23551,838,3478,17874,62585,35011,11509,17032,36669,36327,743,25,830,10030,17460,6556,36758,10503,9945,4288,24343,5471,36635,49129,6453,976,39402,40953,4849,4914,10849,391,85456,5356,11335,1694,3461,7052,41372,4250,4146,6864,1886,4957,5906,2265,3510,3476,70103,54457,22119,12518,20129,77412,898,22290,913,6065,4275,6233,3430,26386,6037,11554,18307,21896,13560,10852,17011,417,15844,20133,28275,7558,4605,46775,5568,9585,10754,5803,42392,4813,242,21463,2112,553,3418,15659,16097,46218,3700,13188,222,24871,1520,68334,9288,7397,2453,22645,1164,2354,27815,24385,816,37300,52155,3079,6482,5842,10365,29231,132,8496,32493,3913,1988,2129,1115,1612,5357,4901,0,1847,64590,4402,5503,1371,208,23260,9195,2,2658,1033,36326,17142,2746,3586,113662,17,49871,23,8445,31863,137290,17357,6485,220659,9568,128191,10468,35886,6024,16479,1867,40850,1059,63096,12852,70890,16933,115511,3288,25207,4702,2734,2725,346,15230,3353,11944,95581,230819,50388,39802,114122,12581,19019,7276,34722,20301,48754,2855,36559,271,76679,54008,9214,0,3,927,973,29971,14940,506,326,7676,320,61824,4685,22198,1765,1278,7897,17,13734,118727,99705,101309,0,2661,7586,3952,7280,157,42809,5471,34606,7714,6952,4384,37923,1652,3548,36333,36084,7932,8617,2223,5347,1218,20438,11747,5876,42413,42116,285,29873,4,9426,11279,6573,16836,2544,49673,2902,35096,6189,15506,20329,63039,48400,8647,26390,24930,18069,898,2589,5708,123,47370,5959,50560,6822,1874,1092,13749,1755,36021,11081,12786,32430,6894,362,14360,18077,13037,36449,1812,73736,1675,8502,86641,144963,275678,118749,801,929,10661,8102,19072,2684,1690,45499,21382,29877,15621,1695,4823,86311,20137,28812,52707,49,8415,1551,575,87435,51882,1569,3074,221,9515,27134,21434,101055,39267,7329,2973,138,64205,26179,62933,17280,5382,19505,1964,6107,4948,7847,399,46735,17358,71668,22905,34,7,1105,39551,1182,111301,17366,38555,15972,3849,44840,41648,20085,13406,107895,88630,0,103594,111399,133339,54858,30570,19784,21422,3856,7195,23026,99,17,33402,38064,121,11034,6268,8844,11788,30321,25775,62183,3138,325,29319,17811,67387,12837,16234,463,25379,83757,5273,8329,248,6613,18711,0,10411,10081,57715,5347,12751,9426,34378,51595,22543,982,65737,7919,1961,51,44304,2238,51619,14536,544,47256,93160,8305,8602,11236,12235,3874,34235,21501,39746,27892,9135,24290,119,528,322,53013,2187,12757,97770,55135,40748,29779,51685,19784,17683,2,4198,491,876,30410,42942,227,30970,108391,16561,17714,113285,34862,47730,73335,2177,60735,2,13723,2952,0,47661,5697,302,349,45428,17832,37874,4557,1237,9639,15793,8266,489,12475,44594,101691,15306,2544,20304,90381,23912,43373,8395,23576,21321,7133,87,783,7498,19634,1446,82072,20755,90189,5444,69911,75589,93567,0,14771,1372,34,146375,9,538,41307,472,128382,34840,67031,26884,8921,2845,335,17770,6766,1378,8813,1807,3846,84861,27778,1103,19542,1550,410,5477,91472,56592,357,15977,386,1418,4244,28170,4972,2964,7074,326,89497,85065,472,6159,13597,62738,26649,13681,1784,2396,582,725,44327,900,14342,1422,151838,15702,29255,3138,9387,46901,5328,6650,82321,41813,31708,14378,47373,2428,22812,42337,11,18705,8,31046,50548,20861,1370,1913,34216,22869,36688,86774,958,27862,12692,6224,41273,6505,3879,28170,1022,0,133,23142,75651,957,32247,40053,80720,39630,4034,65350,1291,42129,13712,15123,5296,56620,209553,21753,384,12055,21084,715,29149,2213,8178,13950,15542,48115,12608,45409,129948,29095,1943,6718,6,958,55526,66813,6350,23548,212077,594,70661,0,14001,39080,4047,8856,40793,1546,55704,10987,74912,96371,2424,17940,47344,16834,7180,15493,49520,10471,16905,5261,21065,29725,42759,18982,3975,63387,39,38,308981,42872,8483,516,11158,866,47832,74803,1140,27859,1426,9903,530,5041,4272,8542,1801,1188,3832,23997,37366,90011,45429,1574,44777,70539,29579,73863,4836,15000,241,2806,35678,4052,3915,55,3284,2181,7582,450,139243,1250,132213,4620,34676,7530,69565,3592,25221,33783,16637,81,83,13561,3066,80142,53651,4920,1924,24051,11406,83403,27287,2137,277,9963,138,17,26473,56997,7251,4,15424,9479,178,67008,809,84,24747,461,55562,14659,39567,76138,25056,83784,46,14434,34335,762,22943,3587,12180,6774,7478,9123,66,40050,6596,49014,28750,4404,4789,911,43405,2740,6991,6757,71803,90,5762,107,14675,8682,83150,86296,1387,3212,307,435,69924,420,84743,80,14264,1891,15120,32021,59679,3117,9,23143,7084,10457,3111,186,57199,3512,747,9753,6605,52577,2891,4959,1111,11813,6557,69041,81137,7340,116333,46,95255,2191,3193,4026,2156,13293,81817,305,59509,3210,54146,7505,21008,37260,6428,13456,223,3348,8525,29545,50635,135413,136,30619,14655,19,22,3896,45247,8892,15854,54096,88808,44076,10565,3223,58204,6651,8744,702,789,6975,6061,3511,66088,55613,2171,66356,385,22188,14108,804,71776,96111,59460,18794,10825,27,42,2120,12750,27799,484,713,5671,138,46442,45,10111,6205,4,9559,691,3894,18732,420,28819,86135,10626,3,15638,94633,22756,51436,1392,35452,143696,28065,34034,7339,49837,53064,2204,26587,699,6163,88208,8765,32691,15998,4791,26819,168,2643,49675,26208,5822,1364,94635,3367,8013,19018,596,50603,13,53720,9303,4813,475,180305,9502,23923,11941,2,2694,180663,68653,30200,1323,6792,20594,3168,23218,13947,137628,9824,1925,35,34886,94200,4018,2,5029,29160,0,349996,40386,15143,672,219055,4323,2735,9313,136405,4953,65266,67810,2071,653,31590,2090,776,6407,2414,18043,5323,1055,4709,459,10521,1830,44720,2307,220741,12283,4277,106321,24996,4823,7092,603,32762,20430,19628,1754,41369,2611,172600,4809,59546,8974,11611,5702,38667,1843,6657,17421,74202,3307,7,19255,117479,14,14019,38623,7607,52494,8829,4304,126380,3505,9109,1937,7115,453,923,4449,16474,5376,2497,5881,33763,1321,157,5388,28956,20201,97245,61691,30653,52967,3196,16360,4672,3994,95769,5,14889,15089,2975,10411,28473,74873,27870,70373,5091,3,25005,38536,4059,1245,43776,18656,670,2776,25545,6127,15476,1923,2905,1812,26235,5841,4014,161633,23294,309,6478,86,36360,465,503,5303,122557,25536,28120,97661,42,23070,67061,3836,172199,3035,98145,16243,22992,17025,11425,831,114,9719,1767,79966,11338,2016,12153,445,146896,2488,14378,9658,2705,6087,52921,5033,64336,65592,10696,18430,22130,22888,1968,133892,17363,4351,20643,12167,26106,10395,53553,3729,52708,25755,61428,198,23811,8615,51130,1278,593,1706,1182,1190,17706,786,189193,0,8798,3795,1172,16838,80718,2735,933,818,39443,2299,1573,1012,4878,44,17335,22079,1798,20834,5074,15785,22157,47889,39619,7638,55130,17792,9,75297,100277,22751,61350,4114,7377,2528,128,13137,14906,4156,3,17287,3089,1215,40679,6871,2845,23017,43,66701,10934,45,161,64448,59257,2130,9703,3453,12518,171510,33886,101470,61749,4844,15,113183,108,3213,74498,173,19371,163,36351,28877,136568,868,8149,165318,7267,168,53441,5098,1540,82,7468,7416,36756,6979,29152,8144,62881,9714,38,8578,99165,1838,10053,2400,5864,8309,571,10549,941,91136,11553,19452,1022,7978,364,7885,3304,22185,5158,22128,9752,2301,19089,36,47202,3684,131627,10806,90446,94431,45337,3396,123308,1997,79850,312,61388,24703,2951,4736,31690,13499,42616,21816,13283,372,1220,85,100799,15994,7217,575,76981,27648,62186,1,32556,10044,29303,3866,831,24,4568,610,19202,938,50243,11099,79592,20263,3141,0,21110,10867,1375,4893,49154,150,2914,18852,1357,116718,40,1778,6744,295231,868,0,51774,7930,205161,99118,92,6548,5970,1449,18717,15546,51371,10867,65043,28341,36687,4169,107646,5216,1115,3746,10,12037,2592,1306,13569,584,63398,1260,56425,14245,7552,5756,23791,6524,34049,1289,1715,3398,11447,14880,6634,72504,42834,7044,46829,916,7853,5498,3670,33283,11228,41086,1706,85,140867,2030,8994,67724,310,3207,2750,34334,29967,970,6402,3177,10459,60031,20262,12317,26062,144370,3180,13078,20793,6883,44328,11959,1832,5891,1284,10217,5493,137,27242,26220,15024,55087,7241,9190,18460,12241,26039,2834,13797,382,7250,2820,12025,4557,48808,4290,15655,13080,8197,9550,3889,2527,5169,41514,1620,10152,4416,13957,12,1197,43061,4869,23222,562,77,49849,54907,7907,879,4633,73484,38601,3175,43060,12413,4122,1220,356,36869,18433,518,1473,11168,2653,12435,335,7194,610,18975,416,0,39958,35956,11499,7122,1672,23902,89405,27285,13153,91656,75204,38472,9587,26558,12,464,3410,8443,6395,5,2870,17237,7866,35097,50830,2781,1243,5399,5647,67863,511,16340,1401,77405,793,29527,1449,1930,47916,42814,10894,15208,47948,534,47,35396,71135,6683,17205,27399,39627,16009,11574,6870,57075,50000,43599,1896,29213,5047,13867,32022,20164,49753,6735,6690,18880,84040,7513,73056,15502,57600,172,11604,6210,14404,70369,33883,43177,29674,2861,40146,161300,4298,68830,2665,975,10606,4761,6286,20046,1498,1699,1351,30339,17405,16598,17316,32269,2035,48845,111488,757,28509,4436,67487,8855,107549,173687,2996,3392,44848,3746,48578,20617,4515,129071,601,14085,151330,31677,10931,11935,40569,84476,8265,65067,91775,10048,30206,23293,100205,50032,1362,9413,449,28676,2101,339,2096,7346,74572,31,9004,85334,48302,5670,1684,475,95638,1767,29815,55017,2069,45296,16457,4931,22675,408,128192,2618,1402,12250,25176,7509,32594,6515,13439,29294,9737,5277,1550,31926,50030,5317,6956,521,256,35,16223,5466,9117,40199,16185,5389,16217,6648,30015,6861,15353,20,30097,1475,2172,6260,16882,234,3178,2016,4843,58148,27080,115867,5308,265,56687,11853,3735,10517,28,29,9780,20979,10250,8699,58922,131046,1242,52138,85251,669,5962,8741,835,20322,22812,4866,3666,22574,587,27404,2435,182,12617,8281,8168,4701,33120,6009,2242,26649,132183,1190,8363,50799,23148,717,10949,29286,85353,10915,3365,55904,33083,79491,43281,30573,7121,6747,6241,10027,16727,64208,1060,11210,113990,933,2467,0,28559,12970,9022,1803,2557,31378,11201,7610,147991,17251,71953,985,146,14,3977,15463,25460,1097,35210,30346,186542,1311,27525,5371,451,28532,132355,25346,6130,79235,76317,3597,0,8924,27863,30467,25733,651,27752,17,59773,11226,39712,5032,2983,55,6179,8008,33670,2704,36301,6946,1850,565,17659,11854,61598,16073,10143,1207,12525,42244,14256,17625,39345,92859,4485,1229,36368,1577,18102,36626,24410,29645,12978,65127,6731,192,16,8294,3445,126523,17651,30714,6397,153734,12151,207,1116,15755,3029,48751,53128,4703,144733,91,52164,732,1522,8537,1829,24658,2347,3690,1058,50440,3283,89715,73305,14513,90515,69620,107218,39599,18201,7529,2119,18444,15470,66388,2171,16094,52778,36573,19178,28278,9841,1206,0,23779,2148,17421,7094,8118,4169,3981,1558,53008,46608,3887,10386,10658,29822,3752,236,35956,1224,1,4427,9675,91338,22108,20454,145609,767,22068,53165,20732,24962,15779,11288,1821,364,8293,1184,2209,5077,6251,107327,635,14675,48781,619,5212,1294,124614,9463,119,7005,36337,9975,4468,1576,60844,86444,62147,33003,47974,28982,2634,2452,28843,14145,11984,9551,21717,490,35549,36506,6662,41951,77486,56218,2988,29871,1635,140978,75090,24245,13849,14621,18321,5807,1763,35143,350,54421,2628,16021,0,7125,3167,19646,759,2899,1251,12312,38351,35506,21037,185949,13303,5557,30984,5483,30140,23377,1279,2196,15847,9188,925,71687,22114,57709,43337,4661,33915,396,132379,15216,10835,15669,2769,24345,32838,74441,2342,2069,16750,7353,36,7631,1859,6638,105551,6830,18761,40411,244,1315,12459,2487,15115,17211,28735,1421,116931,40402,18463,3746,2756,30246,8856,61902,1826,873,20348,63142,16906,11218,94994,1876,25504,175532,11350,23006,52706,24,29588,30472,3246,487,106,12286,7719,437,2108,68170,17485,9,1467,138090,9674,6916,2448,5994,13968,156,14973,5845,2871,38012,963,52564,2677,170026,93175,7107,2771,89,21982,1558,57,10894,43657,47254,103,8910,941,4761,78932,14416,728,120890,40132,4056,2400,113203,62724,3106,14927,9053,2114,35564,42162,1232,15291,38167,7390,61775,17828,7307,2785,21797,14071,37963,17654,2980,7195,32,59705,3715,2547,10825
357,0,2687,691,428,33,964,82,30,854,2217,107,2113,1332,69,2264,4444,272,6629,134,151,27,9,1519,2902,480,9898,1934,4462,724,338,69,1035,413,1316,158,513,425,340,419,673,850,2623,9550,6610,289,576,2254,1092,421,535,102,166,40,70,5652,111,71,253,668,488,5,218,111,1686,16,1150,167,80,96,480,232,200,155,3070,96,6073,149,627,235,1411,765,217,968,21,1331,641,173,365,5510,1152,7,94,644,18022,254,1691,346,26294,144,80,165,1004,661,5,1080,15836,114,400,61,165,478,62,500,122,320,58,153,119,99,3392,63,939,131,10819,137,44,849,55,5,475,1349,963,1367,655,528,643,649,3213,959,52,24,655,94,146,557,172,219,2126,17,276,315,907,1196,595,51,4,300,1456,1809,851,1745,355,2125,201,174,273,669,5323,356,812,7196,1114,238,49,196,5544,589,32616,48,1943,318,729,1345,32055,949,3040,169,795,1028,1149,134,574,232,478,7,406,36,504,23,29,86,325,171,1406,28638,341,428,207,1500,187,316,4993,24,633,509,27407,224,1342,74,101,421,26,306,151,70,181,50,7941,3866,51,1805,28489,36,71,1130,846,38743,518,776,2465,83,1890,1072,521300,134,72,116,58,291,2107,2682,3937,96,107,510,698,286,148,181,566,551,890,1527,176,1399,13,1922,224,650,725,651,918,2986,975,49,644,106,1953,747,55,139,1089,107,127,722,569,3800,135,19,113,455,134,136,3568,39,1203,488,293,426,296,1326,38,4520,129,824,182,143,148,271,276,424,1789,78,645,681,3481,328,215,93,318,228,50,317,467,225,6538,4604,1455,52,2048,23651,188,190,826,1231,336,8,514,519557,170,3,243,60,368,626,100,566,825,34,1411,230,10,938,2104,157,24,93,70,3477,48,49,1858,17,28,26,1208,176,203,82,200,165,18534,148,88,103876,30401,478,425,71,454,2938,2138,617,546,755,81,24310,7363,168,16,1873,5062,425,202,347,62527,610,173,308,35,243,14,195,1066,581,2490,29,55,369,96,1029,727,310,3,140,580,515,378,188,11060,669,943,4518,366,59,253,354,21,1269,67,1162,28,212,1090,661,12209,828,15218,54,46,14065,1782,1952,33,2749,1349,820,111,94,2354,3002,1471,213,47,1416,1682,395,8,2690,62,97,1582,320,281,170,317,67,18,703,39,113,156,2110,2148,994,414,754,340,438,605,56,1926,590,153,786,115,16,395,879,223,520,22,220,1216,504,346,2977,10,866,315,9290,1844,86,541,130,1731,726,1759,1349,646,5656,631,352,1529,88,1411,271,1169,4713,234,883,9,167,65,184,1852,15013,1107,57,40704,254,888,20,2323,2279,11616,427,13,6816,387,347,3195,22,2102,128,4777,1242,321,175,3381,521,289,151,179,27,114,525,9926,43,61,174,1129,451,12,1324,608,146,158,142,308,108,253,1453,182,1769,53,64281,220,420,786,2130,123,82,628,189,462,1468,472,949,964,601,50,538,22,302,2282,1923,94,320,231,206,772,4661,1050,71,6451,157,864,1022,1175,64,548,75,420,1,225,3890,192,3,1063,71,272,44,36,102,801,1765,71,4546,922,136,5540,147,337,225,5743,1287,409,525,1410,2377,552,2273,6080,216,363,156,109,36,346,213,607,4424,7023,373,8240,92,14,240,1204,6506,209,196,243,187,147547,38,158,19228,2442,390,11376,321,33,494,168,2166,1378,713,4787,416,1450,10517,5955,2584,131,993,3116,122,2034,284,134,68,1758,1089,42,76,5265,3833,48,172,37817,1065,164500,394287,158,805,121,1098,2298,121,27,27,8432,2525,80,140,2377,3200,50400,2075,15295,191,1348,1383,413,1286,166,241,885,343,2577,10,157,47258,642,134,556,1590,1333,48,443,157,124,1415,578,471,6,1247,4227,2128,473,4584,328,5122,564,791,1025,2491,631,13,63,557,20012,1379,337,9542,53,14567,1415,3295,433,893,180,1103,301,393,2048,36,159,180,7753,2876,285,11778,97,91,22937,1014,273,1114,12,94,1640,69,256,94,22,1254,87,21,2662,234,55,29,254,196,55,695,69,78166,426,7362,111,160,514,884,232,82,78,1462,104,13907,822,94,182,8035,1476,322,1117,252,1633,1493,1375,163,266,504,182,1095,17039,169,13186,7893,832,57,78,166,3861,505,115,308,822,5596,634,30,961,8,43,14507,399,1007,683,870,899,413,1664,796,344,5360,2667,137,430,1236,588,1909,799,1986,411,109,24158,147,2051,223,2001,55,646,25,2729,13,239,239,205,1038,606,88,63,309,3,18820,3593,527,160,2987,626,585,336,3458,553,142,1021,2314,335,939,726,22,419,651,75,377,1978,250,8372,145,2530,25,732,2114,309,37,1315,687,89,525,416,1986,10186,17,485,2041,1451,1538,1791,641,23,784,41,2770,237,235,414,653,1735,224,89,329,28,747,831,166,165,2351,26,1702,217,7,2552,1735,278,1441,30,703,116,207,718,4567,1693,1359,6554,604,1959,391,1285,259,1118,2411,903,4103,1513,292,201,13,98,2351,21022,139,8,230,388,1522,20,8923,72,17,1627,248,323,2467,112,1414,352,5644,1,11957,429,375,144,155,52,5612,1967,5871,26,10015,3439,31,34,260,36,1087,1906,60,69,69098,202,602,140,422,167,115,330,375,820,570,4,568,218,68,1594,522,160,4240,662,1517,2382,1913,280,134,433,269,301,2950,59,12,176,778,88,200,33,1809,1008,54,24,2055,340,21,99,1636,1245,497,8977,37,1959,2942,817,28,126,19806,127,300,2068,6904,249,215,20,155,62,284,54,638,185,179,1098,11654,28,46923,322,1219,13,10,384,412,7852,2059,69,177,1287,139,243,387,118,937,39,37,650,354,64,75,3856,1411,3748,746,247,713,327,6052,10,104,144,96,5958,666,267,19374,166,26271,186,811,72,52,60,2715,1367,3449,205,5137,9232,3,1383,2419,594,118,229,216,2954,386,20370,22,2408,620,85,2138,129,866,178,494,323,179,3749,98,488,157,8,5124,6879,7179,216,23479,25,2009,2371,1034,7,446,99512,749,1490,118,24,10917,62,63,1375,692,46,364,381,14870,150,911,6,114,428,4088,884,349,3596,1390,2151,20097,48,453,62,8367,136,1632,17,894,509,1490,238,949,125,19,4737,7050,2042,2501,13626,10,64,4487,1463,31,65,1370,5,289,708,1380,1995,297,14,1423,236,59,9842,1090,296,696,471,724,11520,1181,325,9935,708,1663,1240,118,11659,730,1290,68,384,540,3997,18,563,5054,42,44,43,402,137,120,385,376,124,53,2411,338,588,165,9,245,391,113,473,352,751,471,8089,130,4671,1445,259,5890,55,1983,554,227,11,4946,753,1550,305,783,2826,131,382,127,41,4819,245,12318,4490,330429,351,4095,585,336,480,90,187,225,160,3226,4612,518,417,850,4192,1784,8114,61,658,248,377,102,809,206,17374,830,1535,1221,4404,170,2009,313,237,3118,1158,13,119,743,1091,316,1290,27,1,171,22003,4236,100,125,516,2006,875,6919,277,1213,317,36,216,535,3691,1325,45,304,3358,2313,75,756,134,1014,1025,273,325,157,937,192,7025,208,1314,19786,445,799,6253,1898,3346,18778,84,107,818,59,238,36,8029,94,893,10069,8,4177,10,523,473,32923,20276,549,15,308,244,2736,129,177,38,255,806,554,108,254,1289,1079,1046,602,2357,240,357,583,503,242,12127,9315,184,832,1206,3217,48,1241,123,43,86,791,746,3212,73,249,2198,531,384,12,727,57,209,16,233,837,22223,22,531,1390,20,564,1050,1226,9648,863,203,5716,1027,52,1929,1154,65,216,287,162,55,43,80,1255,135,127,1260,291,81417,210,4167,788,7019,6498,86,135,136,98106,2464,3,1589,101,153,4193,260,8771,167,14,331,13852,290,119,1744,533,124,1635,17884,650,113,191,87,77,906,5051,1194,212,1806,1766,190,185,652,681,57378,10618,56,11518,106,22757,124,97,68,1158,198,207,16184,176,9,1526,2109,969,320,2400,411,2,17,66,6180,202,1299,3046,123,9,53,6,1138,443,352,195,429,285,343,1215,1243,81,63020,1696,46,7931,146,441,666,1089,21229,1253,48,71,39,246,511,4019,24,130,171,438,95,871,2424,1579,975,923,934,223,1044,92,36,337,149,173,30569,108,143,18,23,11269,6563,939,383800,370,573,28,25,588,709,804,772,543,501,347,354,98360,142,78,2140,1428,11801,12,60,154,218,565,8968,115,6785,37,928,120,1357,32,363,98049,453,55,535,209,4625,65,7001,572,1658,574,8424,1884,3157,3058,49,425,1947,347,16,4497,55,2709,330,340,35,136,146,243,96,2283,4516,742,956,5446,649,980,191,272,175,31,36,355,1423,9191,2896,504,1045,18615,811,484,680,8,17,28053,42,25,37,4954,101,18541,192,311,3017,1030,280,135,452,411,1138,3751,199,58,359,69,145,1594,56158,296,471,206,26,2602,2056,672,1165,121,27,2226,3636,168,516,1523,3286,1912,1259,971,16641,162,92,5444,281,53307,352,330,5638,3693,17201,271,76,376,21398,591,62,1042,16,22,8339,69,101,118,152,98,764,58,152,13891,26,1069,939,1509,82,1959,1480,838,246,24,302,1386,583,328,84,31,2517,1073,23,286,5635,4808,28,13,76,99,9,62,67,42,22,56,788,107,162,3065,440,207,1353,538,263,400,5245,3944,928,38,30,2580,665,257,2245,2910,283,162,49,2670,325,142,240,614,703,2784,476,666,179,326,2979,179,1292,1415,2120,4501,272,2263,452,139,1164,1309,122,13,536,99,143,90,51,1471,720,4561,721,103,3185,587,17,954,1672,1938,13,617,90,62,16614,263,494,8783,873,4900,147,667,4241,44,596,96,134,473,405,975,901,20851,199,448,100,849,2395,18717,71,524,221,651,2292,1029,223,299,2781,127,49,354,2924,1813,118,82,425,98,4236,966,19,20,756,2759,23,394355,275,2226,284,883,436,107,188,59,932,201,884,6,2890,14262,413,87,455,7147,4194,176,14,4,502,241,195202,152,2285,618,63,402,148,68406,307,594,18,2818,1149,76,57,1851,209,1025,320,348,1166,369,633,296,147,1301,140,13,110,758,33,124,152,94,14273,2547,390,753,3543,297,964,372,1479,37,68,496,317,215,200,378,182,47,2057,51080,12563,1321,213,80,504,827,790,956,7,173,249,57,1007,93,18,13,41,386,314,912,124,707,376,764,3059,2401,118,17,155,37,143,1234,364,827,83,181,872,140,947,387,3348,673,278,377,175,229844,4951,9147,5220,359,56,729,1332,594,182106,619,381,199,100,156,957,3161,1190,102,197,38180,529,195,4949,63,7525,5523,259,94,135,353,198,2871,202,1789,51659,903,475,106,1081,636,312,376,12326,11,347,6,877,137,1706,1362,732,18,73,448,72,56,1141,13393,1540,2206,279,117,30659,90,421,209,900,328,107,131,137,1139,1519,2326,452,2879,556,2439,36,2750,272,36,228,555,1945,1255,1008,99,112,3520,213,593,10,1664,82,3508,647,1089,298,28,223,4972,6,18110,4980,10678,640,1046,508,745,275,209,5048,58,933,189,15,208189,297,1139,156,192,955,3230,785,16,3217,1599,101,374,81,2382,43803,18,37,55,1295,193,846,849,36,794,58,573,1323,222,22,2732,2525,276,500,1887,62,419,72,165,1127,34,108,33,254,169,75,40,78,372,45808,27,651,427,1160,283,17534,258,993,691,183,2405,1032,108,47,16,492,236,347,18,2481,627,4410,12067,3099,53,363,231,6038,4117,724,303,90,415,6919,59,400333,3403,158,52,604,88,5053,3015,3958,225,9368,639,829,3458,1001,1156,90918,125,276,477,2855,2548,9415,87,121,53,859,102,194,4527,39,254,200,11,268,122,797,770,3690,49,1129,452,1015,186,4154,2945,89,769,579,29,58023,534,358,15,25,484,8527,2118,1953,357,32,1360,397,81,61,1253,530,10257,59,101,26,1327,265,348,1504,38,79,17,1794,438,10,40540,12,2586,292,937,832,714,2126,134322,116,17,8,577,70854,67,1017,75,1460,91,142,2735,79,14487,1198,153,343,107,642,1361,70,63,652,1118,297,31,1792,2685,6614,2201,543,8827,2419,4562,15600,67,861,15,27914,3036,201,54,1663,550,292,1626,4209,1224,59,955,387,8640,2432,1452,858,1272,804,29,3671,2318,76,421,88389,276,4582,717,57,176,586,1143,1727,1197,39,174,186,253,865,336,905,545,70,137,79,641,30,239,67,690,591,3853,59,1498,2004,490,100,5460,898,97,277,112,1159,143,410,201,75,84,21,111,45,96,4,1062,972,44,2672,12863,4046,1090,222,199,11,8181,2274,3,450,452,18,1356,84,533,431,194,50,2175,785,3199,98,34,698,53,546,937,2578,3910,60,3928,130,343,194,12868,91,388,64,11148,1278,651,67,6,938,1508,1618,142,111,226,65,332,1349,1569,2478,33,53,583,128,627,555,168,111,3063,31,618,674,388,121,186,17,177,1116,92,5,601,1953,228,6972,366,203,570,59586,57,1297,270,2160,41,197,2734,2136,24358,43,152,34,2666,50,148,26,163,837,4572,691,8284,7,13579,147,24964,649,772,540,37267,220,72,772,591,534,330,3191,853,3487,18229,55,401,392,254,24,1205,37,530,692,1722,429,268,1773,108,44,42,188,124,7384,447,1513,161,183948,62,6665,7,1701,79,18971,175,216,726,95,208,1657,484,2968,2443,544,222,100,359,331,3331,469,16945,896,1592,257,35232,40,1950,99,25,391,128,2048,39,309,180,2104,136,372,142,9,57,404,495,59,758,407,139,53,37187,45127,1401,264,21,1340,20715,1037,214,23,717,566,209,6034,1957,585,345,3166,8017,471,432,372,271,330,14,29,9346,32,488,4708,416,28512,28,305,73,164,1945,216,200,133,46,142,1273,83,203,32928,1027,7940,76,33,136,1829,31,215,40,11067,11,845,2371,3844,6,318,646,342,588,23,3729,858,50,327,108,3004,30,883,8937,575,160,82,22,1812,347,165,1389,189,775,162,460,824,332,778,5,15,3722,26,1929,157,386,1428,100,177,2384,1409,659,338,66,712,1366,469,648,294,103,37436,404,954,4720,333,351,127,230,202,562,29,451,20,1930,853,1739,221,619,136,174,22,154,124,350,8,871,646,85,537,1694,59,3228,42,477,37,396,55,209,13,876,886,529,295,86,14,2057,98,256,171,167,34,6908,289,42238,990,955,307,1593,330,53370,51,20340,2385,205,313,3605,245,117,607,6,1010,287,193,14939,34,244,847,121,131,170,174,799,293,768,1855,99,363,615,1230,130,33,70,9830,15362,963,773,2585,973,295,442346,155,153,197,1109,28650,14,1946,31,465,359,431,138,45,367,334,152,249,424,458,215,739,2046,18,1517,9,9391,194,70,24,142,4762,47508,464,7565,188465,308,50,141,44,3120,791,122,869,229,909,779,75166,426,8825,75,1209,465,840,600,514,4309,13,1281,1680,272,38,544,21,1072,5837,151,10345,35916,519,1020,226,229,539,8114,2494,281,514,8486,65,348,209,340,224,3966,644,1421,98,2248,41,576,51,897,211,20540,227,378,16,147,369,9,1500,148,698,210,492,1116,1875,48,3799,232,1158,2452,6189,478,318,2062,167,4557,7203,251,943,1650,126,2252,7933,485,1962,57,4,271,34,1171,4046,133,999,682,9081,5121,7628,207,238,504,163,189571,521,1338,361,140,2148,50,633,353,521,1406,332,70,332,1418,7278,361,256,2029,526,131,372,380,26365,1314,35,10171,90,6,1151,1631,568,595,850,3209,11316,130,4495,612,1180,78,26209,564,7296,734,20,122008,40,5,565,67,200,9,33368,2183,7989,8982,141,339,437,938,2673,1164,7579,4564,155,357,403,22,53,5854,453,1,2895,36660,701,8722,896,120,10,9610,69,219,175,0,932,1594,2400,243,1020,15162,90,28,1893,300,95,153,149,13234,782,501,339,72,15,52,1448,881,1958,14537,173,19,32,194,1861,509,528,1984,270,3329,1055,481,308,670,3689,192,184,11287,1897,159,71,750,1057,438,586,290,26,31,1767,415,6037,206,391,46,816,459,335,1405,80,4,30,502,184,1312,850,6966,34,380,1044,269,1500,135,1910,300,62,1835,49,4166,722,3284,137,757,8910,145,571,29,641,1416,170,604,232,84,595,37,319,1111,151,130,2353,725,226,2935,728,97,4084,13,823,297,183,196,129,175,1537,924,134,172,68185,5237,216,4189,815,3620,1026,3742,1128,349,86,2347,1240,167,1591,157,5294,196,192,1451,333,591,12941,505,72,2099,113,499,14511,17055,85,16,246,1785,185,196,2165,71,16,39,780,2259,1160,2044,3177,387,236,282,272,225,27,71,326,7394,417,3636,139,1659,995,1019,4,679,4797,798,15,222,177,784,396,632,102,105,39,29580,314,84,1333,1281,578,2059,74,4190,1087,318,2049,2041,6,277,111,119,315,700,857,262,368,10449,2879,897,129,35,63,2489,413,370,2785,78,1465,989,508,165,39,7673,154,100,33,43,1936,60,252,9844,507,450,45606,625,121,13627,1645,436,457,1756,7436,899,4,340,1351,285,5715,14,718,86,49,4295,169,83,323,2670,69,3237,1308,1024,335,498,249,413,4458,1084,2587,266,5671,119,48524,98,36,104,1073,2056,619,125,847,4132,344,1001,40,1784,12,222,503,210235,6065,37,61,35,5529,2349,38110,14815,2489,15543,309,4,181531,280,1612,363,306,272,3070,27,96857,932,280,708,410,62,60,47827,394,145,7711,1698,989,866,4042,39,27,135,2188,424,39,58,2218,59,6,3246,695,20,4392,41,47,947,1546,135,711,325,13358,663,20,163,173,50,626,1410,5727,261,400,86,96,10,72,583,230,8280,913,135,15,5093,70,895,1036,534,378,1939,22763,681,197,338,1139,10,2644,98599,20,305,687,413,2730,4407,7083,221,30,2645,12423,52,179,202,603,22,38,50196,194,4130,546,691,2064,435,2357,29,3759,149,1661,10,761,119,209,1884,855,63,34,1208,1715,7215,449,80,240,217,18,5607,6780,876,64,1409,711,5169,418,149,34547,371,40,1063,13485,12,825,68291,423,85,1579,11,1622,772,123,86,11,10,959,9816,12,740,31,775,10946,22,335,6,98,8389,93,424,467,1031,4111,112,90,125,303,86,40,429,99,1084,313,26,12812,19,342,996,203,51478,91,729,32,334,366,906,1761,247,67,335,111,51,128,148,8713,832,526,594,362,1615,270,75,305,188,177,933,305,3834,290,2373,51,739,113,258,128,105,473,713,38,466,858,2329,628,52,130,1140,33,88,305,1166,7370,14,128,199,47,1544,718,3604,1638,174,90,38,70,12,984,86,564,1465,1234,177,563,32,477,146,7088,5572,1689,79,25,383,325,10329,304,2166,8074,587,63906,65,48,331,319,123,1,2279,1000,1516,2168,67,606,611,281,25512,19,344,80,98,66,805,17104,622,89,1874,14,3058,104,26,367,209,49,1309,141,293,1357,6333,6255,165,12349,6540,487,382,108,18,516,134,1356,196,16,107,607,712,772,1532,198,191,399,295,1485,654,195,613,221,164,25668,632,117,346,5126,338,773,966,1233,26006,2607,343,445,1659,822,252,523,30,339,184,726,475,682,102,172,162,606,851,30,124,95,22,356,520,74,4226,223,218,914,182,37,99903,7434,2966,198,575,268,5738,1657,80,159,6085,2814,314,1281,4464,1010,9733,44533,645,20813,55671,145,677,305220,393,242,45,71,400,367,30,110,4357,12,788,199,322,18,25,619,1701,83,284,5137,335,689,1756,108,2638,7724,268,118,352,1499,14,92,224,2466,22,3004,267,145,41,12214,175,1014,31,195,3062,3,940,959,249,1107,1652,432,535,540,152,629,1044,394,2539,1793,4210,357,1739,59,4328,419,4941,612,1926,1871,699,72,36,12,1030,202,134,609,228,2515,1639,604,204,815,44,269,216,338,541,2942,324,1143,2196,2359,204,409,2242,2649,1832,436,1770,74,544,187,285,186,1593,432,766,2304,1746,2541,320,1055,1521,842,2610,252,1587,13,9487,392891,92,4661,115,896,6693,130,1060,948,10868,449,1044,1438,121,53,44197,260,42,112,58763,1244,77,193,1767,175,29,228,545,437,457,257,390,94,2085,1866,1802,30,11,294,1732,136,1453,9,165,57,249,10,81,342,319,101,179749,324,136,124,445,52,6025,203,1121,950,1680,51,240,770,4,15,443,105,9388,75,502,100,205,1282,14,2523,6874,227,589,2291,201,85,373,2136,406,328,649,738,346,1387,626,31,1071,111,492,454,124,89,886,424,538,8,307,744,976,207,64,39,92613,2981,3016,624,1059,1170,254,226,20,249,632,488,1043,996,1011,298,3999,3383,2081,234,46,251,37,800,481,235,1047,67,220,469,147,26,163,165,37,1777,514,703,184,487,439,5387,569,3342,6,491,86,71,31,38866,7514,160,4,675,134,55502,511,785,2443,168730,1097,1129,288,254,736,2466,43,134,436,2691,43,133,3887,120,95,125,783,2241,46,12934,63,13370,131,50,744,2212,286,8263,1024,658,4233,279,2645,522,3060,181,9469,1115,12919,476,935,1995,653,1956,179,407,191,1060,3539,860,3331,396,105,519,402,87,159,1414,3,331,158,73,239,14431,10,592,243,830,202,3821,781,16158,2184,1891,936,20,6207,2288,1660,40,167,55,15,222,129,2388,653,621,3030,50870,1041,6742,50576,362,194,9162,30,6647,288,3344,172,1732,146,97,11037,841,449,19,4047,125,95,732,2726,827,299,16220,498,146,426,794,1045,217,1210,1634,5092,203,221,534,279,519,716,437,705,156,505,10,194,118,4,1847,34,11471,87,880,12290,14,193,158,2056,4153,12909,83,3009,381,762,1909,6979,1160,1315,279,494,69,31,50,6548,7,105,370,428,283,4654,49,1570,85,22692,546,6127,5,1739,274,12,198,3282,143,112,16214,894,58,893,778,1271,752,4885,269,2826,223,314,491,35,597,2687,471,854,177,14201,488,844,784,119,515,12,240,336,1004,236,115,645,1399,490,75,677,471,845,312,1123,6634,5418,164,3813,985,3693,11200,203,6624,8430,602,312,17,1728,157,34,3058,365,756,46,237,16,5439,993,1472,195,33,334,69,505,71691,278,278,1569,1373,64,271,5905,4784,2537,589,755,50,51,8246,53,5354,161,400,554,211,818,4,572,140,710,126,5,698,3513,247,3187,320,711,5,271,572,57,21,544,324,1302,2489,15,503,15995,209,544,299,1949,2197,101,699,1391,13551,3258,1399,507,3426,569,132,4645,319,68,371,94,5043,717,5185,16,449,520,5,1477,46,271,69,92,65,143,1869,328,1273,1400,3568,2013,2716,375,56,15755,22844,6173,11,6,151,8233,250,1691,8047,1744,71502,155,374,1003,308,8205,6048,200,310,10210,54,17,1880,146,442,19950,341,114,30,478,4541,2142,150,438,3030,2542,740,1542,1297,2472,168,9654,3118,2613,12,1423,270,8486,1764,204,4178,378,633,4796,29,1537,2133,619,16,462,637,208,1652,10608,782,240,4205,396,2568,693,541,1056,203,202,942,118,9576,3,234,99,4709,517,9316,228,3979,1388,12,137,70,181,3205,531,970,959,453,205,381,2228,685,5,202612,197,511,748,158,121,126,2631,1064,471,68,84,113,7994,326,1910,96,227,49,19140,1123,182,1200,88,135,235,4203,69,2358,33,223,1916,2690,2590,223,4,2964,723,487,77,651,2038,259,491,1667,163,565,38,993,3868,286,729,2973,2438,3,57,196,390,761,61,17,341,176,898,647,86,8503,2977,688,140,421,223,628,1291,1068,43,685,32,434,13,210,67,1221,347,4476,147,439,2386,887,335,542,622,4790,3490,168,554,302,4239,123,81,211,122,604,6666,1165,39,129,44,559,343,445,86,2994,403,292,430,3572,114,102,325,27,321,12250,34,120,799,29875,534,12779,6953,10,2276,199,110,574,1602,20,339,59,247,971,230,138,119,2083,860,2168,31,93,390,38,485,111,14652,306,104,2658,40,4944,110,855,1212,139,30,316,136,30,82,6472,372,896,701,182,270,264,1053,389,783,134,238,180,56,2540,64,8177,302,373,860,1412,919,460,556,1554,566,36,1967,303,152,2602,1713,1301,8,1621,3797,151,202,831,203,3,77,2163,55,164,14054,911,46,645,22,1470,229,63,52,2679,95,7481,62474,302,282,742,3708,79,34,1257,775,92,201,361,63,229,46868,3138,8,638,754,346,748,1228,51294,81,11638,30,109,331,496,5324,68,134,89,79,1993,1930,1439,490,66,180,29,6,36,166,210,251,637,110,51,35,1161,14,382,276,31690,15676,5514,326,1388,6,306,49,483,2376,33724,86,517,241,40,167,28355,261,953,8948,2556,331,184,14567,670,1036,1780,828,150,339,204,1110,232,250,370,588,19,9,205,98,28898,22,443,70,2049,227,256,14,251,880,199,72,1391,81,1260,704,374,914,375,15,331,28,245,2187,28711,51,636,445,1187,425,207,228,292,1217,3148,53,26,136,209,166,73,43187,51,194187,949,2194,123691,295,1059,231,122,140,1581,11,94,185,23,928,13884,1453,3829,446,604,516,17,1491,131,571,1878,1242,106,5861,5724,1913,113,2516,404,244,617,1704,167,351,2238,348,70,2123,3445,23131,574,382,324,1398,57,3349,2096,2518,174,329,17,208,301625,471,1849,728,147,742,2438,120,10,204,5,1096,1282,484,3259,83,254,666,96,19278,2265,333,93,64,18,20031,680,1841,545,187,169,26,348,18678,506,20,236,201,32,2244,6917,403,6038,213,61,133,110,994,30621,351,70,6366,158,1258,192,12,40,111,329,4,32,2740,318,730,4086,34868,100,88,310,24,333,278,4698,774,68,469,107,96,167,408,284,88,175,35,5212,111,159,2337,50,276,430,5539,1207,34,249,1957,983,1435,7349,215,211,35,1635,18,1575,1504,5583,4211,934,731,2254,254,1244,322,24,843,597,688,487,347,132,311,74,361,289,1762,230,341,443,1534,1414,27,928,15,343,865,5207,303,556,62,5905,255,266,42205,42,209,205,18,240,190,496,71,379,3405,41,8441,44,2848,2100,2871,554,147,333,2091,1076,6693,1324,8541,29,2085,92,212,1692,29,99,717,1112,1102,627,273,2,80,220,53,705,403,110,85333,192,1816,3633,205,406,131,528,422,4007,2522,89,353,18055,12958,66,2482,70,726,328,7030,77,145,422,608,18805,762,42,20,54,221,451,95,10745,330,120,89,32,540,3634,18677,35,456,78,1289,81,5881,203,125,8643,1,3221,179,36,42,974,8,600,643,65,1541,36,729,380,1131,1832,1507,1033,162,122,174,1928,10002,28058,11,1095,32640,78,340,2754,285,87579,3081,397,409,32,58,70,16,981,730,10087,451,491,425,1272,458,1324,585,573,730,275,13,1434,52949,3,1330,283,2186,49,301,1648,4150,332,276,4011,635,126,555,1047,673,1389,2703,20232,12462,906,40,566,3527,1238,1325,8,3344,4,1905,5627,156,378,137,92830,123,182,406,910,131,126,3010,1129,625,152,5422,73,203,508,7,2593,19,1461,390,691,2114,9252,38,542,368,3917,5669,29,385,1689,1115,178,1032,2785,506,6916,1955,8250,45394,374,379,5,70,82,283,245,84,168,47,420,35,61,698,2353,154,11061,1081,79,115,605,46,36,112,145,6689,8,560,23,2184,7788,442,8520,1401,353,616,400,427,3851,1761,413,51,1232,107,436,1674,846,77,1542,33,286,73,274,44,38,18,137,487,349,734,327,179,561,340,1208,1158,365,2288,62,306,74,436,50,908,73,938,65,345,14,252,657,686,615,328,33,731,1199,754,788,887,165,312,16277,815,127,92,645,3861,425,912,28,386,62,52,589,3895,64,59,2778,472,1314,30,15,61904,1308,212,8370,830,56,1018,206,498,5677,174,12138,1895,496,90,1738,83,43,1970,557,3902,342,114,923,40454,144515,536,3968,412,7890,68,1122,418,2524,46,2780,3798,348,1630,2886,2029,173,2630,4530,806,60,631,35,254,1579,52,2182,569,116,1939,2712,1000,152,5318,34,1525,482,206,205,2025,94,259,415,81,178,176,1124,2180,3651,54,341,1257,7243,429,507,151,90,1786,326,1887,235,615,145,339,4530,8,3573,11440,881,207,409,4013,105,554,112,116,1001,1052,93,453,661,10,2661,557,718,403,1582,2124,9527,2786,0,10,240,271,109,338,1174,367,758,55,209,2112,581,14497,351,582,816,101,991,63,58,4922,419,147,1645,2372,1973,872,2649,1824,23,1701,1213,2554,462,1810,325,1992,834,77,127,700,623,63,51,364,41,288,68,2156,2750,3432,9209,184,90,2008,1258,26,187,1222,18826,19,548,427,11,28196,5029,127,342,158,344,892,845,132,45,2033,1910,66,422,11291,3,59,188,11,2984,3865,1371,338,461,158,157,222,6819,201,677,439,388,25,46,282,1955,7863,233,2209,156,8924,3341,103,3795,602,127,503,24958,46,3713,684,9719,2043,774,823,54,41,420,414,46,1901,709,88,384,356,847,3053,61,762,159,744,461,120,2513,10,16,61,1094,135225,3312,504,708,2122,84,14,551,343,24,31,10030,455,349,0,869,113,216,417,38,208,845,1949,495,16,21,90,3418,128,28,587,29343,44804,463,298,11,16,666,2123,188,255,1306,2634,1576,18,11687,1332,807,549,16,191,4,418,182,464,587,4,1961,801,887,266,120,4048,415,257,129,634,793,12532,18929,381,101,2197,671,237,1482,23,1567,172,1229,2702,378,1292,62,48271,1067,26434,94,9510,161,127,1247,1106,100,127,16,640,1418,1068,946,155,1591,1320,368,2575,1221,9545,1524,2223,32,1313,703,2118,62,4525,2246,12696,297,361,3018,1089,140,671,1168,56,564,2301,1183,223,729,10,6082,105,202,2202,280,3315,48,750,235,127,1057,1085,3170,299,182,149,964,1398,605,388,221,306,184,7510,9,451,2729,42,89923,21,546,1550,310,135,274,2502,2192,3363,3165,292,5,1562,69,145,1082,59,78,571,96,772,695,2244,116,144,174,1059,89,3736,214,1277,510,206,5688,11,18,731,845,6195,781,67,537,141,224,151,205,4087,468,1101,5609,44,2794,2536,255,1692,51695,277,203,1515,152,40,3549,92,87,2212,203,500,124,2555,59,762,448,144,82,609,135,167,288,1676,26,311,737,258,275,538,2086,1150,1210,58,45,217,88,49,4971,101,1343,166,476,338,4192,485,3680,631,2139,2247,15,1147,356,11305,364,166,71,50,3958,1,51,1703,4347,6432,959,104,153,123,1154,521,1326,224,18,2626,137,491,680,14,18671,41,9520,162,455,2941,1246,25,17,515,1051,646,707,488,655,22087,109,1342,121,182,111,15,1720,8,24,413,1146,50,44,16119,827,732,6461,2441,14303,2339,819,35,397,1135,28,3779,55,2375,1788,10,9941,91,71,1451,312,473,17,2203,221,70,96,2118,733,1105,50,20,853,377,75,67,115,2761,1157,862,703,2698,792,485,271,24,117,148,480,352,2375,280,1385,45,116,6092,119,0,152,5193,579,318,653,425,1381,5470,735,208,992,166,22,2979,5624,228,1458,19,17,33,934,172,739,184,173,92,526591,274,95,29,99,86,4762,308,1018,4154,1234,3870,37,225,929,13,122,559,408,2478,2586,564,127005,1257,2033,47,31,93,410,2538,33195,912,54,3464,3034,2406,1423,914,629,967,896,122,97,1836,1159,53,402,358,3418,81,166,0,37,31,32,7,296,840,59,14526,73,111599,228,120,522,1832,17425,4254,2164,929,427,113,327,168,343,121,461,1115,11153,19017,660,156,9345,706,236,255,335,112,102,616,538,336,276,43,5726,20,1544,54,1063,83,4239,203,280,23,276,101,25,1478,845,4959,317,176,655,108,175,352,299,975,368,286,291,239,148,121,82,1220,155,128,819,274,2450,418,5763,449,507,12196,2384,3286,187,20803,176,97,1105,1032,337,201,1254,1068,293,199,1040,1949,720,373,36,2570,1438,8,180,151,149,91,16957,136,55,128,4837,8,37,1533,1118,181,20,1332,255,33561,699,2655,79,304,2625,2316,160,1513,264,46,22,557,332,101,173,7011,47,397,206,11310,9926,37,389,516,269,65,74,81,112,175,1459,44,776,17707,1725,364,212,52,675,62662,7167,552,147,82,29,564,1144,1055,15363,1009,135,244,518,43,2977,153,23,267,393,2423,1042,3,1494,1368,16,23,298,296,1746,5837,1104,586,3011,77,749,720,5709,48,1378,839,995,19,16446,301,53,116742,388,1122,52,323,8194,1804,888,254,24,35,38,1912,60,87,521,1578,37,1104,15744,143,97,252,22,759,1747,691,2006,282,314,100,5472,1400,90,778,409,89,256,22845,381,754,913,44,2259,1182,3467,16,449,112,279,1345,894,294,94,201,289,220,126,2159,161,177,34,43,279,191,2995,348,1221,829,107,677,5435,1061,234,2158,82,642,961,299,223,761,861,978,2041,94,410,742,162,419,1004,266,6716,211,36,97,10787,997,266,7024,604,3777,350,266,27,36203,3455,417,43,163,961,983,196,617,2952,4924,153,792,440,2432,9828,40,31,6446,592,3250,126,462,176,117,138,12308,1251,286,802,771,2103,85,2016,379,51,3327,177,161,632,1521,18,1817,396,545,1713,1155,148,46469,795,2372,100,1521,168,321,170,362,17,484,1029,140,856,485,607,6860,1825,1218,33,45,145,1853,2318,4030,215,87,124,19,9135,4466,291,2754,701,463,3479,156,231,103,4437,452,187,14,1024,316,5100,110,166,3060,126,1909,19787,467,1612,1094,16,3537,282,762,41,480,377,161,2233,221,154,112,565,143,9256,201,271,360,2613,150,45,39,85,50,561,240,777,148,2691,644,442,103,43199,21,84,76,5941,1721,310,270,565,40,296,33,6535,59,2036,163,42,705,32166,753,258,366,49,713,3,159,68,461,152,1199,507,3083,10885,353,228,161,7478,9585,18,140,48,222,441,211,111,4,615,105,2891,1162,240,3234,1179,379,570,4,376,133,542,16985,17,302,14009,133,87,662,62,1580,900,13,257,1995,250,136,4042,16,655,6842,618,575,9,1335,1033,583,1806,952,3625,114,151,85,1013,1880,185,2614,318,240,1174,126,42,1086,1076,1138,86,252,1403,174,278,70,670,112,625,49,99,76,2462,1081,992,113,133,925,356,495,214,1228,381,151,160,60,526,215,45,2864,74,258,1193,132,208,15,1594,608,1647,777,543,116,3,1204,22259,373,2271,84,3,157,6715,337,7,28,45,881,431,2263,1404,28519,343,240,3983,73,403,145,49,83,149,552,202,118,2857,8,188,5,115630,4,4304,1100,2577,616,44,794,32,307,3253,495,230,1302,398,427,92,182,244,1823,242,308,53,704,137,1202,6310,196794,183,190,1502,4959,508,538,79,1056,27627,226,13,30,12035,7552,1022,1430,5,382,920,136,73,11758,1798,562,22,851,49,3607,22,637,569,78,759,569,2274,6,350,169,24,2140,816,143,325,44,9,416,200,173,2686,560,59,349,389,3956,185,69,1089,103,7212,89,273,20,241,186,2892,404,353,49,241,272,3627,2133,322,1876,709,333,656,74,91,3854,540,494,54,2115,1291,409,5053,100,493,27,520,230,1674,470,516,227,1445,283,141,86,256,3893,96,488,44,2193,922,765,213,244,1108,290,589,62332,99,122,456,188,1525,663,523,2407,1521,11009,953,225,14222,118,2577,211,204,5410,488497,117,161706,306540,4942,61762,164,285,3179,2536,19492,6266,40,59,338,154,87,208,1539,4295,222,107,147,1228,5647,57,16,432,300,1660,44883,655,6,1121,444,7792,1474,11,3370,1679,69,2353,282,1959,648,1310,511,6944,931,1954,213,942,287,647,3755,261,14004,54,12965,2031,122,592,645,389,3604,2875,4436,605,15957,80,346,12782,25,85,79,97,742,982,1480,102,46,291,253,11844,119,542,746,98,184,276,39282,104,6215,401,42,282,2659,737,16636,1022,1502,1633,389,1219,4,119,24004,1309,163,258,54,557,2126,846,49,28,321,1509,213,103,4780,764,239,286,1713,4,969,380,13,3198,92,47,3089,24,54,11,578,8501,1385,1008,1232,699,91789,47580,214,2374,3578,406,111,560,1840,121,70,66,1430,2001,175,1036,315,1823,396,2770,115,291,880,120,27,38,613,458,348,351,193,158,6328,206,392,43,320,126,251,36250,593,115,805,219,567,100,515,154,139,9508,750,92,55,4587,485,8481,539,121,358,1361,1003,1915,22278,1222,12094,1639,58,221,830,1045,467,1248,161,148,6,135,78,1051,1695,232,496,497,1422,1635,418,301,6940,3735,29,112,369,619,28,154,2325,317,4908,73,16,937,40,146,4367,1954,55064,468,4849,8943,1392,269,2149,32,199,371,431,343,79,17,543,913,843,229,6344,2770,1566,572,476,679,96,591,422,11,1089,376,59,8911,68,31,169,526,860,104936,261,131,933,199,90,477,695,695,5686,632,3710,1893,191,18,1053,561,1309,1157,11032,2408,805,81,51,1422,8248,27495,970,2525,3598,602,949,4292,21,220,82,61,503,14,763,1925,515,1718,21,287,701,79,1205,496,163,169,21618,163,1980,1068,37811,325,14,221,1074,389,5010,6542,482,979,45468,89,492,223,16,757,20,965,13,7110,537,492,854,2187,304,7596,693,109,850,69,173,37,37640,130,293,39,104,18,492,782,6126,182,93,117,30,342,52,3142,77,14372,1367,690,346,244,1511,44,26572,4853,2294,4689,132,1277,193,77522,32453,342,985,101665,3932,1027,268,1790,1880,661,10,711,43,908,1475,143,248,4055,754,360,1286,111,2370,83,443,177,29286,860,6312,278,18850,937,820,214,1289,48,905,590,1433,107,268,435,185,14,594,678,26,44,355,157,6713,911,112,249,220,2426,104,240,361,282,376,49,1680,42,280,164,1786,651,10148,783,2151,3644,103,79,1992,176,50,1404,1297,1061,13,1318,65368,253,481,748,674,5,3480,2358,55,72,98,62,254,7030,494,299,120,90,229,424,371,1451,4400,305,3580,75,61,687,31,1136,1325,4,60,77,206,784,429,12331,1300,428,306,111,37,113,151,299,51,460,207,2523,460,261,93,1320,737,116,85,98,185,48,252,2272,831,2418,4559,581,1229,3170,22,146,800,3643,1474,94,1388,199,1622,175,85,620,1649,51,137,263,849,599,3953,63,18,512,323,240,214,759,1006,318,423,124,154,83,1443,250,11328,64,57,924,1912,104,659,77,173,31,1825,4732,150,85,211,13,67,889,79,545,541,302,100,45,20,310,340,1753,1048,292,3680,237,1523,15,4646,253,338,263,74,1559,109,4,1491,128,720,282,3022,51,268,44,376,400,32,187,20,665,224,1281,251,8,783,1338,6356,374,1642,443,501,111,885,3,75,6,241,67,17,1908,438,6802,322,306,7303,3237,1811,252,3864,1102,1173,228,137,115183,14,2310,21,174,1113,2708,786,196,2711,450,1399,337,323,13444,35,743,1388,38,2197,715,681,146,1123,1652,401,33608,14378,1759,42775,5288,375,1093,595,696,31,977,81,712,1405,19,169,244,1624,203,374,128,224,245,237,8,1737,253,401,925,485,134,3724,7248,213,31,2292,95,117,15861,85,3635,17813,5708,99,497,1226,796,148,4171,115,194,46,8,41,218,708,4713,32,258,382,1972,5008,28,142,385,30697,106,3044,1678,2876,4460,430,940,1114,9619,25944,62,855,138,73,244,118,40,115,216,39,990,24,79,2333,531,319,87,156,94,53,3055,1358,196,475,1002,1885,545,1,1943,1899,97,3919,64,136,15,54,225,295,171,1352,18,402,890,415,856,2138,93,227,292,38,380,718,200,209,650,498,403,124,149,1183,243,1229,1336,161340,340,682,884,434,226,615,37,121619,334,9103,450,284,373,1319,52,575,842,494,25,1569,484,317,21631,517,3366,642,19763,1522,3892,587,90,605,680,250,860,209,3751,269,45,645,2657,843,18562,1316,110,940,185,980,217,87,415,149,2045,40,72,980,319,4469,11,1040,725,262,1367,114482,414696,11,136,8696,1020,149,514,1922,774,305,2924,2169,607,1644,1502,2543,702,194,6376,29,485,1052,402,2412,2083,444,557,4063,185,236,110,10662,54,234,238,196,181,164,348,12582,528,880,960,4002,806,318,628,1627,510,2285,223,118,210,7468,239,22,96,1135,4242,82,143,1307,97,590,743,757,186,3124,97,1415,70,337,1515,14095,30,373,245,94,1661,415,139,527,112,924,71,107,69629,44,3898,66,541,935,186,335,222,5723,144,143,58,111,1559,372,2246,614,1506,364,819,35,357,617,1003,53,158,189,170,658,68,188,774,5050,30,423,41,137,137,1469,19,1093,40,84,94,1456,85,401,94,64,7,52,231,83,4305,336,112,453,300,98,10352,22,718,1553,564,38,2441,3887,2511,4737,18,61,181,3409,439,201,267,27,19778,3,51,4882,78,260,2521,661,8055,187,7637,172,140,275,304,91,23,123,353,9219,27,381,17447,398,898,1814,2326,8,10223,43,659,1451,1584,249,81,447,145,588,195,294,548,177,3147,258,73,402,74,3445,829,3187,266,714,223,1950,1398,4091,256,81,330,55,137,10584,5529,469,293,588,586,263,335,14135,603,127,112,16,659,171,32,1395,31,944,1877,38678,15,14,551,489,130,121,841,1477,1898,1050,22,646,62,128,1607,575,149,963,995,50,32084,270,979,2612,2428,22,10,129,98,270,461,168,2469,229,1205,135,318,11505,454,1449,427,474,1,52,231,47,2322,2028,1828,132,222,1318,636,25,60,3,177,45,440,25,767,4444,232,73,1088,21273,6458,5,871,3196,1935,428,91,7775,1591,46371,289,413,911,934,1411,138,572,186,721,309,3874,316,178,331,146,1578,6413,231,10609,1377,76,79,403,811,546,3379,576,751,1561,714,366,822,799,10491,16,190,1718,318,202,693,67,66,939,1701,2072,15,28324,6229,2311,714,1098,923,1079,77,1952,83,66,602,24,1563,657,303,141,362,226,328,94,232,776,27,2580,76,14,35,85,404,17235,38,2551,11526,1057,1830,138,2,34,185,170,444,3142,1578,3174,167,257,511,4698,1192,165,61,796,246,63,282,69,4065,50,223,96,1483,27,1603,2261,578,10052,461,6413,1450,700,362,170,112,1408,231,4144,1803,17,17584,196,2976,121,60,51,453,1352,168,4330,1348,7703,2733,10,1556,2375,521,1652,1430,396,2060,4104,213,23,511,517,2309,391,545,56548,76994,515,1321,338,267,6682,59,83809,132,46,68,570,98,98,2083,55,5765,2782,966,172,188,476,11691,118,39,299,120,1124,3406,279,2948,658,204,131,1047,76,1584,1142,12435,2405,84,509,5433,1478,2104,148,416,302,27254,14877,5548,84,11813,594,139,1504,1593,257,621,93,215,2481,1494,374,287,708,1515,94469,2032,246,169,918,654,1904,127,920,2858,37,336,3089,1362,169,76,1804,574,203,293,183,9726,317,3552,360,2895,501,915,854,36608,3427,65,293,2251,321,4478,475,21956,3721,35984,582,18208,849,437,117,26,387,152,281,3558,27,18015,1176,1613,263,579,1211,1899,555,819,414,44,673,1550,435,72,11,1878,203,731,1623,2770,1297,1089,273,5193,47,107,1422,1029,454,1456,55,507,293,64,1557,572,807,198,2898,179,827,28,1432,607,824,65217,1212,950,57,530,21,526,330,691,89,461,38,244,1738,3099,1035,535,130,1992,189,496,1864,25,161,23,122,229,303,473,2666,4622,87,220,17,116,289,220,239,2562,10,64,259,330,1162,196,903,96,1768,3865,8,965,253,2816,50,228,774,288,253,407,22,554,1536,2369,499,805,332,225,598,7199,632,79,91,3229,154,234,89,1009,103,444,99,55,301,435564,714,4700,386,158,31,12,472,1587,2329,369,902,133,259,1801,1016,6666,47,397,944,2073,622,1414,66,2525,1267,276,5200,3246,399,95,420,138,364,78,307,172,2455,87,70,101,1032,465,2415,6373,412,380,94,774,502,90,254,373,163,203,602,48527,28,104,38,306,1213,6032,223,395,234,1582,294,57,535,698,1934,563,1046,259,267,592,94598,194,171,477,120,47,154,371,222,202,1769,121,11804,210,1595,1187,2258,148,340,125,1031,157,2925,71,97,1271,1492,283,522,79,82,34,17,18,2021,392,118,229,12,14938,7503,236,502,36984,1393,5,7,698,619,2977,42,1892,82,1278,127,41,134,44,2533,988,800,157,99,268,2385,91,554,774,48197,51,194,22,903,1795,1027,396,1058,265,28,1615,4,103,439,34,183,787,61,54,14734,75740,1373,711,130,4302,499,10699,996,1786,79,220,155,9317,261,55,9,812,81,484,2503,376,24,93,880,46300,1945,4119,366,167,1583,352,4476,50,1022,585,361,590,1109,108,489,4379,798,94,1195,211,787,144,15410,291,245,329,10979,301,4155,443,625,709,53,703,30,68,2891,25,24,10642,16,55,1316,516,1122,719,360,549,64,104,745,625,1720,1374,1001,180,13,14037,786,4097,98,777,1201,156,2535,300,24,147,591,705,414,69,83,364,499,254,287,487,1474,878,770,74,7748,12225,237,787,85,442,382,383,226,60,417525,291,25,3496,93,380,24608,14,428,89,300,206,13,1833,72,1618,311,441,25,46595,1061,10810,2045,456,2961,392982,834,1223,2367,98,2013,263,590,252,2941,1270,997,7279,177,42,268,5867,303,1270,790,120,209,1381,141,23,225,141,631,10666,2707,6830,563,456,415,639,76,257,135,2716,72,22554,956,346,996,766,3168,592,1960,40,96,223,3691,521,228,155,242,198,16,401,632,810,1348,342,200,65057,664,28,1758,402,744,20,60,104,3,145,4174,67,8493,113,5142,399,15,42283,1545,1075,328,777,729,50,206,242,936,1108,697,958,227,378,23,188,3253,205,4,644,633,11157,5776,85,744,1779,197,2143,44,1043,1958,1855,225,108,72,1090,1160,82,920,99,612,33,1722,5871,294,626,15769,8100,85,15,7562,1268,248,2341,2121,55,36143,8,230,37,36,309,142,3135,127,7463,19185,162,3893,1190,1369,1811,361,120,110,261,261,14367,273,56,77,337,542,443,510,857,849,1744,99,64,21373,149,82,113,667,236,14,512,3451,1406,160,657,8,1475,1139,12,275,558,30,410,610,25948,82,741,480,704,65,929,1148,337,292,26,2257,3562,197,11103,42,109,7002,316,1145,67144,624,2384,877,1230,339,345,107,257,121271,1878,101,46,1673,34,447,140,286,205,223,274,11,9184,458,4116,1120,3798,146,362,73,359,1676,167,287,260,207,1762,296,157,693,5704,219,44,32,2763,5190,512,313,130,514,218,1603,854,2654,903,72,939,3069,966,868,9992,45,158,1167,1236,268,586,515,591,295,3243,318171,215,996,169,422,24,1884,1437,1397,42704,502,145,2912,1451,3556,786,20502,1721,203,5420,8795,82,107,3097,38523,1596,89,2410,7,39084,93,122,1652,2348,688,389,389,958,195,78,1162,48,173,1521,3853,1345,642,447,237,646,956,290,570,2157,314,18022,174,1149,979,1531,34,67,441,421,137,2501,24,3690,1202,271,65,30,678,107,43,4422,2122,20,655,1419,329,486,15901,1113,115,992,510,128,208,327,157,3026,32,738,181,36,437,130,95,816,2204,414,1310,3063,53,635,14706,167,301,121,234,189,1386,622,1262,197,3873,177,228,57,62,153,104,1352,1662,1509,2978,14309,366,550,28380,30,37,8,737,2284,258,106,2111,713,41,802,330,1049,2679,88,2360,1100,101,1106,4087,5362,1877,976,215,423,14,27,3064,114,62,5,490,281,610,60,234,303,1232,38,555,11853,396,20984,531,31,101,212,388,160,2609,1137,237,1267,498,1152,29592,24,116,354,1308,15074,133,91,641,371,460,207,369,1828,271,601,320,24333,3560,777,17627,46,22,3069,228,9392,430,906,419,257,59835,4551,466,45,5657,97,3425,104,10985,3104,377,250,241,523,191,77,55514,194297,239,335,154,698,393,266,12,295,984,4048,11,51,7,67,1255,45,1251,1515,4755,235,246,587,18,135,381,2724,12749,85,45250,936,104,166,24264,462,2,242,36,67,176,8755,1814,324,153,878,813,780,2183,315,232,141,531,74,12963,58,1228,70,531,715,141,160,20485,436,272242,448,91,1096,102,44,669,88,760,696,104,20625,225,429,649,188,257,429,60,1838,192174,3319,14301,35,50,297,2671,245,395,767,474,234,275,22,711,2468,43,179,210,60,2237,1994,125,573,1761,103,291,191,74,36588,1411,5000,59,37,9505,876,235,11601,3006,213,18254,2777,2795,598,45,467,1132,494,2830,80,173,2387,14332,299,2341,71,506,650,877,349,33,71,5442,22704,133,206,44,72,4131,1462,100,18,17,70,3166,433,4968,658,4468,9,71,0,603,405,36969,17942,848,3412,1625,128,97,1415,25,13,133,184,1893,466,39,143,2880,635,2258,460,805,3997,137,3277,966,1622,129,11,2249,33,6507,105,48,737,143,312,1573,7467,95,1011,504,94,3029,642,268,907,251,497,84,972,63,1296,49729,1409,648,60,155,3757,3078,63,198685,504,26241,7338,599,34,216,107,256,180,3479,890,23,895,29,501,245,93,142,1485,26,108194,307,1194,292,62,1637,83,78,70806,107,29,112,134,219,484,23823,333,549,12266,64,548,25,1235,119,259,28,32939,39,585,76,191,993,582,100,145,1984,213,1249,75,10968,1532,71,603,115,5510,514,204,806,8,120,18784,33,419,129189,0,144,361,410,760,73,758,601,97,1823,833,2697,134,484,202,1145,1678,11031,747,583,1311,151,6,837,103,1607,8424,1212,536,1563,73,11406,2463,316,533,362,248,67,25,143,731,217,464,1533,150,110,2083,569,377,23,37,12,245,99,257,52,5552,6922,19,31017,86,827,193,666,830,1162,146,7335,462,467,138,1144,446,28840,2544,624,3960,817,90,4795,63543,467,9,588,18,3544,71,1889,136,41,361,147,5697,969,8,35905,42,3385,1868,1263,4861,254,639,693,302,120,1667,560,33,257,229,875,276,3865,563,454,1503,440,1253,30,19136,306,542,160,4975,152,41,48026,11381,141,174,4522,792,275,69916,17009,388,591,1109,940,280,409,830,242,1632,64,1587,338,247,1693,1172,6579,5201,47,1510,2580,6455,914,37,288,632,262,5613,200,3903,772,72,4825,1044,298,3118,661,1174,213,119,45,2665,674,1234,135,486,82,516,1693,1617,2984,780,204,400,108,55,69,3882,186,117,660,311,1372,328,297,3327,202,45,310,1474,817,846,4923,272,462,60926,67,1358,973,3,400,209,5870,317,327,719,37,601,164,33,1317,85,15,126,86,20698,19652,496,353,465,477,39,132,1090,1433,2364,9306,541,5631,2401,160,71,8,567,167,585,75,133,4482,5574,105,162,15331,524,270,614,1220,104,2723,126,47,485,24,96,5,2002,229,373,293,1407,54,1518,6,2147,98,117,18546,76,12,230,1873,57,454,109,458,71,574,60,14,11068,793,386,40,122,630,518,1648,504,2319,1068,100,304,46,3839,173,371,2902,1034,318,59,198,1819,116,338,6,255,55,175,2263,4761,96,5308,679,32819,1273,12,2101,251,436,40,48,1045,569,1252,3343,119,2138,145,8150,713,1707,477,6228,3912,398,7941,320,63,123798,53,38868,345,437,2338,1063,121,358,318,155,194,217,11480,666,1312,9016,791,157,105,370,25,297,314,6,90,305,631,100,1540,250,12,70923,692,833,302,1449,79,529,73,677,551,619,105,67,25544,90,144,30,59,1296,508,124,153,363,581,2230,19588,66,402,540,288,1801,331,514,3881,578,529,2070,282,54,32,876,2359,388,529,16,3433,459,206,328,53,1603,394,2656,108,33,14,3907,1050,12,3824,98,1971,605,182409,129,230,168,663,4358,1481,252,20185,5296,15,973,21,1772,126,365,21,18,261,1569,10742,658,4755,557,761,852,177,23,344,2162,7,431,146,112,7684,1380,2965,2049,136,463,1577,281,630,1990,146,3046,1642,462,8274,81,165,5111,495,336,131,3088,12,95,301,44,406,100,61,826,341,377,417,14137,1988,15880,57,275,16261,907,3324,266,375,26,1427,292,135,3972,162,71,1620,184,30,110,38219,41,39,306,1085,3096,1003,26,136,309,1066,130,190,2489,23,113,423,2636,78,280,80,51,217,461,859,3,165,767,945,338,135,1629,349,30,239,47,1093,61,421,5,941,866,7406,2,4316,3,10938,194,562,1161,1162,975,2153,459,24,622,57,1355,147,808,8857,156,101,4995,1064,37,191,799,470,379,629,129878,131,166,444,243,257,214,2663,442416,472,140,1371,6815,378,410,57,778,791,2816,162,744,66,1,822,9284,480,3327,862,1046,243,227,107,223,1979,96,3,173,26346,347,86,3363,452,1687,35,657,802,291,2006,78,963,11,958,222,847,16,286,430,127,71,70,2667,307,689,19,437,2592,45830,101,1228,85,93,3701,32,50686,531,1251,2018,1220,191,2447,312,85,68,82,1756,4057,510,385,1504,2643,114,20,458,74,5523,43,1895,157,262,615,286,23266,131,413,1310,262,1760,1037,71,19085,14,33,517,25459,6409,3723,742,14442,165,334,11674,1764,7497,1435,1066,1064,238,50,3629,135,478,216,80,48,895,384,212,6959,9945,389,69558,535,223,173,278,232,4055,1626,1674,2639,428,6688,44,752,18715,108,495,331,17,72,98,689,18,374,1189,1420,1076,2123,138,647,163,30,110,74,1183,910,1613,2366,12,36,171,25,1300,59,56,168,99,3533,638,1092,122,56,25,514,132,166,789,576,58,177,42574,822,340,13,574,1210,42,340,2725,298,1327,105,1166,1718,50,61,517,1287,143,938,77,572,1106,1762,79,418,363,3922,79,2415,1003,317,61,35,45,47366,106,378,110,226,641,2887,1438,253,409,87203,144,2544,3033,366,234,1326,993,122,116,253,791,24,148,12,57,234,633,335,99,41,35,97,257,2321,1271,636,242,1134,148,2234,212,398,5,308,700,631,215,3752,2342,0,1114,213,3925,316,106,2,482,6745,1118,45,634,7875,290,2926,497,7919,53,28,974,2356,10561,136,12300,397,134,5862,15,908,3127,6243,282,19387,129,167,3437,971,68,421,398,87,17282,77,557,1444,42281,122771,157,1135,372,23,1544,12,912,1907,724,305,82,346,24921,115,453,321,3340,1047,3138,28,602,380,1169,34,414,1618,352,25,2776,214,2013,19,288,492,250,221,192,296,249,261,15767,2030,8268,165,175,79,156,1409,191,278,2683,169,142,291,408,151,908,90,38,165,2329,30045,63,41,26,85,345,88,4349,873,126,2027,2810,898,1677,151,1951,4618,1988,1823,4013,9905,55,64,8221,507,411,1595,1243,1034,4835,19,5178,59,313,8181,1097,1536,5504,992,1210,2026,486,371,43,84,1831,54,5,1292,3783,876,1067,2604,596,297,6398,17518,179,524,4166,1766,84,11,64,3383,654,410,10,1555,2191,2164,816,1387,352,2925,2103,698,458,174,736,125,6390,36,4609,218,227,388,20,20092,537,965,242,1280,1589,95,3117,242,184,777,967,1002,2369,39,27,92610,10,691,357,523,185,491,2695,2219,13,984,15,2223,355,40,281,188397,6329,1146,2164,95,278,801,969,190,1234,1928,440,12852,443,472,1377,253,483,11933,1836,676,94,3749,4209,735,27,3853,46181,703,429,34,2928,1176,1289,155,940,611,530,201,1827,1087,1278,239,336,403,149,79,797,145,923,13,1723,271,1645,66,64,65,863,6506,2308,1327,2277,1340,1922,1975,26213,542,1573,83,125,173,3758,730,101,165,239,2095,237,311,2007,170,1619,394,20939,53,629,12322,63,378,57,66071,20,31,10,89,1318,195,648,844,54,32,1105,17,474,3957,2760,4427,504,247,139,1411,258,741,5,105,3254,388,726,36,81,338,960,33,448,1086,146,2552,132,112,108,3800,15,2297,703,1533,209460,22,6223,187,25495,220,3758,710,859,1741,1228,8281,17,234,101,3403,386,437,40,142,1374,881,78,41,1703,2304,2476,693,1774,2507,1815,40142,50,1317,66,1255,1444,2681,881,436,97,840,2206,2884,409,70,144,8913,5,978,5358,250,1630,168,149,3140,1814,119,208,232,419,1078,228,1978,294,169,603,10,20,894,51,582,616,1259,358,33,702,1603,389,6082,423,495,780,1413,561,95,735,129,326,20277,360,352,24,80,13215,270,198,922,1691,1645,36,1361,145,1105,1818,2462,1182,184,471,181,1711,2,674,33,233,39,894,56,1033,24,7432,584,281,3236,1345,97,911,53,169726,13,304,176,144,171,11842,15,1666,14,1271,300,88,88,245,439,713,82,4073,182,867,92923,1165,2853,189681,16204,591,1218,10,360,287,291,29846,26,214,29,232,37025,257,76,2778,1670,1729,72,401,109,15,2934,45,755,85,1338,38,61,537,391,375,207,883,406,56,1710,1464,318,1453,443,34,376,525,1378,10438,63,107,514,4886,31,335,552,340,77,258,797,496,266,10995,567,5341,226,27483,1951,789,44,45,2478,19880,437,63,322,1109,7368,62,7545,376,11864,193,240,55,60,551,180,2932,416,1591,287,165,238,100,1076,2684,2857,432,468,867,382,6920,5073,25,25,2981,117,668,1669,730,2229,3456,145,1697,760,83,2847,503,355,31,823,3643,491,1626,8738,58,80,116,322,12062,664,171,12,119,47,7710,4890,540,351,6836,1192,166,116,336,223,1333,13,254,460,169,2403,88,1471,35,14,90,195,164,677,269,359,91,1485,7286,34,188,1140,55,285,266,1005,2373,445,857,672,279,7905,133,627,253,1150,12,71,178,2147,1670,4228,229,117,116,573,1412,1925,161,3139,622,95,136,141,900,272,1321,418,1844,15306,1522,223581,128,1110,151,3339,6767,627,18,707,741,436,280,5967,530,312,151,110,1689,48,2172,229,372,212,910,717,139,1783,16707,509,618,1396,1112,279,140,893,3042,34,870,6468,63,405,92,135,977,205,114,583,42,6208,255,10,30,29301,527,505,170,3025,71,289,918,231,23276,39,7,50,38,2574,1357,294,2243,602,175,195,1030,111,582,29,980,26,22028,23,1599,422,188,6071,896,1489,1127,48,2582,2764,4153,303,13,1010,85,118,242359,979,1672,176,2216,558,2070,408,735,77811,329,287,90,211,63325,827,738,182,400,1656,2049,260,186,123,738,245,595,407,916,3476,170,14748,17,926,2339,347,60,419,169,549,331,2560,1131,148,689,724,1054,5249,35,227543,206,146,665,177,210,38,167,492,9,3583,747,244,253,235,288,292,177,555,61,433,177,1377,1101,236,395,587,278,404,121,89,356,385,3914,284,330,4825,957,176,216,1462,580,202,11906,11,793,3103,625,1266,460,1122,439,1219,1198,2701,582,1713,172,307,493,3272,28,629,163,300,86,454,420,12445,328,2425,1335,522,328,21635,54,398,1090,372,783,2091,93,149,24,45761,7665,68,11313,3646,1932,504,2,447,49,413,74,204,234,229,64,167,284,27,240,1640,262,2864,5,303,416,390,1237,33703,262,85,376,5356,128,18396,279,46,163,896,538,75,82,26774,412,232,1026,2016,1930,15,7031,2558,128,1210,4053,8556,411,103,226,97,145,26015,228,1436,406,3242,51,353,6887,332,707,138,309,3475,707,3043,101,160,157,2841,18008,292,356,18,1014,138,712,399,83,245,318,709,477,52,2119,2244,212,157,1196,152,277,3235,62,30,1922,1165,35261,91,143,3188,136,64,1226,19,18007,1932,1,132,26,217,115,1223,210,141,13,213,839,692,2970,6944,194,237,1770,21,66,2051,102,158,859,1178,6871,1458,18850,6721,98,2392,27,284,132,74,411,76,5656,104,1373,99,949,33760,959,66,22644,83,115,140,814,259,680,213,3291,110,70,590,660,350,32,36,1470,54,250,2994,12961,1029,5319,190,2586,194,175,659,223,1111,545,484,376,22,95,507,461,887,954,3094,98,2082,2819,1189,64,1430,34,147,129,240,214,2515,71,370,821,1263,1610,1847,12295,2128,172,1934,665,488,5824,418,601,23,354,10,1166,8,518,3042,49423,604,1099,698,13530,59,174,71,13381,702,1432,107,1031,81,18,212,2746,2624,39813,1672,670,1178,892,550,385,7615,509,518,155,174,3677,424,1490,3325,1098,224,9,580,32,7531,1483,178,333,752,761,361,292,587,4274,28,58,2248,961,2830,439,920,589,57,1152,89,146,133,1917,75,1571,6165,12,132,18,342,500,187,142,283,19,58,58,646,960,267,137,3867,743,679,1872,219,11,2085,1214,640,58,19,451,731,80,1092,225,916,33718,4812,50,963,1261,1922,517,81,1619,159,1285,6121,891,307109,343,1834,170,1281,896,61,385,92,19158,46,969,131,200,83,67,3350,130,52,61,3657,239,217,77,500,517,190,7017,725,234,928,1348,371,791,1346,378,1876,196,952,244,2187,3256,266,1762,958,1302,1945,86,127,270,154,156,44,778,22,1375,442,11620,2361,4,3236,2371,104,15014,1641,1277,667,370,1564,26,1090,115,182,23635,735,967,143,292,239,1379,311,834,2482,111,3774,349,484,42,84,1168,543,1167,548,47125,252,7091,317,23913,2084,100,11,17746,2887,16,10308,1120,173,373,168,6386,633,566,57,142,273,70,170,211,6,461,397,149,0,2700,178,484,1449,210,81,188,2483,27,143,1773,7,1334,46,3,2555,742,36,6993,338,122,1352,174,6020,398,38,154,97,671,41,230,1821,167,43,3463,998,2526,6446,120,2529,72,1626,91948,3795,1139,4056,412,108,95,2777,1775,1625,465,123,162,174,591,5382,24,114,265,286,6,8269,767,1519,107,149839,826,95,18378,497,968,4060,275,1210,22211,13862,197,3878,324,71137,596,72,13,4,73,5408,147,510,78,4952,679,74,511,175,961,75,1379,336,21,8,39,89,660,1968,399,44,111,1238,60,56,617,687,99,2257,2047,75,10687,9654,1734,1909,8243,1081,1210,46,45,310,214,2160,8638,232,4191,1943,11968,908,24,3179,378,1553,3,968,941,51,5480,375,80,20,327,43,5439,769,89,58,23,346,750,12170,528,353,32,2547,860,1159,3284,181,284,7078,94,88,2481,4592,916,15,405,26,224,403,150,115,141,253,280,474,2089,279,238,134,980,1702,32,41,41,792,961,37,872,544,104,20,192,76,1934,50,302,191281,480,5499,9956,1491,2819,385,505,187,803,496,6787,98,14280,182,157,124,224,711,255,5447,181,3227,990,615,373,35,1401,895,3559,5993,83,606,1608,1481,1170,2708,379,73,11,1915,481,228,322,335,631,6,224,65,274,78,3924,60,49,90,42,840,128,57,12,2528,10,1079,316,2227,18059,164,123,804,1254,243,987,708,615,233,1037,524,793,3548,2610,3954,6798,4686,164,14,9781,506,1044,2773,2716,157,1183,355,1118,10,109,97,507,6051,29,74,604,2536,244,802,1036,181,148,9,182,15116,93,801,261,35,354,133,437,2520,1550,1440,521,1448,66,50,212,860,1449,14,138,4843,17,19,32,139,1668,126,6,477,327,1341,2672,58,7135,19,24,226,494,2132,7330,853,6580,1593,948,197,91,570,60,786,242,45,98,156,9106,1563,166,30,3169,226,570,667,559,9,795,19450,1043,458,690,658,38,740,208,126,181,420,494,4165,204,633,2334,1384,162,8,115,1074,366,3,5015,29,1593,137,1849,94,187,517,575,19490,448,552,15743,5904,1679,381,1392,161,4508,6,107,65,155,16,295,315839,1814,1435,717,887,137,2963,136,292,28,2315,396,10024,1634,987,26,224,992,162,74,21,989,111,756,10973,2093,282,5432,3035,37,23451,1710,204,163,1596,39,109,1589,1100,22,67,231,431,8518,55,402,424,201,1819,1087,6557,14,1595,242,380,1167,720,1816,5522,21,198,249,209,2321,2152,305,179,269,14,266,56,229,1559,270,1607,1908,2166,713,57,259,2425,430,1482,413,1764,3466,162,14,489,139,158,564,44726,10664,1946,899,457,30,11293,29,27608,586,925,39,648,334,799,437,19,2209,567,15227,658,1150,149,138,902,490,416,621,2539,1198,385,4094,9,223,666,225,2735,59060,1448,1999,72,1301,26,147,4874,394,2091,102,307,3398,16778,53,1739,1520,212,463,7637,177,538,97751,490,74,251,792,1119,315,865,1209,928,5016,242,5302,248,960,10396,9245,237,172,502,336,481,131,811,31,265,67,59,622,145,3360,186,1699,1006,46,483,988,7,16580,8896,1163,400,27,90,2657,2455,1488,292,123,61461,329,1895,345,763,61,540,20097,269,20421,233,30072,565,532,1804,9,508,243,14,286,9,56,2675,84,3,4578,191,726,208,709,17,1392,312,2137,208,837,220,440,3067,428,249,2424,3398,615,4857,430,381,335,277,7,441,2865,1385,14,1248,286,622,13939,69,7211,238,8582,702,184,405,153,0,317,4591,10,640,2752,118,359,648,1929,68,19,6302,2490,269,177,15262,11400,94,5526,63,536,162,655,79,2971,1617,257,3138,15815,4352,1128,488,349,39,601,4042,279,727,780,69,3041,43661,6273,3282,25,511,92,187,880,1859,365,133,401,246,65,268,334,20,980,70,145,942,215,3541,11051,677,395,87,364,272,1151,424901,2468,10806,84,711,1588,89,19213,38,23974,111,2020,183,503,1032,23,118,14384,13,701,717,289,73,1578,5639,700,2208,157,76,1567,747,984,77,877,1866,647,2539,4420,6093,20,1053,351,2190,2480,38481,13,388,1154,326,115,1086,625,23087,25,1658,107,7151,160,20,19,171,559,167,512,1028,67,102,222,4408,338,774,477,194,75,4522,373,25,2107,685,7507,24,1721,548,5073,194,1081,841,916,4,972,385,342,85,1225,202,1908,2518,145,2344,172,247,137,1733,180,2666,2185,38,213,186,29911,335,163,194,17,154,1422,122,114,2777,325,1723,429,94,6882,243,2469,7670,1327,3089,73,1286,124,619,91,452,190,2077,49,164,101,2427,791,514,127,803,42,326,752,1152,289,72,256,11576,974,1022,71,2101,101,1513,5358,3638,1794,132,201,328,7617,725,1271,750,234,157,455,48,695,285,117,368,215,1868,13198,8869,291,771,839,367,113,96,130,101,4,1041,262,206,137,646,4401,422,32,1033,37,3935,214,185,127,103,945,35,107,2423,1128,330,62,959,176,184,64,46,424,196,1951,567,1234,192,40,49293,311,66092,4,209,265,287,618,709,1502,156,614,657,116,2035,102,455,793,1612,70,3556,437,637,264,1156,183,294,248,2977,987,134,136987,522,5012,354,601,5800,96,240,21,187,709,425,438,3521,142,166,78,664,17,12,1646,1365,1199,218,1557,806,33,1446,415895,11834,622,794,1427,15,58,397,2024,2660,171,553,1370,2434,135,220,801,153,300,599,91,2861,129,26,21650,174,38,61,19,230,6786,518,243,6,56,252,2716,1309,3272,561,3747,943,2791,37,586,49584,1752,2110,19,111,6906,41053,674,254,1604,97,89,163,7286,2182,154,172,186,790,372,3190,39,690,156,2593,52,563,313,124,701,690,690,465,1853,97,6627,233,227,405,894,593,2167,393,2590,127,2081,410,370,594,1633,1837,437,4632,369,304,1347,776,51,167,1318,2906,13936,776,461,9511,1933,1511,75,1356,1916,2592,411,252,7268,218,291,722,120,326,6316,1283,1259,403,428,995,171,1368,339,66,236,1072,638,63,1203,231,146,313,8267,1665,2980,95,876,66108,13,359,624,128,411,10275,33389,418,95,1497,15,2379,1719,668,6793,549,64,2414,11,126,8401,236,182,19,148,8424,335,9,76,2115,1129,125,683,6208,628,2344,47,14546,477,2,117,78,18,597,25,1370,4156,4454,293,1466,136,78,345,44,64,23,104,38,545572,1831,1369,288,1805,398,94,1613,175,0,3051,475,33,412,161,29,950,152,977,16510,1842,552,278,30,2119,1070,147,209,19,19395,1017,2423,85,81,40,613,1535,21412,167,529,115,611,613,764,196,1172,1463,700,918,783,115,236,1245,1846,748,182,1350,8681,15,93,1958,85,15,731,10,29,1441,245,576,58,2409,768,1548,1510,392,47,9,3464,61,177,5,72,23,1185,74,1160,1209,159,242,278,1576,215,25871,123,1379,114,627,122,502,262,36,1521,19161,365,339,542,154,55,2021,30,4497,5,15279,149,5919,243,1028,784,91,240,1837,3984,474,1452,867,351,159,518,411,24019,212,2873,1891,142,3241,38,61,245,271,80,70,119,104,247,79,209,9,566,306,193,39,65,56,80,31,3239,741,6247,63,12,10116,123,677,18,5008,2217,1365,61514,9208,92,5011,56694,1009,104,53,5325,4122,1190,228,250,2779,941,415,1726,237,4910,99,3925,39,343,109,52,281,197,2099,12985,50,35,235,168,162,138,1926,28,121,2813,649,169129,97,278,2367,5,1850,1450,126,881,2937,522,136,495,41,333,146,112,251,1330,1015,2746,258,141,752,318,2436,952,831,2323,336,2536,358,8001,712,432,120,361,10983,625,353,111,21148,68,9632,649,12819,30,22,1115,5465,646,409,968,534,68,27837,203,1801,1350,277,4452,29,1490,124,114,240,593,910,12,239,135,21,103,108,81,169,4765,101,4721,447,784,6135,20,299,1504,75,993,940,295,334,260,22,699,71,435,14,631,1088,98,334,4466,1077,630,1143,35,202,616,126,197,169,838,727,41,6395,82,4161,5558,12602,6130,4138,66,161,977,3345,35,2419,610,7461,1579,1066,104,339,560,724,971,43,262,750,1164,9256,106,184699,480,1514,1840,175,803,60,998,1,330002,1646,307,732,3134,433,84,0,18695,8672,142,706,389,56,21088,32,2349,1322,2647,3651,1529,277,268,1110,282,1851,152,474,374,2177,732,233,816,642,498,135,32,106,8994,10769,1616,867,881,10123,72,89,1446,44,338,1836,581,57,2098,139,974,1102,10693,4281,1246,2875,23,193,184,748,293,104,25883,363,47,597,1586,1020,523,481,87,651,61,544,1278,214,152,337,271,2428,22,467,132,11,123,13819,264,306671,2,1278,173491,20,2,19,22111,3408,246,2489,456,884,291,1165,440,5319,5785,740,2108,541,89,4139,1187,754,619,101,264,238,135,597,2440,32,124,261,42126,564,45,61,622,44,623,182,1051,248,283,925,2822,2580,3643,775,20,100,342,148,105,1419,326,210,2832,957,1697,230,15,4,1479,34521,1320,80,65,1388,1827,209,115,2805,62,14080,35346,298,2985,320,196,26,4565,8818,644,309,283,27,1,4899,370,318,54,26,1052,391,21,100,946,1383,1689,9055,34,2,705,23761,2123,246,563,112,993,246,12425,630,228,67,21999,403,242,110,2261,265,1201,63,105,582,146,174,3761,101,189,244,4,21,11048,386,507,746,93,129,98788,12782,162,1178,23,14439,1787,760,1159,13653,342,52,172,21,501,13876,1956,25,87,1351,327,2878,150,33,3357,26,568,71,1242,315,304,774,1606,119,459,536,5172,7280,1041,1975,249,2391,1822,119,413,1567,4431,1214,85,3215,170,10307,1123,1282,127,1469,389,883,101,3795,27,767,57,326,1268,97,40,835,83207,161249,13716,190,228,554,17,98,78,4154,78,318,67,197,2463,542,1435,2343,1349,1904,115,322,1860,2250,319,65086,2084,675,326,2648,91,726,542,322,40,564,115,550,1153,25,118,291,12848,304713,331,781,114246,408,14,1038,2649,733,10,2530,3046,518,1597,1856,1589,3679,654,1003,444,188,1492,4382,822,204,490,204,345,17,17784,196,670,1051,774,942,779,3464,556,89,259,6343,500,134,9072,2518,644,2091,712,172,498,903,3,125,531,305,240,169,251,2688,2156,3340,779,41,413,2159,3558,13,1054,309,13,64,449,57016,34461,73,317,139,292,131,40,78,119,482,7729,375,488,965,476,860,191,6,209,4805,3617,61,580,1090,252,40,49,128,992,132,782,26,397,3253,703,1483,6534,629,156,16,1142,1086,246,87,1546,108,168,81,1210,11861,65,782,183,12824,3066,252,573,307,58,571,3,2578,27206,365,1586,104,906,764,104,1407,332,1686,147,827,4645,980,515,775,358,852,37,55446,1876,202,6,352,1929,1550,226,2977,809,1007,404,168,10909,7206,6929,176,897,134,459,105,92522,152,796,101,31,45,5311,285,802,70,812,787,149,82,4638,221,6990,1055,456,37008,564,23,722,124,478,2793,3361,379,90,11718,2964,2418,125908,191,2240,1125,324,11578,7,1392,434,1479,164,1338,63,945,782,695,866,4583,1678,42,5435,725,26634,32,2421,516,406,177,623,394,344,124,2397,3172,49,16570,56,44,4766,6149,86,132,513,43743,8,3312,50629,69,293,2207,338,217,1162,1150,298,2869,95,336,35,225,538,129,1004,217,3222,1507,556,209,2795,2123,1611,60,1695,125,258,4278,80,450,285,2,1488,679,55,1559,114,131,30,6364,215,2020,1938,3425,481,362,216,1189,301,9298,2552,848,125,2444,10210,48,2449,17,28,283,6673,149,2850,2240,220,1131,196,33,649,478,300,116,116,942,690,184,2729,130,817,1105,1955,344,156,98,5918,10871,77,981,20,359,2695,932,576,473,210,247,15736,26,1130,172,7,70,5378,991,13183,936,3140,431,117,779,719,454,5386,109,92,220,3801,1381,690,517,67,111,832,79,1593,227,238,81,612,149,194,29,490,1078,227,5058,81,624,58,13,416,3663,503,63,145,43,1549,6,863,209,2302,1,602,4895,276,64,23,122,259,309,893,195,500,26,1915,411,2541,3772,117,1340,321,63,98,890,658,374,939,18,514,3764,1811,358,75,981,11,22732,5,1969,1150,416,1157,28,237,15790,1956,394,550,233,1499,710,541,2052,14,271,491,14174,186,171,85,984,37,59,28,47,1092,546,90,1074,244,41697,59,161,262,94,59213,1186,397,171,24,3,134,536,607,747,2250,241,1676,2270,237,933,35,59,884,269,1305,387,800,566,1600,226,229,1614,256,371,290,44,7,2807,1019,65,422,287,61,3019,5471,225,60,15067,198,88,553,488,197,1401,558,1599,399,441,3082,75,5644,32,356,708,555,935,318,353,240,640,822,5304,285,1275,131056,1390,601,439,121,3503,5199,799,3419,3607,230,3,103,202,1446,3819,108,576,907,11,4,364,808,70,3450,20057,58,291,1344,2070,637,244,304,669,136,1742,15,190,144,1703,2306,605,130,1570,529,418,12421,67917,9700,331507,1029,283,285,779,3,194,203,408,30,163,37614,377,653,2548,99,126,232,5679,256,684,141,88,907,1346,722,1139,48,454,2591,551,68,301,3483,764,6194,139,1528,8390,103,143,43,1074,194,259,146,282,219,6,394,2073,424,695,5916,6248,69,85,818,528,1396,19944,1221,48,148,28084,189,667,2092,1248,361,341,33,15,1571,794,18,14977,66,1570,157,164,1079,244,1609,125069,519,96,562,57,599,198,1477,339,116,309,93,266,599,429,1838,1599,13328,1016,1847,297,1016,22046,307,12,140,304,1851,69,141,1320,4482,939,164,576,223,119,1280,87,129,311,717,104,18,479,2272,363,292,1250,38,72,180,567,62,370,904,562,1093,17158,454,242,1114,164,2412,24,453,7327,1200,72,275,64852,461,92,332,22401,227,354,468,90,9681,6743,1399,7660,24,464,1877,2173,3054,489,1187,213,347,3682,495,196,77,466,140,509,281,734,378,96,145,9,615,69,296,173,109,206,105,9,997,711,231,1867,2418,272,1365,202,761,438,306,213,178,329,290,534,659,135,2669,102,276,36297,293,1327,189,27410,848,40,4,552,82,139,521,266,217,1080,361,1297,22,212,296,476,28,13023,713,315,161,225,2213,11851,398,7723,180,666,178,95,2755,125,3141,2861,796,2766,1120,1552,3858,205,121,89,5919,23,33,216,101,306,27,896,2378,223,2150,198,1397,289,48,76,2159,58,911,156,1768,4544,451,31,984,42,1145,14,9,302,853,1178,431,339,885,206,5761,191,371,47,1090,725,869,45056,23,952,1303,602,725,654,1549,248,657,180,1320,595,11365,9,157,278,407,113,649,10261,7660,957,181,8770,153,19243,1,85,27,1003,1286,115,1949,2607,3174,484,24,374,476,443,2332,585,785,810,18,13,379,68,36,121,375,9,460,1278,59,7,44,2247,3838,2,200,79,0,163,246,2382,17889,50,35,920,5737,482,13911,681,4711,6,49976,268,37,211,70,1701,1001,279,5235,544,74,28,27,23,350,675,424,10802,528,3071,11015,3648,23,1272,1550,9819,853,274,52,21598,12,156,2154,1461,115,289,101,2002,21,289,1465,2696,5218,2670,20104,953,542,933,2810,851,122,482,4876,659,3035,29,6269,102,2265,149,22,617,887,14223,1230,1176,126,275,3855,12,39,1147,4,18,137,4358,324,56,4750,445,438,1080,1545,3805,610,33512,111,680,1951,308,195,238,848,928,1690,60,995,89,622,459,512,308,672,89,632,407,36,809,68,121,1152,4817,1071,173,1114,5153,65,7971,292,172,157,1017,22703,233,1050,6315,7565,308,271,273,67769,11993,991,14301,131,244,41,1155,7275,188,623,660,58,89,15070,853,185,1239,284,1527,168,86,35355,657,956,471,380,4612,168,56,9739,563,206,1772,65,179397,1248,1221,1456,215,104,11402,74,452,253,29,113,541,867,57,7756,3129,471,6981,2642,533,1407,1460,186,5307,972,121,124,39,1022,214,62,1011,3895,223,5862,686,362,664,1359,1655,1008,400,97,68,154,1202,250,669,212,807,493,405,35,866,170,3181,695,254,1436,21,68,225,22807,5797,1428,982,1659,1648,28378,89,19584,2736,1907,66,3180,201,1641,860,12526,2972,4318,31,589,87,822,283,1926,2327,2375,827,1114,997,3645,1651,164,185,704,138,32408,133,1053,293,557,888,18557,463,2608,390,1915,417,91,361,18411,528,48,183,9,3016,1334,1214,1633,1061,1854,1108,2931,232,107,245,352,1173,1036,1,972,1681,184,32,1297,605,11801,2157,272,183,369,153,32,81,55,87,19711,73,6322,3,56,2685,64,24768,504,171,3192,323,4061,219,625,200,2618,338,10,3837,254,10,145445,22355,148,1393,111,696,2264,78,1738,2323,198,147,704,200,59,208,2612,1458,130,84,67,159,5670,201,132,2632,1320,2113,178,103,6,41,60,172,668,1441,110,87,449668,1003,18,970,3627,875,632,226,26,3420,17,123,541,1456,454,51,3481,1537,1313,577,936,980,3921,112,1580,382,808,27,686,131,816,494,159,173,975,1676,378,834,9177,3129,44,383,506,81,1807,10,484,284,259,1151,1290,1556,6463,967,856,2636,213,694,17,456,6245,2435,19,965,163,564,42,82,433,337,1108,109,165,108112,44,175,123,4924,565,223,2,5,519,846,256,39,48,1367,399,14,52,442,404,16699,168,30862,776,405,448,39992,1699,4884,112,458,917,660,320,16930,1,26,18,104,955,193,323,185,77,407,1254,406,128077,3361,281,3849,394,16952,93,125,150,974,229,4924,12323,71,89,3558,2,102,90,2085,284,876,1794,1626,126,3252,274,187,549,3425,1643,7672,946,1136,42,45,298,1592,3696,251,2217,914,62,2348,374,4,51,1560,47,63,882,1196,464,325,257,621,4308,180,135,664,5089,184,179,5015,1030,147,638,39,28165,469,1566,255,303,7,147,75,1158,62,962,2027,1393,107,1719,19,30008,328,124,2946,314,2374,76,314,138,339,2580,362,1277,537,348,2905,174,465,3931,1846,1445,42,329865,268,3328,17814,17594,205,19,444,7649,1088,1799,14,232,111,219,60129,200,77,103,0,6946,287,4307,441,916,12186,13,904,5,1251,905,76,3568,253185,357,83057,13,1798,824,29833,1607,2879,132,58,660,239,6255,402,32,120,206,286,373,1713,622,4889,255,444,825,34,256,1718,183,248,1076,35,4709,97,1741,1970,1965,296,1028,1441,1221,932,27836,678,616,533,1758,179,72,192,11262,360,147,164,1747,499,1233,8,778,1508,5892,437,114,298,207,78324,331,36,102,130,1792,55,4563,1287,208,769,197,741,9,53,53,1080,53,874,4266,36,497,653,2577,199,3371,7318,3221,180,40,100,599,1641,121,1346,711,21,219,1017,134,4,2061,581,173,543,654,134,906,14119,1013,372,797,56602,202,17555,95,761,38,442480,325,226,183,231,407,2178,90,63,770,435,1049,2506,1082,558,1066,6034,4555,8,156,221,23015,734,1950,273,1025,71,56,183,306,523,1971,275,586,2957,6143,376,66,34004,150,15,744,373,2631,1464,1492,791,808,3244,115,1915,3788,6905,80,1842,305,34,131456,68,39121,5186,636,431,52789,23,80,2226,1113,62,32,376,539,231,5915,950,144,1030,1620,874,8169,353,257,92,267,232,1373,897,1441,9,3257,2335,149,145,3964,45784,43,173,695,224,445,664,179799,31,9715,608,539,216,240,2388,1587,29,138,1004,172,13,478,510,44151,605,4736,774,99,17608,665,895,923,359,260,829,448,1918,326,14,254,173,156,159,195,14,264,1000,1009,1275,24671,52,74,1604,2283,292,463,497,105,15,4994,16799,1086,220,590,9,64,2084,591,24,264,328,72,206,6202,500,2569,18,1019,333,438,127,1070,560,7955,469,206,11,219,19,5072,543,2039,262,294,85,425,175,189,612,46,10403,164,173,790,1607,7909,903,111,184,2041,3139,953,317,722,238,353,146,5512,7517,18263,275,36,1037,927,1306,496,586,540,2363,118229,406,1552,2870,186,308,1818,205,192,190,262,1504,106,41,6977,53,483,360,4327,149,195,82,319,2287,1127,54,1030,137,984,525,1098,29,720,240,9272,792,128,708,447,3369,68,36,207,26,139,121,241,591,106,263,156,241,587,505,392,97,953,3300,980,7303,64,200,8651,1047,63,2052,134,353,38814,391,5799,1154,30,1475,473,514,2002,616,92,3100,128748,1214,918,227,1271,20,5473,624,30,80,153,676,137,257,2589,76,6303,13306,724,47,282,2134,685,114,159,18,53,32,1189,519,2245,4520,39,152,1969,49,6869,955,90377,31,668,317,135,3044,210031,5,55,14,397,55,58,144,238,272,1817,550,166,147653,529,32,50,96,2845,160,118,148,1927,479,1364,44867,25,68,80,890,6,477,365,347,375,1963,3044,124306,97,691,75,553,286,1055,1659,264,9188,108,14,19,138,299,501,170,93,484,47,47,4160,132,154,229,143,7110,544,974,577,0,2116,32,300,227,421,1031,943,231,634,15038,222,63,631,2109,36634,284,26521,223,159,113,32,1839,1031,22,36,9750,178,240,481,1841,1757,3404,229,422,198,115,92,1130,2077,3142,182,25,100,3913,2948,647,3132,614,179,59,30228,8276,273,3058,489,530,332,22,156,120,106,319,298,718,185,116,6353,1110,1749,114,568,155,663,672,1877,369,495,424,668,520,1601,3212,27,2241,1632,108,106,380,267,10,4799,58334,70,954,278,129,184,602,65,1306,1410,334,652,327,22,47,1018,272,170,151,232,546,7,64,100,279,313,75,2237,242,203,307,207,72,33,471,4,73,333,193,1055,7671,11,22,2641,1220,50,114,287,5328,287,81,410,180,96,978,34002,756,4238,322,5498,1172,249,72275,206,165,61893,5227,673,1535,2001,302,107,194,167,39,6553,8625,62580,109,76,1238,3669,972,4598,3727,90,4914,346,1294,1035,21,71,4175,481,53,14,14794,1383,903,1578,2504,1214,301,13559,43,25,87,173,106,41,330,93,200,107,1532,14,1765,30,1120,1059,78,174,1115,3080,629,1564,1132,14595,801,881,868,862,67,296,129,507,3262,38,433,18963,13545,413,247,87,434,60,356,1111,92993,205,179,1607,200,1722,21035,119,4226,1861,108468,458,13,3124,123,202,757,58,464,1653,34887,956,855,371,528,645,224,652,23,60,615,22,569,13110,1280,142,507,2762,847,19188,64541,612,647,153,229,336,110,12,308,706,216,3401,493,138,7,92,1368,217,1992,448,143,434,563,388,19,53,28,118,997,2162,3,1689,478,738,435,281,242,567,213,25,205,2559,564,135,1249,446,452,145,183,53,45,3,819,809,40,19,403,1093,84,35,1738,1366,6583,54,36,328,1205,1128,1845,475,41,155,740,557,915,79,663,38579,422666,179,1439,190,768,17,3125,183,266,290,6011,2575,19,213,1181,212,64,1184,1754,611,72,811,358,1788,595,543,185,764,5041,234,452,195,365,15,139,85,75,781,1786,7322,815,108,1822,818,342,624,223,2100,358,825,148,2641,48,1235,323,120725,22853,161,354,1189,248,51,2691,28,862,681,1905,150,1720,302,17682,356,645,172,519,178,59,585,177,870,66,24,690,911,2302,463,32,86,401,29,135,831,560,185,13720,2517,914,45,451,397,62,113,185,1,920,78,915,536,17061,358,179,262,12795,705,4336,859,513,459,277,394,1792,5,168714,1170,1991,164,198,1386,595,305,1172,2083,191,64309,162,202,1606,21,78,1476,46,16445,4168,133,18,15715,565,114,44275,664,17235,35121,131,94,525,4540,283,908,17,2186,3728,129,4525,60,251,11983,411,81596,200,392,229,881,1607,203,1053,48,59,3972,616,63,301,147,166,175,105,2740,139,228,282,118,548,101,954,60,37,45144,106,575,143,54,3373,922,261,2700,990,1068,10802,4610,446,176,7119,338,3132,49586,70,51,2137,709,669,239,349,18012,26,177,1082,874,16956,12649,69,117,1540,1516,1903,219,305,610,26615,1424,295,92,158,123,112,474,37114,1705,4049,5062,146,104,59,4429,23,1546,18,20,384,141,588,518,48,27,167,337,3705,28,161,62,168,2953,22207,81,230,22,452,11,307,145,54,22305,4431,2101,97,5505,1415,4002,29,23,1430,1527,3378,2612,61,61,3673,332,818,385,413,245,3155,635,1424,391,348,210,193,39033,492,13506,74,40,493,7,3021,255,199,68,3989,423,267,200,6356,4655,181,93,371,330,1506,942,455,186,58,224,44,1653,346,1405,146,408,105,2363,61856,1321,23,147,366,875,597,4801,242580,564,61,808,9498,424,6451,42,1606,3515,4310,1417,78,186,619,151,91,806,175,720,681,344,789,296,265,31,272,309,210,663,173,197,2394,116,3010,149,980,3022,149,394,3696,555,88,371,1567,66859,99,643,126,25,634,319,852,565,107,481,4010,255,782,239,2066,33672,928,1536,62,157,73,651,327,110,3331,5111,211,26993,13485,141,34803,90,2099,1938,90812,386,777,106,433,880,93,87,1403,30,134,277,7155,834,9,210,285,244,42,1288,264,231,315,77,118,100,9270,40,4417,4483,7467,96,384,254,633,1420,457,1250,980,304,1810,281,6717,64,347,450,962,60,392,11673,30,906,11,123,511,263,408,49,1193,4469,391,44946,1498,583,770,134,278,162,376,76,3,1304,219,1801,2146,555,103,5243,1081,162,357,2396,4,972,60,8,307,308,52,70,28,592,315,314,257,3238,67,53,185,5243,402,505,265,89,1462,23847,368,909,454,22,244,1554,2319,287669,106,1740,1820,666,350,10,245,1346,509,29,118,40442,85,471,7788,642,3574,27,461,1493,1174,254,154,221,54,11018,1636,689,340,4,1244,303,309,41,549,284,28604,707,177,453,138,53,18307,19,2933,77,147,2537,1265,4845,425,20681,63,1054,761,136,1993,803,198,599,81,467,23355,710,18776,42,237,453,1697,407,3425,168,3797,5048,1401,24,2565,16,760,269,2270,4819,28,87,880,79,918,396,423,2422,1904,111,1038,2280,75,139,517,13,35,7,1465,111,69,70,1732,1856,6,165,762,154,1571,84172,2936,3951,1299,264,182,23,518,14511,298,975,739,231,295,2450,15309,2402,2,278,2424,132,1588,1,326,379,113,2643,298,4234,874,3050,506,1458,2163,32,18,1348,254,174,201,152,441,331,129,88,225,164,4727,451,5,244,29340,485,49,87,891,574,211,506,147631,182,347,593,346,707,1767,227,916,449,337,1200,344,6481,295,28,1747,852,360,1370,10155,929,2128,778,106,329,317,201,69,1135,1991,418,2890,1334,60,40,2673,26,1498,188,280,272,105,131,17182,13370,1266,1173,14,290,869,166,2250,369,4141,4413,42,24,365,1365,20377,162,1193,1229,27,1082,130,2307,1222,1233,1097,1176,172,513,188,10614,2133,3,2,6148,53,305,42,1011,42,1448,1714,198,135,2,196,1594,243,261,171,164,140,349,1900,7713,202,5079,30,49,495,10820,20,294,3769,91,1724,51,205,1722,60,114,309,1383,249,56,890,26117,1044,402,2872,272,693,86,7345,3784,25,540,29483,327,942,338,42856,3522,856,2024,78,4242,399,1721,203,180,183,443,3014,1384,1197,139,32440,1179,117,6402,1090,1105,1278,276,1612,361,2565,102,527,2124,146,1475,133,11175,45,1585,1359,1513,96,220,1248,351,5014,40,706,211,593,31,2620,56,153,51,984,118,829,23,552,29,1248,265,92,438,156,1588,695,38,48,59,143,1622,1375,505,188,677,382,29,1615,106,327,171,1328,1879,1260,2211,37448,330,8035,335,114,836,106,3698,126,1233,232,135,22421,2771,151,68387,197,129,1589,4663,1815,257,42815,400,1304,580,40,751,200,280,1036,533,3076,124,1922,127,64,23,19094,15867,500,282797,1685,368,3,58,822,3319,28047,219,29,539,841,88,509,1161,1513,173,501,210,1326,833,1008,50,73,560,5886,219,32,547,348,200,3189,13917,162,1702,405,10430,4868,785,907,19,37,162,1117,571,1398,1374,120,105,100,76,1708,87,199,1149,2323,2250,578,2457,23057,428,92806,63,566,29,367,133,98,487,72,16,953,449,1639,353,394,6856,1095,344,443,3516,9,1427,687,1487,168,30,534,9,51,6918,71325,1158,1235,547,1064,3039,1890,15081,68,184,186,29,39,5514,217,30310,206,47399,178,202,14,13767,526,137,7493,838,450,2106,3181,543,74926,403,590,48,435,200,1875,1947,1919,2182,1196,62,74,585,1226,21152,291,504,174,806,1547,636,1046,31,345,292,122,1363,1583,42,24,235,993,26,225,6246,12,736,25,43,154,2377,1144,114,139,14653,455,191,93,84,115,177,6230,4994,413,396,184,657,142,533,322,195,747,15,7,12,56,1062,320,951,454,694,414,626,194,36,608,11206,8019,3975,139,322,494,210,531,130,250,54,262,1540,423,56,18,1234,250,433,111,345,149,79,93,974,174,43,4389,152,691,115,625,1678,335,1584,2386,508,20,702,219,201,1655,51,214,113,1491,129,524,70,66,63,72,517,573,825,294,64,1079,885,21,2903,397,2129,81,128,48,6161,13,44443,1012,40,941,271,111,467,149,848,251,297,127,8,800,532,298,109,116,687,610,111,1598,816,409,305,1139,17990,6741,2051,1913,54,482,1014,50947,421,183,57,3336,2489,12,501,54,16,94,148,1694,81,49581,3162,789,200,1561,14641,52,771,31,311,917,1851,1214,6180,526,806,164,82,77217,2072,369,255,74,23346,234,125,968,1359,52,293,16,2166,181,17,1950,2976,1982,22,1798,282,130,208,3947,320,10141,631,94,474,403,1306,14,28541,102,713,3,789,2767,137,1033,109,162,187,8982,33,786,52,162,246,843,692,173,611,435,2142,330,28,151,339,59,557,300,774,453,20308,158,1137,449,498,202,190,250,16013,225,783,148545,111,557,2452,349,11907,977,25,6286,3074,26,645,138,3560,530,131,271,388,721,53,66678,1818,159,202,153,815,121,131,101,299,165,403,471,51,10,453,556,704,158,449,9632,34120,162,214,13291,579,180,1281,434,33,97,253,41,60,2768,32,1582,1067,913,317,225,892,939,1976,567,580,108,1245,72,598,342,936,138,155,1617,884,122,4138,1673,821,1621,748,430,48,1308,1225,1468,26207,5416,860,81,32350,341,1071,6296,34,1166,2094,367,687,892,1987,1115,14271,768,1309,73,1433,374,1989,19,208,400,7,278,945,141,609,61,136,504,17988,4438,336,513,34,2718,32,24,54,64,119925,97,753,224,294,1117,2504,541,104,5308,2381,262,320,332,102,293,1873,47095,597,167,233,462,1926,167,72,5298,63,5552,143,253,192,178,786,880,9,1087,195,1241,2442,6465,31,163,48,43,75,266,180,1545,137,1263,4206,909,702,1233,232,235,677,534,3030,1360,966,786,55,1417,1068,1151,3020,934,9,51,618,116,1222,1711,56,101,719,620,143,807,181,54,72,193,1933,3026,927,1579,69,398,238,66,26,379,72,670,71,575,48,1600,177,214,457,967,192,349,378,141,326,295,89,86,1835,1721,790,3365,956,582,710,54,129,760,458,111,2473,1152,1453,1192,859,482,599,1099,942,181,12,23,96,597,3964,6648,1162,5417,33,116,145,42,2602,331,187,269,127,46,445,896,1631,780,541,783,24230,80,1959,1639,4934,4185,149,7,168,190,406,73,176,1396,287,1904,328,21,108,1308,320,751,530,318,211,45,983,710,461,29,785,140,150,704,275,2509,440,299,250,47,1565,1096,1134,250,217,290,1558,55,43,129,1156,699,685,1606,303,108,144,6438,594,11,4465,289,1123,270,152,5103,846,246,116,3030,1060,23986,3055,2634,8256,1843,272,461,236,595,89,427,89,8368,433,741,81,119,278,96,132,1300,631,1123,2941,18,311,1369,1591,309,131,630,1282,4685,56,2769,417,76,205,11988,93,197,689,193,204,445,1260,641,221,325,852,164,81,1199,481,613,1622,456,14,2149,826,76,7738,127,130,298,9821,1354,541,323,228,1352,1798,216,316,831,57,219,2829,877,405,212,387,1265,154,2066,39,35,42,613,756,1043,11118,2074,208,660,3408,676,725,23997,104,1465,433,644,504,5138,446,386,102,167,1119,507,521,142,6,330,771,115,403,104,1185,1522,778,49,239,1216,249,469,755,1227,587,312,49,36,250,190,205,5534,368,3237,69,807,643,2830,369735,105,125,10,3976,39,189,3089,578,3107,410,1596,6974,77,55,104,293,99,723,2041,59,391,732,156,207,749,1445,603,424,2961,553,72,2346,305,56,296,497,40,258,489,552,867,1142,975,99,145,1669,1148,496,47,50,96,317,385,252,984,766,3492,492,2066,53,317,482,31,74,2227,433,611,1093,1078,437,2300,667,167,641,4996,619,5340,1120,146,69,652,784,831,1117,12,633,261,3947,612,89,552,327,366,49535,2214,476,1444,9056,457,1167,1155,1300,29,1494,429,1425,1401,160,308,488,3195,206,7506,171,1431,402,754,1151,196,127,239,498,307,945,2987,691,18,191,6014,673,518,14283,172,267,9190,766,1029,731,1491,548,56,648,931,133,1377,1246,785,7138,4375,119,553,177,595,545,885,86,7337,467,281,688,547,257,5163,590,371,211,7953,620,121,947,154,99,771,6085,323,1789,14,278,287,181,39,75,691,17553,74,588,1127,973,840,1233,548,1241,815,811,97,1031,1111,26,605,1606,399,10987,55,36,89,4,2314,27,72901,145,283,148,1023,51,438,2125,178,86,77,214,21,1020,533,860,29,219,117,6341,296,1839,3100,115,22,11665,561,517,85,71,93,65,251,837,30,212,1442,354,523,219,513,720,543,1032,9365,1344,736,562,1794,128,7807,339,407,105,20,382,128,1552,9275,54,49,1273,380,373,93,753,1433,1913,2130,54,278,401,827,1354,36683,32,76,28,1918,60,2157,63,2212,57,156,13403,4270,844,4772,477,506,518,194,31,788,65,204,178,86,964,58,353,200,238,746,6335,1382,216,1347,322,3922,527,76,145,705,102,1785,56166,839,33,572,1356,790,326,255,219,69,368,1519,860,2408,7600,4221,681,519,842,1024,84,507,74,420,1291,2421,7702,112,1255,434,181,221,38,1015,108,127,65,1040,482,70,1088,424,2809,143,10,1268,1907,1219,6969,219,207,2309,83,418,343,226,42,789,367,441,15702,238,86,542,89,12,110,267,1304,695,988,1167,739,124,2607,1405,659,24,751,2772,1034,879,114,1058,791,20,467,95,2154,1618,82,377,5127,608,1283,366,61,1572,321,129,41,843,193,143,349,31,599,11901,782,99,290,27,4208,327,180,92,4175,60,3555,1156,378,46,577,254,1019,274,193,4627,121,4623,78,326,2909,53,12203,104,298,93237,7190,3289,374,341,3633,267,990,133,2720,233,947,647,285,85,381,93,488,1611,39,346,53,19,46,145,133,372,1550,1125,3798,237,214,5030,11092,676,116,155,668,149,215,41,385,410,2495,260,542,99,152,102,385,1147,3578,309,794,210,11253,1377,3895,4539,142,449,1344,527,101,297,1646,1350,1798,92,125,75,1052,123,161,57,26,64,3466,128,655,749,907,148,1363,2559,1493,598,74,1693,30,377,5169,317,679,1149,2512,149,225,648,2012,2393,67,176,310,1699,18,59,2609,247,180,2030,638,487,254,24,4151,45,256,122,41,3227,1590,55,88,291,6020,128,713,775,6409,304,638,4987,327,271,1157,204,2706,57,5950,561,545,278,4569,149,63,168,113,752,101,210,116,299,1407,919,100,60,67,109,636,265,678,4374,127,2748,325,218,117,4344,529,39,364,116,224,200,2084,602,615,216,4551,171,393,516,807,1303,20,22,5540,430,451,314,2993,1466,1589,100,24,228,727,47,5,1402,445,75,15,3514,427,102,632,357,9,222,1507,455,199,734,2559,249,1018,267,2257,851,3199,3447,920,44,46,816,179,292,146,1841,21607,202,51,1124,501,95,65,182,1407,1517,224,1103,105,3156,637,427,68,944,282,2079,1249,2789,862,297,193,2311,559,114,739,6466,1656,315,236,5288,2343,263,1173,5106,156,25693,784,1096,185,101,56,260,882,187,243,96,760,462,966,149,921,196,268,1062,78,99,1215,1116,102,1139,150,655,1127,249,416,11472,445,397,805,492,258,541,1719,1790,662,46,2030,100,6358,2731,980,298,1538,22,869,83,1054,300,1222,5095,2134,186,1909,232,2125,1437,359,8,2006,272,797,301,6405,420,7024,4819,929,850,326,4674,46,247,61,520,341,1271,1206,100,3319,236,13,143,170,114,97,278,18862,7,69,159,23,1884,338,536,71,5341,50,21499,1730,184,12728,13899,1292,292,2473,12,344,567,695,177,4090,2282,337,132,8653,35,657,18,158,114,101,38,138,203,2405,713,691,378,1578,290,13637,310,1754,2116,89,42,244,932,2871,1597,353,1710,1920,22875,4227,58,27,636,928,486,327,6,3159,1078,700,2375,128,82,29,361,468,20501,81,37,153,4597,197,1063,618,7468,48,126,176,76,667,156,66,68,1002,258,166,113,542,227,491,680,39,101,396,923,368,81,140,26,620,44,83,58,452,512,186,138,3139,831,92,3371,269,433,307,170,688,569,802,411,16260,127,396,31,72,1168,1263,80,31,523,674,673,39,6656,88,99,2898,31,393,247,397,1089,256,90,352,20308,88,1002,121,23,343,463,1710,525,526,678,340,1236,295,95,1058,2080,425,65,566,4793,1060,34,732,225,10860,49,485,255,446,635,187,12,26,107,1916,173,323,213,1049,90,2415,738,2791,3719,434,141,225,2915,785,54,306,2729,1239,334,231,640,159,488,285,704,953,537,481,306,79,548,568,7103,753,441,496,331,869,764,859,1357,458,292,126,71,239,3519,295,641,352,273,11975,7271,27,685,141,21,208,64,165,131,25,545,104,261,317,186,122,1974,63,590,2970,752,307,546,1222,81,3035,2112,272,58,415,100,656,1116,1970,13816,4346,138,4947,553,499,114,648,1268,73,556,1712,256,254,245,943,491,818,80,189,4573,26,393,9,110,5485,5768,669,872,724,64,1173,187,1180,698,303,1175,143,1596,146,3193,623,90,2624,132,15,200,419,148,890,158,234,379,61,645,1299,451,620,673,148,13,263,1990,298,58,118,1816,716,53,1371,454,287,490,39718,151,252,51,72,648,399,48,124,88,63,1088,325,10154,133,70,1095,130,18,102,1516,10081,382,730,163,711,985,1470,1112,697,1110,125,54,140,112,501,227,61,753,1700,16,233,116,57,280,114,81,614,433,17605,990,2315,1797,300,236,673,4196,59,345,238,15094,253,1348,3336,7384,1295,350,355,158,1259,426,1220,452,4887,2095,504,1067,238,403,332,429,212,64,1301,826,908,69,149,6876,220,1397,1263,17,15,161,293,1597,68,328,244,2414,18,440,3119,894,595,2196,504,2358,1400,976,1254,16,140,376,601,268,434,917,2667,2354,235,1116,173,25,6265,52606,357,443,432,509,624,1760,1195,191,253,1279,194,184,1367,130,679,155,1028,818,1125,50,107,607,67,412,996,679,1061,233,3142,149,105,5576,124,108,1450,97673,1097,91,3514,322,9632,104,412,284,536,389,93,2012,175,403,2849,8,82,3678,4031,143,39,1256,1059,94,1401,1472,271,1304,967,1332,830,3237,177,24,119,1500,1644,109,388,627,701,7358,388,245,284,723,203,30,198,98,1154,57,113,13,574,961,29,147,205,369,102,14,552,21,27,174,147,2491,223,283,5544,1051,209,336,372,895,185,435,582,251,136,70,173,232,78,2058,53,2266,715,80,92,20,3541,501,313,241,524,2447,547,70,814,1965,617,264,338,1076,154,604,1213,243,106,120,305,2,693,479,3243,938,2094,727,6676,501,189,2973,2888,987,329,116,140,130,107,366,361,1553,18342,1499,2160,59,867,1424,32,67,125,491,793,1232,3585,10006,235,171,202,47,418,271,25543,414,336,151,680,949,432,1648,574,414,3709,79,1920,89,919,535,32,229,473,712,573,69,286,61,248,745,30,56,1457,2163,1765,2405,7,303,667,116,400,218,10966,2507,2357,973,616,146,291,627,163,1449,49,197,186,517,162,9092,2999,53,194,4006,547,214,1002,7242,486,414,171,240,986,176,188,214,110,725,253,3570,381,1821,145,175,7112,300,850,138,748,18568,16,439,4831,533,511,3946,1576,3636,2217,30896,1048,241,339,468,2666,2245,4018,122,656,2910,810,215,1527,2214,824,174,25,40301,675,8757,1971,112,3453,329,1043,311,823,1343,341,626,177,237,77,251,590,309,531,245,1680,18961,1444,241,236,343
368,958,815,593,2340,4341,112,669,962,1280,27,636,344,152,3731,2700,104,2623,177,1699,3787,3098,234,15,101,2219,3,9897,192,10370,9474,121,14024,993,30447,1693,5726,4615,373,1572,6484,435,610,4819,27272,1142,6103,235,1752,19,2186,654,1196,2070,16623,15,5253,1832,1657,2832,15283,1052,1611,1491,356,42,148,1955,12173,1506,431,9567,3626,6838,9353,3497,396,2653,14830,646,413,61,10880,30085,1456,16,1854,13605,2169,53,2109,682,1643,208,36,563,508,2775,33,705,11393,545,4234,921,272,4607,8,919,1405,194,1014,14767,3686,613,7195,15894,1616,14387,32,5308,3047,16296,1757,13208,43987,7274,1085,101,4184,61,16721,193,1323,1350,869,4326,301,2178,23,10610,3778,564,2,1307,500,10383,1501,56,904,933,1276,1133,23214,65,28318,80,33,807,26966,1299,21301,203,2894,441,827,5787,1857,10459,11,14630,5397,144,33227,382,6211,3398,16496,8783,9322,3108,502,1577,1190,4033,15,2687,979,1507,232,1053,2376,7848,917,57,554,3,1557,2925,4473,1143,450,8837,29148,4660,2880,0,3470,490,2326,75745,740,1234,176,791,1570,3223,25808,12655,385,74,3313,4823,310,856,2342,1174,1448,250,42,158,339,196,3,2916,1915,447,512,0,1775,5496,1356,5884,2369,1737,0,10,2018,788,371,713,72,189,41,7138,4664,5225,20821,2258,7141,3865,139,1682,3988,156,2018,1864,520,181,22,6110,131,1514,48310,1314,2109,896,11983,2484,23,308,1190,2026,1324,831,3918,3296,1713,323,7415,5661,4622,2759,4514,768,4286,7544,15319,581,587,288,4106,10016,4266,47,2390,20930,843,6411,12780,12245,5530,5246,85,26,5749,23,206,246,10387,139,243,3310,1278,1849,415,2213,17931,2,12897,600,276,8,618,5650,34512,117,5345,537,2892,0,2320,30,633,1577,24979,7263,321,613,75,58,3527,9455,1346,1491,65,14748,1860,11450,3857,44,2864,5969,3,4065,3126,1839,95,15367,7098,2051,4361,1880,5895,5524,4257,0,6211,18180,21159,3564,5880,639,304,285,604,1939,133,88,9566,1416,592,1756,79,1019,5544,10460,2,5054,5976,8381,3500,51,262,3128,637,495,2219,2130,2328,9706,4897,215,2246,4,22,2854,2021,814,5412,8432,2220,2934,3068,1263,1173,817,12854,3858,218,100,1710,114,4416,22192,1325,49,0,4086,12,6666,1967,32,177,32,1556,100,193,639,431,485,14646,142,310,30,6786,150,9683,12,13,520,6120,3444,24,954,1449,6741,917,7286,416,179,2575,334,6163,42,868,460,774,98,496,72,14540,3156,1012,2096,1128,806,5171,7,20312,60,5858,1462,81,2061,78,12322,2480,380,866,551,7139,8,17157,1924,156,12451,1920,668,156,155,5071,306,946,12454,856,502,608,6023,118,4024,3918,2,202,1064,4250,3922,58,88,935,10406,56,283,16912,741,308,261,1317,29183,0,147,17633,16366,67,3953,505,12263,318,142,3196,2916,117,1657,10984,9087,6190,3204,2504,0,5,2268,2225,3120,4690,1243,1601,1656,710,3420,634,1074,5907,4441,986,194,2719,2750,2189,0,2192,11295,854,2358,1895,1145,1332,8870,846,7061,8228,7561,2447,1,6970,3541,32,101,457,1838,1,10882,29069,16664,2,16,3,2711,17,1800,12708,10324,85,338,811,605,2671,964,475,437,1512,826,49,51,3512,4573,1388,7065,1032,141,10544,513,6435,1625,116,1356,7829,5241,67,35195,438,369,90,2415,998,450,289,5154,702,12300,3316,7553,400,261,1143,36,2108,2486,5,2228,2243,3969,1185,190,4132,1188,1807,5041,132,5835,875,10205,36384,10318,17,2739,91,5336,553,473,2030,1902,46,118,507,0,173,262,1730,562,10093,13949,4616,3968,2262,4517,472,65,25,6191,225,29,6584,3114,0,8594,0,0,3092,28546,4087,5087,100,3143,2332,5035,548,5072,1183,7977,225,3309,0,397,0,5056,970,3462,30039,506,4596,9523,85,3650,93,1289,4310,15,104,35345,249,196,1037,5498,13622,11592,4428,17,33209,1436,4080,244,16017,264,500,11724,3665,5915,20601,9512,12861,31322,94,2340,4652,2867,1,931,2937,7,1649,4,2134,28,3585,126,1417,16730,1191,776,878,445,1233,12521,39,3227,14,4279,4692,34936,18,5,6800,688,50,3792,27114,1480,2305,1627,106,193,985,851,4103,5861,3600,200,15679,398,13656,1192,8832,227,716,24,5763,8268,3866,92,1555,1162,6443,15298,4646,7,383,3077,333,10,1242,28854,3945,1401,2511,8540,389,1580,35097,1994,1343,306,1,5793,1260,29,2017,2501,5204,2345,1587,411,3113,271,6853,81,23875,1144,10939,3278,36,534,1895,160,241,238,355,23302,1245,9567,1025,16,240,5155,831,458,1326,104,6414,110,681,469,0,1579,28075,2077,4,5932,1141,3665,3447,1792,10716,10730,7722,255,303,3409,138,8663,19,0,563,5312,3988,699,442,879,1493,184,14849,1,2475,4932,15211,4134,4862,733,1066,5236,11030,2369,51,319,181,4531,27,2251,903,129,2861,1356,119,526,3661,18391,816,2198,1069,4668,5228,2040,211,2502,504,822,5145,2161,1191,4282,525,4705,12832,2915,1977,751,2189,3295,199,109,22709,1923,3999,11,56,462,13367,156,1210,225,4692,52,1305,575,3954,6849,11602,17903,154,523,302,796,25792,116,287,96,2973,3016,108,14848,356,2343,11508,858,7104,697,507,25101,1716,10421,2736,6,7707,1164,6006,387,148,25738,2660,2638,876,1174,1959,70,124,2,30876,607,2140,15368,399,30,413,752,4580,0,12,2359,1396,1112,1840,183,1484,563,5407,0,8439,279,1994,14568,1850,10160,629,3822,9585,175,968,1796,4789,14158,330,1296,22041,60,21324,1639,524,293,6639,1781,1067,9927,28645,134,35,2385,5161,415,3322,6337,4432,8302,26048,1981,1924,156,1778,3260,904,65,40,821,8195,4137,1019,5239,281,1,13036,9,8231,4738,485,115,3544,138,3016,1881,1758,746,10207,326,22986,971,20489,3698,3591,0,1819,413,1627,1346,551,54,4,177,9935,1618,71,10422,4240,1512,3047,14350,850,563,445,7014,688,3361,125,178,327,74,325,2234,9990,27,3190,4767,5763,7709,9,2771,5815,1,5975,299,3887,37,15071,9567,9190,500,2526,279,3730,31,3,1397,63,25,7460,417,8018,8167,352,1644,6506,1983,47,3029,634,301,1050,701,3515,2624,17264,8268,3,6737,5437,325,735,3301,226,56,5445,30,722,17465,121,1351,1186,1057,0,5627,207,6681,3887,6257,1411,1626,126,16925,2668,11045,4005,21,246,3314,891,15093,4581,47574,1817,555,140,38,398,765,0,6333,7219,12,1432,238,3869,523,602,48052,1296,510,16302,1757,16,197,250,1215,909,1357,5849,113,1827,2583,4479,64,156,4690,37,244,97,1733,57,2390,9905,1075,408,1369,802,575,14805,167,102,1945,11972,4753,4678,92,17183,5138,108,1369,15010,4024,270,97,353,524,23070,1250,3741,1458,6979,5473,8573,30273,28402,2992,4515,1488,218,484,9074,10174,133,3418,6815,8913,928,6684,5720,8636,3,906,2300,8713,5450,4757,3168,2696,4021,2341,4097,110,2132,153,9224,3602,319,566,1073,8820,9178,7496,5947,11,1561,0,2169,253,4944,7564,178,99,16029,6144,716,665,37,1443,3841,1258,1822,98,456,10334,9218,425,17823,26823,34,408,1075,108,249,257,24,7151,1876,9037,1143,16,182,1131,4081,567,166,213,5383,498,116,841,71,974,1042,5431,208,479,1228,3,267,19090,3508,32,4734,19159,595,7090,1204,4247,82,2472,4224,2013,12439,20231,635,129,179,7305,432,9798,63,2858,990,2,2894,4959,18,13,40,3027,2484,6145,644,4247,9437,3640,254,1390,32,17810,793,2161,721,750,3332,87,4,4952,658,615,20976,5451,651,931,2157,2633,69,581,4249,3092,49,216,4111,844,48,509,6902,1115,19077,6180,28,44,13453,891,10843,23,354,6517,15166,11671,322,447,5170,34927,2266,10657,1431,17739,27938,1212,5321,15462,5209,639,217,412,0,896,360,268,1694,1330,77,99,4,314,6997,10797,317,38,439,34,1571,3682,7827,7784,5,1052,939,168,2926,5051,73,2585,6,3306,3,2670,131,1,2487,10509,18456,0,94,958,443,2099,4442,90,5052,8078,15834,11,50,4,5347,11183,3620,3054,1646,14067,1011,3815,4121,178,170,724,152,36,2922,6117,225,280,623,45,11237,153,12,163,6581,19,3277,14,2004,2471,6232,516,4177,1057,41,10487,1707,3520,2224,170,3315,122,2917,120,7,8993,133,4481,1218,784,971,1404,4928,146,929,906,899,22165,960,8856,3082,7,1,3850,2,142,6290,18,1028,35,4219,5134,1999,10069,7211,4369,5053,5864,873,13,2997,4921,1057,20025,214,1354,1187,739,38,415,781,11300,3805,7251,10578,12339,0,3769,121,1553,11394,2692,3075,18531,114,2260,0,9121,5881,761,3838,752,1438,10734,1131,1487,368,21744,12833,0,10970,11434,97,5659,30,639,393,7800,370,29085,7,5802,31,9853,78,520,98,857,1422,0,1489,8367,3031,1054,47,4300,7,50629,697,23134,116,0,42,54,1383,1545,57,6571,1131,16,3080,161,12822,2721,133,76,5454,7155,10991,64,147,2122,1852,775,109,9416,427,158,4312,3833,347,11549,176,42,6015,13425,742,4,48290,326,370,605,7038,75,1238,1296,4070,268,3166,53,6429,3,130,158,6851,1292,6635,4187,5431,8,21605,2640,1404,5532,3316,186,0,364,1346,5575,125,1073,281,8998,1662,6544,1015,1,4563,1399,5429,67,45,562,1949,7,3,9006,29,26,752,3,1893,1060,10,241,5,2182,4473,4372,8,1140,1321,9246,708,1688,146,6549,349,173,5711,3427,6825,311,400,5817,379,2280,1867,219,354,9968,713,3711,6892,4825,608,139,2652,5126,3861,3027,1532,1707,3247,770,5547,66,1389,898,8659,803,923,152,1851,3424,2611,1515,29800,223,2269,19,2309,2665,80,694,22,16267,104,9,4776,3980,1831,35,1408,189,109,106,18889,2320,818,3537,490,10841,64,175,3742,1797,2943,7629,22,754,464,13337,6523,65,14,1205,3232,841,2568,4225,3848,1519,1086,1625,30914,15529,1783,5030,361,1057,128,657,406,16529,495,22,49,127,161,27016,2283,17928,586,1091,7,2779,443,3579,557,33547,4244,772,17,8462,568,754,5377,3978,12,30544,2383,0,7503,2682,7187,32711,10,722,1191,298,2873,315,333,89,1336,64,1225,49,830,337,90,10186,14431,2111,73,107,26,2755,1723,1154,386,474,1956,0,1622,570,1190,773,0,3475,26874,186,79,5920,334,1786,2966,24,59,7634,8413,314,8,737,1375,454,3727,1258,0,8496,593,72,119,193,3430,1160,18168,3415,2833,410,897,1594,14281,259,20,17612,4866,280,2869,11286,527,1284,6019,875,1200,2782,21399,823,2082,9781,2546,3602,2980,2475,11846,5737,25,1692,847,2774,65,5380,3070,616,125,17709,6196,3417,847,1563,672,0,9,83,809,3412,8656,9364,384,1403,338,7628,4640,2990,27105,14458,1138,580,941,6773,5667,201,5,330,3858,6265,3765,1020,7270,2172,4118,952,2396,278,597,1170,3416,15141,144,10,1895,2205,202,2784,0,4828,4664,0,7528,14,986,5904,16891,2661,274,151,0,1464,1503,2420,4282,1897,168,38,486,6964,5749,1021,12385,5801,83,5616,8725,45,12801,2763,3437,440,1095,34,1395,446,0,3200,451,3565,7788,70,15114,2188,35,1575,40440,37,58,8200,425,69,45,4538,1935,1382,3746,2438,269,6,67,80,5324,13035,2,681,2616,8069,33492,977,2356,2794,1170,4403,4628,3722,7460,111,1329,5,1547,278,2164,4120,1163,5200,5694,195,1414,1484,209,46,1900,3380,191,47,34,61,2568,532,4649,6918,4424,4,243,196,18,9,2209,6890,4527,447,3234,3569,12,2248,4205,288,377,14,1980,234,1032,2388,968,4598,16618,924,12,4283,5920,1857,1046,403,0,2229,6636,7457,92,1820,1021,5278,6,831,16,2252,23,6484,7019,2292,2224,1883,4644,33,1456,3783,4697,4317,1188,2421,3428,1220,253,12369,6264,6296,6131,4399,0,454,782,990,1370,7907,4810,11612,209,52091,211,449,351,9115,4797,392,29010,587,8948,1345,9,21090,321,60,469,5768,655,7981,11626,2125,2338,68,1602,9099,77,510,0,39,3492,360,1417,491,1026,8150,3563,11353,0,25371,11495,311,28,2890,1,2700,28817,6774,1059,1603,993,3989,2600,3099,6224,4996,17210,4,853,2943,691,2857,2349,1233,278,2853,95,493,674,997,291,1759,19475,81,11878,4714,13209,9715,0,2443,11717,390,4345,4870,1,64,53,11041,74,4010,3841,6499,3553,12,1462,910,9496,1736,1486,140,7141,2288,515,1302,903,776,201,32028,984,24,3930,107,2663,161,376,636,393,2,3085,1046,192,8413,0,1502,708,1542,14,11264,1515,81,7727,8,10266,63,13878,15587,16951,153,3384,7295,12772,1005,2451,11710,16190,1214,1509,185,280,369,96,88,6,1024,4614,1065,0,65,7329,177,322,3866,1342,10446,1407,4560,2480,889,14022,36,406,107,8,1446,2737,4016,415,352,7230,307,0,4081,70,234,0,518,182,30281,507,48329,844,208,60,8207,325,2155,492,4591,15758,3077,6388,873,2,5575,436,9334,2945,27,1436,428,764,178,7218,5848,251,56,3554,1498,2192,8,7,9644,1142,190,4208,1202,10377,4573,1033,2599,1447,1767,2607,8,956,491,455,3416,3568,7,2552,109,30976,1324,1808,23,1978,24537,267,12342,9937,46,604,58,6413,1085,10338,40,12765,381,3199,117,802,178,11827,3187,1135,2913,5595,5066,1880,7,223,97,5474,827,133,1184,180,21683,2664,10870,824,774,3307,2880,5759,53,3341,7,14772,1783,6734,3,2263,707,299,6561,1119,13432,3118,2574,506,3965,207,1598,464,888,7254,2311,3299,995,11271,2575,13,9968,174,3127,188,68,13009,3816,395,3,9307,692,1291,2097,1038,276,1943,420,31494,0,3537,2069,7,18,7780,17,510,662,4571,0,9007,1279,1350,201,227,1468,785,467,89,38,941,3423,1000,2594,5632,5807,1119,1552,1,4376,6449,7960,317,1444,2778,253,1516,2948,1,3475,306,1407,2,1882,278,1549,5026,1453,7,5940,5766,367,4478,7381,77,20026,585,28,387,12454,2598,7260,2062,34,4074,0,197,1187,830,4,6917,23253,841,1779,1852,6474,404,1835,699,4686,581,495,6740,5407,551,242,4976,6,7343,1020,601,1196,4244,0,153,48,2121,4219,469,2,2059,7030,362,32,173,6226,127,1098,4567,6074,5717,0,2680,24566,132,28423,5824,486,1110,11870,6233,7932,12,4630,39,3661,14088,7,758,27,3541,6430,59,328,16185,87552,511,2965,1,2483,65,10329,629,7822,309,3200,4664,2251,70,127,212,222,1913,1529,9212,265,8532,1927,769,28,45,1162,3225,2629,91,0,401,22,3932,2317,888,476,21,1813,2695,5155,3399,297,21680,2,1847,3204,89,1005,0,50,1801,722,22582,8736,142,7177,5565,221,180,2277,1587,291,3008,350,9196,10980,160,3531,280,1613,329,5725,1738,1695,9270,1390,17950,1369,5232,13329,3876,2095,8343,132,946,1116,4311,10396,320,1,1281,197,387,939,7691,1439,2175,37,6776,36,2883,803,991,15531,7632,2300,6148,5703,6077,13762,0,2161,1450,612,5742,1097,7740,13255,4476,304,634,13,267,55,75,51,1366,4,3038,0,217,7819,2375,50,1445,1860,27476,696,5077,1651,3973,3,4688,13607,14507,1216,9029,6677,20,557,212,16640,397,5648,1094,3311,5134,4076,5414,831,26,10,454,4686,240,116,2090,0,11068,13440,328,6117,418,118,16,6645,13147,1589,8933,35,0,1266,2425,12570,9116,3779,42159,21849,448,1976,913,170,659,3,4363,409,5,6415,119,0,71,1850,0,1514,1905,3444,6142,4113,510,6916,66,6560,1682,6251,481,12849,39,1729,1047,629,53,1058,1948,576,606,194,484,3623,4855,6190,1636,3166,627,111,160,138,243,1,4332,3950,1691,1366,6221,13124,73,2,3520,1130,26450,3621,3762,599,1123,11861,10222,2838,748,8805,2090,1931,8487,0,15524,2165,1508,466,227,155,1190,14567,16079,8019,511,2939,202,412,3757,2122,8079,197,604,597,6637,117,206,11,262,11440,62,16,271,3359,1822,29692,552,1851,783,780,1858,381,1211,2958,3017,9314,8,95,32,3948,4842,783,1335,0,1988,142,4315,46,250,903,1430,2207,260,104,934,8961,350,1210,11,3,8913,727,13824,1800,10985,7262,8,5,3800,11,9182,1356,4835,3552,533,692,127,30,109,790,552,542,36,5251,0,121,7,772,1876,3,1225,397,13971,4160,8600,4689,66,39876,9917,2,11301,1374,33040,438,1825,71,7386,110,4048,295,726,1183,6608,69,591,1,81,1,425,48,3861,7087,765,0,1231,67,1555,4,5399,509,725,203,54746,146,3411,196,544,605,8133,7405,618,228,2573,549,262,4551,7447,589,2053,227,13307,257,600,2075,3047,3032,60352,4826,1211,145,2547,27,1855,1121,1195,2049,9979,6079,1084,253,343,6606,99,1094,1412,7816,6104,5266,4600,2730,2,229,22909,2001,10486,705,14951,5,3999,49,5,108,50,11461,3116,101,64,85,150,1085,1303,339,37,149,223,6775,10808,6111,622,79,269,148,110,4009,34,569,8756,2857,1174,3291,686,9420,287,2954,28790,1673,2933,28462,5311,6296,557,802,0,399,790,3218,1812,230,132,8325,8550,2018,1959,25937,27,264,11205,8839,1,26,5853,35866,2166,1563,354,2435,161,1635,925,829,2244,5908,35822,1605,42801,4409,1647,564,6557,1417,48,1546,1301,58,12558,360,24,28163,92,2204,161,885,1407,4289,3382,2178,3756,933,369,11074,132,209,12178,20174,1111,594,9,7460,2042,1756,84,569,875,132,7852,243,145,749,225,7523,2,2978,321,901,16683,227,11424,6280,6018,3159,8,0,1244,9,516,424,1948,9,3,564,4708,607,1564,1282,537,308,361,9117,560,11609,488,2145,336,90,1788,25,12419,386,1528,65,16715,1768,643,4903,1010,0,2961,1199,1639,6,16612,2824,2500,1709,223,2201,4537,2566,2812,12,0,1016,10008,22,13717,10554,595,17495,33,628,3803,270,387,29568,728,2342,114,4836,1951,482,197,1961,582,137,416,90,5638,2033,10545,129,1444,10491,154,3663,3881,911,646,2676,2,6417,1956,14242,19647,68,403,1998,71,21,6476,367,1116,77,2013,3739,6991,14,239,1875,1547,1404,2162,1840,0,3409,20986,30,1000,1045,0,3206,71,4765,7541,5093,22,107,1,538,5228,1761,567,16116,8608,134,4328,12805,7414,581,7465,1414,136,564,445,5103,157,166,1697,2432,211,1044,756,775,9310,3219,130,5432,2942,96,175,2408,520,14850,2,5247,3474,10589,1064,4886,1593,382,13223,7945,213,3300,493,4226,5910,7936,18734,8966,17919,4281,1977,116,1,12422,950,903,11765,51,38,25207,7990,5110,2829,2606,223,1,3141,3551,369,1539,216,735,1529,7938,8023,1004,1309,6635,7229,1898,191,985,2379,1,1875,743,274,7333,20,3203,2004,363,2,15153,29391,707,992,5225,843,1818,105,23,6612,3943,936,12441,8776,1224,2882,4401,3097,4432,2244,27038,1425,39751,16649,25177,9308,5101,12,1110,1468,3673,9,147,253,9,4278,147,469,596,3122,1854,62,13417,1828,1627,2235,262,847,464,2229,11435,18,6672,371,254,14061,405,0,156,1879,2693,12,4044,1939,1412,16931,1807,1039,232,9261,224,1607,760,9,3207,1868,32315,3834,2,306,530,1,4929,97,1558,0,12541,1679,131,3132,2349,260,5456,5,4049,2925,578,3766,514,1934,6935,6613,2522,20,10793,17581,18352,1048,19,5023,364,10531,4891,2436,2658,18742,23685,4197,23,32,353,1198,2862,11432,297,2900,14549,375,201,149,1368,266,1510,2158,282,120,235,1376,31,712,1889,5659,767,608,631,843,317,16180,1365,421,1801,655,2396,71,93,28787,708,152,899,17,284,124,10404,54,10628,0,2537,719,691,10767,9794,98,52,2995,238,0,2604,158,2881,1510,118,1128,1490,660,2610,6662,926,8,205,125,524,2480,24,1618,1970,9413,3772,1872,897,1026,343,44,3024,9385,3381,12,86,9,4883,174,137,4927,644,394,20425,1277,253,1054,3551,1215,12075,76,13989,2309,8897,204,18,2480,1912,840,4493,27,737,1009,12240,25,273,1399,1784,815,19,1604,9601,994,6403,1045,4569,1925,1435,1878,11540,1300,165,4618,3812,7171,18085,837,712,325,21334,1608,3483,5432,2640,3960,0,4893,1695,1026,1993,24,0,62,35,102,8044,623,284,106,2310,1857,1939,49,16201,333,20,16838,292,6011,109,22,14,2384,1715,0,2652,2815,5714,2206,1,8026,1096,967,9,1649,3079,1937,9914,2031,1605,5624,2148,295,127,46,4456,1146,226,1345,39,7,7351,2831,14674,515,1456,3975,996,9,2047,198,18588,3842,73,384,4896,34434,3134,1261,236,688,557,5146,3759,7478,3330,491,484,13639,4639,45069,12598,147,174,25,31,4169,146,1044,416,10318,12,365,250,186,6114,663,710,3419,2778,4183,2217,6998,2788,48,35,4011,363,494,6421,1666,407,13236,7796,1953,2604,8280,119,349,16208,19631,2164,200,77,15939,742,2122,7231,11,3699,42,233,10473,14962,553,142,4974,39276,1038,335,538,42,15130,492,2683,1429,0,3688,1988,855,1097,44,2192,2925,83,16,8456,659,249,2334,3536,8,88,1699,3981,0,125,3813,643,779,5004,4772,4866,21479,402,7430,2083,44138,39,1477,4188,315,1302,20,61,43,790,116,1,5594,27,1792,3735,10233,10796,367,4399,0,8154,1,6659,10014,3320,5040,9254,1030,4667,8879,4310,887,4748,537,2226,27179,2449,43,6,2351,10625,1681,459,1284,126,2,12882,1297,233,3857,495,1375,164,1189,980,5578,3122,5000,1084,265,3335,6250,10702,883,788,6406,383,3956,998,15508,35,13355,2867,282,25089,1017,2887,5,829,1686,19553,1406,214,5159,9002,71,23851,4402,329,301,7272,535,1754,87,24,1202,3169,590,5511,2855,391,1951,5153,10327,9215,11030,207,4572,5491,22630,6291,770,219,3455,659,930,4808,136,5110,22,459,668,1085,2209,3187,718,3,9,7852,1230,1419,1775,0,2832,3359,153,0,28580,2403,7494,6408,510,335,2452,650,838,1169,1601,5160,15,3473,258,1187,649,383,1473,26,577,1144,2021,4014,142,2200,459,85,4073,7056,30705,22,1594,34723,3169,6696,432,24518,3,7541,5501,221,261,414,1971,33610,2108,47,19588,111,5,1589,3857,1043,5261,15381,10759,959,649,5357,275,5524,2830,0,1816,2996,5078,4818,677,913,2307,0,163,245,62,5192,283,21206,154,696,2865,1328,959,1848,1913,110,93,1405,2148,0,1829,302,0,5862,2568,18,1864,177,92,130,215,1380,18682,6368,4,12,9529,1331,360,1502,1514,2386,469,1137,5800,43,387,2723,211,415,1,2466,426,809,195,9038,2138,10013,6095,404,2288,3873,1018,3086,387,195,1017,2272,519,1493,1739,23,11707,9,19,2973,13316,8527,1385,1487,6,8169,786,5363,164,128,3,288,86,14427,3318,816,3300,510,11,499,7495,645,7713,523,8,3737,6843,210,0,848,3,306,15,63,1018,3362,17,2678,6500,55,1271,690,13158,11801,629,18076,11,3617,1588,6049,13587,5336,4523,1945,472,3,22106,3214,9,7303,3944,16293,578,36105,2501,2055,424,3167,7888,1383,174,255,13458,1933,1538,391,2794,1425,288,33,193,38,24697,6899,39,14,1585,223,6,4727,2626,133,21687,21710,2137,299,3359,8,1103,13399,1904,40,846,413,3229,853,9852,765,6,5,4882,823,958,456,3275,9355,135,251,40451,8870,46,5887,3508,283,35,6515,7731,5784,302,15660,140,522,15941,2762,38,373,469,4555,1708,2247,47,1612,674,1693,1968,2151,1433,155,3007,12016,339,216,2169,1235,113,1235,4670,380,361,3,8980,734,4167,10,870,115,354,679,538,18197,15039,3125,138,2847,2296,231,2063,438,2098,3291,2636,1193,1011,1658,2966,1093,3292,16,673,20988,1785,1403,242,14677,109,65838,5876,3298,11,56,246,4838,405,1949,16,5083,4986,9549,25,2374,3643,15700,1353,5295,119,45,4370,14065,90,3229,1853,651,1216,5771,0,3079,24693,179,3892,70,4067,751,9418,811,31248,1071,330,245,276,11122,192,109,66,828,398,9587,19,31676,446,66,16938,6812,1515,3076,5534,320,224,1223,3519,10941,7163,2880,174,242,475,17,447,72,7136,2034,1304,4798,6435,1166,2602,20,1267,1166,34,100,16,478,5097,1625,90,346,66,15895,198,1275,6274,370,6493,1332,238,1994,113,6144,747,0,1562,109,341,16494,22373,5954,85,17020,883,2025,4299,5767,44,522,540,8800,759,3790,0,198,21451,781,3906,1804,10825,35,5244,290,2059,3555,2293,755,313,18350,461,245,12171,1636,5704,2559,1,741,12728,8083,4485,5731,3406,33050,0,2580,4459,186,1576,308,1305,2297,6498,834,2582,2624,1647,3766,8241,369,1566,8,527,288,0,3639,1177,1089,80,1220,1637,385,4218,8085,3242,1307,1692,167,7671,1870,1145,6157,513,5572,2512,16135,140,1090,8482,13776,3266,10438,90,3650,1273,684,1947,4045,63,6356,942,417,2170,94,1138,10349,1807,653,14142,11,679,191,5050,8589,1749,2211,1958,3,3155,6036,17246,0,30212,9,25,479,7136,8142,1594,13255,2854,2530,11344,2040,1467,3117,1862,8307,19393,207,1738,89,2392,12979,1306,2522,1188,211,41,1712,359,543,239,78,2931,1295,15327,2048,362,16715,5275,5059,4055,3283,1170,2188,34,7166,1560,4033,1457,539,20534,18934,12643,50,5667,220,4647,5,6264,1116,23074,293,195,1203,20448,28,12986,1882,184,3731,7551,27,983,877,123,114,10190,656,186,4218,169,0,5404,56,3735,547,44,13045,0,239,105,1279,89,72,8760,1481,1857,130,2970,677,1232,8158,130,4679,1140,159,1317,5171,14002,320,1314,11523,0,666,330,1850,3854,2505,3685,171,0,3575,75,2561,453,720,534,35,10998,686,7759,6306,1918,1578,60,694,3397,3392,5977,238,2107,9,306,1751,3582,2262,9,8712,24739,1781,6327,5826,76,0,382,2393,12010,386,8113,1604,5824,821,10,14382,1340,16,14,2842,0,1839,310,18,4532,2980,146,133,1320,29,177,258,6825,3094,1849,461,4643,466,3539,3874,4,1225,17042,3322,20,2,1513,10442,233,3938,4054,3296,11503,9456,5677,1567,52,964,48,1028,6816,465,2984,995,18032,667,2257,252,4,1999,1153,5222,3226,5690,33,9933,7914,2164,331,3546,2629,4931,2347,690,343,16,3830,0,263,475,0,2675,5160,2270,517,2895,812,154,7762,19249,1216,1629,25,78,9051,4410,4018,35038,1531,5284,6677,181,10608,5876,5511,50,291,7,8029,332,317,11231,3217,27,4349,11610,1828,59,3142,466,36964,2,166,783,9136,372,3064,14,2089,1128,733,1025,1014,5206,0,4014,3,1950,27,1716,1516,6444,2752,4771,456,323,146,487,309,7447,3817,784,1802,228,2488,3488,10791,1347,1815,15,433,52,1541,10187,1651,2263,764,2080,45,2276,8499,10155,2247,745,239,4000,371,3661,6096,2092,3434,90,0,2418,2493,59,1751,125,830,3101,2399,2683,16241,659,3345,206,3922,230,900,0,872,2208,975,2757,2081,3674,428,630,4182,542,21,6513,577,1,6466,4672,1666,2989,129,10052,2438,2411,5159,729,215,152,1052,675,2390,105,1406,494,400,686,8425,3112,421,2791,4370,278,78,929,28,858,126,1588,21043,2043,261,3152,286,294,821,557,15448,323,5932,323,9525,68,1348,9008,23419,281,1065,1333,367,268,8449,3142,6,540,2982,2308,38,2346,1710,0,1441,8876,15545,2067,780,959,457,3078,9466,1025,3711,85,657,4,2011,21,14939,6168,308,151,226,30,69,6,5969,41,6261,12904,9641,1549,162,1889,2793,85,2206,465,23,5248,180,899,105,1191,2464,1,35,1787,1721,7394,602,6,682,2521,63,70,5316,57,28,2,1749,628,544,153,336,55,16383,7036,4219,340,30,1325,5261,4170,4495,11112,3026,820,2104,1853,327,3391,433,4596,154,2965,342,252,13323,334,5848,384,2113,315,1412,191,129,6238,7918,2309,408,1890,11636,82,2081,98,3416,83,1098,0,377,1862,9826,2819,2823,375,585,2,2,2379,2682,3,2409,2246,134,6812,0,615,28255,147,6940,1715,3667,233,247,198,5,3502,40,14051,1010,1045,225,728,636,151,8467,1318,347,2,487,1538,9958,44,2384,2412,3104,16550,3326,1614,10,3059,699,1121,22401,855,32,341,7,1456,514,2,4796,45,4171,160,520,25,2572,6003,98,10465,26,3347,0,2452,1326,9351,1244,5168,1707,70,46,282,1048,89,2985,5067,13,1137,16023,504,1192,3323,10,930,10,1454,552,6156,2078,203,1,17347,2428,24148,4285,4599,21,595,7364,38,11625,3,5423,1125,591,3495,2458,6614,24,3111,4827,310,252,31,1385,3608,125,3745,5,22,3478,2725,562,4934,2599,774,1565,70,448,1587,1647,3317,3613,26,1,10680,7838,5764,10442,1965,6,26,4614,2711,149,14345,3322,7614,90,3977,56,660,5041,13025,18649,1202,6802,1142,676,453,364,2691,2897,10648,12719,2102,2555,659,3025,3805,10,6247,58,3367,1400,193,362,792,5059,1597,1516,2540,1526,558,431,4665,395,15181,62,4039,867,1629,571,2877,14,4573,7251,13788,3899,59,310,2785,6367,1446,9235,3803,580,131,2236,3278,2891,16658,332,12,226,1,4462,10352,126,2085,9129,4,12842,620,33,340,88,423,781,20881,576,15804,682,484,1200,131,17977,781,2349,2,3,8573,9866,2261,464,5965,76,1679,36996,5569,17,588,3624,2750,43,1,6190,144,350,965,273,4434,935,9285,259,457,3976,5156,1448,22,40,941,4963,717,436,218,1965,13928,5009,813,1857,15050,1181,11187,4734,18674,66,39,64,232,1,83,127,1524,197,7284,3124,6588,381,125,2086,3013,374,3174,8,1246,141,131,1482,7044,4834,538,8315,277,2781,9902,529,1131,1561,3738,4734,2872,158,65,430,1757,179,128,51,427,208,532,5861,8696,59,8031,9616,1827,458,6443,426,39,992,116,6016,274,25,950,1159,24,16662,736,5808,3680,9525,293,479,1085,121,49418,402,8100,114,101,1356,57,3024,1033,983,3531,2393,39,5200,4909,20,363,2484,854,1959,45,34079,26,6,2003,1108,24,2748,1510,11616,57,7,1022,535,352,3147,2434,1239,9014,1708,5246,29,121,4667,1472,238,1135,4095,4242,19091,2184,12,1566,12482,750,12,227,838,12,6191,4811,16826,9749,39,17244,3539,2490,14277,2973,7637,5290,668,6218,2191,38710,1128,1051,1208,8645,45,789,7566,3346,6,1706,145,489,27,4468,243,16847,3752,104,16896,259,5334,0,16763,4354,766,2285,1022,33,8973,2970,4346,818,6479,2790,1805,2,2040,6050,1074,0,118,16351,1872,232,1658,785,1571,8,889,7,6,1427,17457,24,345,5580,7210,165,1254,1252,1546,971,405,0,49,18,1286,1171,5081,32,0,1,23832,11051,2217,877,2967,3604,21611,2698,501,157,5022,76,2,822,638,1639,1292,9969,372,3205,4480,8337,2890,776,151,405,57,26006,11342,11402,6495,18179,366,11326,160,8,22,4214,7689,16,54,643,33,10,13449,2929,14179,202,872,532,8139,0,1699,1,558,15,3873,16296,146,342,10,16976,1091,78,880,22322,960,5789,129,8369,5869,3234,54,7,239,29,4786,147,5517,22,7280,33,414,475,767,3882,32,4100,2539,8664,2962,7830,253,2418,9428,8708,121,1064,5,599,16794,676,560,4319,2774,6773,19819,13086,357,453,6807,1129,15173,766,56,679,14133,24,23156,695,2084,26,526,179,1499,487,0,2782,1389,258,1006,2600,2194,151,670,362,93,17845,378,175,3511,4530,99,4391,356,654,20481,7,1466,3126,374,2228,1068,165,6948,29,10020,1785,685,3608,15,63,1474,8840,1069,59,127,1622,5271,7436,946,14782,1983,74,1384,518,778,4267,1928,7092,11498,200,0,42,6126,140,895,9,109250,1880,1571,965,18855,4976,1047,63,1128,191,3126,4149,20866,17554,3318,937,3773,370,153,12922,26387,11853,4342,424,271,643,98,7436,1460,13630,19319,13842,20,17,14861,2453,843,8273,16,11671,225,3628,2,179,1844,2637,710,10,1303,2996,11309,5516,620,44,614,64,1278,5106,6981,3143,2231,6,40,230,4660,5069,262,2500,524,181,368,3249,111,4395,2568,6595,3862,137,2743,283,3294,29,11,2278,16944,4761,251,1663,3118,14941,8478,3420,8990,763,2742,3,4549,12412,1050,1755,6624,157,544,2611,7419,252,66740,201,127,1631,523,2633,205,47,13911,475,3440,1008,984,4213,3443,68,5347,468,1801,3705,18016,281,10555,212,1137,21145,1246,1414,282,6389,5354,4503,699,11658,36751,1970,2008,1662,11695,2165,21847,2360,4472,3486,823,3221,1700,610,780,1,11,94,9912,148,2396,69,8116,3591,249,1134,219,1429,25242,1326,2688,2468,1527,814,11883,2074,6594,1596,1232,4936,1517,4638,4024,139,8104,8409,0,3548,23,17,2646,1979,46,14020,131,18,3685,1136,359,5267,430,2141,690,422,2942,78,11,2123,0,2,840,0,6122,1006,312,41,2,70,3580,1,25,2653,60563,4,11848,57,38,4758,6202,5168,5966,5297,3138,505,3534,22123,8367,111,4386,1152,511,2953,7102,6,1610,44,10275,0,6651,1,1153,150,2,70,1906,3993,1339,3196,14805,391,3474,7512,486,130,6,1843,15038,12043,2,814,9989,334,26126,2199,10280,19034,7137,2206,280,11532,280,1364,70,730,311,740,49,4703,2941,2200,443,2718,2,84,1229,2,1322,5825,227,10706,1942,7290,1130,13979,1325,3798,38,2785,22611,4201,1900,496,9527,589,14362,114,166,5300,354,21914,476,62,235,2673,11095,19,6058,1131,113,5344,1224,13903,8985,775,1396,2139,187,3601,1137,13239,3787,117,617,1028,8981,2561,16560,17582,1,2089,3107,253,120,1700,3540,111,2317,3293,16,346,5618,1,210,41015,2773,542,30878,61,9571,140,1859,1634,946,1034,1452,4370,5976,175,4689,6897,5104,131,5,1340,261,442,11481,9361,2244,1323,4877,4198,233,3825,532,36,405,2882,2307,8101,1693,0,40,633,1086,1639,6749,2907,1208,1000,2,2629,245,3650,482,2154,324,1326,624,4748,7984,1718,3726,612,797,143,55,1433,4355,899,10153,37,1082,6308,58,16040,149,4223,177,3706,2977,4466,1478,2697,19,6660,643,0,539,9088,3622,21797,6,277,41216,3319,1953,3418,1398,468,8407,3006,21409,4234,84,0,58,203,3,2958,810,583,1862,35311,679,2646,114,2266,5720,205,1546,11573,17637,3699,11285,1036,1736,388,160,4151,80,853,37219,1154,2632,572,9496,63,1818,190,425,15689,2589,8091,2736,1592,1729,16961,2711,962,3361,4100,248,222,716,1798,1600,89,176,2257,5259,101,38,422,16592,10154,0,1498,74,144,180,3951,7649,2723,13648,7349,5061,5192,29,5047,4449,3443,134,7899,3579,63,2397,559,7958,1399,1144,11,77,27843,5824,297,2227,45703,9036,2115,6,64,331,1936,327,3214,16,4735,19,573,191,17915,7584,191,14290,3837,19370,55,65,3721,351,7633,93,13087,669,194,7004,4905,7869,11731,117,306,1,382,4541,159,75,1105,5006,5,2805,14,5437,35053,7802,2799,13559,14034,477,8101,767,70,5449,74,1660,10,186,13822,4872,5188,6260,32825,164,9685,11859,6836,6989,2617,209,123,5813,1539,31420,465,7797,870,1899,1226,5045,231,133,2479,12551,47590,6,8036,9024,117,3244,297,209,999,511,277,218,250,7783,18,3169,1,5863,2318,10534,11855,8875,1564,9973,4430,158,753,49,36,285,13962,456,3383,11219,2919,93,2756,3277,354,23,7595,6305,1368,24,629,542,194,41,579,7086,67,61,8357,728,0,16,2,166,2175,124,520,1,304,110,98,1256,157,1903,12332,857,4809,4924,1381,943,174,179,494,536,2507,2058,11,564,5870,1463,1251,8578,2292,2275,262,7300,2859,26,464,5896,905,465,5146,1826,823,4099,152,3909,2,4101,1573,1,3038,2962,91,4228,3038,6189,1146,873,4243,462,2406,104,1803,392,301,21,21635,175,57,499,18600,121,9640,14,1266,7627,781,3743,959,8979,4344,288,654,296,13830,10,2769,377,784,7510,822,735,17345,664,2886,496,1562,2276,902,718,677,72,1332,1455,5278,6957,2,2416,843,11157,3926,10689,319,7485,1,25337,3139,2350,37,586,898,464,775,5631,2371,37343,933,719,3629,529,9881,476,907,0,2645,836,564,1252,472,4,670,7,2211,1312,146,8274,1758,100,0,3274,13596,2844,8077,3942,4227,655,1829,4413,2183,4857,2320,2131,1403,78,753,0,189,639,650,952,551,1115,343,4264,3176,9261,508,7416,5979,3935,4946,1134,8113,1661,5132,1018,3276,4931,38585,14338,1090,71,0,9,1756,5352,1,793,1310,1469,631,14,31922,735,6977,65,10119,2064,135,777,689,84,12473,2136,75,109,1797,1797,6901,1862,2879,408,31711,1766,1674,1611,715,1795,928,1240,1136,2196,3945,14590,2430,532,7975,449,2192,755,2125,261,4,60,15232,9915,182,851,2387,518,1691,237,21,112,3209,8382,8918,912,2056,167,9224,940,3287,296,8615,3456,1679,250,30,25516,4451,6957,13340,11561,3016,4996,86,209,5732,2491,140,1303,1019,3649,1064,335,817,2994,3172,91,4073,104,5027,14078,979,1178,1148,126,359,28,8207,511,7978,487,594,12527,12,2245,4698,910,8482,4192,11212,525,0,312,43922,941,4270,143,10815,92,2772,1440,267,0,11,1,0,43,727,20805,1063,151,13896,1,132,6095,1273,105,1090,2814,5390,27884,22,613,10084,3118,30771,73,8359,434,2760,9,9243,428,8543,913,1070,20824,25,1401,3413,1346,31,7243,58,935,381,1152,8366,9858,1714,2619,71,2,3083,13137,35263,602,2244,1284,1930,8,4020,9,35512,1710,972,26,14,416,45,17,1964,1311,1,1194,332,455,533,840,47,55,7560,4463,1845,17937,18,3645,5938,1663,8487,2165,737,9,20184,21,0,12752,196,381,6430,15,2009,4891,70,330,204,0,4476,1,2086,227,17632,4003,590,495,2481,207,11566,2115,1404,139,14564,7,2308,31,5547,962,140,211,9,1216,229,6494,0,269,131,278,1743,365,2,3545,218,59,662,1,37,3379,189,367,1577,12086,370,15571,125,9193,9988,2064,871,1923,1230,26413,9960,5038,25,5596,594,162,533,5976,4424,4521,743,21832,880,9051,5649,16,4623,90,3083,2099,3008,8327,18,121,47,205,1339,25,15472,612,923,2732,50,4308,998,11064,7393,7642,6,380,806,789,13820,130,61,0,530,439,439,3811,505,1341,2623,358,35,1238,3,5,2664,1909,12166,1181,5993,811,27463,141,183,17487,4830,82,3205,151,5135,1352,11606,1016,17759,663,3464,25200,7419,1,1757,816,2376,64,1113,17,306,86,26,192,5626,89,3135,1894,2681,1,1176,437,1618,266,13911,2815,4380,74,16,1462,1210,3462,346,1655,12341,783,0,4,2361,2089,6,4724,86,13,1398,2965,153,1743,1897,725,6750,5249,44,1024,1443,1815,3354,19,434,1326,5,51,5662,19937,4585,1,249,229,2,3096,79,7688,105,636,1450,17,58756,453,83,3792,5604,6091,1792,657,1703,499,12734,663,6916,69,9768,55,631,777,11825,2254,4853,4,9319,975,1012,24,5763,1,6714,575,3418,2626,120,171,320,1,1873,2945,606,3457,13,3765,7859,455,247,1299,2012,120,278,11664,1195,1124,1420,134,3573,5011,4687,2,353,128,819,10617,261,52666,2321,0,2923,610,1248,4363,2503,828,9845,6825,14,1110,1228,1409,503,572,2210,2100,21,549,13033,3120,37580,2213,0,5,4511,122,0,182,10201,1129,115,105,3221,961,214,5510,453,2870,22954,4332,5454,28255,1274,3871,2403,795,4663,6090,5367,1,174,9,1222,6,803,993,1932,243,3368,873,952,43396,12864,4685,1453,8070,519,1213,2072,1673,4996,13179,3389,15475,45,7935,4454,8604,122,3198,937,10655,940,954,2075,16,4217,0,4545,306,704,4,3078,1694,50,819,8746,288,2142,34,26,387,1008,688,416,9,150,2138,10371,191,1117,16,48,5077,359,2732,3,1223,3,456,1041,3186,2778,9,7750,3394,155,24568,134,9326,5763,2404,965,18,1431,14613,1874,1145,2686,2209,1424,532,18,638,11487,1548,4880,3133,128,49,306,4966,2126,3416,1372,5971,3174,1577,3180,7180,1884,3142,934,10981,1375,2097,10,474,406,8,806,652,841,909,1934,198,55,11818,3979,1086,2576,282,300,1775,1202,98,1353,3946,1323,18,3388,44,363,574,992,5468,18,8888,161,3036,6692,4670,2301,11050,5741,68,404,136,6467,6264,249,915,3315,1626,2729,6284,1474,704,57064,2469,7770,1525,1562,2304,7177,2490,24539,394,2743,7049,2598,1143,3622,908,923,3121,5268,223,3453,2734,1924,84,6255,14802,4176,8495,1359,6362,278,592,179,4178,4781,1116,1023,13032,3779,14942,2466,5743,5866,1434,1751,415,1540,3564,85,25,33,145,6842,39,22813,2363,9008,4109,222,1490,1016,3509,5375,1762,7016,320,44,18519,3322,3,1366,620,2134,58221,1430,4153,13287,12065,1,2305,199,1729,2412,2592,161,1084,1267,46,22619,23,4533,18254,10,3507,8219,1843,2702,81,2134,10156,4346,23,1137,2045,0,4,182,36,66339,1305,23607,135,54,3041,4380,0,718,777,1004,157,2421,899,5961,7,3344,1638,2668,539,795,1370,7600,254,202,12359,7165,1332,59,1146,5891,398,1732,15880,6,4055,122,5,31,2398,1344,16898,11971,21395,79,1034,26173,5076,287,908,1204,1653,3,1954,1132,633,3298,10,1820,1930,11582,179,9388,234,11592,1143,709,770,4207,226,174,2,4991,135,1516,13422,93,6574,3244,1263,21549,5253,964,815,4106,133,501,349,1131,0,1447,2053,2895,3476,2,1710,904,85,2557,367,2086,804,2297,589,1416,3611,2903,320,5,26,401,1288,3836,161,5023,19313,589,601,2744,3819,3985,1464,19266,176,49,97,606,848,8639,3246,194,8788,937,24199,42391,0,2855,20928,1210,1674,236,5512,6062,2,1429,51,672,1664,8423,76,636,7535,1045,9099,2574,346,2959,2824,8,5071,42,322,32,197,1904,167,987,968,9682,372,30,145,287,8575,2994,73,93,1666,2097,363,249,44,8779,497,9670,1430,5620,1535,36,21,1516,380,8900,12,36,171,332,9186,21663,0,0,578,1529,7,4580,16429,2846,8133,193,3905,157,137,406,7402,13,798,468,8584,71,107,176,1546,2656,414,139,516,2974,203,5375,4469,3960,3,2178,2099,1477,2087,2146,1056,86,0,1065,29,200,23,195,644,2443,322,1182,221,160,4316,4642,10,12,4499,5432,956,1149,3019,17853,17809,5415,2745,6519,12849,9871,106,165,137,1260,3643,804,2591,151,5186,35,12462,246,564,9606,30417,1704,29,4729,1748,0,78,1039,1600,21521,279,2923,30749,5811,239,224,537,6895,2175,1299,6290,866,0,249,10471,298,0,473,448,35110,7,36759,6707,7839,949,2008,186,11552,17897,6013,1005,3379,366,2885,6678,5,396,11210,1329,27,704,181,9267,3533,1387,1073,288,1051,8968,618,7171,13825,4859,11078,14165,66,1375,7354,2915,526,2097,12078,790,4998,40481,807,6183,4525,5,5162,10934,10376,447,14,91,418,4347,3745,13005,36,5,61,2898,72,2148,9330,323,16183,6099,793,755,117,2040,2525,645,20,7283,31,33767,171,1957,1,1465,477,1746,10109,105,28,19698,1395,371,219,474,124,4001,66,2155,8207,3492,1437,26,713,64,7281,3010,2122,23673,879,19349,10822,102,2318,4405,11784,4,2563,1469,15925,33,5364,7538,1343,233,19080,22714,6197,584,304,5373,4175,21868,1567,25546,695,0,69,58,2933,9298,688,537,181,1139,33,41719,1134,4173,3019,11312,879,16958,7,448,32204,9423,0,9029,9,4523,182,4378,1737,4910,626,28835,5551,650,1243,6829,1,5493,11071,3,2457,20762,864,831,1,399,1099,315,615,460,135,10909,6572,281,83,2023,1018,103,1535,2861,1164,2741,58,1197,8094,532,757,86,59,130,2,27398,46,3574,3266,289,1989,4,15677,5715,4898,2247,26,1445,6207,3523,982,2051,24,4348,193,3790,1,635,69,19,59,85,3617,2,4527,661,327,92,7288,21607,207,843,4596,114,621,85,3108,25950,2787,20651,436,697,2998,1672,3327,814,813,470,2,13,64,903,988,163,10596,2368,2106,15,1363,3874,193,147,2104,157,10920,317,1557,1394,4866,33,376,2556,5732,2813,375,892,1647,389,1,2222,119,0,303,191,4720,99,10163,456,2094,6592,1828,1340,107,6598,0,3460,4,1534,13104,477,9720,10158,6309,9377,5076,8186,4933,3067,1060,169,2,162,89,2894,88,1882,0,2681,151,40,10754,3002,577,11019,12,351,1500,1,297,643,9442,7002,3378,1093,755,4001,67,13320,3,66,861,66,2664,292,79,329,5648,393,26,2007,282,3632,8568,242,6323,3017,5,0,4,610,684,20033,61,3063,0,4185,674,4676,1727,3839,4631,555,266,57,321,28575,7012,1050,6,1,15658,619,9,10084,307,16236,32429,5266,50405,13190,7729,1468,8520,763,147,1155,1050,2093,587,10,42,1393,7288,2686,667,20,894,13,6851,9,644,2677,593,41,439,12516,7487,611,10,1070,197,266,489,590,0,129,2947,351,406,3585,225,7853,1139,35,4162,2408,4300,75,2142,5235,358,3258,3415,16707,2344,7773,671,1633,144,322,9986,2475,4957,0,3343,10796,12203,661,5679,1106,7169,0,328,1638,1744,14,1284,2557,375,1306,1073,18601,2688,20,1,1326,1187,2393,1787,43885,148,1580,217,33763,1303,12,26054,702,1471,2963,276,2,679,5751,16,335,891,1893,5708,178,6023,55,64,143,199,596,6588,4248,3240,540,1936,575,1082,5715,85,890,1335,9,4700,157,6731,1,44216,32381,391,5397,1436,323,68,127,6517,5050,1671,15880,167,129,3602,1860,4151,732,2309,597,250,5300,228,632,1504,897,2508,982,4414,174,2556,2235,141,2350,1119,14401,20150,1176,102,3347,5604,4213,626,4604,437,650,284,364,3728,442,43,7024,5452,15422,29,362,1335,5122,2617,3178,494,57,756,2493,5957,5440,95,255,842,38,7652,908,800,6066,3036,133,3901,1118,11059,224,2960,0,12,61659,11079,0,2737,662,10714,264,533,7371,192,11053,6023,1552,3590,2,25,6109,1996,1209,218,135,704,101,4433,379,133,596,1189,1293,175,9423,9112,2997,1156,168,662,6167,5812,45,1814,1285,30,34,339,608,2863,958,3365,3783,14759,155,5908,2090,1468,3,1198,800,4217,15221,942,164,7180,574,1075,4720,6020,5,1049,148,404,20523,95,8671,8851,2001,0,334,10116,801,4421,6638,4050,2941,144,3316,2982,5515,7,339,2397,119,4058,14085,436,1211,87,51,555,28,1370,12503,253,13687,117,1301,2379,2207,992,170,249,2996,875,21287,4464,6881,48,5834,18612,1,239,34,1454,5246,271,34383,8992,284,3654,1634,12376,3102,6502,4622,1968,17507,4928,6028,359,5191,1293,3671,244,2210,0,219,8787,2017,4568,2073,3030,10118,706,7484,2306,290,882,4063,12294,4,6425,460,9805,1469,217,1,1992,24010,4609,5900,1671,3,778,2952,1947,448,10042,4,4646,8800,2983,5672,10180,298,594,5408,1264,3887,700,3,11216,12,18129,8993,559,2920,101,2869,5552,2664,19084,82,100,1514,128,76,10749,5751,363,22355,929,4231,6,1127,680,115,732,36,123,608,218,1138,586,38294,1974,2576,16,95,5961,23,539,5122,8,5618,6477,7656,10121,2838,558,1610,24936,527,98,196,9909,906,541,19,7147,752,9644,8528,175,3301,122,727,4363,2614,2845,593,1844,129,8646,265,21751,12420,2018,1721,646,264,19372,195,122,102,10361,5229,4047,865,5614,968,12338,40,8,5322,4555,109,4920,239,44,639,110,312,1865,5502,1581,670,1315,277,189,545,2700,22,4615,24,3259,13990,194,0,4094,228,138,273,3292,227,2348,1426,6799,354,3737,3,1280,5190,30807,84,161,34,288,10856,21147,152,9017,2177,4939,4277,654,751,3535,121,2473,373,6427,1391,2808,3541,4481,957,141,7,2683,2159,15518,236,100,31,5615,2577,8750,65,13,24022,14876,9828,15464,517,2513,2950,587,1163,113,1803,2268,1,255,300,53,3170,8184,1,873,5709,131,10940,906,2513,29,0,241,13299,826,153,17,1315,26183,601,499,7295,7658,5982,28210,1846,19217,208,395,1149,1649,737,47915,21366,16,3928,517,195,3501,4174,1139,18,4333,3449,7064,947,244,799,5953,3771,382,25633,5934,2054,5563,2442,1375,1631,942,14,8278,55,10,19,3748,2696,11,2454,12,55,174,596,0,3163,4558,12305,708,19150,749,26863,3708,51,12,11972,32,304,605,70,28721,4152,6232,4712,3726,91,8204,1774,69,608,1016,1272,224,1155,67,29,58,2488,363,3815,1763,171,2389,7308,337,10502,30,45,691,1310,814,17654,6129,2889,29029,8297,6254,6901,415,91,3987,10439,370,95,2180,13680,180,45,295,5686,488,64,44,16,12425,4222,343,4580,2512,0,1721,204,0,271,14132,399,14543,1158,15,90,8299,1350,75,1960,11760,140,2122,4376,1053,114,577,1,1823,19,609,2033,7323,54,289,20259,402,115,18,22422,1673,1076,211,971,7076,8,5343,873,2636,115,84,15400,7703,5057,431,6594,22,1183,9207,1653,8563,9797,149,337,1274,8,349,6539,143,33815,27692,618,1354,1571,32737,16,0,10297,5825,11712,27389,3873,202,1320,101,1755,28351,630,51,527,142,870,5,25695,5308,3,175,7308,3014,298,1,18710,1885,14,1245,1,6650,6793,43377,301,26547,4538,5044,26906,8437,6394,305,559,5173,26003,159,4408,748,6134,481,36,30202,12479,73,9892,1646,23,3133,941,2897,33,2612,898,4096,1511,8672,13,2062,84226,141,2978,22,2746,695,9923,4428,183,24123,2956,242,8076,10080,468,31,20,3470,5442,9690,1545,3766,840,4315,422,1623,22201,11977,6927,318,4589,3096,1084,117,1494,212,75,5776,6565,221,9138,2933,6351,71,2841,26033,902,617,5026,23,7582,8691,4537,4516,1456,4351,1222,1064,4422,1680,2,30984,1477,2,807,294,1313,1429,182,520,1658,3894,1669,16,3456,215,24650,60,3983,862,1802,719,5455,702,45,426,129,6540,1276,1337,4698,3829,3356,3927,2312,17058,128,23722,3782,6269,496,221,557,833,35,22741,84,358,1944,8964,2075,6883,861,33690,353,2069,20707,5835,364,5,265,868,1362,1489,37,2794,685,485,1214,33608,5080,2455,216,9260,261,15406,0,44,647,623,4102,2,377,2882,13,15905,40,11033,2037,37,69,866,5371,454,1981,4056,634,29,13879,991,2,1730,9075,12606,2818,3,0,105,6999,2082,1684,509,2245,982,6005,87,94,1777,2266,2348,2048,127,760,108,9020,7,7897,1181,855,914,2653,132,1213,6,7974,2,1439,3931,8654,472,13551,32,3582,478,4,218,2265,24861,2225,7741,695,640,554,7636,1486,6990,6385,1768,7347,9,716,4930,4867,389,5456,13695,257,63,2652,0,5636,7262,3674,5977,1190,2231,15063,187,16351,671,3,15492,27,17244,3100,12414,13065,1201,526,0,140,34,726,10092,4082,644,4759,2397,0,790,64,4420,389,2037,39593,2256,4173,5458,10885,10392,65,1500,1046,39,5153,2634,2556,614,103,221,4,2260,646,4,78,992,57,154,3840,279,6,57,5445,4117,6988,33,0,4267,6223,198,62,2,960,173,8930,556,4686,1993,5492,2505,6134,12,1,1513,13152,10381,8832,6411,5228,1693,365,1493,11397,9,483,120,188,812,1084,1093,0,8,46,2,15,12055,3408,9253,12331,10607,11,2591,259,380,25929,12,2830,1485,25429,49,18074,173,16620,5778,503,7537,59,7649,8795,1302,478,10779,2986,24569,206,2724,541,5687,7326,86,1227,913,16363,4169,5132,4896,7053,3461,91,2290,3471,2646,4057,1936,535,2,156,1657,643,5624,184,3547,1401,0,4607,53,44,2387,2507,1339,12330,2473,339,354,1738,171,533,7720,11396,163,2477,4453,3726,873,0,181,1037,13376,3214,209,964,1,0,19971,24,2347,3292,21196,26735,0,1515,8484,42826,7070,821,1409,417,3441,27802,1685,9,1214,1647,6453,3,199,505,5447,12740,5501,16335,419,9961,104,173,4843,256,3732,16526,1421,4447,14129,689,10923,1,2328,54,0,19,5697,11562,2577,252,272,9643,12720,5284,280,27360,2238,1417,1133,187,2239,8420,8,100,1057,62,3869,2968,590,6960,1015,369,68,374,15562,13863,237,3754,8575,1980,21299,5555,5250,1841,362,340,2444,12414,519,15446,12967,32,355,6600,1472,1548,1202,2717,908,8197,523,18,4413,1290,1,5589,8908,4626,10584,24606,251,2177,15,356,5545,7840,139,727,1,153,775,810,164,19936,77,6,6675,63,37,2925,60378,524,624,10733,1334,252,3068,43,2810,73,229,2078,219,16552,375,112,326,227,20474,1671,826,284,11549,100,1533,436,3312,6783,1204,502,1023,29,38,57,0,180,196,399,840,20,3549,5502,1,2,3441,1361,342,14418,8346,0,10638,1505,1219,134,2641,1028,1662,643,23,761,2420,16006,1113,8472,5160,283,218,55,2896,759,48,44,2965,567,14431,143,15200,8,429,11,4801,13569,2303,3142,9,11,1172,6714,708,2952,9287,5,46,1489,4870,2810,4806,7130,372,567,53,1302,1877,7923,1760,2183,323,106,23657,3412,20778,822,969,3958,1980,3426,476,2902,2393,39,14527,905,1032,982,1518,23,3754,329,5161,159,705,4,899,22711,5674,805,2604,259,6193,2085,7282,1611,795,6848,1135,6,50,498,740,35672,11547,1489,13118,301,13932,406,8847,8966,934,182,4116,3261,17,16708,5505,2675,4568,12082,0,1201,0,585,668,1545,6015,2077,141,3,96,3122,2188,4314,519,3877,454,14150,16784,517,1771,19,8983,2544,49,2555,8453,3903,0,2673,1798,8425,32,3259,519,12837,271,8775,14966,6883,3083,13,1749,1814,142,3223,3010,5373,100,1702,439,244,7368,3214,4209,578,5121,4459,1241,1604,7716,6846,2936,4,7035,5314,615,10,466,3331,22,95,1555,114,134,1,3930,540,2655,631,1470,2418,1486,150,2406,57676,8732,1694,431,6668,34,1500,13261,427,1046,8,390,2795,18745,1340,1,5541,0,496,3072,22892,337,5663,10079,7364,10624,2187,5959,47005,4019,42,23,11689,8546,4758,1966,3006,990,371,387,1287,2603,33,230,5205,7542,1512,0,3802,575,5878,317,1249,2236,185,65,5114,5546,2506,2059,1,6010,3623,4232,131,80,3570,1169,3589,8773,1059,138,450,1749,16595,4199,3583,107,1538,2107,21,30032,8173,182,15553,5995,4294,1667,386,809,7149,84,865,2666,1155,27597,7193,800,963,15,937,7308,1721,3,532,24,851,6117,496,267,8790,20,254,1,2945,187,150,5329,3,707,1554,11090,775,849,9245,45,2759,587,1342,168,2533,519,25940,590,2737,38,17661,2160,6535,191,1362,1086,12737,4441,449,205,184,141,1914,5987,596,588,59,150,118,893,18124,10725,18067,5377,3746,0,5252,588,993,801,1145,4466,6955,5268,454,6679,3339,20084,1314,1924,660,0,358,526,82,4303,0,1090,47,8811,74,359,125,4979,13793,253,2599,6912,12635,7061,3126,19,0,2501,1586,5494,414,447,1428,2285,6583,4880,17,7015,15546,449,1093,5212,7087,525,3167,275,4443,1240,4828,8382,15442,244,9311,5109,205,395,16502,21,5,629,3042,980,149,734,827,709,55,4590,126,938,1998,294,142,1434,145,7598,221,587,37,708,389,4801,1535,94,272,803,3,328,7,60,480,104,14531,17,893,3534,63,0,13,15370,2715,17052,4015,18017,7,0,1645,1373,575,40,1359,1766,2604,111,226,5552,3051,17,1661,85,9526,1044,9492,3,136,936,32043,8248,3540,229,43,1819,195,8113,612,2050,3435,4465,454,10,3939,31821,9623,1360,829,656,35,2283,864,120,2179,1895,10703,7848,12384,6128,4206,192,3003,1905,1104,980,732,15,8107,485,5998,4886,197,1043,3,5271,1319,2124,1415,12864,41,2082,2887,1064,3152,750,81,4720,827,26030,361,4011,1331,21835,1252,14,701,493,1405,13401,573,20651,13,10617,17717,49,5186,81,4233,9094,20,11,2091,8852,2792,93,1112,1585,0,5066,11616,352,226,38,60,821,30325,868,988,8967,3127,1026,20815,2772,1172,6061,18964,112,9,8,2393,11,3611,24740,691,2077,7871,11,3349,285,502,2300,10,718,95,201,7401,6928,6159,53,2,9065,38,24,875,66,97,472,974,8256,4021,4889,870,2962,14020,875,510,134,7,412,9518,14873,5079,457,19239,4511,12615,855,720,3124,2132,3994,613,1071,1486,1815,13598,39,1506,6019,13411,1,354,310,213,1880,1076,1403,2220,527,12608,399,3005,1802,142,2170,14080,4286,2476,1801,64752,4643,12869,242,1545,936,3180,60,23470,2548,5201,284,16158,8393,1092,2507,8,13216,2040,6363,17749,601,14,734,1917,129,3,4021,257,150,4578,609,3778,19,17252,4303,4909,1098,2,19,578,662,3642,0,4807,869,106,3958,4182,988,1784,28494,12633,18,842,914,6127,2190,8355,1,9500,4678,494,10569,34,273,100,230,2144,36,16791,4142,899,9941,3230,475,1519,923,6,17050,9304,2245,7,4423,2052,289,1596,136,2068,1,2598,339,247,2066,228,150,40,721,19,1618,4301,169,44,2765,11652,722,8186,32,422,8338,900,3,0,12,5,3413,1064,444,533,1186,3564,1854,782,6388,2230,58,3467,2005,13993,34,17527,75,3103,4666,604,1302,2494,3494,508,866,1598,876,15628,55,1926,1092,294,1396,16936,1077,2436,3030,2152,2,7750,12404,15112,1323,3201,1830,5,2641,1792,11005,1724,1,2371,2218,9965,967,1344,3500,2484,0,0,55,836,1580,3641,5161,502,311,380,22650,188,910,967,240,5653,184,482,336,1745,190,7,5817,509,42,5644,1689,202,201,337,8,5802,19,7814,396,11,2489,6,271,20817,55,1716,3113,2656,1683,363,4498,96,674,585,8228,280,11385,21,8897,10432,203,5,1468,591,11278,121,1123,2040,1405,9566,4331,1277,2,597,905,490,9994,38721,391,778,12573,7535,2658,6263,4,2230,39,875,916,1903,5470,10635,1279,0,901,1091,177,271,2455,1518,1861,7206,287,365,77,829,725,6550,731,0,32,2825,9002,1782,500,9419,792,13759,48,5970,1601,28761,142,1255,6518,0,314,33683,1360,507,3527,27285,7037,3071,2649,2317,19202,1854,1879,206,852,10336,14241,4,344,3513,10336,318,54,1179,398,62,1141,320,14422,811,269,514,4074,579,6874,16182,2501,214,86,3007,72,1143,8312,29966,11735,1720,566,179,1931,893,1217,5138,13,10343,5028,539,9877,0,8,321,624,5892,582,495,29,33489,11192,984,21738,5635,108,620,9645,1363,5303,695,9711,8010,238,7504,23,2798,18,3105,10174,75,96,2453,3877,37,2466,531,2163,2384,89,2496,5663,461,10474,101,222,497,567,91,3,23646,6182,1593,17006,908,3561,1152,8,3153,429,25248,472,1228,8585,13648,93,324,236,179,824,171,7828,1583,10382,2750,1364,303,9504,255,0,0,12722,219,30,10036,0,19294,31,13691,3348,14,1129,1698,11791,2840,3532,3089,1526,1321,21466,18074,521,5811,238,1514,1595,11500,61711,5441,341,2,1298,9463,1563,24207,7778,101,17755,10278,11091,1171,13,375,5990,6103,232,1658,1121,740,2778,4332,533,9643,26861,24,1534,12338,14321,730,4844,96,2553,866,5777,3348,145,1450,3077,1368,5099,163,4118,4204,612,2510,1857,167,638,201,936,1888,836,116,1058,8926,25707,604,1447,3,6276,2,6219,4986,240,1019,1813,53,2,69,254,45,3881,694,3055,4949,17053,5604,47,11132,1354,57,1291,2302,4046,7891,1841,2676,276,247,10844,4288,18060,3,0,8067,1378,1560,0,17,988,874,308,186,29,694,746,87,2682,5698,3299,6655,5912,1784,492,8296,5,2279,5759,0,53,20608,0,549,21308,5380,537,1427,703,0,8,176,17492,11,1833,8,1972,9735,664,197,93,6559,1500,12372,104,9054,1565,57,3990,408,0,7758,5770,13151,8475,1195,27284,685,3142,57,1297,802,6491,20229,6283,504,146,547,51,4703,2346,1150,2667,1740,981,125,5976,1736,16789,1283,3785,2514,2,3643,65,4024,130,1296,136,9720,710,13429,12,1521,295,921,1551,241,3236,7149,2102,159,607,10861,460,4673,2721,6108,523,5982,432,1058,13509,1926,16044,8050,151,397,17908,959,287,521,31,9,543,54,743,6510,1636,397,516,1347,242,3750,191,147,4856,1510,155,730,7154,1193,344,1300,170,8821,1,7086,4048,6888,29,259,13,983,4033,845,25,19,193,6670,54,153,16607,744,1803,5488,7538,1976,3542,25566,1109,52236,2031,211,5740,4588,1410,4732,1667,1001,4154,2517,680,15947,328,1887,2216,231,1513,516,16054,411,293,25616,304,2275,301,9538,4116,930,2757,28037,56,2976,817,6,502,3336,850,4447,3863,1703,116,116,1944,129,15921,9663,997,4651,12210,3362,116,5680,4001,117,148,0,7686,82,901,19509,249,10380,0,3555,29158,8997,908,86,515,4974,5437,2106,274,5364,159,1639,7056,10026,164,312,73,1602,6,2193,313,892,7483,2192,8970,340,425,3530,172,141,4407,12151,5115,444,87,2985,484,542,3677,25,1728,8,6262,66,49,1126,12588,304,1764,2,1536,4,14,4082,344,8,2942,21,6622,1817,6088,70,2026,3290,3397,5029,1054,38,215,103,845,2206,36790,285,3390,2368,104,428,1138,804,345,19,39,19,171,2701,2044,12915,0,6159,46039,23354,4,1339,3120,9824,165,41,4573,26128,2795,10497,9,210,255,2387,2165,706,70,1693,2289,19141,3108,8242,3558,284,2125,244,4737,308,4319,9,1389,13310,3718,1669,4667,867,10375,42,1326,801,1485,376,929,3681,85,0,3274,1063,2316,1296,12087,1540,757,472,20,296,3971,3254,11055,19476,7405,22902,3649,489,1950,14276,16964,25,8047,13207,16568,24,16570,5222,695,3785,12339,17675,286,1296,7409,5410,297,14869,3642,64,17176,19952,12,1365,272,98,23,687,7872,232,36,14017,38,152,8552,896,6457,21067,2098,19,2331,241,577,980,2984,3864,4160,2,14549,20949,2354,4160,2959,8,1430,547,1841,1081,2058,3180,7183,4238,3,1,11012,30,51,6547,233,1375,240,1252,22,161,235,1000,1451,336,2327,13502,4503,1062,2296,302,10314,28,902,7958,9554,2369,420,32,7694,503,1296,54,923,93,633,1216,16232,9804,169,4937,1409,7041,184,744,3323,53,2,218,27,474,12646,5575,303,379,16443,1543,13064,2929,17647,79,3449,275,3148,184,714,6619,7,3020,5787,628,3649,32,32794,4331,625,0,139,1269,5,730,615,526,2,10758,965,259,5924,7987,11520,912,6026,7088,189,2464,2815,13528,2834,985,3,1809,3040,4702,1562,613,1,250,15032,288,1615,16722,2642,171,10,32,2,1216,4900,3040,679,1451,385,12175,657,4297,857,2026,1,622,2147,21242,2349,5108,4087,13812,6556,5096,3836,315,1,663,11,17,628,563,250,1628,0,1525,574,1355,122,38,26,13080,221,1,2610,2751,3,276,19508,1359,6641,2985,16,2318,541,7143,4667,2363,22175,2681,2754,4181,3822,1517,301,152,1670,115,113,4387,502,18807,6171,113,194,147,352,15949,4809,3227,8841,394,2631,6008,345,797,1702,12103,12877,370,1480,6422,5,6,2032,53,27022,756,2867,14641,490,193,706,1967,7,113,3029,591,20971,36,699,988,1057,1892,2583,951,1085,493,1159,2573,4,152,536,9458,4,8718,4247,384,105,439,1713,4692,250,1829,480,6448,12718,97,5,6660,9119,20648,81,3556,2112,1193,3976,3006,992,4282,2322,6880,112,162,21,3954,1356,820,1946,38,59,465,6371,31300,14378,1617,1754,3063,62,1114,14789,3220,225,470,219,130,1485,1732,368,12808,2403,13379,4109,4543,155,75,2012,3116,1473,1162,55,30,10505,8774,3,5043,6557,338,1865,1358,1939,12,14649,14327,2597,13198,464,22,19024,3713,1536,1390,18412,183,13100,60,20369,3221,32,214,30,124,832,1129,7501,430,1776,3717,177,0,8871,0,6945,480,4534,40096,2835,1282,3822,92,5,5268,7361,5936,7476,484,111,166,10505,3665,4039,29,2224,453,520,535,6747,3074,95,38127,4197,229,254,3190,814,20,875,20,8640,523,6328,80,51,1307,24326,8307,119,141,2434,5881,2408,10631,2612,5797,1145,3524,5050,8893,23044,517,1325,30,3877,7663,0,183,977,699,280,457,1875,69,7532,5,5378,7,294,233,1136,1907,323,3405,12582,1416,2133,83,1149,3389,4284,10400,120,2644,189,2067,0,18879,87,3680,6,20,8530,1855,29,111,453,9,5292,74,30670,13522,34,12951,246,133,3323,5039,689,5087,319,315,257,14,2935,130,661,7399,16969,78,774,4023,11203,402,1066,3762,1209,1569,203,6,433,9112,160,2318,302,1423,4540,63,10,149,58,5452,1747,3283,336,50,4,14067,3148,11116,180,762,482,69,1725,1769,12175,185,0,62,2529,1051,10354,489,16209,364,629,604,25966,16380,4618,10163,1597,55,208,5977,3154,6439,703,1606,148,1684,16759,38,1048,7680,211,1705,211,1045,3196,522,546,18,5602,24,3712,1,30228,9152,6309,667,434,3,27223,1414,1479,17,1619,11312,2794,1166,613,5877,573,7076,311,2221,1605,5411,1960,1611,2258,1691,12191,1704,1105,2059,1894,2090,2038,1530,2708,1736,15551,14,13665,153,301,398,2527,1249,3,572,6528,32,5329,5978,58,303,2,21544,3665,32,3883,111,122,3058,6,14000,71,244,5846,6975,8395,0,338,403,6570,2170,2559,9,5169,1054,3652,3900,780,3804,21,57,184,10906,119,4,117,5468,421,3,8571,3371,11577,1539,2956,1322,2448,13842,1541,10721,694,15931,1320,4859,1656,24887,43,26098,2492,3137,48,1788,359,6,72,3286,2449,1439,3061,6749,80,5063,1702,0,3438,5,35,344,49,22,6369,10568,10391,5526,42,3963,2099,536,11521,5330,3485,1951,4161,8186,5273,36,4930,2885,6970,4470,375,19,431,106,11588,1593,114,319,388,16,2735,1335,475,699,24859,16048,7235,6088,401,369,192,7099,1463,1592,476,691,1212,9493,2293,18,3049,190,9450,526,73,120,1820,72,13,3268,2,1266,2646,12868,1170,1627,225,2504,3386,988,11134,6,270,11,29,2321,9884,2229,3,290,538,1794,9,2532,11065,1577,668,418,1553,46,64,41,6946,7762,512,3263,46,768,398,18,7355,7,7,98,2621,69,6321,2529,261,10455,8456,246,1133,6034,21,15685,11296,4747,6184,3349,38,2190,3000,67,2094,3770,475,12232,85,217,0,19413,4248,1690,104,1353,31,1897,2212,4099,1629,6,7249,5134,14,843,9746,0,1960,587,2642,2915,693,1820,1167,749,211,235,8545,8644,41,1210,1847,1511,2026,832,5330,33,831,1136,584,21814,3009,166,1969,6392,19161,1368,7827,571,867,423,32,138,445,1189,1472,27395,22053,859,218,787,84,4337,3919,1248,10042,1914,1056,12,233,1890,6,103,1449,1204,32550,5315,3172,902,129,2533,2997,3,4081,0,146,2528,220,2116,5464,1324,3230,18206,4467,5,7967,6,23660,677,1899,2890,3596,15468,2400,740,42,6205,524,8,349,1979,14041,478,529,1,32,8650,1001,113,3848,3098,9098,4063,2710,205,124,6616,37,9834,482,7812,6131,327,2890,422,6,983,5287,26799,1080,10718,645,238,424,13515,16300,7143,16088,3531,1811,2295,1050,516,25,5,903,314,2192,28678,281,207,258,2965,12162,1,9717,696,4481,48601,137,1623,2080,5179,11143,15290,583,2,70,966,521,177,476,0,14,1,2474,696,413,25,3628,2025,3039,619,181,1893,3,1116,65,9444,10246,9193,550,2841,10970,349,4520,36985,66,799,7402,1937,8885,8180,0,166,475,16,2497,20,5291,604,3745,13539,8997,3822,4524,1890,2878,1251,3863,9806,984,46,5227,220,0,4922,14364,1333,628,624,2009,10046,5449,1011,68,10173,491,19073,421,1937,15,522,6817,17169,2948,1883,5579,53609,4727,2944,288,1956,1564,2324,669,3295,105,2104,7525,911,9821,5,1,25,642,760,1313,2353,1379,25,53,1123,3993,2,15271,388,15374,569,11760,2043,59,2641,123,1197,26,1839,2830,5,2102,160,1,3099,5206,962,126,20519,199,173,211,5088,2726,231,3475,1119,52,410,21,4389,2367,12696,9488,84,6977,3853,23826,277,3244,1533,1297,3059,13876,3305,1395,703,27022,226,1436,2024,1961,981,5,6690,7,808,5,2208,2019,3347,1252,62,36434,2680,305,3674,52,223,770,8392,18,5,2031,5,15942,534,18939,52,4,8792,10,5056,2040,7288,10004,608,983,445,2616,11250,11,77,16219,501,8357,156,17241,1346,3395,2173,602,714,170,502,196,299,128,109,2369,256,175,1168,8200,4804,195,1277,14659,10377,6909,2689,230,12185,147,4772,45,17325,28,741,15222,760,7088,12222,215,0,11706,801,626,1178,10,40,1092,1081,8,4430,135,12252,535,789,3367,4424,8,3092,6855,504,500,273,91,63,628,48,7397,16475,198,14031,2263,4536,8018,8,530,2597,27886,519,4267,603,18479,427,1566,8,2254,499,622,5295,3228,297,8054,4411,757,156,6572,4796,98,839,1915,7585,33,7925,2902,923,6506,2292,4595,185,585,151,2,11601,1683,53,5619,173,402,3663,186,4291,1756,537,2566,5201,7754,785,9328,807,64,5104,3785,19587,1456,5065,445,607,46,47,4285,2649,6024,72173,20916,215,811,1163,209,301,357,2177,10850,803,1654,7440,3,12129,4431,105,18333,42,4164,28,217,0,153,39,1600,25790,3478,251,991,1895,5510,2571,62,328,3869,11180,3583,1504,445,1083,10598,2252,76,4911,1266,361,5054,3211,4815,22,68,4070,2280,105,10403,683,1097,1395,251,526,12864,4822,33,5842,13453,80,719,6391,1304,3984,527,21139,11025,3139,7262,153,26127,20,0,1757,4035,3131,5441,31975,4041,2515,1267,1679,4611,1380,4223,1537,419,15069,880,284,8448,673,8668,8749,5995,734,4572,2896,2131,953,3101,6097,6435,383,53,17309,3528,999,215,23229,33,1976,1964,1596,3685,25,21333,41,114,2197,12045,2492,3140,5883,253,14773,676,260,2446,2265,1054,3157,10365,8,2550,5275,6019,64165,3,443,5275,13409,2980,27392,219,19651,0,4619,4,4852,1681,6484,283,7893,4088,5,474,11562,1335,19,3224,1527,503,346,2981,2072,94,11393,12591,3437,33275,750,4099,180,8,366,1178,791,22,3252,11014,1004,270,797,3461,8927,3659,4850,12833,3739,1139,14115,1579,20525,3501,822,465,1578,1,3751,11971,65,96,7,9,4793,6374,69,2663,588,426,66,7548,5269,46,170,832,10019,8293,13188,8,5661,1409,4237,16651,1,2558,8332,476,322,2657,6060,418,979,3463,4384,1560,9367,4182,339,2871,505,25103,417,6243,8122,3355,2395,29851,1767,726,12843,1,1143,0,1562,707,8,277,4,297,8794,1253,7029,4,2747,428,247,1163,265,28564,180,6527,398,162,2478,404,11186,432,127,34,586,217,13,290,853,2213,361,21,48,5003,614,183,0,15590,4385,7192,652,103,469,11139,433,2544,131,8426,1383,16,4047,2168,1103,11252,3285,1197,100,575,0,150,250,59,6442,70,1714,2220,1284,364,13336,8109,4,555,0,9096,10010,4213,11,408,572,0,2241,2195,279,511,1819,124,2144,3401,1433,4687,996,20854,449,1641,124,1088,4529,4997,25628,3832,252,8852,5739,8149,480,8607,4201,2799,20342,968,990,3959,2300,1858,12719,0,3957,657,2206,1044,1234,4519,2402,0,3473,122,759,761,8,5510,125,4506,382,607,16481,518,5953,5839,1231,5851,3477,931,0,106,907,5690,3733,649,11309,9073,6,1586,1,160,13958,12584,12632,729,8855,1533,0,8093,856,5050,39,222,18,4528,744,6460,32796,4129,11221,4542,629,31,448,18519,13424,833,8,2866,5470,4339,2287,1121,2748,913,2990,1719,14368,5109,13657,150,370,740,805,4127,1487,84,227,3491,7197,1262,160,5907,225,1678,1684,26053,1028,972,3403,288,1192,5313,2634,3008,2381,262,2119,17143,1090,2199,811,3,2349,1513,11872,5045,9442,1507,106,2650,233,1722,2409,23461,1945,525,2807,12243,7440,353,50331,1080,1003,71,3554,4909,2094,9683,1,2191,147,3516,10687,15,3628,0,4055,1490,6816,8464,9389,262,6249,1102,14998,56,307,1031,3329,3,3158,10421,29,4204,8559,4872,10888,11,37,0,4085,14021,2827,88,438,1458,0,46,8601,50,0,554,13585,11103,4,2102,184,1087,3988,1074,1248,13725,70,13420,2506,2964,51,2849,1782,4280,1771,1298,4174,2867,26,104,4771,10115,2404,1297,8038,5,2764,6776,767,632,0,7037,5586,1025,47,182,105,1643,1897,138,2945,18134,2600,58,13431,1983,4956,25900,90,181,61,929,986,15403,3333,26,5005,1568,10024,1405,770,242,175,141,2510,1334,2151,8423,1642,10294,11652,56,7812,98,857,1,2273,1613,1087,375,826,1404,112,3912,3384,88,3554,2241,1252,2439,142,1811,97,298,2162,3715,1707,174,3041,2723,1388,863,0,1730,4382,3552,1732,2234,1404,27166,397,7,2091,1122,17,3162,4385,5685,6176,13130,11929,1518,2169,21713,1829,227,21457,14157,4622,3471,10,4796,54,225,779,3351,4278,3693,12541,4896,6489,588,2965,5,10,1465,61,7,58,6509,12805,712,7289,608,625,11734,1452,2247,415,26489,12904,482,482,36323,402,4524,3597,4786,1798,15,444,11,23289,1038,9543,1607,265,1267,4761,531,0,2170,1005,1924,278,8508,3625,7,3750,3,3505,2439,11579,5841,13,4316,21,208,1964,88,833,10020,333,5607,3499,132,6178,1288,11471,14255,1228,876,9,478,605,4806,3833,3178,37,96,698,1059,326,9244,5824,1,514,497,157,196,2102,1714,5507,1125,5449,482,17,727,1,11959,65,427,19542,5534,13095,3615,0,2267,0,3574,9,341,3730,2104,248,931,2400,2075,29,161,1770,15392,3099,583,5315,946,5667,27,17460,950,9378,0,30,351,0,3878,190,106,2,13,108,0,5183,0,1331,1352,272,59,1573,952,39,5716,1754,24,566,17666,877,338,8808,557,5149,1072,40,61,1054,9838,12,29469,11654,9049,317,807,11565,3816,27,10217,1876,361,1907,960,8692,322,4439,87,10633,4460,612,2324,535,21040,409,3241,645,1681,1006,1028,724,3,303,1683,1748,14621,27,9363,1760,40,3970,0,5,925,12,458,2106,1560,14,5,5692,830,699,422,137,4995,2487,17290,1308,733,850,972,3992,4053,1327,423,78,1,2714,474,1670,1,91,1057,10160,9310,775,188,0,2116,3894,1656,0,6588,5302,14710,428,3589,374,3889,4851,125,774,11086,1264,11870,45,589,1073,5,405,3128,1807,72,6694,1858,0,63,6149,384,1251,21,66,5243,19853,396,2943,7196,2393,1683,213,4,1404,803,1241,453,27831,87,11777,1025,23913,963,852,8984,403,231,2693,4196,1485,1631,1019,1186,36,4572,865,2395,9985,20,373,10012,217,8578,277,4603,85,23,5400,1010,4294,1930,8,461,6118,5032,1731,81,3793,741,1852,7947,304,3340,4869,4480,6,0,1123,2685,19689,7157,904,16725,209,6887,346,13911,2792,8039,99,2445,1305,205,2353,21377,10,129,801,202,2369,35,13,327,2567,39585,876,84,1283,856,518,3103,1948,14241,91,1128,1099,840,6,0,5464,24028,1,2133,136,12477,86,5935,1221,29,5251,81,1657,5292,418,93,6055,218,23535,11986,91,0,838,3712,190,9823,5895,2576,10,10904,1167,613,1723,298,428,31,1063,8014,2953,14200,8402,1210,45,271,46,216,7583,6649,2650,1406,525,102,165,6827,13400,6348,4869,889,104,2,4300,1893,10042,73,6,915,749,1079,1448,116,1830,0,0,5510,1571,4339,18956,5575,340,141,883,88,2686,7553,13915,78,14205,28,1638,12,10938,32,1188,6011,75,1679,3089,317,3888,483,127,2014,735,381,16633,1173,1348,94,91,5,14,4901,527,15471,1349,7079,126,12259,3997,5407,676,184,264,136,3222,40,113,629,615,1630,4066,430,910,326,1797,1359,2766,12783,924,20831,433,14397,7938,104766,885,647,27451,30,289,73,3846,89,5565,0,721,6339,672,3160,222,685,840,1324,13755,16752,4727,15333,698,508,57,1412,911,6264,1875,297,2,1287,5147,2722,1866,0,44,1277,98,6255,5132,604,20,2791,169,26457,10,198,7459,172,456,620,3106,338,542,29916,137,553,4236,43672,1464,1044,0,6542,192,423,43,6,432,71,511,162,7758,2720,8951,312,2548,19384,241,6660,4316,2842,4165,119,4,3,1895,3585,1152,2880,171,8660,10547,1,293,13,1238,0,5607,1332,20,78,955,736,2396,25,60,32,1,215,24458,621,6866,2993,562,2483,1688,79,2324,2509,276,15439,681,2535,406,1109,17,103,4985,945,174,82,15576,2418,2406,2,13314,10813,546,2687,6708,11,3751,928,5931,9624,3992,1749,2768,24,18281,1276,93,191,766,6091,2566,20078,2371,262,109,203,571,983,27755,8120,173,1833,2813,2895,782,4330,467,0,4732,284,856,1870,69550,350,1190,3481,806,2650,831,586,172,2759,4328,5959,162,2455,504,7755,44913,17,11438,10,5,232,223,918,3474,24306,5195,363,11,491,2427,589,0,2454,20,497,22,4430,91,374,3681,99,125,867,38,738,3660,1597,4646,11773,0,29,9096,13783,18514,15404,0,6380,20,5110,1749,213,1456,2113,1718,1644,1338,17,4055,1635,1292,1153,642,34,2677,7502,1364,1467,134,2168,3034,14182,47,231,8247,88,1233,643,251,8090,17139,13499,1566,2687,8994,1402,83,5193,3365,297,1540,1,667,3942,1939,200,775,5144,15547,358,500,297,4246,22719,1,74,333,3,2530,1087,3731,690,245,7403,1389,2,635,7141,2636,5343,715,1655,3207,143,89,20032,896,0,21706,689,7110,2242,1672,7386,1868,7209,2437,15247,0,9668,1446,2,856,952,297,2950,176,170,13118,7230,1193,858,3552,2439,1213,3013,1604,55699,1578,1286,19388,218,1498,5668,15985,0,1502,2731,405,459,222,1452,1147,261,7078,653,1927,5489,954,60,20715,8520,217,2897,1238,144,27,868,2817,33,13718,8579,3524,5243,3831,2369,749,3729,8824,3277,1787,7015,106,1634,4332,14993,1889,361,7299,2525,8124,273,8099,10,9013,200,0,1259,474,5182,2269,65,1522,692,251,288,7480,190,1060,12991,8221,370,2503,338,15985,1046,235,5987,7773,1867,0,6,2082,2343,1088,171,40,6772,1931,4836,6954,685,1151,10307,2504,968,11554,5310,206,12261,163,21170,162,0,16,0,524,4728,11806,16,568,121,1460,6,5449,9191,1386,101,8792,5119,3820,74,4487,11,1923,3836,1042,815,275,2776,1398,2051,1366,152,2604,432,5543,5482,112,1476,960,12235,353,400,10254,4803,43,12,7414,4529,654,896,1322,677,884,44,949,1464,7,10,384,114,7818,17,8678,39,653,410,7154,0,4871,2961,114,25807,3596,5649,849,261,3649,598,719,226,2987,16943,3836,2783,13188,13011,776,0,1437,276,1272,205,1927,8252,566,1000,5440,291,2351,71,1030,472,2578,2274,8,351,11275,37218,3121,33,575,1028,1693,398,6509,231,5789,1439,190,698,12272,1189,7710,2089,807,3679,4049,352,9027,6571,1317,10041,210,16389,3141,7200,3929,6708,14671,10958,2509,1047,28185,471,1116,295,572,1071,653,1244,90,3506,593,3359,4832,3063,13521,0,8845,992,1918,4,9657,1218,4467,1395,17989,3,141,21,4446,3279,772,1121,978,2849,290,17023,10495,7151,674,1700,1803,14661,4803,1856,291,1366,8816,7691,1251,1141,2802,527,5033,3498,4296,1850,3501,277,245,412,8622,3393,18,16686,165,1210,45,11524,2723,1770,1060,1301,6771,2669,149,1202,316,4735,18072,0,1199,20769,2519,12,110,288,556,809,3635,1086,11437,3541,424,401,467,160,4,5815,404,15598,5669,8,1467,6608,7678,190,1003,1,1020,52,7642,496,3332,12011,867,5123,1327,869,11448,38,13058,482,20170,1707,60,685,27,3802,4937,2346,8811,10899,1846,383,23,5760,2281,5767,19801,140,1451,1358,25,1120,7529,1682,213,10,2241,3613,225,7373,424,1336,902,214,15899,12584,3417,3638,147,4263,3,17230,44,12499,7085,500,199,649,1991,1657,934,17222,448,2350,2158,757,1581,467,6014,15227,61,1114,1349,848,409,2509,1607,246,1972,196,3159,3,3285,1,603,1599,1,173,1193,3942,20,1336,1124,716,5231,6213,1486,1817,1071,2176,1469,567,151,1608,237,5636,1943,1563,2643,154,1399,14840,3640,699,2823,0,104475,308,1665,333,76,12054,9245,34,12,798,1116,29220,235,259,0,1492,14,1270,0,2514,1296,4980,4712,23,309,2523,228,1708,1067,2226,16,755,5218,1020,3760,93,1237,3212,299,3729,867,512,279,28,3281,2284,5637,19,1497,7403,52,1127,879,958,710,15,134,23,364,29,536,48,14647,363,16715,20352,720,775,9916,994,823,1734,468,4726,347,1273,238,310,1602,2297,78,1,4576,408,1818,1,4291,826,2019,99,2183,2155,13755,431,582,706,154,2537,13960,278,236,2,685,84,9505,9908,145,869,188,4394,462,6522,1482,1674,903,138,5884,2701,1231,1568,23431,10047,4993,6362,4112,200,12683,1116,922,553,67,65,2654,113,11680,27827,1490,20832,1647,390,3,3204,653,8506,10,3708,2468,8749,20,54,1119,275,5321,1951,413,250,117,6831,613,9611,4537,660,4661,621,6542,3855,9724,4210,3344,3514,0,1974,553,162,8394,12,616,2911,2497,1894,10221,383,922,0,16083,150,762,7995,2941,5,1104,25882,5695,1448,9009,5270,10660,2677,6,362,276,323,1486,12790,319,1123,16063,504,471,1645,714,4791,364,4072,36,213,795,20152,2213,513,3916,47,366,549,1035,2769,16035,1372,7919,169,612,15157,19676,18056,3716,2199,2106,8,1206,2661,18471,1350,1270,13339,492,15463,0,21,2037,9144,657,237,1,432,383,461,148,3569,96,4886,266,1798,10,2,123,326,721,81,60,6860,65,33690,21204,43400,15162,528,31,968,9543,1804,26,1270,66,62,4931,762,3572,2331,1,6628,341,3243,8,741,7773,19357,1,116,416,19235,1428,12,129,2391,787,3629,15,3115,1287,15676,1588,1825,1672,36731,269,632,826,510,1891,2536,862,963,344,26,1801,422,662,2,24,4904,13466,258,0,1308,234,61,1828,116,11227,0,19033,3678,2504,9354,100,9894,169,717,17374,5675,2008,622,86,200,0,77,8603,371,4319,12526,209,11,805,5456,4503,14117,3293,1805,3,25090,3293,430,3441,11404,1554,4317,179,0,1901,43,250,149,3115,3169,411,9414,615,1205,2011,420,6841,587,0,18025,59,5125,933,1111,1294,35,138,2774,988,3740,27018,3816,2934,8850,55,1877,690,4102,1802,1068,96,8422,296,5251,155,3030,4256,1604,3993,2266,3529,4389,132,609,3491,690,83,5006,1,568,14901,643,9,1850,2924,10262,976,928,364,7107,9,2357,1899,913,8201,732,1516,14124,892,168,631,78,5661,134,1090,11681,8214,10078,201,7706,318,0,625,8927,2861,835,2428,2834,331,1214,11337,1462,1750,1721,6323,103,1778,869,3075,1537,957,1,7139,0,204,3998,161,0,305,10,2777,2027,2015,566,406,0,275,2153,6028,11346,4962,1964,306,14628,10287,11356,5680,18068,0,4588,11757,20,841,35,3022,2108,7554,604,11275,23,60,2255,527,1516,73,1035,2024,1569,8117,2547,227,773,1426,75,4,3311,9516,65,777,240,235,639,1957,1815,2740,96,598,15051,342,699,4317,27,3335,793,2444,1704,4676,9304,10056,250,0,525,11013,25610,35212,1772,2258,981,14,820,7096,7,805,28539,4505,500,39,3180,646,2674,765,537,5097,2387,93,2347,501,406,1693,1812,163,79,0,717,1,88,1960,57,3877,125,9761,6795,10061,3705,519,3035,4693,395,22,4640,22,11,2857,866,0,910,17,1,894,5941,2094,28,24208,22041,54,1267,492,9617,2384,10,1520,4886,5942,10,1219,18990,3,11217,230,63,549,649,212,3523,760,3100,198,0,1589,105,3530,78,564,474,15495,5456,298,2411,524,4626,36,72,1586,1958,6325,316,5,25023,685,48,340,1118,7606,4378,4016,1081,206,15917,25718,1975,60,11354,663,2106,5714,4234,1,2427,3823,8047,2353,610,9716,174,1390,5425,4696,2994,3255,861,2517,250,73,33,117,471,541,9958,231,1974,7689,3759,865,25,1962,1198,2426,497,1414,4895,131,6889,3030,10,3696,163,345,6282,135,97,1894,210,34787,2308,235,1211,667,325,10,20,2928,3433,2406,2109,8426,7506,2713,14666,6697,1042,5889,2543,14809,41,221,1340,4596,11274,7635,4356,361,44,21078,3558,1048,9,6029,0,12440,33692,9246,0,294,2075,1019,2067,22104,176,13557,2794,248,542,13508,1450,10920,244,613,83,1,688,1546,1692,47,391,390,4172,690,997,1533,10973,2571,707,601,738,5759,30,141,1412,2038,6,20376,3981,849,938,756,3090,20,3705,10583,88,9231,1509,62,41,18,149,15223,2342,1,9676,0,17978,9598,357,1,2870,5742,995,1567,7911,78,6411,1010,6680,136,987,12690,1242,844,1065,84,1087,5874,5632,12542,386,1147,34,571,720,634,312,2659,4998,11,1,2260,4216,4752,2990,404,485,0,724,10790,2026,109,3228,4936,64,143,780,8118,21285,9932,96,584,4848,12,448,115,2345,3574,6,11050,4177,19699,830,3057,2622,977,6,1838,1367,10240,2759,1,3134,2300,1440,4595,1135,401,1822,0,8013,12946,22,77,178,642,6239,55,2,1481,290,86642,3697,307,577,3476,2840,388,2519,6294,485,2855,464,4,1641,2146,55,5396,5633,250,165,150,20750,8765,670,70,998,9286,2524,54,3441,61,65,2327,5496,36500,1674,1096,3241,1215,43,5857,408,192,97,93,34,6353,6762,127,2078,20160,3039,547,8251,1792,10133,9,34,134,14470,3884,307,19,272,25191,158,17457,5155,1,661,34,2652,3180,5888,358,5,1904,15022,1206,177,2542,7004,2016,5176,646,887,196,15895,7598,3866,2,23910,749,1797,383,12,1094,127,745,422,13,3130,167,1228,7681,375,1705,737,13227,770,4392,1677,15303,3326,2077,10833,891,5754,63,2640,535,369,12117,4178,285,29,20216,50,7984,1948,55,524,6920,2650,309,16975,6,436,35,3685,7856,37,4552,862,926,834,10478,86,0,23,71,2051,628,3352,8,4298,629,6046,5468,10546,15821,5022,4849,5284,29,13,2544,13605,6420,1178,459,5616,1900,1464,1043,3919,819,836,857,9845,5800,2196,195,111,1510,452,0,111,849,6817,7068,1165,0,606,279,3459,86,64,120,1672,15353,3155,272,832,896,0,702,4344,534,0,11816,5600,9083,258,97,7653,3805,2,2755,5682,2552,3870,251,548,3797,1811,14782,115,34,0,159,899,2772,4822,934,5956,857,177,6,5936,474,727,1033,1784,6116,3469,3152,2196,2782,1730,51,586,7463,386,9833,235,1096,88,340,340,23,72,6703,757,4221,1,77,8281,11301,461,14110,1180,612,220,9,2193,21,393,3725,3974,2849,1175,8717,122,3220,12,38,9539,6865,4005,621,19050,20042,3898,18535,2875,406,912,395,677,17220,5282,10010,12963,35058,2713,540,277,1317,4481,85,4412,6924,204,2092,1502,104,9,391,8344,2084,1111,9963,361,450,1880,2573,814,181,2021,1463,18382,1364,391,9981,1187,3589,10588,499,1568,9274,4,4613,35,42250,5471,995,3818,14283,2523,4798,0,6,264,553,895,3191,8909,3888,1687,700,1641,78,9392,2907,4214,545,65,3886,7293,3198,1860,3824,3806,4711,3192,7849,4167,139,9033,273,3916,5750,5642,995,3171,104,1838,18474,647,10728,2852,1296,6083,2328,46,2351,299,5159,97,1015,4381,0,2968,2248,132,0,4695,104,933,52,728,1899,0,9009,2049,11,11,1463,0,20649,5660,3079,2861,1133,2033,3075,1313,1,2764,6951,39,286,43365,4179,3416,6799,95,3499,6286,2201,4364,2811,39463,805,1856,3,9,536,3779,4611,169,415,17617,24,857,1418,2140,3468,9141,4734,183,468,3724,6,5310,4267,63,5476,62,539,256,1289,355,6,9735,694,166,1,74,86,1208,5736,3192,8925,22,1232,15,2200,3318,8,1931,79,12541,8811,2,3227,21187,75,307,3255,5620,59,7741,220,63,1895,3589,7126,1,3182,12,26,13366,16,701,893,11546,555,0,399,10610,2886,2310,8156,4885,782,4795,5404,1270,3026,22226,581,6686,8037,2,56,1901,2,10,247,874,4652,108,8496,2825,711,705,32238,7509,1166,4286,14268,2788,928,363,5390,1030,11833,4269,10654,10002,5217,1951,841,2671,3591,12212,52,835,1104,831,1030,443,10689,7053,393,5423,2909,1148,1070,3095,5121,1386,9417,54,478,594,10470,666,71,1239,643,2864,3454,373,281,5250,8952,837,239,7530,11588,45,792,14361,272,575,3731,110,11423,332,4089,11025,684,6401,355,0,6038,10420,2601,1205,1374,139,2503,5322,1475,0,74,911,11241,1260,465,1898,28193,710,13754,8435,7443,1753,69,189,55,6273,357,6792,3209,192,5559,18163,972,11991,2248,5981,3334,125,35,1201,3250,562,2450,10192,4801,619,2740,30463,3644,3818,20462,879,555,7845,0,22,4804,423,7,15438,2049,20557,1418,6886,619,232,10555,22307,14346,26,268,543,833,24263,18580,1301,2576,12222,4662,4156,1980,1297,31,832,3965,1145,86,7479,7404,22614,5651,948,2736,5,167,1483,4355,1231,965,1526,706,5448,261,211,4784,187,7484,28,51,4308,1163,2,567,529,227,1161,22696,9369,1170,98,1766,0,27851,495,671,6725,1077,18201,11818,22833,148,10000,0,3779,21231,449,635,506,2671,940,2106,75,2043,1289,82349,7480,3927,2,319,236,0,2321,893,1426,10432,14736,10558,1928,1133,10404,6581,2,5769,209,4354,2797,0,2071,28169,18000,186,1869,990,1674,3561,597,66,74,6026,1055,2920,55,4331,1100,184,1687,589,4742,417,457,2904,2151,14885,2717,2,1,4059,6097,262,6,5897,3195,1699,95,12,9,31,887,1422,26,5699,89,233,7390,7029,5,7915,114,1997,27498,41,4499,5930,182,4677,2,19,65,3,256,553,15585,9032,159,204,0,494,5477,2414,2892,6822,6878,340,10,1182,58,15,3655,1471,2010,929,2722,6540,698,4234,2871,9197,1379,3775,1167,3752,1737,3,17,1104,2963,5767,6806,872,0,1476,696,2093,190,724,134,2046,485,8831,275,32788,4053,332,103,360,4840,541,385,5103,110,332,8420,4063,1423,5860,8,861,4279,1026,93,234,2406,2872,1,21207,9775,1,56480,3406,830,644,5726,52,755,1,843,1760,639,427,13435,12477,13,49,14910,2106,614,845,587,6,2073,1352,1261,121,1383,266,6775,801,1746,454,5047,5,21,13324,645,6095,9980,15295,12952,2892,0,165,2614,135,27,11900,21,5598,582,36,7773,2183,148,2103,568,2599,4282,717,11827,1232,15506,9533,1073,3972,2048,3064,6844,12485,4496,7495,7904,5556,38,2326,904,6954,1344,168,4492,404,27,5,6197,10679,770,0,3892,7892,4348,127,961,298,51,155,8038,181,11,331,3453,575,2589,1,33805,343,2155,2654,3127,12943,699,2535,322,2692,7465,0,25,2903,0,12700,2451,3074,9,1521,960,1357,4450,1368,2061,663,480,3937,8230,9460,49,2901,410,9714,4714,4854,1232,899,8,3222,5009,2496,2061,22,306,174,45,1172,391,3541,218,6936,5004,397,5455,1584,6394,2490,49,2807,8743,10029,3232,1006,10129,2584,997,1,1238,864,1705,4538,1857,6730,1431,1363,2304,2631,276,29,16718,14,909,7448,330,4000,1488,5152,318,1232,13408,441,37,2222,10517,59,2045,2061,9,1421,30,4186,56,553,16521,9588,4232,8005,5,185,2218,540,2229,7,7053,7,2061,79,2286,4244,9449,4923,613,683,14156,11675,1101,5060,6861,2645,3180,0,1704,53,1893,1842,1322,49,7593,7,2886,1705,4343,0,5604,445,4221,5152,26,3204,24135,1253,876,1483,2603,1730,1471,44,131,1748,1870,620,5195,1100,15950,1052,1679,6098,36,7415,12,542,8174,2788,10,461,710,8127,1679,102,9720,65,3078,65,44,3643,4483,1154,238,343,6313,928,6460,99,29,33841,8,6254,2215,298,691,3344,8,26,313,72,18,2607,1618,31,624,13233,20996,26227,624,1,752,14964,669,2008,733,167,78,733,123,13,848,2637,807,804,2302,1008,88,10417,9,8091,837,622,493,4323,2490,5879,855,0,1634,33,158,8454,9292,685,20773,2,2574,362,1806,7229,9889,27094,9,55,784,1,580,745,5174,12,14815,7735,15477,30,1368,1499,3246,78,36683,3447,1589,1593,3400,627,3107,5276,6666,363,1352,23052,634,2475,5867,4360,55,166,0,200,4414,1952,5206,448,5383,10253,11454,14727,0,1599,6614,620,521,3946,51,23160,845,394,1202,1619,1251,2191,7803,2411,7,3445,208,45,41841,1646,27471,10463,249,21703,29142,24951,1054,2105,1396,25436,5121,2126,8412,937,3676,348,457,1327,4566,4321,4768,4907,8,1299,2829,6362,2980,6,516,16048,1046,15004,21,2,3557,281,6173,3108,30492,5722,52,509,266,55,14854,122,11,1538,43,5644,11218,611,2378,11,95,809,15,7,548,5866,2316,435,852,30898,2304,2260,7403,1,79,136,5778,5183,4507,8039,5310,651,2264,63,4818,2,6397,939,2190,152,2152,1024,899,227,835,7225,1435,2797,1730,479,1585,2451,13793,120,1605,51,945,74,1722,17079,1112,2832,60,585,4075,3156,0,11547,1988,1251,0,88,4211,2,4931,38,22,10181,1877,1361,7404,70,1530,761,180,3139,7,2280,2860,21,10011,1091,148,13502,403,10657,30,9146,5554,4605,13054,32,21783,1314,16622,33,496,4,11066,2311,14764,8826,91,902,32241,18945,5285,2665,406,6150,3309,101,5605,10873,5865,894,185,29,5745,2324,9,5590,0,4523,6372,9621,15790,975,9716,97,209,1233,10036,3895,178,1980,31,9,3374,5407,8021,204,2856,125,2,9207,3389,3880,3,0,10229,2303,6374,505,17912,29337,2,1139,21,28,3736,2522,99,20554,137,10332,0,669,575,1970,502,27667,19416,19967,4220,2175,602,2049,81,6519,4886,2583,2847,307,2937,0,21,16371,1237,3207,2516,36,998,2973,2986,516,176,15787,525,470,1893,2664,535,2564,1031,14937,1192,6869,1877,6779,110,13797,2576,527,3408,10989,589,9,1995,1800,3384,1,4678,234,5481,3129,2390,12428,186,135,219,631,14354,2078,1741,558,202,1689,10158,939,1875,14,1587,267,12651,3862,2,6074,5164,1494,3718,11389,941,3754,346,1872,14085,478,3701,6612,16072,48,5911,271,290,54,354,2268,832,2586,3405,58,27294,203,1703,16,0,34,1524,4699,501,8,167,71,4939,4219,10192,4621,1057,7,12634,1,6288,142,4860,704,1100,24,4050,4728,715,236,940,575,6151,1082,2,553,6246,10,729,2730,186,2346,2394,415,296,534,1763,670,24697,545,2364,4942,67,4050,361,653,1,2072,19762,398,6019,1299,375,22,1294,3617,154,1579,53,69,1769,1994,1598,4312,4692,1127,183,4063,21928,0,1075,4550,112,9988,3261,4,17,203,2137,4311,2308,31233,5273,1862,2145,3386,0,1213,753,907,2942,220,16631,30940,633,8204,8578,2975,5140,1140,7289,347,4405,13,125,44,7247,12699,10939,3992,28051,287,1517,1470,4038,6774,281,736,11475,6287,1512,13247,2764,546,57,5371,20,2967,194,6702,16129,4302,2237,197,10884,3437,380,15375,1,77,2937,572,469,15623,986,6686,15585,2877,423,3851,2670,3782,12387,9361,1417,190,1000,2826,194,850,2230,231,1540,272,409,6504,4319,458,1188,0,110,10,272,16989,74,2462,2119,82,7221,10266,3480,1174,2966,15927,4992,10799,6583,2226,833,13989,260,489,291,56,1490,1470,119,70,89,4040,0,142,3,19933,7887,1481,6,122,285,2155,3140,359,1968,10,4503,1605,2,3757,1226,2330,265,551,2472,2934,2807,24018,9046,708,770,2,48389,7650,16709,1519,13,176,10095,2099,0,0,3454,920,57,100,5309,2237,2,246,2651,1359,11485,100,313,3841,610,1001,3824,34,20857,113,52116,9086,18507,2311,10,184,1093,175,10106,58,28,1835,281,10801,15492,5488,222,4409,3374,1003,491,584,7471,14149,46932,3994,3881,6,30,489,9828,718,86,1424,737,82,12092,20608,661,42,12090,16764,575,1134,5832,7652,1206,0,1190,2247,0,6010,1586,9821,6987,127,3007,1222,1475,169,321,538,10193,63,3782,13720,4188,2957,2234,25,1,158,5155,14903,8772,102,12588,2536,5229,17447,4513,2521,22450,486,298,10209,1348,1246,2037,4971,2,11227,2967,9183,35,90,9540,4469,4786,2547,23,45,360,4169,51,1430,479,35770,7229,6217,772,1040,2182,1693,27389,15,5432,87,3227,1317,8154,100,802,15589,230,1027,893,11449,115,243,20,7607,23,823,2572,133,5442,742,1035,1398,2317,142,1894,1796,31,849,113,911,15662,105,5691,22,2180,167,21639,777,12939,206,3149,19884,1814,2614,10453,148,19453,7994,1380,3084,4539,2487,3741,3,152,28684,4277,680,54,2313,1806,867,2445,0,102,46356,1309,1655,4,7,5124,2365,0,613,33,31594,527,1062,29,79898,0,47970,0,1431,17184,107961,222,8477,27971,1114,10843,244,11823,459,13274,9,319,11,31210,2026,12630,15285,7989,1548,8422,2175,10,5,91,6874,8439,121,80043,80731,79842,43865,86879,30055,1431,2418,3748,580,16406,718,3942,12,31216,5300,4773,0,0,1925,62,11958,7095,1,2,7416,0,30209,390,8743,292,7,4438,2,4184,76120,41,38093,0,184,436,57,12355,8,35159,3035,4466,8767,1043,131,1560,79,373,19431,4275,1141,7710,1626,3634,56,19172,15291,647,145,788,552,76529,0,114,1173,14874,8726,16,31924,224,1835,74,1475,46828,58473,34498,515,2927,36789,15614,103,137,53,7,17384,255,27520,64,1875,1772,745,879,206,7900,124,23947,1261,462,470,177,1035,5046,12,55646,12791,3504,34314,121994,58732,10374,112,275,16001,548,375,62,72,1964,12031,584,15,357,3748,43150,2461,2713,22700,4,1050,130,70,16441,27749,664,12,3,6531,29252,20775,13573,13128,1224,110,0,36534,1216,18399,712,580,6116,10473,5043,944,2279,360,30155,1829,29622,5851,1,1,80,5932,304,30321,27669,3331,26429,24849,1852,7392,5626,16491,94559,39364,37564,2217,40911,31303,7214,139,468,6367,55,14036,2494,0,0,4890,4600,18,8550,1787,49,9348,1224,11713,39823,3480,117,12799,442,13282,36480,16733,70,36678,21113,1160,66,5,403,16379,0,4341,13008,39709,423,14747,10385,1300,22592,7186,1442,7681,2354,119,8,51088,557,6588,499,468,5064,27256,23,38,13836,8720,847,15686,13082,32840,13092,117,140,17,1,1,425,1888,5641,77788,75300,9945,3912,34865,1148,2672,0,3,53,18,22788,12395,11,23993,89258,12304,596,30002,2939,27173,4985,8834,2033,0,2152,71,0,45598,2142,15,33,1906,125,3271,51,752,765,23700,246,8,4303,7172,62172,7799,2508,8075,10329,10387,6988,1670,38432,8345,65,17,4,34,5352,218,13678,22044,33595,10143,35597,93864,13680,92958,8855,1144,17,3188,53,3171,54,3830,30203,36273,1567,1967,12208,1486,0,8622,7503,700,373,5,44,5402,18378,457,13364,9,36,652,43088,42089,12,1620,92,212,1009,10087,1955,107,645,4,39458,18317,2,810,11303,2940,751,381,523,7766,6,5,22155,251,11609,7,92345,41397,7732,586,10,54944,4121,1306,6726,41799,32332,2227,8487,1570,106,43392,1,19667,0,12219,27451,14587,164,241,2642,7492,36214,12971,24,17193,7069,1523,591,8891,2716,2956,20,12675,2,210,2433,2,5436,33770,4258,3053,321,16613,95,37254,182,10920,33,45273,119034,6378,1,22,118,8,5631,2,7709,11235,19910,2491,1268,39139,7197,2960,3215,775,3,103,39256,6888,595,626,102409,75,1993,0,5,25930,1211,4349,276,34,1971,164,77008,31851,187,7009,30236,2042,447,2432,36275,14073,62,786,22244,6309,15714,9296,11,4246,0,19,1858,2880,264,37,23349,18,17100,1726,3524,1980,1705,894,31946,326,3765,3066,489,18,576,617,93858,26923,6529,135,42540,27075,9994,24048,2020,185,151,3150,14082,85,92,0,272,20,81,47,552,113,152159,3000,413,4065,17419,109,1684,9735,4234,3,0,15205,2134,46184,37806,2554,2724,191,3303,52110,15297,92,1,343,598,9,26665,37624,3962,0,2664,16423,5,6473,28,1,1840,25,22144,18970,70300,64372,716,23660,10,549,1414,0,1462,212,459,59,2630,15109,18,26513,1630,10840,11702,5708,2406,7,44328,113,86,171,49837,0,1701,0,11880,1749,83439,45721,1,780,1,295,14025,21,5925,1,21707,276,8257,9889,29457,2374,1,2211,1757,756,1537,39,11211,774,2,2844,288,2644,3096,50,15522,16049,3340,47107,74055,576,47899,16,2207,2196,380,409,0,2400,47483,2,35926,24,52147,126,224,5133,597,455,104,4386,3459,2073,7434,10467,51,12135,8918,83,1,176,1571,8900,12099,88984,10833,1851,12065,239,19438,34,366,99,516,1392,1110,606,490,41700,467,21736,103,637,8142,1617,22626,25453,47330,8522,19528,0,1,5356,4564,24054,6,125,4834,3,37345,2,14,3127,21,11125,709,994,3293,2,3277,24304,845,0,23844,24656,833,46273,150,489,53617,20206,284,5665,4113,10961,140,17828,13351,1237,6522,1497,12506,26416,4110,22077,7,588,2889,6904,4036,774,15471,872,4172,1226,211,7540,0,8517,2041,661,117,92667,3427,10359,5669,0,102,25037,37435,6812,45,1351,22617,1186,74,6487,33112,750,3202,0,6575,39718,693,0,802,732,0,16397,3924,14490,456,47086,6238,48,5190,156929,429,18778,125598,574,14,7132,134,402,318,320,8645,55,705,554,50,4597,601,10502,163,75416,22395,161,74803,15926,19,997,13,8859,5047,22179,115,15799,5766,81567,131,51474,7068,21679,1179,8544,53,10,2393,78515,648,0,458,82885,3,6941,14583,361,19877,8038,6,19168,11,5,157,347,155,86,2303,3665,4525,297,877,517,123,44,188,670,8966,6326,473,7518,12253,4764,447,2061,507,61086,0,4558,7935,123,11684,5349,23671,340,9992,2127,0,13562,9737,4118,12,5841,7613,13,7,22395,758,7529,5296,123,330,29319,46,116,164168,3441,158,1493,9,4138,896,4616,556,5080,6579,6832,10007,58,1704,1324,756,63409,13,32151,1077,280,191,79,2622,95,3208,81,52903,4267,1332,12625,14,91165,15,2192,6085,75,1989,24715,26421,59704,69780,7554,8826,5056,1809,312,97207,2025,2658,44165,6010,8216,6771,1832,509,7292,9229,75260,0,10423,3209,1364,0,245,1960,6271,41,10490,95,25426,0,81,547,2197,15069,24855,93,113,622,7086,3229,479,29,4176,0,17375,4147,2152,18670,402,16591,2058,1325,809,183,16769,8354,0,50792,44867,4674,25366,923,862,9,10,341,7269,90,0,1514,1249,1,3963,735,767,19613,2,19603,1145,5,1464,40507,33196,2804,7658,3172,653,75382,4329,42020,1013,570,0,37087,0,1854,28529,19,219,0,54845,15129,17523,167,1363,69039,5312,4,27449,1118,10,6,420,7936,45886,1448,1872,23269,27948,223,6,15392,22358,3,406,8,10386,5751,8,252,6,56175,1797,17411,9,6286,1,39,184,29413,9605,6334,4187,19004,6939,2,107592,1000,17377,193,45166,3746,98596,230,43015,796,6345,4,108353,609,2063,4,1368,3336,41811,4427,3095,2,2,10,28227,5802,23,301,19968,17498,21425,0,23455,945,29266,221,107,3,536,59,32,11,16654,750,29383,10269,2715,1,23529,9372,131,549,19812,38,755,16968,171,81507,12,32,3529,202185,428,0,971,128,36726,90021,14,239,43,2475,4600,210,358,1116,48539,226,20536,2431,38295,847,16,1490,25,203,1310,314,5619,66,32924,61,34463,1233,195,5511,58530,2209,1190,3812,62,567,11812,134,232,24555,19014,489,20251,1455,876,9734,3070,301,2008,17476,124,3,19594,2628,1230,6523,1,1373,50,11268,22184,0,4912,1117,6894,3636,3609,9139,15226,68524,1916,11171,20804,22,17768,2382,754,66,51,78,309,1,11442,11087,507,57606,9178,2326,8488,804,13995,595,633,1,41,3870,151,6226,23821,48,3942,25290,675,19,555,186,135,33640,274,195,248,941,0,3,13044,1005,20442,105,0,95025,31891,4499,1604,250,48329,3952,3270,9062,4375,21,19,1013,4104,114,15,78,3246,1762,40,1,4174,0,4761,8,0,26224,2691,7360,2403,418,6483,54920,801,5999,33064,24936,16347,236,1288,0,327,5344,2027,413,0,8909,2347,324,33036,33560,27,131,60,281,7208,19,270,1442,5008,347,5541,167,68,3182,72128,24080,2648,24401,14,8,4873,6496,542,354,32275,4269,8248,40739,144,8990,9624,17018,1751,8737,3581,9062,619,8264,7724,56,707,3779,33533,4,31168,544,63967,1,1041,12671,13698,175,12958,3853,3940,277,6077,18188,25,25986,3525,250,15440,2248,694,12488,694,1231,74,22778,5085,13579,28,16149,237,12200,32156,342,19894,7300,13652,4204,6573,103008,132,80,54429,142,8316,4510,1403,26551,12,4585,48392,1644,1683,1850,10445,20618,13312,35800,65274,88,17799,8607,45284,10606,9,6072,8,2606,1322,31,1779,133,493,2,51,1567,26741,7950,1156,439,16085,18,28282,10218,1800,496,251,122,6798,76,4732,194,1597,12286,4067,1206,11487,7069,53,61619,2164,43,486,16593,35816,1201,898,8,13,1,1842,1622,14524,688,4174,6411,4728,414,8367,10,315,3,24974,2,2772,2776,17222,21,2674,268,2130,65125,8141,25257,2993,297,45734,3468,130,553,3,0,2303,1605,9879,47,8316,26310,93,6854,26264,57,5238,10744,29,28,11119,1585,3588,7236,117,22037,2031,40,754,8190,4774,21,11832,227,13,610,63721,35,1724,2021,2037,69,3307,10803,17818,592,935,1901,3290,58379,19188,14257,3467,332,2,4146,539,3552,201,1774,99910,12,6,0,4309,3629,3324,1676,15,2629,892,1484,28510,7060,26432,933,48,3,459,20192,419,2,12662,10139,64573,37,18379,1405,613,671,12819,12451,150,926,30802,3889,2,127,49004,3060,20880,0,2297,1,9008,3924,1237,7,4445,0,90,4309,37011,65,13856,13,66,14,33165,899,107873,13193,2771,274,9558,11315,9236,502,16799,33771,3629,0,21532,505,11570,18178,2368,12825,244,114995,414,62,0,8296,389,106763,1400,38606,6371,117498,269,7,107,10282,4670,42919,85331,1415,40790,0,41088,4,1538,2303,55,1286,10,857,2,23183,1104,79018,2170,17,66386,4678,26211,37652,71,59,5,20707,65,58334,380,11195,1274,2471,1831,815,864,19,0,4374,1178,43092,11188,2115,1938,6201,2210,21908,9904,6422,12912,787,4935,36,4,20549,8,0,3121,133,27297,17418,3905,78800,21,16098,26973,18902,30640,36576,9588,9,7008,69,306,287,16,2883,94414,9,17769,13944,224,3261,1297,40539,1363,142,12124,61178,189,50,403,15786,33329,4690,15829,38565,95,503,897,25691,7571,13456,925,6490,772,9961,618,1096,7071,41019,453,2011,3332,193,74079,2514,37070,951,8908,7741,180,148,25467,233,4958,649,10977,0,3964,23,231,120,271,8,429,1963,162,10419,82704,3588,97,27580,2543,13807,38515,25,25,613,2535,72,15659,599,27977,51359,16,428,27,41106,934,103,3089,193,14754,13805,54056,495,66,8,2457,0,2733,128,3437,117614,4726,4547,31409,35,3733,35573,1143,2391,2168,4947,3389,48948,159,13150,44,169,35546,967,15029,2123,112,36063,6677,5364,14,24925,1335,10201,51588,168,9650,22329,89,33479,32924,932,1,1,966,1638,120,833,19262,7450,0,6975,54395,4258,11723,31,270,2978,23,40428,8,4475,34425,195,1141,2115,120742,14484,1584,491,1,3851,152,12,15229,8483,46396,5,110,660,912,16636,12543,201,3487,10100,184,3196,31831,12431,260,20531,3815,73,20544,6749,6245,3227,3619,1693,65389,14056,351,9,306,2058,185,2166,729,280,23,11966,1199,52,1028
0,0,0,0,0,0,0,0,0,0,0,0,0,0,0,0,0,0,0,0,0,0,0,0,0,0,0,0,0,0,0,0,0,0,0,0,0,0,0,0,0,0,0,0,0,0,0,0,0,0,0,0,0,0,0,0,0,0,0,0,0,0,0,0,0,0,0,0,0,0,0,0,0,0,0,0,0,0,0,0,0,0,0,0,0,0,0,0,0,0,0,0,0,0,0,0,0,0,0,0,0,0,0,0,0,0,0,0,0,0,0,0,0,0,0,0,0,0,0,0,0,0,0,0,0,0,0,0,0,0,0,0,0,0,0,0,0,0,0,0,0,0,0,0,0,0,0,0,0,0,0,0,0,0,0,0,0,0,0,0,0,0,0,0,0,0,0,0,0,0,0,0,0,0,0,0,0,0,0,0,0,0,0,0,0,0,0,0,0,0,0,0,0,0,0,0,0,0,0,0,0,0,0,0,0,0,0,0,0,0,0,0,0,0,0,0,0,0,0,0,0,0,0,0,0,0,0,0,0,0,0,0,0,0,0,0,0,0,0,0,0,0,0,0,0,0,0,0,0,0,0,0,0,0,0,0,0,0,0,0,0,0,0,0,0,0,0,0,0,0,0,0,0,0,0,0,0,0,0,0,0,0,0,0,0,0,0,0,0,0,0,0,0,0,0,0,0,0,0,0,0,0,0,0,0,0,0,0,0,0,0,0,0,0,0,0,0,0,0,0,0,0,0,0,0,0,0,0,0,0,0,0,0,0,0,0,0,0,0,0,0,0,0,0,0,0,0,0,0,0,0,0,0,0,0,0,0,0,0,0,0,0,0,0,0,0,0,0,0,0,0,0,0,0,0,0,0,0,0,0,0,0,0,0,0,0,0,0,0,0,0,0,0,0,0,0,0,0,0,0,0,0,0,0,0,0,0,0,0,0,0,0,0,0,0,0,0,0,0,0,0,0,0,0,0,0,0,0,0,0,0,0,0,0,0,0,0,0,0,0,0,0,0,0,0,0,0,0,0,0,0,0,0,0,0,0,0,0,0,0,0,0,0,0,0,0,0,0,0,0,0,0,0,0,0,0,0,0,0,0,0,0,0,0,0,0,0,0,0,0,0,0,0,0,0,0,0,0,0,0,0,0,0,0,0,0,0,0,0,0,0,0,0,0,0,0,0,0,0,0,0,0,0,0,0,0,0,0,0,0,0,0,0,0,0,0,0,0,0,0,0,0,0,0,0,0,0,0,0,0,0,0,0,0,0,0,0,0,0,0,0,0,0,0,0,0,0,0,0,0,0,0,0,0,0,0,0,0,0,0,0,0,0,0,0,0,0,0,0,0,0,0,0,0,0,0,0,0,0,0,0,0,0,0,0,0,0,0,0,0,0,0,0,0,0,0,0,0,0,0,0,0,0,0,0,0,0,0,0,0,0,0,0,0,0,0,0,0,0,0,0,0,0,0,0,0,0,0,0,0,0,0,0,0,0,0,0,0,0,0,0,0,0,0,0,0,0,0,0,0,0,0,0,0,0,0,0,0,0,0,0,0,0,0,0,0,0,0,0,0,0,0,0,0,0,0,0,0,0,0,0,0,0,0,0,0,0,0,0,0,0,0,0,0,0,0,0,0,0,0,0,0,0,0,0,0,0,0,0,0,0,0,0,0,0,0,0,0,0,0,0,0,0,0,0,0,0,0,0,0,0,0,0,0,0,0,0,0,0,0,0,0,0,0,0,0,0,0,0,0,0,0,0,0,0,0,0,0,0,0,0,0,0,0,0,0,0,0,0,0,0,0,0,0,0,0,0,0,0,0,0,0,0,0,0,0,0,0,0,0,0,0,0,0,0,0,0,0,0,0,0,0,0,0,0,0,0,0,0,0,0,0,0,0,0,0,0,0,0,0,0,0,0,0,0,0,0,0,0,0,0,0,0,0,0,0,0,0,0,0,0,0,0,0,0,0,0,0,0,0,0,0,0,0,0,0,0,0,0,0,0,0,0,0,0,0,0,0,0,0,0,0,0,0,0,0,0,0,0,0,0,0,0,0,0,0,0,0,0,0,0,0,0,0,0,0,0,0,0,0,0,0,0,0,0,0,0,0,0,0,0,0,0,0,0,0,0,0,0,0,0,0,0,0,0,0,0,0,0,0,0,0,0,0,0,0,0,0,0,0,0,0,0,0,0,0,0,0,0,0,0,0,0,0,0,0,0,0,0,0,0,0,0,0,0,0,0,0,0,0,0,0,0,0,0,0,0,0,0,0,0,0,0,0,0,0,0,0,0,0,0,0,0,0,0,0,0,0,0,0,0,0,0,0,0,0,0,0,0,0,0,0,0,0,0,0,0,0,0,0,0,0,0,0,0,0,0,0,0,0,0,0,0,0,0,0,0,0,0,0,0,0,0,0,0,0,0,0,0,0,0,0,0,0,0,0,0,0,0,0,0,0,0,0,0,0,0,0,0,0,0,0,0,0,0,0,0,0,0,0,0,0,0,0,0,0,0,0,0,0,0,0,0,0,0,0,0,0,0,0,0,0,0,0,0,0,0,0,0,0,0,0,0,0,0,0,0,0,0,0,0,0,0,0,0,0,0,0,0,0,0,0,0,0,0,0,0,0,0,0,0,0,0,0,0,0,0,0,0,0,0,0,0,0,0,0,0,0,0,0,0,0,0,0,0,0,0,0,0,0,0,0,0,0,0,0,0,0,0,0,0,0,0,0,0,0,0,0,0,0,0,0,0,0,0,0,0,0,0,0,0,0,0,0,0,0,0,0,0,0,0,0,0,0,0,0,0,0,0,0,0,0,0,0,0,0,0,0,0,0,0,0,0,0,0,0,0,0,0,0,0,0,0,0,0,0,0,0,0,0,0,0,0,0,0,0,0,0,0,0,0,0,0,0,0,0,0,0,0,0,0,0,0,0,0,0,0,0,0,0,0,0,0,0,0,0,0,0,0,0,0,0,0,0,0,0,0,0,0,0,0,0,0,0,0,0,0,0,0,0,0,0,0,0,0,0,0,0,0,0,0,0,0,0,0,0,0,0,0,0,0,0,0,0,0,0,0,0,0,0,0,0,0,0,0,0,0,0,0,0,0,0,0,0,0,0,0,0,0,0,0,0,0,0,0,0,0,0,0,0,0,0,0,0,0,0,0,0,0,0,0,0,0,0,0,0,0,0,0,0,0,0,0,0,0,0,0,0,0,0,0,0,0,0,0,0,0,0,0,0,0,0,0,0,0,0,0,0,0,0,0,0,0,0,0,0,0,0,0,0,0,0,0,0,0,0,0,0,0,0,0,0,0,0,0,0,0,0,0,0,0,0,0,0,0,0,0,0,0,0,0,0,0,0,0,0,0,0,0,0,0,0,0,0,0,0,0,0,0,0,0,0,0,0,0,0,0,0,0,0,0,0,0,0,0,0,0,0,0,0,0,0,0,0,0,0,0,0,0,0,0,0,0,0,0,0,0,0,0,0,0,0,0,0,0,0,0,0,0,0,0,0,0,0,0,0,0,0,0,0,0,0,0,0,0,0,0,0,0,0,0,0,0,0,0,0,0,0,0,0,0,0,0,0,0,0,0,0,0,0,0,0,0,0,0,0,0,0,0,0,0,0,0,0,0,0,0,0,0,0,0,0,0,0,0,0,0,0,0,0,0,0,0,0,0,0,0,0,0,0,0,0,0,0,0,0,0,0,0,0,0,0,0,0,0,0,0,0,0,0,0,0,0,0,0,0,0,0,0,0,0,0,0,0,0,0,0,0,0,0,0,0,0,0,0,0,0,0,0,0,0,0,0,0,0,0,0,0,0,0,0,0,0,0,0,0,0,0,0,0,0,0,0,0,0,0,0,0,0,0,0,0,0,0,0,0,0,0,0,0,0,0,0,0,0,0,0,0,0,0,0,0,0,0,0,0,0,0,0,0,0,0,0,0,0,0,0,0,0,0,0,0,0,0,0,0,0,0,0,0,0,0,0,0,0,0,0,0,0,0,0,0,0,0,0,0,0,0,0,0,0,0,0,0,0,0,0,0,0,0,0,0,0,0,0,0,0,0,0,0,0,0,0,0,0,0,0,0,0,0,0,0,0,0,0,0,0,0,0,0,0,0,0,0,0,0,0,0,0,0,0,0,0,0,0,0,0,0,0,0,0,0,0,0,0,0,0,0,0,0,0,0,0,0,0,0,0,0,0,0,0,0,0,0,0,0,0,0,0,0,0,0,0,0,0,0,0,0,0,0,0,0,0,0,0,0,0,0,0,0,0,0,0,0,0,0,0,0,0,0,0,0,0,0,0,0,0,0,0,0,0,0,0,0,0,0,0,0,0,0,0,0,0,0,0,0,0,0,0,0,0,0,0,0,0,0,0,0,0,0,0,0,0,0,0,0,0,0,0,0,0,0,0,0,0,0,0,0,0,0,0,0,0,0,0,0,0,0,0,0,0,0,0,0,0,0,0,0,0,0,0,0,0,0,0,0,0,0,0,0,0,0,0,0,0,0,0,0,0,0,0,0,0,0,0,0,0,0,0,0,0,0,0,0,0,0,0,0,0,0,0,0,0,0,0,0,0,0,0,0,0,0,0,0,0,0,0,0,0,0,0,0,0,0,0,0,0,0,0,0,0,0,0,0,0,0,0,0,0,0,0,0,0,0,0,0,0,0,0,0,0,0,0,0,0,0,0,0,0,0,0,0,0,0,0,0,0,0,0,0,0,0,0,0,0,0,0,0,0,0,0,0,0,0,0,0,0,0,0,0,0,0,0,0,0,0,0,0,0,0,0,0,0,0,0,0,0,0,0,0,0,0,0,0,0,0,0,0,0,0,0,0,0,0,0,0,0,0,0,0,0,0,0,0,0,0,0,0,0,0,0,0,0,0,0,0,0,0,0,0,0,0,0,0,0,0,0,0,0,0,0,0,0,0,0,0,0,0,0,0,0,0,0,0,0,0,0,0,0,0,0,0,0,0,0,0,0,0,0,0,0,0,0,0,0,0,0,0,0,0,0,0,0,0,0,0,0,0,0,0,0,0,0,0,0,0,0,0,0,0,0,0,0,0,0,0,0,0,0,0,0,0,0,0,0,0,0,0,0,0,0,0,0,0,0,0,0,0,0,0,0,0,0,0,0,0,0,0,0,0,0,0,0,0,0,0,0,0,0,0,0,0,0,0,0,0,0,0,0,0,0,0,0,0,0,0,0,0,0,0,0,0,0,0,0,0,0,0,0,0,0,0,0,0,0,0,0,0,0,0,0,0,0,0,0,0,0,0,0,0,0,0,0,0,0,0,0,0,0,0,0,0,0,0,0,0,0,0,0,0,0,0,0,0,0,0,0,0,0,0,0,0,0,0,0,0,0,0,0,0,0,0,0,0,0,0,0,0,0,0,0,0,0,0,0,0,0,0,0,0,0,0,0,0,0,0,0,0,0,0,0,0,0,0,0,0,0,0,0,0,0,0,0,0,0,0,0,0,0,0,0,0,0,0,0,0,0,0,0,0,0,0,0,0,0,0,0,0,0,0,0,0,0,0,0,0,0,0,0,0,0,0,0,0,0,0,0,0,0,0,0,0,0,0,0,0,0,0,0,0,0,0,0,0,0,0,0,0,0,0,0,0,0,0,0,0,0,0,0,0,0,0,0,0,0,0,0,0,0,0,0,0,0,0,0,0,0,0,0,0,0,0,0,0,0,0,0,0,0,0,0,0,0,0,0,0,0,0,0,0,0,0,0,0,0,0,0,0,0,0,0,0,0,0,0,0,0,0,0,0,0,0,0,0,0,0,0,0,0,0,0,0,0,0,0,0,0,0,0,0,0,0,0,0,0,0,0,0,0,0,0,0,0,0,0,0,0,0,0,0,0,0,0,0,0,0,0,0,0,0,0,0,0,0,0,0,0,0,0,0,0,0,0,0,0,0,0,0,0,0,0,0,0,0,0,0,0,0,0,0,0,0,0,0,0,0,0,0,0,0,0,0,0,0,0,0,0,0,0,0,0,0,0,0,0,0,0,0,0,0,0,0,0,0,0,0,0,0,0,0,0,0,0,0,0,0,0,0,0,0,0,0,0,0,0,0,0,0,0,0,0,0,0,0,0,0,0,0,0,0,0,0,0,0,0,0,0,0,0,0,0,0,0,0,0,0,0,0,0,0,0,0,0,0,0,0,0,0,0,0,0,0,0,0,0,0,0,0,0,0,0,0,0,0,0,0,0,0,0,0,0,0,0,0,0,0,0,0,0,0,0,0,0,0,0,0,0,0,0,0,0,0,0,0,0,0,0,0,0,0,0,0,0,0,0,0,0,0,0,0,0,0,0,0,0,0,0,0,0,0,0,0,0,0,0,0,0,0,0,0,0,0,0,0,0,0,0,0,0,0,0,0,0,0,0,0,0,0,0,0,0,0,0,0,0,0,0,0,0,0,0,0,0,0,0,0,0,0,0,0,0,0,0,0,0,0,0,0,0,0,0,0,0,0,0,0,0,0,0,0,0,0,0,0,0,0,0,0,0,0,0,0,0,0,0,0,0,0,0,0,0,0,0,0,0,0,0,0,0,0,0,0,0,0,0,0,0,0,0,0,0,0,0,0,0,0,0,0,0,0,0,0,0,0,0,0,0,0,0,0,0,0,0,0,0,0,0,0,0,0,0,0,0,0,0,0,0,0,0,0,0,0,0,0,0,0,0,0,0,0,0,0,0,0,0,0,0,0,0,0,0,0,0,0,0,0,0,0,0,0,0,0,0,0,0,0,0,0,0,0,0,0,0,0,0,0,0,0,0,0,0,0,0,0,0,0,0,0,0,0,0,0,0,0,0,0,0,0,0,0,0,0,0,0,0,0,0,0,0,0,0,0,0,0,0,0,0,0,0,0,0,0,0,0,0,0,0,0,0,0,0,0,0,0,0,0,0,0,0,0,0,0,0,0,0,0,0,0,0,0,0,0,0,0,0,0,0,0,0,0,0,0,0,0,0,0,0,0,0,0,0,0,0,0,0,0,0,0,0,0,0,0,0,0,0,0,0,0,0,0,0,0,0,0,0,0,0,0,0,0,0,0,0,0,0,0,0,0,0,0,0,0,0,0,0,0,0,0,0,0,0,0,0,0,0,0,0,0,0,0,0,0,0,0,0,0,0,0,0,0,0,0,0,0,0,0,0,0,0,0,0,0,0,0,0,0,0,0,0,0,0,0,0,0,0,0,0,0,0,0,0,0,0,0,0,0,0,0,0,0,0,0,0,0,0,0,0,0,0,0,0,0,0,0,0,0,0,0,0,0,0,0,0,0,0,0,0,0,0,0,0,0,0,0,0,0,0,0,0,0,0,0,0,0,0,0,0,0,0,0,0,0,0,0,0,0,0,0,0,0,0,0,0,0,0,0,0,0,0,0,0,0,0,0,0,0,0,0,0,0,0,0,0,0,0,0,0,0,0,0,0,0,0,0,0,0,0,0,0,0,0,0,0,0,0,0,0,0,0,0,0,0,0,0,0,0,0,0,0,0,0,0,0,0,0,0,0,0,0,0,0,0,0,0,0,0,0,0,0,0,0,0,0,0,0,0,0,0,0,0,0,0,0,0,0,0,0,0,0,0,0,0,0,0,0,0,0,0,0,0,0,0,0,0,0,0,0,0,0,0,0,0,0,0,0,0,0,0,0,0,0,0,0,0,0,0,0,0,0,0,0,0,0,0,0,0,0,0,0,0,0,0,0,0,0,0,0,0,0,0,0,0,0,0,0,0,0,0,0,0,0,0,0,0,0,0,0,0,0,0,0,0,0,0,0,0,0,0,0,0,0,0,0,0,0,0,0,0,0,0,0,0,0,0,0,0,0,0,0,0,0,0,0,0,0,0,0,0,0,0,0,0,0,0,0,0,0,0,0,0,0,0,0,0,0,0,0,0,0,0,0,0,0,0,0,0,0,0,0,0,0,0,0,0,0,0,0,0,0,0,0,0,0,0,0,0,0,0,0,0,0,0,0,0,0,0,0,0,0,0,0,0,0,0,0,0,0,0,0,0,0,0,0,0,0,0,0,0,0,0,0,0,0,0,0,0,0,0,0,0,0,0,0,0,0,0,0,0,0,0,0,0,0,0,0,0,0,0,0,0,0,0,0,0,0,0,0,0,0,0,0,0,0,0,0,0,0,0,0,0,0,0,0,0,0,0,0,0,0,0,0,0,0,0,0,0,0,0,0,0,0,0,0,0,0,0,0,0,0,0,0,0,0,0,0,0,0,0,0,0,0,0,0,0,0,0,0,0,0,0,0,0,0,0,0,0,0,0,0,0,0,0,0,0,0,0,0,0,0,0,0,0,0,0,0,0,0,0,0,0,0,0,0,0,0,0,0,0,0,0,0,0,0,0,0,0,0,0,0,0,0,0,0,0,0,0,0,0,0,0,0,0,0,0,0,0,0,0,0,0,0,0,0,0,0,0,0,0,0,0,0,0,0,0,0,0,0,0,0,0,0,0,0,0,0,0,0,0,0,0,0,0,0,0,0,0,0,0,0,0,0,0,0,0,0,0,0,0,0,0,0,0,0,0,0,0,0,0,0,0,0,0,0,0,0,0,0,0,0,0,0,0,0,0,0,0,0,0,0,0,0,0,0,0,0,0,0,0,0,0,0,0,0,0,0,0,0,0,0,0,0,0,0,0,0,0,0,0,0,0,0,0,0,0,0,0,0,0,0,0,0,0,0,0,0,0,0,0,0,0,0,0,0,0,0,0,0,0,0,0,0,0,0,0,0,0,0,0,0,0,0,0,0,0,0,0,0,0,0,0,0,0,0,0,0,0,0,0,0,0,0,0,0,0,0,0,0,0,0,0,0,0,0,0,0,0,0,0,0,0,0,0,0,0,0,0,0,0,0,0,0,0,0,0,0,0,0,0,0,0,0,0,0,0,0,0,0,0,0,0,0,0,0,0,0,0,0,0,0,0,0,0,0,0,0,0,0,0,0,0,0,0,0,0,0,0,0,0,0,0,0,0,0,0,0,0,0,0,0,0,0,0,0,0,0,0,0,0,0,0,0,0,0,0,0,0,0,0,0,0,0,0,0,0,0,0,0,0,0,0,0,0,0,0,0,0,0,0,0,0,0,0,0,0,0,0,0,0,0,0,0,0,0,0,0,0,0,0,0,0,0,0,0,0,0,0,0,0,0,0,0,0,0,0,0,0,0,0,0,0,0,0,0,0,0,0,0,0,0,0,0,0,0,0,0,0,0,0,0,0,0,0,0,0,0,0,0,0,0,0,0,0,0,0,0,0,0,0,0,0,0,0,0,0,0,0,0,0,0,0,0,0,0,0,0,0,0,0,0,0,0,0,0,0,0,0,0,0,0,0,0,0,0,0,0,0,0,0,0,0,0,0,0,0,0,0,0,0,0,0,0,0,0,0,0,0,0,0,0,0,0,0,0,0,0,0,0,0,0,0,0,0,0,0,0,0,0,0,0,0,0,0,0,0,0,0,0,0,0,0,0,0,0,0,0,0,0,0,0,0,0,0,0,0,0,0,0,0,0,0,0,0,0,0,0,0,0,0,0,0,0,0,0,0,0,0,0,0,0,0,0,0,0,0,0,0,0,0,0,0,0,0,0,0,0,0,0,0,0,0,0,0,0,0,0,0,0,0,0,0,0,0,0,0,0,0,0,0,0,0,0,0,0,0,0,0,0,0,0,0,0,0,0,0,0,0,0,0,0,0,0,0,0,0,0,0,0,0,0,0,0,0,0,0,0,0,0,0,0,0,0,0,0,0,0,0,0,0,0,0,0,0,0,0,0,0,0,0,0,0,0,0,0,0,0,0,0,0,0,0,0,0,0,0,0,0,0,0,0,0,0,0,0,0,0,0,0,0,0,0,0,0,0,0,0,0,0,0,0,0,0,0,0,0,0,0,0,0,0,0,0,0,0,0,0,0,0,0,0,0,0,0,0,0,0,0,0,0,0,0,0,0,0,0,0,0,0,0,0,0,0,0,0,0,0,0,0,0,0,0,0,0,0,0,0,0,0,0,0,0,0,0,0,0,0,0,0,0,0,0,0,0,0,0,0,0,0,0,0,0,0,0,0,0,0,0,0,0,0,0,0,0,0,0,0,0,0,0,0,0,0,0,0,0,0,0,0,0,0,0,0,0,0,0,0,0,0,0,0,0,0,0,0,0,0,0,0,0,0,0,0,0,0,0,0,0,0,0,0,0,0,0,0,0,0,0,0,0,0,0,0,0,0,0,0,0,0,0,0,0,0,0,0,0,0,0,0,0,0,0,0,0,0,0,0,0,0,0,0,0,0,0,0,0,0,0,0,0,0,0,0,0,0,0,0,0,0,0,0,0,0,0,0,0,0,0,0,0,0,0,0,0,0,0,0,0,0,0,0,0,0,0,0,0,0,0,0,0,0,0,0,0,0,0,0,0,0,0,0,0,0,0,0,0,0,0,0,0,0,0,0,0,0,0,0,0,0,0,0,0,0,0,0,0,0,0,0,0,0,0,0,0,0,0,0,0,0,0,0,0,0,0,0,0,0,0,0,0,0,0,0,0,0,0,0,0,0,0,0,0,0,0,0,0,0,0,0,0,0,0,0,0,0,0,0,0,0,0,0,0,0,0,0,0,0,0,0,0,0,0,0,0,0,0,0,0,0,0,0,0,0,0,0,0,0,0,0,0,0,0,0,0,0,0,0,0,0,0,0,0,0,0,0,0,0,0,0,0,0,0,0,0,0,0,0,0,0,0,0,0,0,0,0,0,0,0,0,0,0,0,0,0,0,0,0,0,0,0,0,0,0,0,0,0,0,0,0,0,0,0,0,0,0,0,0,0,0,0,0,0,0,0,0,0,0,0,0,0,0,0,0,0,0,0,0,0,0,0,0,0,0,0,0,0,0,0,0,0,0,0,0,0,0,0,0,0,0,0,0,0,0,0,0,0,0,0,0,0,0,0,0,0,0,0,0,0,0,0,0,0,0,0,0,0,0,0,0,0,0,0,0,0,0,0,0,0,0,0,0,0,0,0,0,0,0,0,0,0,0,0,0,0,0,0,0,0,0,0,0,0,0,0,0,0,0,0,0,0,0,0,0,0,0,0,0,0,0,0,0,0,0,0,0,0,0,0,0,0,0,0,0,0,0,0,0,0,0,0,0,0,0,0,0,0,0,0,0,0,0,0,0,0,0,0,0,0,0,0,0,0,0,0,0,0,0,0,0,0,0,0,0,0,0,0,0,0,0,0,0,0,0,0,0,0,0,0,0,0,0,0,0,0,0,0,0,0,0,0,0,0,0,0,0,0,0,0,0,0,0,0,0,0,0,0,0,0,0,0,0,0,0,0,0,0,0,0,0,0,0,0,0,0,0,0,0,0,0,0,0,0,0,0,0,0,0,0,0,0,0,0,0,0,0,0,0,0,0,0,0,0,0,0,0,0,0,0,0,0,0,0,0,0,0,0,0,0,0,0,0,0,0,0,0,0,0,0,0,0,0,0,0,0,0,0,0,0,0,0,0,0,0,0,0,0,0,0,0,0,0,0,0,0,0,0,0,0,0,0,0,0,0,0,0,0,0,0,0,0,0,0,0,0,0,0,0,0,0,0,0,0,0,0,0,0,0,0,0,0,0,0,0,0,0,0,0,0,0,0,0,0,0,0,0,0,0,0,0,0,0,0,0,0,0,0,0,0,0,0,0,0,0,0,0,0,0,0,0,0,0,0,0,0,0,0,0,0,0,0,0,0,0,0,0,0,0,0,0,0,0,0,0,0,0,0,0,0,0,0,0,0,0,0,0,0,0,0,0,0,0,0,0,0,0,0,0,0,0,0,0,0,0,0,0,0,0,0,0,0,0,0,0,0,0,0,0,0,0,0,0,0,0,0,0,0,0,0,0,0,0,0,0,0,0,0,0,0,0,0,0,0,0,0,0,0,0,0,0,0,0,0,0,0,0,0,0,0,0,0,0,0,0,0,0,0,0,0,0,0,0,0,0,0,0,0,0,0,0,0,0,0,0,0,0,0,0,0,0,0,0,0,0,0,0,0,0,0,0,0,0,0,0,0,0,0,0,0,0,0,0,0,0,0,0,0,0,0,0,0,0,0,0,0,0,0,0,0,0,0,0,0,0,0,0,0,0,0,0,0,0,0,0,0,0,0,0,0,0,0,0,0,0,0,0,0,0,0,0,0,0,0,0,0,0,0,0,0,0,0,0,0,0,0,0,0,0,0,0,0,0,0,0,0,0,0,0,0,0,0,0,0,0,0,0,0,0,0,0,0,0,0,0,0,0,0,0,0,0,0,0,0,0,0,0,0,0,0,0,0,0,0,0,0,0,0,0,0,0,0,0,0,0,0,0,0,0,0,0,0,0,0,0,0,0,0,0,0,0,0,0,0,0,0,0,0,0,0,0,0,0,0,0,0,0,0,0,0,0,0,0,0,0,0,0,0,0,0,0,0,0,0,0,0,0,0,0,0,0,0,0,0,0,0,0,0,0,0,0,0,0,0,0,0,0,0,0,0,0,0,0,0,0,0,0,0,0,0,0,0,0,0,0,0,0,0,0,0,0,0,0,0,0,0,0,0,0,0,0,0,0,0,0,0,0,0,0,0,0,0,0,0,0,0,0,0,0,0,0,0,0,0,0,0,0,0,0,0,0,0,0,0,0,0,0,0,0,0,0,0,0,0,0,0,0,0,0,0,0,0,0,0,0,0,0,0,0,0,0,0,0,0,0,0,0,0,0,0,0,0,0,0,0,0,0,0,0,0,0,0,0,0,0,0,0,0,0,0,0,0,0,0,0,0,0,0,0,0,0,0,0,0,0,0,0,0,0,0,0,0,0,0,0,0,0,0,0,0,0,0,0,0,0,0,0,0,0,0,0,0,0,0,0,0,0,0,0,0,0,0,0,0,0,0,0,0,0,0,0,0,0,0,0,0,0,0,0,0,0,0,0,0,0,0,0,0,0,0,0,0,0,0,0,0,0,0,0,0,0,0,0,0,0,0,0,0,0,0,0,0,0,0,0,0,0,0,0,0,0,0,0,0,0,0,0,0,0,0,0,0,0,0,0,0,0,0,0,0,0,0,0,0,0,0,0,0,0,0,0,0,0,0,0,0,0,0,0,0,0,0,0,0,0,0,0,0,0,0,0,0,0,0,0,0,0,0,0,0,0,0,0,0,0,0,0,0,0,0,0,0,0,0,0,0,0,0,0,0,0,0,0,0,0,0,0,0,0,0,0,0,0,0,0,0,0,0,0,0,0,0,0,0,0,0,0,0,0,0,0,0,0,0,0,0,0,0,0,0,0,0,0,0,0,0,0,0,0,0,0,0,0,0,0,0,0,0,0,0,0,0,0,0,0,0,0,0,0,0,0,0,0,0,0,0,0,0,0,0,0,0,0,0,0,0,0,0,0,0,0,0,0,0,0,0,0,0,0,0,0,0,0,0,0,0,0,0,0,0,0,0,0,0,0,0,0,0,0,0,0,0,0,0,0,0,0,0,0,0,0,0,0,0,0,0,0,0,0,0,0,0,0,0,0,0,0,0,0,0,0,0,0,0,0,0,0,0,0,0,0,0,0,0,0,0,0,0,0,0,0,0,0,0,0,0,0,0,0,0,0,0,0,0,0,0,0,0,0,0,0,0,0,0,0,0,0,0,0,0,0,0,0,0,0,0,0,0,0,0,0,0,0,0,0,0,0,0,0,0,0,0,0,0,0,0,0,0,0,0,0,0,0,0,0,0,0,0,0,0,0,0,0,0,0,0,0,0,0,0,0,0,0,0,0,0,0,0,0,0,0,0,0,0,0,0,0,0,0,0,0,0,0,0,0,0,0,0,0,0,0,0,0,0,0,0,0,0,0,0,0,0,0,0,0,0,0,0,0,0,0,0,0,0,0,0,0,0,0,0,0,0,0,0,0,0,0,0,0,0,0,0,0,0,0,0,0,0,0,0,0,0,0,0,0,0,0,0,0,0,0,0,0,0,0,0,0,0,0,0,0,0,0,0,0,0,0,0,0,0,0,0,0,0,0,0,0,0,0,0,0,0,0,0,0,0,0,0,0,0,0,0,0,0,0,0,0,0,0,0,0,0,0,0,0,0,0,0,0,0,0,0,0,0,0,0,0,0,0,0,0,0,0,0,0,0,0,0,0,0,0,0,0,0,0,0,0,0,0,0,0,0,0,0,0,0,0,0,0,0,0,0,0,0,0,0,0,0,0,0,0,0,0,0,0,0,0,0,0,0,0,0,0,0,0,0,0,0,0,0,0,0,0,0,0,0,0,0,0,0,0,0,0,0,0,0,0,0,0,0,0,0,0,0,0,0,0,0,0,0,0,0,0,0,0,0,0,0,0,0,0,0,0,0,0,0,0,0,0,0,0,0,0,0,0,0,0,0,0,0,0,0,0,0,0,0,0,0,0,0,0,0,0,0,0,0,0,0,0,0,0,0,0,0,0,0,0,0,0,0,0,0,0,0,0,0,0,0,0,0,0,0,0,0,0,0,0,0,0,0,0,0,0,0,0,0,0,0,0,0,0,0,0,0,0,0,0,0,0,0,0,0,0,0,0,0,0,0,0,0,0,0,0,0,0,0,0,0,0,0,0,0,0,0,0,0,0,0,0,0,0,0,0,0,0,0,0,0,0,0,0,0,0,0,0,0,0,0,0,0,0,0,0,0,0,0,0,0,0,0,0,0,0,0,0,0,0,0,0,0,0,0,0,0,0,0,0,0,0,0,0,0,0,0,0,0,0,0,0,0,0,0,0,0,0,0,0,0,0,0,0,0,0,0,0,0,0,0,0,0,0,0,0,0,0,0,0,0,0,0,0,0,0,0,0,0,0,0,0,0,0,0,0,0,0,0,0,0,0,0,0,0,0,0,0,0,0,0,0,0,0,0,0,0,0,0,0,0,0,0,0,0,0,0,0,0,0,0,0,0,0,0,0,0,0,0,0,0,0,0,0,0,0,0,0,0,0,0,0,0,0,0,0,0,0,0,0,0,0,0,0,0,0,0,0,0,0,0,0,0,0,0,0,0,0,0,0,0,0,0,0,0,0,0,0,0,0,0,0,0,0,0,0,0,0,0,0,0,0,0,0,0,0,0,0,0,0,0,0,0,0,0,0,0,0,0,0,0,0,0,0,0,0,0,0,0,0,0,0,0,0,0,0,0,0,0,0,0,0,0,0,0,0,0,0,0,0,0,0,0,0,0,0,0,0,0,0,0,0,0,0,0,0,0,0,0,0,0,0,0,0,0,0,0,0,0,0,0,0,0,0,0,0,0,0,0,0,0,0,0,0,0,0,0,0,0,0,0,0,0,0,0,0,0,0,0,0,0,0,0,0,0,0,0,0,0,0,0,0,0,0,0,0,0,0,0,0,0,0,0,0,0,0,0,0,0,0,0,0,0,0,0,0,0,0,0,0,0,0,0,0,0,0,0,0,0,0,0,0,0,0,0,0,0,0,0,0,0,0,0,0,0,0,0,0,0,0,0,0,0,0,0,0,0,0,0,0,0,0,0,0,0,0,0,0,0,0,0,0,0,0,0,0,0,0,0,0,0,0,0,0,0,0,0,0,0,0,0,0,0,0,0,0,0,0,0,0,0,0,0,0,0,0,0,0,0,0,0,0,0,0,0,0,0,0,0,0,0,0,0,0,0,0,0,0,0,0,0,0,0,0,0,0,0,0,0,0,0,0,0,0,0,0,0,0,0,0,0,0,0,0,0,0,0,0,0,0,0,0,0,0,0,0,0,0,0,0,0,0,0,0,0,0,0,0,0,0,0,0,0,0,0,0,0,0,0,0,0,0,0,0,0,0,0,0,0,0,0,0,0,0,0,0,0,0,0,0,0,0,0,0,0,0,0,0,0,0,0,0,0,0,0,0,0,0,0,0,0,0,0,0,0,0,0,0,0,0,0,0,0,0,0,0,0,0,0,0,0,0,0,0,0,0,0,0,0,0,0,0,0,0,0,0,0,0,0,0,0,0,0,0,0,0,0,0,0,0,0,0,0,0,0,0,0,0,0,0,0,0,0,0,0,0,0,0,0,0,0,0,0,0,0,0,0,0,0,0,0,0,0,0,0,0,0,0,0,0,0,0,0,0,0,0,0,0,0,0,0,0,0,0,0,0,0,0,0,0,0,0,0,0,0,0,0,0,0,0,0,0,0,0,0,0,0,0,0,0,0,0,0,0,0,0,0,0,0,0,0,0,0,0,0,0,0,0,0,0,0,0,0,0,0,0,0,0,0,0,0,0,0,0,0,0,0,0,0,0,0,0,0,0,0,0,0,0,0,0,0,0,0,0,0,0,0,0,0,0,0,0,0,0,0,0,0,0,0,0,0,0,0,0,0,0,0,0,0,0,0,0,0,0,0,0,0,0,0,0,0,0,0,0,0,0,0,0,0,0,0,0,0,0,0,0,0,0,0,0,0,0,0,0,0,0,0,0,0,0,0,0,0,0,0,0,0,0,0,0,0,0,0,0,0,0,0,0,0,0,0,0,0,0,0,0,0,0,0,0,0,0,0,0,0,0,0,0,0,0,0,0,0,0,0,0,0,0,0,0,0,0,0,0,0,0,0,0,0,0,0,0,0,0,0,0,0,0,0,0,0,0,0,0,0,0,0,0,0,0,0,0,0,0,0,0,0,0,0,0,0,0,0,0,0,0,0,0,0,0,0,0,0,0,0,0,0,0,0,0,0,0,0,0,0,0,0,0,0,0,0,0,0,0,0,0,0,0,0,0,0,0,0,0,0,0,0,0,0,0,0,0,0,0,0,0,0,0,0,0,0,0,0,0,0,0,0,0,0,0,0,0,0,0,0,0,0,0,0,0,0,0,0,0,0,0,0,0,0,0,0,0,0,0,0,0,0,0,0,0,0,0,0,0,0,0,0,0,0,0,0,0,0,0,0,0,0,0,0,0,0,0,0,0,0,0,0,0,0,0,0,0,0,0,0,0,0,0,0,0,0,0,0,0,0,0,0,0,0,0,0,0,0,0,0,0,0,0,0,0,0,0,0,0,0,0,0,0,0,0,0,0,0,0,0,0,0,0,0,0,0,0,0,0,0,0,0,0,0,0,0,0,0,0,0,0,0,0,0,0,0,0,0,0,0,0,0,0,0,0,0,0,0,0,0,0,0,0,0,0,0,0,0,0,0,0,0,0,0,0,0,0,0,0,0,0,0,0,0,0,0,0,0,0,0,0,0,0,0,0,0,0,0,0,0,0,0,0,0,0,0,0,0,0,0,0,0,0,0,0,0,0,0,0,0,0,0,0,0,0,0,0,0,0,0,0,0,0,0,0,0,0,0,0,0,0,0,0,0,0,0,0,0,0,0,0,0,0,0,0,0,0,0,0,0,0,0,0,0,0,0,0,0,0,0,0,0,0,0,0,0,0,0,0,0,0,0,0,0,0,0,0,0,0,0,0,0,0,0,0,0,0,0,0,0,0,0,0,0,0,0,0,0,0,0,0,0,0,0,0,0,0,0,0,0,0,0,0,0,0,0,0,0,0,0,0,0,0,0,0,0,0,0,0,0,0,0,0,0,0,0,0,0,0,0,0,0,0,0,0,0,0,0,0,0,0,0,0,0,0,0,0,0,0,0,0,0,0,0,0,0,0,0,0,0,0,0,0,0,0,0,0,0,0,0,0,0,0,0,0,0,0,0,0,0,0,0,0,0,0,0,0,0,0,0,0,0,0,0,0,0,0,0,0,0,0,0,0,0,0,0,0,0,0,0,0,0,0,0,0,0,0,0,0,0,0,0,0,0,0,0,0,0,0,0,0,0,0,0,0,0,0,0,0,0,0,0,0,0,0,0,0,0,0,0,0,0,0,0,0,0,0,0,0,0,0,0,0,0,0,0,0,0,0,0,0,0,0,0,0,0,0,0,0,0,0,0,0,0,0,0,0,0,0,0,0,0,0,0,0,0,0,0,0,0,0,0,0,0,0,0,0,0,0,0,0,0,0,0,0,0,0,0,0,0,0,0,0,0,0,0,0,0,0,0,0,0,0,0,0,0,0,0,0,0,0,0,0,0,0,0,0,0,0,0,0,0,0,0,0,0,0,0,0,0,0,0,0,0,0,0,0,0,0,0,0,0,0,0,0,0,0,0,0,0,0,0,0,0,0,0,0,0,0,0,0,0,0,0,0,0,0,0,0,0,0,0,0,0,0,0,0,0,0,0,0,0,0,0,0,0,0,0,0,0,0,0,0,0,0,0,0,0,0,0,0,0,0,0,0,0,0,0,0,0,0,0,0,0,0,0,0,0,0,0,0,0,0,0,0,0,0,0,0,0,0,0,0,0,0,0,0,0,0,0,0,0,0,0,0,0,0,0,0,0,0,0,0,0,0,0,0,0,0,0,0,0,0,0,0,0,0,0,0,0,0,0,0,0,0,0,0,0,0,0,0,0,0,0,0,0,0,0,0,0,0,0,0,0,0,0,0,0,0,0,0,0,0,0,0,0,0,0,0,0,0,0,0,0,0,0,0,0,0,0,0,0,0,0,0,0,0,0,0,0,0,0,0,0,0,0,0,0,0,0,0,0,0,0,0,0,0,0,0,0,0,0,0,0,0,0,0,0,0,0,0,0,0,0,0,0,0,0,0,0,0,0,0,0,0,0,0,0,0,0,0,0,0,0,0,0,0,0,0,0,0,0,0,0,0,0,0,0,0,0,0,0,0,0,0,0,0,0,0,0,0,0,0,0,0,0,0,0,0,0,0,0,0,0,0,0,0,0,0,0,0,0,0,0,0,0,0,0,0,0,0,0,0,0,0,0,0,0,0,0,0,0,0,0,0,0,0,0,0,0,0,0,0,0,0,0,0,0,0,0,0,0,0,0,0,0,0,0,0,0,0,0,0,0,0,0,0,0,0,0,0,0,0,0,0,0,0,0,0,0,0,0,0,0,0,0,0,0,0,0,0,0,0,0,0,0,0,0,0,0,0,0,0,0,0,0,0,0,0,0,0,0,0,0,0,0,0,0,0,0,0,0,0,0,0,0,0,0,0,0,0,0,0,0,0,0,0,0,0,0,0,0,0,0,0,0,0,0,0,0,0,0,0,0,0,0,0,0,0,0,0,0,0,0,0,0,0,0,0,0,0,0,0,0,0,0,0,0,0,0,0,0,0,0,0,0,0,0,0,0,0,0,0,0,0,0,0,0,0,0,0,0,0,0,0,0,0,0,0,0,0,0,0,0,0,0,0,0,0,0,0,0,0,0,0,0,0,0,0,0,0,0,0,0,0,0,0,0,0,0,0,0,0,0,0,0,0,0,0,0,0,0,0,0,0,0,0,0,0,0,0,0,0,0,0,0,0,0,0,0,0,0,0,0,0,0,0,0,0,0,0,0,0,0,0,0,0,0,0,0,0,0,0,0,0,0,0,0,0,0,0,0,0,0,0,0,0,0,0,0,0,0,0,0,0,0,0,0,0,0,0,0,0,0,0,0,0,0,0,0,0,0,0,0,0,0,0,0,0,0,0,0,0,0,0,0,0,0,0,0,0,0,0,0,0,0,0,0,0,0,0,0,0,0,0,0,0,0,0,0,0,0,0,0,0,0,0,0,0,0,0,0,0,0,0,0,0,0,0,0,0,0,0,0,0,0,0,0,0,0,0,0,0,0,0,0,0,0,0,0,0,0,0,0,0,0,0,0,0,0,0,0,0,0,0,0,0,0,0,0,0,0,0,0,0,0,0,0,0,0,0,0,0,0,0,0,0,0,0,0,0,0,0,0,0,0,0,0,0,0,0,0,0,0,0,0,0,0,0,0,0,0,0,0,0,0,0,0,0,0,0,0,0,0,0,0,0,0,0,0,0,0,0,0,0,0,0,0,0,0,0,0,0,0,0,0,0,0,0,0,0,0,0,0,0,0,0,0,0,0,0,0,0,0,0,0,0,0,0,0,0,0,0,0,0,0,0,0,0,0,0,0,0,0,0,0,0,0,0,0,0,0,0,0,0,0,0,0,0,0,0,0,0,0,0,0,0,0,0,0,0,0,0,0,0,0,0,0,0,0,0,0,0,0,0,0,0,0,0,0,0,0,0,0,0,0,0,0,0,0,0,0,0,0,0,0,0,0,0,0,0,0,0,0,0,0,0,0,0,0,0,0,0,0,0,0,0,0,0,0,0,0,0,0,0,0,0,0,0,0,0,0,0,0,0,0,0,0,0,0,0,0,0,0,0,0,0,0,0,0,0,0,0,0,0,0,0,0,0,0,0,0,0,0,0,0,0,0,0,0,0,0,0,0,0,0,0,0,0,0,0,0,0,0,0,0,0,0,0,0,0,0,0,0,0,0,0,0,0,0,0,0,0,0,0,0,0,0,0,0,0,0,0,0,0,0,0,0,0,0,0,0,0,0,0,0,0,0,0,0,0,0,0,0,0,0,0,0,0,0,0,0,0,0,0,0,0,0,0,0,0,0,0,0,0,0,0,0,0,0,0,0,0,0,0,0,0,0,0,0,0,0,0,0,0,0,0,0,0,0,0,0,0,0,0,0,0,0,0,0,0,0,0,0,0,0,0,0,0,0,0,0,0,0,0,0,0,0,0,0,0,0,0,0,0,0,0,0,0,0,0,0,0,0,0,0,0,0,0,0,0,0,0,0,0,0,0,0,0,0,0,0,0,0,0,0,0,0,0,0,0,0,0,0,0,0,0,0,0,0,0,0,0,0,0,0,0,0,0,0,0,0,0,0,0,0,0,0,0,0,0,0,0,0,0,0,0,0,0,0,0,0,0,0,0,0,0,0,0,0,0,0,0,0,0,0,0,0,0,0,0,0,0,0,0,0,0,0,0,0,0,0,0,0,0,0,0,0,0,0,0,0,0,0,0,0,0,0,0,0,0,0,0,0,0,0,0,0,0,0,0,0,0,0,0,0,0,0,0,0,0,0,0,0,0,0,0,0,0,0,0,0,0,0,0,0,0,0,0,0,0,0,0,0,0,0,0,0,0,0,0,0,0,0,0,0,0,0,0,0,0,0,0,0,0,0,0,0,0,0,0,0,0,0,0,0,0,0,0,0,0,0,0,0,0,0,0,0,0,0,0,0,0,0,0,0,0,0,0,0,0,0,0,0,0,0,0,0,0,0,0,0,0,0,0,0,0,0,0,0,0,0,0,0,0,0,0,0,0,0,0,0,0,0,0,0,0,0,0,0,0,0,0,0,0,0,0,0,0,0,0,0,0,0,0,0,0,0,0,0,0,0,0,0,0,0,0,0,0,0,0,0,0,0,0,0,0,0,0,0,0,0,0,0,0,0,0,0,0,0,0,0,0,0,0,0,0,0,0,0,0,0,0,0,0,0,0,0,0,0,0,0,0,0,0,0,0,0,0,0,0,0,0,0,0,0,0,0,0,0,0,0,0,0,0,0,0,0,0,0,0,0,0,0,0,0,0,0,0,0,0,0,0,0,0,0,0,0,0,0,0,0,0,0,0,0,0,0,0,0,0,0,0,0,0,0,0,0,0,0,0,0,0,0,0,0,0,0,0,0,0,0,0,0,0,0,0,0,0,0,0,0,0,0,0,0,0,0,0,0,0,0,0,0,0,0,0,0,0,0,0,0,0,0,0,0,0,0,0,0,0,0,0,0,0,0,0,0,0,0,0,0,0,0,0,0,0,0,0,0,0,0,0,0,0,0,0,0,0,0,0,0,0,0,0,0,0,0,0,0,0,0,0,0,0,0,0,0,0,0,0,0,0,0,0,0,0,0,0,0,0,0,0,0,0,0,0,0,0,0,0,0,0,0,0,0,0,0,0,0,0,0,0,0,0,0,0,0,0,0,0,0,0,0,0,0,0,0,0,0,0,0,0,0,0,0,0,0,0,0,0,0,0,0,0,0,0,0,0,0,0,0,0,0,0,0,0,0,0,0,0,0,0,0,0,0,0,0,0,0,0,0,0,0,0,0,0,0,0,0,0,0,0,0,0,0,0,0,0,0,0,0,0,0,0,0,0,0,0,0,0,0,0,0,0,0,0,0,0,0,0,0,0,0,0,0,0,0,0,0,0,0,0,0,0,0,0,0,0,0,0,0,0,0,0,0,0,0,0,0,0,0,0,0,0,0,0,0,0,0,0,0,0,0,0,0,0,0,0,0,0,0,0,0,0,0,0,0,0,0,0,0,0,0,0,0,0,0,0,0,0,0,0,0,0,0,0,0,0,0,0,0,0,0,0,0,0,0,0,0,0,0,0,0,0,0,0,0,0,0,0,0,0,0,0,0,0,0,0,0,0,0,0,0,0,0,0,0,0,0,0,0,0,0,0,0,0,0,0,0,0,0,0,0,0,0,0,0,0,0,0,0,0,0,0,0,0,0,0,0,0,0,0,0,0,0,0,0,0,0,0,0,0,0,0,0,0,0,0,0,0,0,0,0,0,0,0,0,0,0,0,0,0,0,0,0,0,0,0,0,0,0,0,0,0,0,0,0,0,0,0,0,0,0,0,0,0,0,0,0,0,0,0,0,0,0,0,0,0,0,0,0,0,0,0,0,0,0,0,0,0,0,0,0,0,0,0,0,0,0,0,0,0,0,0,0,0,0,0,0,0,0,0,0,0,0,0,0,0,0,0,0,0,0,0,0,0,0,0,0,0,0,0,0,0,0,0,0,0,0,0,0,0,0,0,0,0,0,0,0,0,0,0,0,0,0,0,0,0,0,0,0,0,0,0,0,0,0,0,0,0,0,0,0,0,0,0,0,0,0,0,0,0,0,0,0,0,0,0,0,0,0,0,0,0,0,0,0,0,0,0,0,0,0,0,0,0,0,0,0,0,0,0,0,0,0,0,0,0,0,0,0,0,0,0,0,0,0,0,0,0,0,0,0,0,0,0,0,0,0,0,0,0,0,0,0,0,0,0,0,0,0,0,0,0,0,0,0,0,0,0,0,0,0,0,0,0,0,0,0,0,0,0,0,0,0,0,0,0,0,0,0,0,0,0,0,0,0,0,0,0,0,0,0,0,0,0,0,0,0,0,0,0,0,0,0,0,0,0,0,0,0,0,0,0,0,0,0,0,0,0,0,0,0,0,0,0,0,0,0,0,0,0,0,0,0,0,0,0,0,0,0,0,0,0,0,0,0,0,0,0,0,0,0,0,0,0,0,0,0,0,0,0,0,0,0,0,0,0,0,0,0,0,0,0,0,0,0,0,0,0,0,0,0,0,0,0,0,0,0,0,0,0,0,0,0,0,0,0,0,0,0,0,0,0,0,0,0,0,0,0,0,0,0,0,0,0,0,0,0,0,0,0,0,0,0,0,0,0,0,0,0,0,0,0,0,0,0,0,0,0,0,0,0,0,0,0,0,0,0,0,0,0,0,0,0,0,0,0,0,0,0,0,0,0,0,0,0,0,0,0,0,0,0,0,0,0,0,0,0,0,0,0,0,0,0,0,0,0,0,0,0,0,0,0,0,0,0,0,0,0,0,0,0,0,0,0,0,0,0,0,0,0,0,0,0,0,0,0,0,0,0,0,0,0,0,0,0,0,0,0,0,0,0,0,0,0,0,0,0,0,0,0,0,0,0,0,0,0,0,0,0,0,0,0,0,0,0,0,0,0,0,0,0,0,0,0,0,0,0,0,0,0,0,0,0,0,0,0,0,0,0,0,0,0,0,0,0,0,0,0,0,0,0,0,0,0,0,0,0,0,0,0,0,0,0,0,0,0,0,0,0,0,0,0,0,0,0,0,0,0,0,0,0,0,0,0,0,0,0,0,0,0,0,0,0,0,0,0,0,0,0,0,0,0,0,0,0,0,0,0,0,0,0,0,0,0,0,0,0,0,0,0,0,0,0,0,0,0,0,0,0,0,0,0,0,0,0,0,0,0,0,0,0,0,0,0,0,0,0,0,0,0,0,0,0,0,0,0,0,0,0,0,0,0,0,0,0,0,0,0,0,0,0,0,0,0,0,0,0,0,0,0,0,0,0,0,0,0,0,0,0,0,0,0,0,0,0,0,0,0,0,0,0,0,0,0,0,0,0,0,0,0,0,0,0,0,0,0,0,0,0,0,0,0,0,0,0,0,0,0,0,0,0,0,0,0,0,0,0,0,0,0,0,0,0,0,0,0,0,0,0,0,0,0,0,0,0,0,0,0,0,0,0,0,0,0,0,0,0,0,0,0,0,0,0,0,0,0,0,0,0,0,0,0,0,0,0,0,0,0,0,0,0,0,0,0,0,0,0,0,0,0,0,0,0,0,0,0,0,0,0,0,0,0,0,0,0,0,0,0,0,0,0,0,0,0,0,0,0,0,0,0,0,0,0,0,0,0,0,0,0,0,0,0,0,0,0,0,0,0,0,0,0,0,0,0,0,0,0,0,0,0,0,0,0,0,0,0,0,0,0,0,0,0,0,0,0,0,0,0,0,0,0,0,0,0,0,0,0,0,0,0,0,0,0,0,0,0,0,0,0,0,0,0,0,0,0,0,0,0,0,0,0,0,0,0,0,0,0,0,0,0,0,0,0,0,0,0,0,0,0,0,0,0,0,0,0,0,0,0,0,0,0,0,0,0,0,0,0,0,0,0,0,0,0,0,0,0,0,0,0,0,0,0,0,0,0,0,0,0,0,0,0,0,0,0,0,0,0,0,0,0,0,0,0,0,0,0,0,0,0,0,0,0,0,0,0,0,0,0,0,0,0,0,0,0,0,0,0,0,0,0,0,0,0,0,0,0,0,0,0,0,0,0,0,0,0,0,0,0,0,0,0,0,0,0,0,0,0,0,0,0,0,0,0,0,0,0,0,0,0,0,0,0,0,0,0,0,0,0,0,0,0,0,0,0,0,0,0,0,0,0,0,0,0,0,0,0,0,0,0,0,0,0,0,0,0,0,0,0,0,0,0,0,0,0,0,0,0,0,0,0,0,0,0,0,0,0,0,0,0,0,0,0,0,0,0,0,0,0,0,0,0,0,0,0,0,0,0,0,0,0,0,0,0,0,0,0,0,0,0,0,0,0,0,0,0,0,0,0,0,0,0,0,0,0,0,0,0,0,0,0,0,0,0,0,0,0,0,0,0,0,0,0,0,0,0,0,0,0,0,0,0,0,0,0,0,0,0,0,0,0,0,0,0,0,0,0,0,0,0,0,0,0,0,0,0,0,0,0,0,0,0,0,0,0,0,0,0,0,0,0,0,0,0,0,0,0,0,0,0,0,0,0,0,0,0,0,0,0,0,0,0,0,0,0,0,0,0,0,0,0,0,0,0,0,0,0,0,0,0,0,0,0,0,0,0,0,0,0,0,0,0,0,0,0,0,0,0,0,0,0,0,0,0,0,0,0,0,0,0,0,0,0,0,0,0,0,0,0,0,0,0,0,0,0,0,0,0,0,0,0,0,0,0,0,0,0,0,0,0,0,0,0,0,0,0,0,0,0,0,0,0,0,0,0,0,0,0,0,0,0,0,0,0,0,0,0,0,0,0,0,0,0,0,0,0,0,0,0,0,0,0,0,0,0,0,0,0,0,0,0,0,0,0,0,0,0,0,0,0,0,0,0,0,0,0,0,0,0,0,0,0,0,0,0,0,0,0,0,0,0,0,0,0,0,0,0,0,0,0,0,0,0,0,0,0,0,0,0,0,0,0,0,0,0,0,0,0,0,0,0,0,0,0,0,0,0,0,0,0,0,0,0,0,0,0,0,0,0,0,0,0,0,0,0,0,0,0,0,0,0,0,0,0,0,0,0,0,0,0,0,0,0,0,0,0,0,0,0,0,0,0,0,0,0,0,0,0,0,0,0,0,0,0,0,0,0,0,0,0,0,0,0,0,0,0,0,0,0,0,0,0,0,0,0,0,0,0,0,0,0,0,0,0,0,0,0,0,0,0,0,0,0,0,0,0,0,0,0,0,0,0,0,0,0,0,0,0,0,0,0,0,0,0,0,0,0,0,0,0,0,0,0,0,0,0,0,0,0,0,0,0,0,0,0,0,0,0,0,0,0,0,0,0,0,0,0,0,0,0,0,0,0,0,0,0,0,0,0,0,0,0,0,0,0,0,0,0,0,0,0,0,0,0,0,0,0,0,0,0,0,0,0,0,0,0,0,0,0,0,0,0,0,0,0,0,0,0,0,0,0,0,0,0,0,0,0,0,0,0,0,0,0,0,0,0,0,0,0,0,0,0,0,0,0,0,0,0,0,0,0,0,0,0,0,0,0,0,0,0,0,0,0,0,0,0,0,0,0,0,0,0,0,0,0,0,0,0,0,0,0,0,0,0,0,0,0,0,0,0,0,0,0,0,0,0,0,0,0,0,0,0,0,0,0,0,0,0,0,0,0,0,0,0,0,0,0,0,0,0,0,0,0,0,0,0,0,0,0,0,0,0,0,0,0,0,0,0,0,0,0,0,0,0,0,0,0,0,0,0,0,0,0,0,0,0,0,0,0,0,0,0,0,0,0,0,0,0,0,0,0,0,0,0,0,0,0,0,0,0,0,0,0,0,0,0,0,0,0,0,0,0,0,0,0,0,0,0,0,0,0,0,0,0,0,0,0,0,0,0,0,0,0,0,0,0,0,0,0,0,0,0,0,0,0,0,0,0,0,0,0,0,0,0,0,0,0,0,0,0,0,0,0,0,0,0,0,0,0,0,0,0,0,0,0,0,0,0,0,0,0,0,0,0,0,0,0,0,0,0,0,0,0,0,0,0,0,0,0,0,0,0,0,0,0,0,0,0,0,0,0,0,0,0,0,0,0,0,0,0,0,0,0,0,0,0,0,0,0,0,0,0,0,0,0,0,0,0,0,0,0,0,0,0,0,0,0,0,0,0,0,0,0,0,0,0,0,0,0,0,0,0,0,0,0,0,0,0,0,0,0,0,0,0,0,0,0,0,0,0,0,0,0,0,0,0,0,0,0,0,0,0,0,0,0,0,0,0,0,0,0,0,0,0,0,0,0,0,0,0,0,0,0,0,0,0,0,0,0,0,0,0,0,0,0,0,0,0,0,0,0,0,0,0,0,0,0,0,0,0,0,0,0,0,0,0,0,0,0,0,0,0,0,0,0,0,0,0,0,0,0,0,0,0,0,0,0,0,0,0,0,0,0,0,0,0,0,0,0,0,0,0,0,0,0,0,0,0,0,0,0,0,0,0,0,0,0,0,0,0,0,0,0,0,0,0,0,0,0,0,0,0,0,0,0,0,0,0,0,0,0,0,0,0,0,0,0,0,0,0,0,0,0,0,0,0,0,0,0,0,0,0,0,0,0,0,0,0,0,0,0,0,0,0,0,0,0,0,0,0,0,0,0,0,0,0,0,0,0,0,0,0,0,0,0,0,0,0,0,0,0,0,0,0,0,0,0,0,0,0,0,0,0,0,0,0,0,0,0,0,0,0,0,0,0,0,0,0,0,0,0,0,0,0,0,0,0,0,0,0,0,0,0,0,0,0,0,0,0,0,0,0,0,0,0,0,0,0,0,0,0,0,0,0,0,0,0,0,0,0,0,0,0,0,0,0,0,0,0,0,0,0,0,0,0,0,0,0,0,0,0,0,0,0,0,0,0,0,0,0,0,0,0,0,0,0,0,0,0,0,0,0,0,0,0,0,0,0,0,0,0,0,0,0,0,0,0,0,0,0,0,0,0,0,0,0,0,0,0,0,0,0,0,0,0,0,0,0,0,0,0,0,0,0,0,0,0,0,0,0,0,0,0,0,0,0,0,0,0,0,0,0,0,0,0,0,0,0,0,0,0,0,0,0,0,0,0,0,0,0,0,0,0,0,0,0,0,0,0,0,0,0,0,0,0,0,0,0,0,0,0,0,0,0,0,0,0,0,0,0,0,0,0,0,0,0,0,0,0,0,0,0,0,0,0,0,0,0,0,0,0,0,0,0,0,0,0,0,0,0,0,0,0,0,0,0,0,0,0,0,0,0,0,0,0,0,0,0,0,0,0,0,0,0,0,0,0,0,0,0,0,0,0,0,0,0,0,0,0,0,0,0,0,0,0,0,0,0,0,0,0,0,0,0,0,0,0,0,0,0,0,0,0,0,0,0,0,0,0,0,0,0,0,0,0,0,0,0,0,0,0,0,0,0,0,0,0,0,0,0,0,0,0,0,0,0,0,0,0,0,0,0,0,0,0,0,0,0,0,0,0,0,0,0,0,0,0,0,0,0,0,0,0,0,0,0,0,0,0,0,0,0,0,0,0,0,0,0,0,0,0,0,0,0,0,0,0,0,0,0,0,0,0,0,0,0,0,0,0,0,0,0,0,0,0,0,0,0,0,0,0,0,0,0,0,0,0,0,0,0,0,0,0,0,0,0,0,0,0,0,0,0,0,0,0,0,0,0,0,0,0,0,0,0,0,0,0,0,0,0,0,0,0,0,0,0,0,0,0,0,0,0,0,0,0,0,0,0,0,0,0,0,0,0,0,0,0,0,0,0,0,0,0,0,0,0,0,0,0,0,0,0,0,0,0,0,0,0,0,0,0,0,0,0,0,0,0,0,0,0,0,0,0,0,0,0,0,0,0,0,0,0,0,0,0,0,0,0,0,0,0,0,0,0,0,0,0,0,0,0,0,0,0,0,0,0,0,0,0,0,0,0,0,0,0,0,0,0,0,0,0,0,0,0,0,0,0,0,0,0,0,0,0,0,0,0,0,0,0,0,0,0,0,0,0,0,0,0,0,0,0,0,0,0,0,0,0,0,0,0,0,0,0,0,0,0,0,0,0,0,0,0,0,0,0,0,0,0,0,0,0,0,0,0,0,0,0,0,0,0,0,0,0,0,0,0,0,0,0,0,0,0,0,0,0,0,0,0,0,0,0,0,0,0,0,0,0,0,0,0,0,0,0,0,0,0,0,0,0,0,0,0,0,0,0,0,0,0,0,0,0,0,0,0,0,0,0,0,0,0,0,0,0,0,0,0,0,0,0,0,0,0,0,0,0,0,0,0,0,0,0,0,0,0,0,0,0,0,0,0,0,0,0,0,0,0,0,0,0,0,0,0,0,0,0,0,0,0,0,0,0,0,0,0,0,0,0,0,0,0,0,0,0,0,0,0,0,0,0,0,0,0,0,0,0,0,0,0,0,0,0,0,0,0,0,0,0,0,0,0,0,0,0,0,0,0,0,0,0,0,0,0,0,0,0,0,0,0,0,0,0,0,0,0,0,0,0,0,0,0,0,0,0,0,0,0,0,0,0,0,0,0,0,0,0,0,0,0,0,0,0,0,0,0,0,0,0,0,0,0,0,0,0,0,0,0,0,0,0,0,0,0,0,0,0,0,0,0,0,0,0,0,0,0,0,0,0,0,0,0,0,0,0,0,0,0,0,0,0,0,0,0,0,0,0,0,0,0,0,0,0,0,0,0,0,0,0,0,0,0,0,0,0,0,0,0,0,0,0,0,0,0,0,0,0,0,0,0,0,0,0,0,0,0,0,0,0,0,0,0,0,0,0,0,0,0,0,0,0,0,0,0,0,0,0,0,0,0,0,0,0,0,0,0,0,0,0,0,0,0,0,0,0,0,0,0,0,0,0,0,0,0,0,0,0,0,0,0,0,0,0,0,0,0,0,0,0,0,0,0,0,0,0,0,0,0,0,0,0,0,0,0,0,0,0,0,0,0,0,0,0,0,0,0,0,0,0,0,0,0,0,0,0,0,0,0,0,0,0,0,0,0,0,0,0,0,0,0,0,0,0,0,0,0,0,0,0,0,0,0,0,0,0,0,0,0,0,0,0,0,0,0,0,0,0,0,0,0,0,0,0,0,0,0,0,0,0,0,0,0,0,0,0,0,0,0,0,0,0,0,0,0,0,0,0,0,0,0,0,0,0,0,0,0,0,0,0,0,0,0,0,0,0,0,0,0,0,0,0,0,0,0,0,0,0,0,0,0,0,0,0,0,0,0,0,0,0,0,0,0,0,0,0,0,0,0,0,0,0,0,0,0,0,0,0,0,0,0,0,0,0,0,0,0,0,0,0,0,0,0,0,0,0,0,0,0,0,0,0,0,0,0,0,0,0,0,0,0,0,0,0,0,0,0,0,0,0,0,0,0,0,0,0,0,0,0,0,0,0,0,0,0,0,0,0,0,0,0,0,0,0,0,0,0,0,0,0,0,0,0,0,0,0,0,0,0,0,0,0,0,0,0,0,0,0,0,0,0,0,0,0,0,0,0,0,0,0,0,0,0,0,0,0,0,0,0,0,0,0,0,0,0,0,0,0,0,0,0,0,0,0,0,0,0,0,0,0,0,0,0,0,0,0,0,0,0,0,0,0,0,0,0,0,0,0,0,0,0,0,0,0,0,0,0,0,0,0,0,0,0,0,0,0,0,0,0,0,0,0,0,0,0,0,0,0,0,0,0,0,0,0,0,0,0,0,0,0,0,0,0,0,0,0,0,0,0,0,0,0,0,0,0,0,0,0,0,0,0,0,0,0,0,0,0,0,0,0,0,0,0,0,0,0,0,0,0,0,0,0,0,0,0,0,0,0,0,0,0,0,0,0,0,0,0,0,0,0,0,0,0,0,0,0,0,0,0,0,0,0,0,0,0,0,0,0,0,0,0,0,0,0,0,0,0,0,0,0,0,0,0,0,0,0,0,0,0,0,0,0,0,0,0,0,0,0,0,0,0,0,0,0,0,0,0,0,0,0,0,0,0,0,0,0,0,0,0,0,0,0,0,0,0,0,0,0,0,0,0,0,0,0,0,0,0,0,0,0,0,0,0,0,0,0,0,0,0,0,0,0,0,0,0,0,0,0,0,0,0,0,0,0,0,0,0,0,0,0,0,0,0,0,0,0,0,0,0,0,0,0,0,0,0,0,0,0,0,0,0,0,0,0,0,0,0,0,0,0,0,0,0,0,0,0,0,0,0,0,0,0,0,0,0,0,0,0,0,0,0,0,0,0,0,0,0,0,0,0,0,0,0,0,0,0,0,0,0,0,0,0,0,0,0,0,0,0,0,0,0,0,0,0,0,0,0,0,0,0,0,0,0,0,0,0,0,0,0,0,0,0,0,0,0,0,0,0,0,0,0,0,0,0,0,0,0,0,0,0,0,0,0,0,0,0,0,0,0,0,0,0,0,0,0,0,0,0,0,0,0,0,0,0,0,0,0,0,0,0,0,0,0,0,0,0,0,0,0,0,0,0,0,0,0,0,0,0,0,0,0,0,0,0,0,0,0,0,0,0,0,0,0,0,0,0,0,0,0,0,0,0,0,0,0,0,0,0,0,0,0,0,0,0,0,0,0,0,0,0,0,0,0,0,0,0,0,0,0,0,0,0,0,0,0,0,0,0,0,0,0,0,0,0,0,0,0,0,0,0,0,0,0,0,0,0,0,0,0,0,0,0,0,0,0,0,0,0,0,0,0,0,0,0,0,0,0,0,0,0,0,0,0,0,0,0,0,0,0,0,0,0,0,0,0,0,0,0,0,0,0,0,0,0,0,0,0,0,0,0,0,0,0,0,0,0,0,0,0,0,0,0,0,0,0,0,0,0,0,0,0,0,0,0,0,0,0,0,0,0,0,0,0,0,0,0,0,0,0,0,0,0,0,0,0,0,0,0,0,0,0,0,0,0,0,0,0,0,0,0,0,0,0,0,0,0,0,0,0,0,0,0,0,0,0,0,0,0,0,0,0,0,0,0,0,0,0,0,0,0,0,0,0,0,0,0,0,0,0,0,0,0,0,0,0,0,0,0,0,0,0,0,0,0,0,0,0,0,0,0,0,0,0,0,0,0,0,0,0,0,0,0,0,0,0,0,0,0,0,0,0,0,0,0,0,0,0,0,0,0,0,0,0,0,0,0,0,0,0,0,0,0,0,0,0,0,0,0,0,0,0,0,0,0,0,0,0,0,0,0,0,0,0,0,0,0,0,0,0,0,0,0,0,0,0,0,0,0,0,0,0,0,0,0,0,0,0,0,0,0,0,0,0,0,0,0,0,0,0,0,0,0,0,0,0,0,0,0,0,0,0,0,0,0,0,0,0,0,0,0,0,0,0,0,0,0,0,0,0,0,0,0,0,0,0,0,0,0,0,0,0,0,0,0,0,0,0,0,0,0,0,0,0,0,0,0,0,0,0,0,0,0,0,0,0,0,0,0,0,0,0,0,0,0,0,0,0,0,0,0,0,0,0,0,0,0,0,0,0,0,0,0,0,0,0,0,0,0,0,0,0,0,0,0,0,0,0,0,0,0,0,0,0,0,0,0,0,0,0,0,0,0,0,0,0,0,0,0,0,0,0,0,0,0,0,0,0,0,0,0,0,0,0,0,0,0,0,0,0,0,0,0,0,0,0,0,0,0,0,0,0,0,0,0,0,0,0,0,0,0,0,0,0,0,0,0,0,0,0,0,0,0,0,0,0,0,0,0,0,0,0,0,0,0,0,0,0,0,0,0,0,0,0,0,0,0,0,0,0,0,0,0,0,0,0,0,0,0,0,0,0,0,0,0,0,0,0,0,0,0,0,0,0,0,0,0,0,0,0,0,0,0,0,0,0,0,0,0,0,0,0,0,0,0,0,0,0,0,0,0,0,0,0,0,0,0,0,0,0,0,0,0,0,0,0,0,0,0,0,0,0,0,0,0,0,0,0,0,0,0,0,0,0,0,0,0,0,0,0,0,0,0,0,0,0,0,0,0,0,0,0,0,0,0,0,0,0,0,0,0,0,0,0,0,0,0,0,0,0,0,0,0,0,0,0,0,0,0,0,0,0,0,0,0,0,0,0,0,0,0,0,0,0,0,0,0,0,0,0,0,0,0,0,0,0,0,0,0,0,0,0,0,0,0,0,0,0,0,0,0,0,0,0,0,0,0,0,0,0,0,0,0,0,0,0,0,0,0,0,0,0,0,0,0,0,0,0,0,0,0,0,0,0,0,0,0,0,0,0,0,0,0,0,0,0,0,0,0,0,0,0,0,0,0,0,0,0,0,0,0,0,0,0,0,0,0,0,0,0,0,0,0,0,0,0,0,0,0,0,0,0,0,0,0,0,0,0,0,0,0,0,0,0,0,0,0,0,0,0,0,0,0,0,0,0,0,0,0,0,0,0,0,0,0,0,0,0,0,0,0,0,0,0,0,0,0,0,0,0,0,0,0,0,0,0,0,0,0,0,0,0,0,0,0,0,0,0,0,0,0,0,0,0,0,0,0,0,0,0,0,0,0,0,0,0,0,0,0,0,0,0,0,0,0,0,0,0,0,0,0,0,0,0,0,0,0,0,0,0,0,0,0,0,0,0,0,0,0,0,0,0,0,0,0,0,0,0,0,0,0,0,0,0,0,0,0,0,0,0,0,0,0,0,0,0,0,0,0,0,0,0,0,0,0,0,0,0,0,0,0,0,0,0,0,0,0,0,0,0,0,0,0,0,0,0,0,0,0,0,0,0,0,0,0,0,0,0,0,0,0,0,0,0,0,0,0,0,0,0,0,0,0,0,0,0,0,0,0,0,0,0,0,0,0,0,0,0,0,0,0,0,0,0,0,0,0,0,0,0,0,0,0,0,0,0,0,0,0,0,0,0,0,0,0,0,0,0,0,0,0,0,0,0,0,0,0,0,0,0,0,0,0,0,0,0,0,0,0,0,0,0,0,0,0,0,0,0,0,0,0,0,0,0,0,0,0,0,0,0,0,0,0,0,0,0,0,0,0,0,0,0,0,0,0,0,0,0,0,0,0,0,0,0,0,0,0,0,0,0,0,0,0,0,0,0,0,0,0,0,0,0,0,0,0,0,0,0,0,0,0,0,0,0,0,0,0,0,0,0,0,0,0,0,0,0,0,0,0,0,0,0,0,0,0,0,0,0,0,0,0,0,0,0,0,0,0,0,0,0,0,0,0,0,0,0,0,0,0,0,0,0,0,0,0,0,0,0,0,0,0,0,0,0,0,0,0,0,0,0,0,0,0,0,0,0,0,0,0,0,0,0,0,0,0,0,0,0,0,0,0,0,0,0,0,0,0,0,0,0,0,0,0,0,0,0,0,0,0,0,0,0,0,0,0,0,0,0,0,0,0,0,0,0,0,0,0,0,0,0,0,0,0,0,0,0,0,0,0,0,0,0,0,0,0,0,0,0,0,0,0,0,0,0,0,0,0,0,0,0,0,0,0,0,0,0,0,0,0,0,0,0,0,0,0,0,0,0,0,0,0,0,0,0,0,0,0,0,0,0,0,0,0,0,0,0,0,0,0,0,0,0,0,0,0,0,0,0,0,0,0,0,0,0,0,0,0,0,0,0,0,0,0,0,0,0,0,0,0,0,0,0,0,0,0,0,0,0,0,0,0,0,0,0,0,0,0,0,0,0,0,0,0,0,0,0,0,0,0,0,0,0,0,0,0,0,0,0,0,0,0,0,0,0,0,0,0,0,0,0,0,0,0,0,0,0,0,0,0,0,0,0,0,0,0,0,0,0,0,0,0,0,0,0,0,0,0,0,0,0,0,0,0,0,0,0,0,0,0,0,0,0,0,0,0,0,0,0,0,0,0,0,0,0,0,0,0,0,0,0,0,0,0,0,0,0,0,0,0,0,0,0,0,0,0,0,0,0,0,0,0,0,0,0,0,0,0,0,0,0,0,0,0,0,0,0,0,0,0,0,0,0,0,0,0,0,0,0,0,0,0,0,0,0,0,0,0,0,0,0,0,0,0,0,0,0,0,0,0,0,0,0,0,0,0,0,0,0,0,0,0,0,0,0,0,0,0,0,0,0,0,0,0,0,0,0,0,0,0,0,0,0,0,0,0,0,0,0,0,0,0,0,0,0,0,0,0,0,0,0,0,0,0,0,0,0,0,0,0,0,0,0,0,0,0,0,0,0,0,0,0,0,0,0,0,0,0,0,0,0,0,0,0,0,0,0,0,0,0,0,0,0,0,0,0,0,0,0,0,0,0,0,0,0,0,0,0,0,0,0,0,0,0,0,0,0,0,0,0,0,0,0,0,0,0,0,0,0,0,0,0,0,0,0,0,0,0,0,0,0,0,0,0,0,0,0,0,0,0,0,0,0,0,0,0,0,0,0,0,0,0,0,0,0,0,0,0,0,0,0,0,0,0,0,0,0,0,0,0,0,0,0,0,0,0,0,0,0,0,0,0,0,0,0,0,0,0,0,0,0,0,0,0,0,0,0,0,0,0,0,0,0,0,0,0,0,0,0,0,0,0,0,0,0,0,0,0,0,0,0,0,0,0,0,0,0,0,0,0,0,0,0,0,0,0,0,0,0,0,0,0,0,0,0,0,0,0,0,0,0,0,0,0,0,0,0,0,0,0,0,0,0,0,0,0,0,0,0,0,0,0,0,0,0,0,0,0,0,0,0,0,0,0,0,0,0,0,0,0,0,0,0,0,0,0,0,0,0,0,0,0,0,0,0,0,0,0,0,0,0,0,0,0,0,0,0,0,0,0,0,0,0,0,0,0,0,0,0,0,0,0,0,0,0,0,0,0,0,0,0,0,0,0,0,0,0,0,0,0,0,0,0,0,0,0,0,0,0,0,0,0,0,0,0,0,0,0,0,0,0,0,0,0,0,0,0,0,0,0,0,0,0,0,0,0,0,0,0,0,0,0,0,0,0,0,0,0,0,0,0,0,0,0,0,0,0,0,0,0,0,0,0,0,0,0,0,0,0,0,0,0,0,0,0,0,0,0,0,0,0,0,0,0,0,0,0,0,0,0,0,0,0,0,0,0,0,0,0,0,0,0,0,0,0,0,0,0,0,0,0,0,0,0,0,0,0,0,0,0,0,0,0,0,0,0,0,0,0,0,0,0,0,0,0,0,0,0,0,0,0,0,0,0,0,0,0,0,0,0,0,0,0,0,0,0,0,0,0,0,0,0,0,0,0,0,0,0,0,0,0,0,0,0,0,0,0,0,0,0,0,0,0,0,0,0,0,0,0,0,0,0,0,0,0,0,0,0,0,0,0,0,0,0,0,0,0,0,0,0,0,0,0,0,0,0,0,0,0,0,0,0,0,0,0,0,0,0,0,0,0,0,0,0,0,0,0,0,0,0,0,0,0,0,0,0,0,0,0,0,0,0,0,0,0,0,0,0,0,0,0,0,0,0,0,0,0,0,0,0,0,0,0,0,0,0,0,0,0,0,0,0,0,0,0,0,0,0,0,0,0,0,0,0,0,0,0,0,0,0,0,0,0,0,0,0,0,0,0,0,0,0,0,0,0,0,0,0,0,0,0,0,0,0,0,0,0,0,0,0,0,0,0,0,0,0,0,0,0,0,0,0,0,0,0,0,0,0,0,0,0,0,0,0,0,0,0,0,0,0,0,0,0,0,0,0,0,0,0,0,0,0,0,0,0,0,0,0,0,0,0,0,0,0,0,0,0,0,0,0,0,0,0,0,0,0,0,0,0,0,0,0,0,0,0,0,0,0,0,0,0,0,0,0,0,0,0,0,0,0,0,0,0,0,0,0,0,0,0,0,0,0,0,0,0,0,0,0,0,0,0,0,0,0,0,0,0,0,0,0,0,0,0,0,0,0,0,0,0,0,0,0,0,0,0,0,0,0,0,0,0,0,0,0,0,0,0,0,0,0,0,0,0,0,0,0,0,0,0,0,0,0,0,0,0,0,0,0,0,0,0,0,0,0,0,0,0,0,0,0,0,0,0,0,0,0,0,0,0,0,0,0,0,0,0,0,0,0,0,0,0,0,0,0,0,0,0,0,0,0,0,0,0,0,0,0,0,0,0,0,0,0,0,0,0,0,0,0,0,0,0,0,0,0,0,0,0,0,0,0,0,0,0,0,0,0,0,0,0,0,0,0,0,0,0,0,0,0,0,0,0,0,0,0,0,0,0,0,0,0,0,0,0,0,0,0,0,0,0,0,0,0,0,0,0,0,0,0,0,0,0,0,0,0,0,0,0,0,0,0,0,0,0,0,0,0,0,0,0,0,0,0,0,0,0,0,0,0,0,0,0,0,0,0,0,0,0,0,0,0,0,0,0,0,0,0,0,0,0,0,0,0,0,0,0,0,0,0,0,0,0,0,0,0,0,0,0,0,0,0,0,0,0,0,0,0,0,0,0,0,0,0,0,0,0,0,0,0,0,0,0,0,0,0,0,0,0,0,0,0,0,0,0,0,0,0,0,0,0,0,0,0,0,0,0,0,0,0,0,0,0,0,0,0,0,0,0,0,0,0,0,0,0,0,0,0,0,0,0,0,0,0,0,0,0,0,0,0,0,0,0,0,0,0,0,0,0,0,0,0,0,0,0,0,0,0,0,0,0,0,0,0,0,0,0,0,0,0,0,0,0,0,0,0,0,0,0,0,0,0,0,0,0,0,0,0,0,0,0,0,0,0,0,0,0,0,0,0,0,0,0,0,0,0,0,0,0,0,0,0,0,0,0,0,0,0,0,0,0,0,0,0,0,0,0,0,0,0,0,0,0,0,0,0,0,0,0,0,0,0,0,0,0,0,0,0,0,0,0,0,0,0,0,0,0,0,0,0,0,0,0,0,0,0,0,0,0,0,0,0,0,0,0,0,0,0,0,0,0,0,0,0,0,0,0,0,0,0,0,0,0,0,0,0,0,0,0,0,0,0,0,0,0,0,0,0,0,0,0,0,0,0,0,0,0,0,0,0,0,0,0,0,0,0,0,0,0,0,0,0,0,0,0,0,0,0,0,0,0,0,0,0,0,0,0,0,0,0,0,0,0,0,0,0,0,0,0,0,0,0,0,0,0,0,0,0,0,0,0,0,0,0,0,0,0,0,0,0,0,0,0,0,0,0,0,0,0,0,0,0,0,0,0,0,0,0,0,0,0,0,0,0,0,0,0,0,0,0,0,0,0,0,0,0,0,0,0,0,0,0,0,0,0,0,0,0,0,0,0,0,0,0,0,0,0,0,0,0,0,0,0,0,0,0,0,0,0,0,0,0,0,0,0,0,0,0,0,0,0,0,0,0,0,0,0,0,0,0,0,0,0,0,0,0,0,0,0,0,0,0,0,0,0,0,0,0,0,0,0,0,0,0,0,0,0,0,0,0,0,0,0,0,0,0,0,0,0,0,0,0,0,0,0,0,0,0,0,0,0,0,0,0,0,0,0,0,0,0,0,0,0,0,0,0,0,0,0,0,0,0,0,0,0,0,0,0,0,0,0,0,0,0,0,0,0,0,0,0,0,0,0,0,0,0,0,0,0,0,0,0,0,0,0,0,0,0,0,0,0,0,0,0,0,0,0,0,0,0,0,0,0,0,0,0,0,0,0,0,0,0,0,0,0,0,0,0,0,0,0,0,0,0,0,0,0,0,0,0,0,0,0,0,0,0,0,0,0,0,0,0,0,0,0,0,0,0,0,0,0,0,0,0,0,0,0,0,0,0,0,0,0,0,0,0,0,0,0,0,0,0,0,0,0,0,0,0,0,0,0,0,0,0,0,0,0,0,0,0,0,0,0,0,0,0,0,0,0,0,0,0,0,0,0,0,0,0,0,0,0,0,0,0,0,0,0,0,0,0,0,0,0,0,0,0,0,0,0,0,0,0,0,0,0,0,0,0,0,0,0,0,0,0,0,0,0,0,0,0,0,0,0,0,0,0,0,0,0,0,0,0,0,0,0,0,0,0,0,0,0,0,0,0,0,0,0,0,0,0,0,0,0,0,0,0,0,0,0,0,0,0,0,0,0,0,0,0,0,0,0,0,0,0,0,0,0,0,0,0,0,0,0,0,0,0,0,0,0,0,0,0,0,0,0,0,0,0,0,0,0,0,0,0,0,0,0,0,0,0,0,0,0,0,0,0,0,0,0,0,0,0,0,0,0,0,0,0,0,0,0,0,0,0,0,0,0,0,0,0,0,0,0,0,0,0,0,0,0,0,0,0,0,0,0,0,0,0,0,0,0,0,0,0,0,0,0,0,0,0,0,0,0,0,0,0,0,0,0,0,0,0,0,0,0,0,0,0,0,0,0,0,0,0,0,0,0,0,0,0,0,0,0,0,0,0,0,0,0,0,0,0,0,0,0,0,0,0,0,0,0,0,0,0,0,0,0,0,0,0,0,0,0,0,0,0,0,0,0,0,0,0,0,0,0,0,0,0,0,0,0,0,0,0,0,0,0,0,0,0,0,0,0,0,0,0,0,0,0,0,0,0,0,0,0,0,0,0,0,0,0,0,0,0,0,0,0,0,0,0,0,0,0,0,0,0,0,0,0,0,0,0,0,0,0,0,0,0,0,0,0,0,0,0,0,0,0,0,0,0,0,0,0,0,0,0,0,0,0,0,0,0,0,0,0,0,0,0,0,0,0,0,0,0,0,0,0,0,0,0,0,0,0,0,0,0,0,0,0,0,0,0,0,0,0,0,0,0,0,0,0,0,0,0,0,0,0,0,0,0,0,0,0,0,0,0,0,0,0,0,0,0,0,0,0,0,0,0,0,0,0,0,0,0,0,0,0,0,0,0,0,0,0,0,0,0,0,0,0,0,0,0,0,0,0,0,0,0,0,0,0,0,0,0,0,0,0,0,0,0,0,0,0,0,0,0,0,0,0,0,0,0,0,0,0,0,0,0,0,0,0,0,0,0,0,0,0,0,0,0,0,0,0,0,0,0,0,0,0,0,0,0,0,0,0,0,0,0,0,0,0,0,0,0,0,0,0,0,0,0,0,0,0,0,0,0,0,0,0,0,0,0,0,0,0,0,0,0,0,0,0,0,0,0,0,0,0,0,0,0,0,0,0,0,0,0,0,0,0,0,0,0,0,0,0,0,0,0,0,0,0,0,0,0,0,0,0,0,0,0,0,0,0,0,0,0,0,0,0,0,0,0,0,0,0,0,0,0,0,0,0,0,0,0,0,0,0,0,0,0,0,0,0,0,0,0,0,0,0,0,0,0,0,0,0,0,0,0,0,0,0,0,0,0,0,0,0,0,0,0,0,0,0,0,0,0,0,0,0,0,0,0,0,0,0,0,0,0,0,0,0,0,0,0,0,0,0,0,0,0,0,0,0,0,0,0,0,0,0,0,0,0,0,0,0,0,0,0,0,0,0,0,0,0,0,0,0,0,0,0,0,0,0,0,0,0,0,0,0,0,0,0,0,0,0,0,0,0,0,0,0,0,0,0,0,0,0,0,0,0,0,0,0,0,0,0,0,0,0,0,0,0,0,0,0,0,0,0,0,0,0,0,0,0,0,0,0,0,0,0,0,0,0,0,0,0,0,0,0,0,0,0,0,0,0,0,0,0,0,0,0,0,0,0,0,0,0,0,0,0,0,0,0,0,0,0,0,0,0,0,0,0,0,0,0,0,0,0,0,0,0,0,0,0,0,0,0,0,0,0,0,0,0,0,0,0,0,0,0,0,0,0,0,0,0,0,0,0,0,0,0,0,0,0,0,0,0,0,0,0,0,0,0,0,0,0,0,0,0,0,0,0,0,0,0,0,0,0,0,0,0,0,0,0,0,0,0,0,0,0,0,0,0,0,0,0,0,0,0,0,0,0,0,0,0,0,0,0,0,0,0,0,0,0,0,0,0,0,0,0,0,0,0,0,0,0,0,0,0,0,0,0,0,0,0,0,0,0,0,0,0,0,0,0,0,0,0,0,0,0,0,0,0,0,0,0,0,0,0,0,0,0,0,0,0,0,0,0,0,0,0,0,0,0,0,0,0,0,0,0,0,0,0,0,0,0,0,0,0,0,0,0,0,0,0,0,0,0,0,0,0,0,0,0,0,0,0,0,0,0,0,0,0,0,0,0,0,0,0,0,0,0,0,0,0,0,0,0,0,0,0,0,0,0,0,0,0,0,0,0,0,0,0,0,0,0,0,0,0,0,0,0,0,0,0,0,0,0,0,0,0,0,0,0,0,0,0,0,0,0,0,0,0,0,0,0,0,0,0,0,0,0,0,0,0,0,0,0,0,0,0,0,0,0,0,0,0,0,0,0,0,0,0,0,0,0,0,0,0,0,0,0,0,0,0,0,0,0,0,0,0,0,0,0,0,0,0,0,0,0,0,0,0,0,0,0,0,0,0,0,0,0,0,0,0,0,0,0,0,0,0,0,0,0,0,0,0,0,0,0,0,0,0,0,0,0,0,0,0,0,0,0,0,0,0,0,0,0,0,0,0,0,0,0,0,0,0,0,0,0,0,0,0,0,0,0,0,0,0,0,0,0,0,0,0,0,0,0,0,0,0,0,0,0,0,0,0,0,0,0,0,0,0,0,0,0,0,0,0,0,0,0,0,0,0,0,0,0,0,0,0,0,0,0,0,0,0,0,0,0,0,0,0,0,0,0,0,0,0,0,0,0,0,0,0,0,0,0,0,0,0,0,0,0,0,0,0,0,0,0,0,0,0,0,0,0,0,0,0,0,0,0,0,0,0,0,0,0,0,0,0,0,0,0,0,0,0,0,0,0,0,0,0,0,0,0,0,0,0,0,0,0,0,0,0,0,0,0,0,0,0,0,0,0,0,0,0,0,0,0,0,0,0,0,0,0,0,0,0,0,0,0,0,0,0,0,0,0,0,0,0,0,0,0,0,0,0,0,0,0,0,0,0,0,0,0,0,0,0,0,0,0,0,0,0,0,0,0,0,0,0,0,0,0,0,0,0,0,0,0,0,0,0,0,0,0,0,0,0,0,0,0,0,0,0,0,0,0,0,0,0,0,0,0,0,0,0,0,0,0,0,0,0,0,0,0,0,0,0,0,0,0,0,0,0,0,0,0,0,0,0,0,0,0,0,0,0,0,0,0,0,0,0,0,0,0,0,0,0,0,0,0,0,0,0,0,0,0,0,0,0,0,0,0,0,0,0,0,0,0,0,0,0,0,0,0,0,0,0,0,0,0,0,0,0,0,0,0,0,0,0,0,0,0,0,0,0,0,0,0,0,0,0,0,0,0,0,0,0,0,0,0,0,0,0,0,0,0,0,0,0,0,0,0,0,0,0,0,0,0,0,0,0,0,0,0,0,0,0,0,0,0,0,0,0,0,0,0,0,0,0,0,0,0,0,0,0,0,0,0,0,0,0,0,0,0,0,0,0,0,0,0,0,0,0,0,0,0,0,0,0,0,0,0,0,0,0,0,0,0,0,0,0,0,0,0,0,0,0,0,0,0,0,0,0,0,0,0,0,0,0,0,0,0,0,0,0,0,0,0,0,0,0,0,0,0,0,0,0,0,0,0,0,0,0,0,0,0,0,0,0,0,0,0,0,0,0,0,0,0,0,0,0,0,0,0,0,0,0,0,0,0,0,0,0,0,0,0,0,0,0,0,0,0,0,0,0,0,0,0,0,0,0,0,0,0,0,0,0,0,0,0,0,0,0,0,0,0,0,0,0,0,0,0,0,0,0,0,0,0,0,0,0,0,0,0,0,0,0,0,0,0,0,0,0,0,0,0,0,0,0,0,0,0,0,0,0,0,0,0,0,0,0,0,0,0,0,0,0,0,0,0,0,0,0,0,0,0,0,0,0,0,0,0,0,0,0,0,0,0,0,0,0,0,0,0,0,0,0,0,0,0,0,0,0,0,0,0,0,0,0,0,0,0,0,0,0,0,0,0,0,0,0,0,0,0,0,0,0,0,0,0,0,0,0,0,0,0,0,0,0,0,0,0,0,0,0,0,0,0,0,0,0,0,0,0,0,0,0,0,0,0,0,0,0,0,0,0,0,0,0,0,0,0,0,0,0,0,0,0,0,0,0,0,0,0,0,0,0,0,0,0,0,0,0,0,0,0,0,0,0,0,0,0,0,0,0,0,0,0,0,0,0,0,0,0,0,0,0,0,0,0,0,0,0,0,0,0,0,0,0,0,0,0,0,0,0,0,0,0,0,0,0,0,0,0,0,0,0,0,0,0,0,0,0,0,0,0,0,0,0,0,0,0,0,0,0,0,0,0,0,0,0,0,0,0,0,0,0,0,0,0,0,0,0,0,0,0,0,0,0,0,0,0,0,0,0,0,0,0,0,0,0,0,0,0,0,0,0,0,0,0,0,0,0,0,0,0,0,0,0,0,0,0,0,0,0,0,0,0,0,0,0,0,0,0,0,0,0,0,0,0,0,0,0,0,0,0,0,0,0,0,0,0,0,0,0,0,0,0,0,0,0,0,0,0,0,0,0,0,0,0,0,0,0,0,0,0,0,0,0,0,0,0,0,0,0,0,0,0,0,0,0,0,0,0,0,0,0,0,0,0,0,0,0,0,0,0,0,0,0,0,0,0,0,0,0,0,0,0,0,0,0,0,0,0,0,0,0,0,0,0,0,0,0,0,0,0,0,0,0,0,0,0,0,0,0,0,0,0,0,0,0,0,0,0,0,0,0,0,0,0,0,0,0,0,0,0,0,0,0,0,0,0,0,0,0,0,0,0,0,0,0,0,0,0,0,0,0,0,0,0,0,0,0,0,0,0,0,0,0,0,0,0,0,0,0,0,0,0,0,0,0,0,0,0,0,0,0,0,0,0,0,0,0,0,0,0,0,0,0,0,0,0,0,0,0,0,0,0,0,0,0,0,0,0,0,0,0,0,0,0,0,0,0,0,0,0,0,0,0,0,0,0,0,0,0,0,0,0,0,0,0,0,0,0,0,0,0,0,0,0,0,0,0,0,0,0,0,0,0,0,0,0,0,0,0,0,0,0,0,0,0,0,0,0,0,0,0,0,0,0,0,0,0,0,0,0,0,0,0,0,0,0,0,0,0,0,0,0,0,0,0,0,0,0,0,0,0,0,0,0,0,0,0,0,0,0,0,0,0,0,0,0,0,0,0,0,0,0,0,0,0,0,0,0,0,0,0,0,0,0,0,0,0,0,0,0,0,0,0,0,0,0,0,0,0,0,0,0,0,0,0,0,0,0,0,0,0,0,0,0,0,0,0,0,0,0,0,0,0,0,0,0,0,0,0,0,0,0,0,0,0,0,0,0,0,0,0,0,0,0,0,0,0,0,0,0,0,0,0,0,0,0,0,0,0,0,0,0,0,0,0,0,0,0,0,0,0,0,0,0,0,0,0,0,0,0,0,0,0,0,0,0,0,0,0,0,0,0,0,0,0,0,0,0,0,0,0,0,0,0,0,0,0,0,0,0,0,0,0,0,0,0,0,0,0,0,0,0,0,0,0,0,0,0,0,0,0,0,0,0,0,0,0,0,0,0,0,0,0,0,0,0,0,0,0,0,0,0,0,0,0,0,0,0,0,0,0,0,0,0,0,0,0,0,0,0,0,0,0,0,0,0,0,0,0,0,0,0,0,0,0,0,0,0,0,0,0,0,0,0,0,0,0,0,0,0,0,0,0,0,0,0,0,0,0,0,0,0,0,0,0,0,0,0,0,0,0,0,0,0,0,0,0,0,0,0,0,0,0,0,0,0,0,0,0,0,0,0,0,0,0,0,0,0,0,0,0,0,0,0,0,0,0,0,0,0,0,0,0,0,0,0,0,0,0,0,0,0,0,0,0,0,0,0,0,0,0,0,0,0,0,0,0,0,0,0,0,0,0,0,0,0,0,0,0,0,0,0,0,0,0,0,0,0,0,0,0,0,0,0,0,0,0,0,0,0,0,0,0,0,0,0,0,0,0,0,0,0,0,0,0,0,0,0,0,0,0,0,0,0,0,0,0,0,0,0,0,0,0,0,0,0,0,0,0,0,0,0,0,0,0,0,0,0,0,0,0,0,0,0,0,0,0,0,0,0,0,0,0,0,0,0,0,0,0,0,0,0,0,0,0,0,0,0,0,0,0,0,0,0,0,0,0,0,0,0,0,0,0,0,0,0,0,0,0,0,0,0,0,0,0,0,0,0,0,0,0,0,0,0,0,0,0,0,0,0,0,0,0,0,0,0,0,0,0,0,0,0,0,0,0,0,0,0,0,0,0,0,0,0,0,0,0,0,0,0,0,0,0,0,0,0,0,0,0,0,0,0,0,0,0,0,0,0,0,0,0,0,0,0,0,0,0,0,0,0,0,0,0,0,0,0,0,0,0,0,0,0,0,0,0,0,0,0,0
8,0,35,30,29,4,64,14,4,61,26,13,86,28,11,258,41,35,34,24,11,0,0,40,114,75,57,126,37,15,3,22,31,37,128,36,56,75,29,16,95,71,49,330,41,21,22,204,28,24,26,13,24,3,11,29,33,0,10,60,34,2,30,17,9,1,51,18,8,11,61,12,11,16,156,10,128,16,83,13,74,14,26,96,3,33,71,35,17,47,68,3,20,44,110,12,161,9,236,5,17,14,107,52,1,93,121,13,62,3,12,57,8,6,8,34,0,12,8,6,192,5,5,34,669,5,1,38,11,0,86,59,81,185,70,14,49,62,24,130,3,3,12,12,0,66,33,14,43,1,30,27,69,12,78,7,1,44,171,157,39,97,42,109,28,8,41,94,125,46,64,80,122,12,1,12,36,16,307,13,3,27,82,60,83,21,10,7,28,41,100,16,52,10,49,2,54,11,82,4,4,15,47,19,13,153,11,65,16,161,15,38,196,1,71,19,178,22,25,6,12,46,7,23,10,6,5,11,239,16,7,155,114,3,8,85,38,135,1,60,42,5,204,83,3552,1,12,20,8,42,92,137,26,23,10,41,7,14,18,14,26,37,40,92,1,111,1,30,19,45,55,54,115,11,49,13,11,7,25,47,4,13,146,15,17,41,28,37,16,2,14,58,20,10,27,2,67,19,9,10,24,79,6,10,31,14,19,28,7,37,29,48,43,4,89,29,279,22,21,3,20,4,0,6,62,28,299,43,150,6,11,358,8,35,65,62,69,1,67,3772,22,0,26,3,12,95,6,54,74,3,8,34,3,26,45,36,1,19,5,42,6,13,144,2,0,7,68,29,20,8,7,25,49,12,7,484,790,42,29,7,32,39,78,35,8,3,10,112,163,27,4,176,294,29,21,51,145,10,21,15,11,23,1,6,8,15,25,1,8,55,16,105,37,13,0,21,17,22,28,19,68,65,84,130,23,6,27,5,1,51,9,19,1,39,22,5,38,53,72,6,16,63,168,31,2,145,17,50,7,14,48,14,52,7,2,42,167,0,1,135,9,9,37,20,53,23,45,6,1,58,10,13,16,24,134,8,31,8,27,14,52,10,163,46,13,127,7,0,54,110,10,41,0,36,30,83,7,176,1,78,44,47,39,7,32,19,60,84,291,149,28,134,84,36,153,13,4,25,54,109,28,14,0,4,9,8,21,79,35,14,309,6,61,3,205,77,78,36,0,41,31,13,41,2,55,16,169,62,19,27,188,7,36,26,6,0,20,12,64,9,1,37,98,58,5,49,51,18,5,11,28,14,16,112,17,79,1,273,28,33,33,176,8,11,58,19,6,43,41,73,74,7,3,32,1,22,9,209,0,34,23,39,20,29,18,8,43,26,60,127,58,9,7,15,39,0,17,58,17,0,16,3,37,6,4,13,33,122,8,148,62,6,143,14,24,36,167,55,27,15,16,352,9,44,619,28,22,19,2,6,16,27,81,69,86,67,73,14,3,30,112,175,7,26,23,23,1293,2,10,1345,69,67,20,13,2,25,13,110,73,123,206,21,168,43,64,73,18,30,120,14,40,32,31,10,81,74,5,11,49,16,11,33,289,151,885,5464,14,70,11,69,55,17,2,4,234,24,9,20,59,330,161,37,51,29,84,93,69,84,22,25,57,27,87,1,8,84,4,5,34,10,159,9,62,11,10,26,17,33,1,113,488,37,49,292,50,195,35,125,50,28,65,0,7,55,465,102,54,192,9,89,29,72,26,72,29,87,11,15,98,2,19,17,49,158,30,35,11,3,170,11,7,84,0,11,143,5,44,5,2,57,16,1,69,41,6,0,24,12,6,105,9,588,20,120,7,16,61,39,42,7,7,173,17,930,41,7,32,83,90,26,147,22,121,43,78,18,49,86,14,16,130,19,76,79,92,3,6,5,47,28,16,24,59,130,74,3,96,1,1,68,13,11,41,24,17,47,233,11,12,60,261,21,58,54,20,44,40,180,24,22,170,9,47,5,139,2,92,1,190,1,49,34,43,26,102,12,2,44,1,47,177,17,10,168,26,116,11,185,25,1,124,74,31,98,96,2,7,67,7,54,141,25,204,19,65,3,14,105,52,4,68,88,14,27,51,19,363,2,44,79,203,23,67,85,3,61,6,197,24,25,43,40,238,19,8,31,4,25,91,6,6,61,1,128,37,1,141,87,33,35,2,53,18,33,28,337,48,49,171,11,12,24,37,21,52,37,92,130,74,41,32,4,10,36,54,17,2,21,69,48,2,563,15,1,107,34,43,66,13,156,37,40,0,13,51,54,13,27,7,49,146,622,3,46,67,0,1,33,6,28,91,3,3,206,15,89,5,15,0,10,30,32,75,23,1,53,5,10,149,17,30,67,100,155,13,52,18,15,62,47,48,171,2,3,17,31,7,1,4,58,97,7,3,128,20,3,11,33,24,44,53,3,94,347,42,0,20,150,17,17,15,132,8,9,2,23,8,23,1,64,9,13,104,28,3,110,59,115,4,6,16,44,145,40,6,12,37,12,5,57,9,37,2,4,16,39,6,15,38,38,65,16,45,80,14,29,0,20,22,20,26,57,21,126,32,108,23,42,12,8,3,101,52,165,11,79,27,1,20,7,30,15,14,13,262,41,65,5,45,78,11,108,16,69,26,37,41,20,114,19,37,7,0,57,81,94,30,37,4,62,85,53,0,3,312,77,86,19,3,14,7,7,59,24,9,15,44,56,12,118,2,15,76,485,123,49,42,47,138,590,3,45,11,24,15,13,6,87,73,248,3,66,22,3,12,58,271,57,93,2,7,25,44,2,4,93,0,46,13,141,51,23,2,20,35,6,176,56,39,47,45,83,463,182,46,411,36,89,154,6,46,65,66,6,34,32,228,0,20,5,6,5,5,67,14,26,21,57,12,8,68,29,60,12,0,33,66,17,67,39,39,64,71,14,323,110,27,98,10,40,41,31,6,104,35,16,26,85,201,11,40,12,4,623,18,55,365,1170,28,90,23,25,21,6,26,36,22,55,144,41,21,82,101,81,109,17,28,21,34,15,57,20,68,158,69,132,28,10,49,15,9,31,35,1,21,46,48,51,178,7,0,6,70,118,4,8,28,18,105,117,33,41,26,1,24,17,73,197,5,23,173,262,11,8,3,105,77,39,48,11,43,27,272,23,44,62,39,65,13,55,54,115,14,7,30,4,35,4,64,3,12,89,2,46,0,60,10,152,48,9,0,23,33,74,15,20,4,22,25,94,11,29,68,77,113,134,89,16,41,89,49,38,324,67,14,115,142,116,5,182,17,4,2,26,57,265,4,28,123,51,21,1,21,8,0,6,15,70,161,3,76,58,5,22,39,53,35,26,13,52,83,2,77,14,9,11,21,19,0,2,7,49,9,13,78,5,215,40,31,74,157,23,0,32,25,215,75,2,140,6,15,289,33,52,13,1,33,60,32,11,196,66,5,101,246,92,20,7,12,20,51,20,38,15,68,10,12,16,39,9,438,117,7,25,9,78,23,12,7,101,24,13,52,20,2,63,158,42,19,68,75,1,2,8,127,15,131,116,4,1,3,0,23,55,18,17,31,15,44,89,3,10,264,28,5,182,7,4,59,62,128,35,8,7,4,23,80,108,8,11,4,55,5,20,36,65,12,60,121,23,95,8,5,12,4,36,91,15,19,2,2,741,105,5,3951,14,51,6,8,69,50,68,36,25,8,54,55,572,5,10,145,141,169,1,1,10,7,96,39,5,125,1,43,18,107,6,34,232,70,8,73,17,78,7,81,44,190,76,44,12,29,55,4,38,62,39,0,84,7,44,52,45,0,21,19,48,9,24,63,64,6,219,8,108,17,8,20,4,5,15,51,81,20,75,52,120,120,61,107,1,5,119,1,3,4,38,11,81,13,3,43,78,7,3,48,29,81,28,8,13,36,7,29,99,800,70,9,13,2,21,20,59,31,24,0,16,24,23,19,49,38,187,122,3,79,17,1,23,35,177,51,27,17,192,116,8,9,50,196,19,8,49,4,1,501,3,5,6,32,12,18,9,19,32,0,77,39,5,7,253,139,18,19,2,29,16,18,45,7,8,158,84,2,8,173,180,3,0,8,14,1,5,3,1,4,15,22,5,23,54,31,33,46,51,1,46,379,60,33,2,4,215,47,3,50,34,26,26,8,20,19,8,32,40,115,150,99,87,20,13,145,5,35,103,54,22,12,136,60,24,161,177,20,2,70,10,19,9,1,9,84,54,121,25,61,51,3,46,169,75,4,74,5,7,130,59,32,101,65,60,27,9,11,6,33,5,19,60,43,129,88,397,15,79,20,95,23,107,8,17,5,35,60,39,15,20,185,17,5,24,120,33,15,7,15,15,52,89,4,1,48,39,7,5147,4,42,31,132,3,9,41,0,27,4,80,1,397,88,19,9,22,345,53,3,3,0,58,24,551,8,106,36,6,38,32,1367,40,79,3,84,31,7,8,28,25,131,25,8,65,59,52,21,22,123,28,2,7,132,7,0,9,9,655,75,13,104,85,51,13,2,33,6,9,36,2,31,28,25,7,5,130,249,58,27,4,9,66,32,72,93,0,15,29,16,80,9,0,0,2,22,36,81,4,41,42,49,264,49,23,0,20,2,5,83,18,25,1,34,78,8,11,39,48,77,2,13,30,750,26,204,93,22,14,1,141,23,473,11,47,18,5,15,52,18,28,15,11,1290,75,12,33,10,278,430,21,18,11,17,16,85,20,16,172,27,45,7,140,3,7,17,168,2,11,0,48,12,9,31,38,0,5,48,2,8,31,71,63,12,9,17,77,10,39,36,32,42,4,10,5,66,76,183,49,22,48,167,3,227,12,11,43,77,9,44,53,10,1,120,28,70,0,16,7,112,23,52,32,5,14,54,0,116,172,78,11,17,37,61,33,13,133,6,117,15,1,1128,22,47,16,16,90,69,80,4,52,122,7,44,5,77,105,1,1,8,79,33,83,107,3,113,9,21,22,19,4,161,7,11,65,128,6,38,13,14,91,8,17,3,26,23,5,4,18,50,137,4,57,0,73,34,1454,37,61,123,8,16,99,2,3,3,75,6,24,2,30,9,151,283,69,6,45,32,497,68,59,30,6,80,43,4,1584,21,29,1,46,10,32,250,463,39,68,51,50,21,65,64,271,19,36,29,25,88,317,18,22,12,108,13,6,144,3,14,2,1,40,5,67,49,63,6,131,27,112,16,382,122,10,53,84,4,140,31,41,3,10,87,15,14,6,51,3,26,6,0,6,21,10,319,7,7,1,62,28,3,152,6,10,1,85,82,1,259,1,107,31,41,26,39,225,335,14,2,0,39,267,2,78,14,12,8,3,20,17,47,156,4,11,13,65,71,19,11,67,6,10,4,115,72,38,186,21,58,94,120,250,7,116,0,114,13,9,15,160,43,8,212,45,55,1,30,54,96,125,35,2,68,75,4,103,38,8,20,553,19,154,15,2,10,8,124,134,162,8,5,28,44,128,38,17,17,5,10,5,30,2,23,4,39,34,74,12,203,133,38,3,204,30,21,39,15,97,8,34,26,12,8,1,8,9,7,1,25,29,0,93,80,30,41,23,27,0,36,54,3,37,83,1,49,14,72,47,39,7,72,29,86,13,6,41,2,69,16,63,43,6,32,14,53,31,32,7,46,5,32,45,23,9,0,91,32,42,21,12,21,6,25,206,13,201,0,7,51,11,73,15,1,15,112,7,89,58,42,12,19,5,12,101,6,1,13,12,51,59,31,17,15,480,4,113,29,153,4,21,7,125,83,8,14,5,67,3,8,3,11,63,39,24,453,1,89,42,112,94,42,43,356,34,8,7,14,71,56,62,40,21,347,2,43,38,47,3,116,3,41,17,179,31,41,184,18,1,2,2,30,50,54,145,18,957,9,82,3,82,6,87,17,17,90,8,21,75,89,192,66,28,20,7,50,31,47,73,1221,27,158,31,486,4,250,7,2,22,8,55,1,2,20,147,7,7,19,0,0,65,2,4,89,50,18,3,175,201,6,13,2,166,66,58,9,0,22,22,20,259,21,30,41,21,35,33,40,26,25,21,1,4,270,2,79,69,73,208,2,44,5,10,79,26,1,4,4,24,132,12,11,130,8,54,8,6,12,53,4,31,0,186,1,8,6,376,0,17,32,20,78,3,84,23,7,29,9,261,1,108,52,34,2,1,0,35,47,23,119,32,28,23,24,46,5,5,1,0,30,4,167,23,49,88,13,39,151,75,77,29,11,93,122,77,60,30,8,243,34,22,16,31,39,15,28,32,20,4,70,1,76,174,69,36,59,14,2,1,0,4,0,1,25,81,8,59,76,9,19,7,13,4,37,5,27,6,47,39,58,1,6,0,28,9,16,23,22,2,258,31,147,30,84,11,29,19,149,11,460,38,48,15,172,40,14,70,1,25,18,10,100,6,41,78,5,17,13,14,56,21,27,75,8,43,1,57,10,5,12,153,92,50,94,153,41,3,3267,10,17,5,102,196,1,23,6,31,26,16,25,2,21,16,10,13,67,55,20,73,21,3,17,1,56,18,1,4,13,36,110,14,411,644,48,7,23,3,150,20,7,32,2,91,17,572,43,101,6,93,21,47,38,112,255,4,59,79,6,3,28,2,111,264,18,70,109,35,9,34,22,49,16,174,25,27,202,11,26,15,17,42,239,62,27,8,26,3,12,3,73,25,94,40,55,6,11,9,3,104,7,34,38,10,98,242,2,23,11,93,160,46,47,19,162,15,106,484,19,22,38,30,32,75,68,104,3,1,38,1,20,160,6,55,17,27,12,107,32,26,20,8,619,55,23,27,3,246,10,22,43,61,8,6,19,15,121,89,4,38,29,23,11,31,6,70,9,4,295,7,2,8,16,62,51,66,31,53,5,60,33,30,9,82,30,44,123,6,313,4,1,77,6,35,1,129,231,226,29,24,1,21,38,157,3,133,87,3,8,25,0,17,106,16,2,147,106,62,81,60,13,1,31,10,7,24,0,83,45,214,37,149,54,13,4,24,17,4,19,20,33,33,16,11,10,3,5,54,47,156,107,18,4,1,32,220,81,45,39,30,32,75,50,37,22,23,43,4,166,207,15,0,70,6,50,54,12,3,4,19,46,411,21,38,12,115,8,12,99,7,0,1,61,39,20,10,78,2,32,23,25,3,18,117,14,18,67,0,84,49,290,11,82,88,16,38,1,27,56,25,13,20,2,54,4,29,65,9,11,343,24,15,111,69,7,18,3,121,37,13,33,24,31,54,36,15,20,147,50,28,321,23,22,25,120,76,18,10,5,63,24,47,1,75,17,9,30,39,57,84,35,1,29,27,30,77,144,16,0,9,149,18,25,85,12,1,4,19,178,66,116,62,33,26,30,1,17,4,2,17,55,15,100,16,83,136,89,0,41,10,73,0,2,16,4,1,39,8,3,3,86,41,14,77,130,31,101,5,8,10,27,79,208,2,9,22,11,2,22,53,37,40,118,157,85,25,5,3,40,51,20,114,4,39,1,12,18,2,25,23,14,6,1,29,5,28,289,83,7,147,48,11,199,139,51,46,168,225,14,3,1,32,13,652,1,39,9,1,83,8,14,22,139,17,37,12,15,30,32,48,45,97,60,202,21,36,8,130,2,1,17,170,28,57,1,85,17,48,21,2,39,0,34,80,1304,67,2,11,4,519,128,146,46,215,95,24,0,2366,53,22,27,44,43,68,2,245,35,25,80,43,10,6,239,58,15,140,4,37,88,156,10,4,33,91,25,1,9,52,10,0,143,73,7,213,3,0,68,70,20,16,34,54,87,4,21,8,15,78,113,671,46,4,13,6,2,13,15,14,294,145,10,2,446,0,182,66,20,28,13,167,100,27,41,96,1,15,221,1,31,93,40,157,31,493,17,3,280,1166,8,31,18,29,0,6,131,18,161,50,94,55,45,80,2,13,25,129,1,80,14,16,104,32,8,12,42,56,31,52,8,15,29,3,52,185,41,1,56,19,312,26,34,472,47,3,10,82,4,12,410,17,7,62,3,19,101,6,10,3,2,42,496,0,11,1,143,379,5,9,2,18,83,9,68,70,116,52,17,9,18,42,10,0,10,8,111,24,1,52,1,15,104,6,120,2,64,8,57,6,96,5428,16,8,12,12,3,15,13,132,23,22,14,24,108,45,2,45,17,17,71,47,329,40,51,10,10,13,11,15,8,47,71,6,50,45,121,18,7,15,89,4,11,13,57,181,2,15,27,5,122,22,142,19,3,6,4,5,0,95,9,15,65,39,23,44,1,36,20,139,52,150,1,2,56,35,128,2,117,97,38,164,8,2,51,39,10,0,29,68,95,11,6,35,65,45,127,2,26,13,4,5,21,96,18,2,266,4,159,9,5,19,26,7,76,11,30,96,101,13,13,202,91,21,49,14,4,56,5,17,23,2,7,55,66,25,92,19,29,29,20,50,2,30,37,31,23,72,58,1,42,33,10,82,4,60,212,73,12,78,180,100,28,93,5,36,41,29,26,70,21,31,20,61,50,5,21,10,3,44,27,8,16,35,38,66,30,1,311,52,228,35,71,29,297,83,11,12,51,31,46,25,39,24,30,1018,25,201,437,19,43,2091,66,11,7,14,4,39,6,13,22,2,8,16,69,1,2,118,23,19,38,65,33,19,106,20,7,26,32,12,33,55,0,13,16,58,6,72,13,3,0,229,10,56,0,9,165,1,128,40,7,39,71,29,42,93,4,44,17,11,79,42,48,38,202,9,48,74,70,13,66,104,10,13,3,2,111,39,7,15,21,108,50,90,27,55,9,7,12,54,51,137,25,111,41,89,17,50,125,78,89,31,76,10,17,18,33,13,79,46,118,254,37,42,12,9,23,56,40,50,288,2,473,5325,10,105,8,92,31,21,44,41,203,27,18,77,7,10,126,6,8,10,137,33,5,3,31,33,7,23,86,72,36,25,23,18,54,150,25,1,0,12,101,21,24,0,17,0,40,1,3,45,23,6,771,38,5,26,23,4,42,12,77,105,23,2,35,47,0,3,67,19,126,6,62,7,3,139,0,65,48,38,73,62,25,12,37,28,57,24,17,102,40,23,56,5,52,17,63,44,22,17,82,42,35,1,57,100,123,14,11,5,197,237,72,84,105,13,42,27,3,24,57,29,54,16,80,13,174,48,67,22,13,31,9,10,50,30,65,10,7,52,13,5,19,29,3,72,88,63,9,69,71,182,42,184,2,2,11,14,5,78,69,19,0,95,9,108,55,6,38,1026,86,5,62,6,24,168,7,2,27,55,7,16,101,5,2,1,77,58,0,82,4,59,18,8,66,126,23,241,57,102,362,19,171,39,164,6,484,100,23,51,94,188,15,120,3,58,18,32,54,70,22,9,13,45,66,8,17,166,0,8,3,16,17,56,1,56,37,43,11,53,86,47,115,62,62,4,71,16,103,5,15,3,0,32,7,154,20,63,18,144,130,247,155,44,29,226,3,228,42,131,20,28,19,19,78,23,73,2,50,12,13,30,180,72,22,61,19,27,11,85,6,25,21,12,20,20,26,33,14,80,12,59,33,31,129,2,17,21,0,14,3,42,9,33,472,1,23,16,169,151,114,11,4,21,24,134,129,58,6,26,47,10,6,2,57,0,23,49,64,27,45,7,129,12,91,70,21,1,18,40,2,7,41,9,29,35,24,0,71,86,110,39,62,7,79,34,45,17,7,40,53,38,74,16,100,82,53,55,8,49,2,12,19,29,34,4,18,49,59,16,46,84,52,18,78,41,126,30,43,94,43,38,22,213,29,46,11,1,33,5,6,46,31,17,5,51,4,130,72,92,25,8,14,4,8,248,24,13,169,85,12,66,24,86,300,85,7,7,6,205,3,184,11,25,1,31,86,0,74,24,21,15,0,40,247,21,9,58,54,0,8,0,8,0,34,20,101,130,1,49,118,14,63,8,130,18,10,37,88,198,32,12,52,56,66,21,229,3,7,30,1,445,6,50,2,5,32,0,61,6,5,11,12,6,3,66,48,30,22,240,53,171,80,5,87,143,94,5,1,27,26,31,24,313,91,936,14,32,28,24,24,29,21,53,20,11,2,86,34,56,55,56,20,2,62,110,23,26,53,161,112,27,18,137,51,26,157,228,92,1,87,52,31,65,45,21,62,49,285,2,148,13,74,4,24,63,18,100,116,61,30,58,21,22,10,101,14,18,19,40,6,40,0,7,19,98,10,81,34,384,49,6,17,9,5,68,56,83,139,14,26,62,58,94,3,686,27,9,59,16,17,16,65,36,4,16,15,20,43,19,32,13,15,2,442,95,39,56,12,1,29,63,12,165,2,20,38,64,92,35,0,257,42,93,6,10,70,29,56,27,9,68,8,107,14,37,73,193,45,0,9,18,57,54,12,1,23,28,26,33,0,41,251,34,5,20,16,33,76,157,6,14,4,61,1,13,9,81,35,17,16,61,136,18,30,39,70,120,48,30,82,36,20,11,5,37,5,100,58,30,9,27,11,56,28,13,9,15,51,2,48,59,8,9,29,5,33,20,3,29,10,133,44,518,67,0,137,24,17,70,22,3,42,10,10,88,19,11,18,70,56,94,5,15,21,9,28,7,48,26,18,118,5,198,5,31,118,20,5,25,7,8,5,57,12,35,17,15,14,19,30,61,14,18,19,18,7,48,5,25,40,33,36,95,25,8,31,29,75,2,102,13,26,59,56,89,3,193,421,1,15,20,11,0,10,42,12,23,115,82,3,78,4,18,4,3,7,38,16,174,807,28,1,5,103,11,2,121,69,18,16,18,8,34,460,22,1,97,3,39,94,64,115,6,94,1,20,19,5,38,10,15,7,9,29,64,187,16,12,17,5,2,0,4,25,24,59,10,5,5,49,2,10,41,164,36,41,65,147,0,40,5,30,14,123,9,36,15,6,17,89,17,70,75,235,41,40,271,76,35,107,53,19,67,27,88,19,22,31,51,1,1,37,16,79,6,31,26,243,21,29,4,9,37,26,13,16,7,36,98,44,15,13,1,37,4,34,144,98,1,90,33,47,77,17,47,33,45,31,3,1,14,29,14,5,563,6,471,121,95,382,56,11,17,17,11,72,3,8,30,3,102,179,25,100,41,55,91,3,128,17,80,132,67,21,308,47,18,9,187,29,23,62,37,17,32,241,5,8,25,274,164,24,46,23,80,4,24,129,20,6,24,2,27,1000,3,60,26,1,86,74,13,0,39,1,13,11,36,23,8,25,4,19,217,29,50,15,14,3,61,11,21,39,26,19,2,40,38,8,0,17,8,4,71,6,58,91,15,5,28,14,90,93,52,20,131,12,100,25,2,6,8,52,0,2,164,45,33,168,113,4,13,33,1,15,22,67,157,8,18,12,6,3,29,12,5,15,4,70,10,18,80,8,19,11,53,91,2,0,64,58,79,248,13,22,6,124,4,129,65,238,110,26,72,27,13,33,15,0,133,22,41,43,31,27,25,1,30,6,26,24,28,29,38,207,2,23,0,23,14,56,35,31,3,60,31,26,144,1,24,32,2,27,22,24,11,71,48,7,111,3,68,101,111,90,27,21,34,5,63,39,36,6,66,18,23,14,2,2,28,47,61,70,33,0,6,20,5,43,16,9,228,24,166,20,20,20,0,30,76,87,43,22,28,64,57,5,115,2,64,23,338,12,15,2,84,69,136,6,2,5,35,29,14,65,13,6,2,3,54,47,172,5,19,21,138,11,64,26,12,150,0,120,33,3,2,24,0,76,80,8,17,4,55,33,36,113,129,66,21,14,15,68,24,64,2,101,90,5,19,48,47,498,19,35,3,4,5,3,2,92,29,59,2,51,23,72,20,206,69,92,87,27,1,53,196,0,57,35,23,14,28,136,241,23,32,34,30,4,63,133,47,61,159,31,25,32,0,35,20,18,49,3,62,3,255,201,22,8,21,250,7,13,61,102,25,11,17,5,22,15,148,3,26,10,1,193,3,67,46,13,201,250,10,19,30,250,69,2,31,35,65,26,29,32,58,179,80,26,154,41,51,0,7,13,2,15,4,14,0,78,4,7,103,182,20,52,25,5,16,27,4,5,20,6,55,0,7,0,3,391,3,20,177,32,61,30,15,49,22,29,0,181,6,49,264,61,8,29,6,30,7,22,3,5,2,4,74,14,68,30,5,25,43,115,124,48,99,9,33,11,17,5,41,3,86,5,10,2,20,101,47,101,41,3,26,46,15,11,93,29,18,46,90,18,10,65,74,41,127,6,21,10,3,41,24,9,4,28,57,7,1,1,143,49,30,26,51,6,7,14,69,32,22,63,70,59,20,131,21,5,43,47,43,46,11,35,263,413,51,35,89,112,10,35,32,348,8,42,53,57,257,110,30,14,70,60,32,4,44,1,29,34,3,88,95,17,50,162,21,24,149,4,18,46,37,27,69,6,22,22,15,13,29,58,50,20,1,2,69,29,50,11,18,20,19,40,21,11,46,14,24,26,1,36,87,60,35,43,86,18,6,9,8,110,8,0,3,92,1,60,47,111,58,89,28,87,67,0,0,13,34,8,27,42,20,69,7,2,63,26,304,52,14,61,12,119,2,12,66,61,23,42,92,41,60,28,105,0,85,23,68,32,29,40,33,26,8,11,61,15,10,0,16,4,17,11,34,194,59,28,32,24,18,78,1,23,59,64,1,65,10,1,131,181,27,24,11,32,20,75,6,1,68,142,10,54,251,0,3,23,2,33,230,57,5,41,7,21,13,21,23,95,32,10,1,9,27,60,187,24,295,8,65,61,21,65,65,19,70,133,5,42,35,30,91,27,41,7,5,53,12,3,6,31,10,56,49,41,58,13,10,16,38,33,7,56,2,1,5,56,594,56,69,12,60,13,3,116,5,6,0,34,7,37,0,41,6,30,67,9,24,16,109,39,0,0,3,12,26,3,4,128,137,25,55,0,2,83,95,18,8,43,128,69,3,29,53,69,12,4,32,0,54,39,62,47,3,113,85,59,50,8,20,43,28,6,6,33,31,139,45,27,65,85,12,26,1,59,15,39,48,1,74,9,176,75,74,5,105,27,22,40,108,7,26,1,10,130,56,50,17,218,118,24,15,16,51,216,16,5,84,48,55,8,183,39,363,11,24,48,75,1,40,79,5,43,57,126,20,22,0,31,12,22,47,50,78,10,48,57,14,55,44,48,46,33,15,45,103,57,13,32,25,20,57,2,15,184,2,293,1,37,120,28,14,33,92,243,64,29,36,3,55,12,12,87,11,12,93,20,25,23,82,18,8,11,13,15,95,43,75,61,25,86,0,0,91,64,120,53,15,32,15,7,9,38,157,81,41,57,10,120,208,20,222,137,29,34,58,10,1,431,10,11,43,25,44,15,144,13,42,6,13,12,66,18,29,21,214,1,26,72,33,13,43,84,114,60,7,3,45,15,4,37,1,49,4,11,23,36,71,50,12,31,90,5,142,25,163,2,11,10,7,64,0,6,44,53,146,65,2,17,4,38,63,17,18,0,163,33,5,6,1,199,4,197,24,10,36,130,0,2,15,41,48,93,46,28,137,11,149,20,11,18,0,42,0,1,38,26,9,1,211,7,41,83,89,380,102,18,3,36,67,13,19,20,15,41,0,95,17,13,66,35,30,4,14,7,8,19,81,61,129,2,6,45,14,11,10,15,105,30,95,38,119,28,54,41,6,13,15,50,66,240,24,95,2,25,41,9,0,21,44,84,29,9,33,160,64,48,6,9,1,0,80,39,8,56,2,5,2,12,30,99,22,16,17,3810,49,1,1,10,7,105,14,118,74,103,129,3,34,130,1,4,58,44,90,32,19,643,36,152,3,3,6,34,77,110,33,9,53,40,325,163,61,101,42,21,6,19,89,8,5,63,25,270,12,19,0,6,4,7,2,20,5,11,217,7,461,18,5,55,19,43,17,46,18,41,30,18,17,44,31,57,105,49,274,90,18,62,88,20,0,30,24,7,73,71,19,7,7,83,4,9,4,33,17,141,20,26,2,34,3,4,39,84,18,54,38,88,17,13,24,21,55,33,25,15,40,21,16,6,67,14,23,4,29,44,53,47,56,27,29,82,26,12,77,19,12,13,17,35,34,102,8,27,28,38,30,48,29,1,71,40,1,18,11,7,9,116,14,9,11,579,0,4,108,39,20,0,47,26,125,26,276,10,13,87,172,19,33,12,3,2,17,22,8,26,29,5,50,9,88,116,3,12,50,17,3,8,6,13,9,37,5,24,140,189,42,21,4,21,223,147,30,1,7,5,93,67,70,107,3,21,30,56,4,65,9,2,32,48,33,89,0,59,59,3,0,29,22,193,297,21,12,96,6,41,38,25,2,54,104,78,6,126,14,2,312,42,175,2,25,45,48,79,20,1,2,10,59,5,10,72,113,1,1,138,2,3,48,2,48,111,73,116,10,15,7,513,113,11,108,63,11,9,410,39,10,44,12,52,39,158,2,9,10,31,61,77,41,6,26,22,22,0,126,15,25,5,3,30,11,112,17,133,82,17,27,147,123,33,39,3,43,22,38,6,103,76,44,188,12,67,49,19,40,102,29,53,31,4,0,122,19,43,128,16,105,24,44,4,163,69,50,8,10,102,49,33,96,75,17,4,25,22,41,117,5,5,94,78,102,19,32,21,16,18,44,52,13,38,25,49,14,34,14,6,94,18,39,34,99,1,23,20,104,161,39,25,161,40,52,7,188,23,8,22,13,2,9,21,1,28,44,26,17,14,121,3,16,20,13,209,29,29,6,5,3,125,44,8,124,60,18,157,20,31,3,257,14,26,0,45,45,77,14,8,83,4,208,232,72,89,37,0,10,32,48,9,0,54,4,52,15,12,14,66,20,935,9,16,14,108,33,2,9,9,8,23,51,20,14,49,74,67,10,95,0,12,5,84,250,12,38,15,6,37,0,90,5,129,21,6,84,294,24,33,22,4,13,3,34,16,63,20,24,26,222,21,52,21,23,65,201,0,11,2,19,43,16,12,1,94,16,18,83,23,398,29,5,25,0,54,7,57,118,2,39,48,19,5,26,7,67,12,3,16,158,26,15,58,5,45,564,33,76,1,3,44,57,194,65,79,11,22,11,19,60,17,126,11,23,2,29,1,114,122,112,18,27,48,19,15,4,59,12,66,3,11,3,27,81,100,21,3,5,51,11,29,38,23,9,26,1,39,23,1,30,7,18,67,4,26,3,79,52,119,89,29,22,3,100,120,29,34,7,0,10,48,65,4,1,8,8,75,42,30,104,33,19,69,20,22,13,18,1,35,25,16,11,13,1,25,1,354,1,56,126,159,46,7,7,5,23,338,26,22,107,44,80,7,3,7,36,16,52,7,59,14,12,55,1478,8,18,11,31,24,28,13,89,96,27,1,1,72,213,53,51,2,5,55,17,8,99,108,90,4,9,9,90,3,88,62,13,54,35,242,3,41,16,2,5,35,25,25,1,0,45,19,44,48,4,1,53,32,199,9,9,106,11,40,1,12,4,38,21,149,33,33,4,22,21,63,118,17,18,53,7,55,11,13,209,17,25,8,56,42,14,73,8,24,4,54,25,112,14,62,6,13,51,14,5,11,71,10,51,4,12,68,8,13,14,40,50,100,152,12,11,55,23,90,78,36,18,101,607,105,16,634,3,115,18,16,146,3786,1,356,2112,69,257,8,21,15,40,70,180,8,16,14,7,6,29,181,60,13,18,11,59,32,6,1,10,6,32,606,82,1,60,52,88,117,4,50,47,17,180,18,227,11,23,48,21,120,51,22,7,42,119,73,15,123,4,137,100,7,42,33,62,82,22,200,8,74,5,28,130,0,7,6,9,34,54,28,7,6,25,35,256,16,58,71,14,24,31,154,6,30,0,6,9,236,77,303,9,120,68,41,78,0,28,290,96,22,39,10,61,24,21,3,5,49,25,6,17,135,106,36,32,89,2,103,1,1,183,5,0,55,1,1,1,88,24,148,25,20,62,215,143,29,164,148,44,30,97,128,7,12,8,139,154,13,51,30,133,58,27,23,10,82,10,4,8,14,20,26,2,19,24,19,25,14,14,1,5,8,471,18,2,77,18,2,19,86,28,27,224,94,3,8,308,74,175,57,10,37,76,87,130,61,13,248,187,13,31,122,121,8,44,16,4,0,11,3,62,194,17,37,57,50,76,24,46,88,217,1,10,6,51,3,26,219,36,346,12,0,21,5,20,281,35,179,23,27,193,21,27,2,4,20,70,40,44,6,2,11,69,91,16,134,34,65,37,38,5,10,69,20,2,8,12,4,104,3,3,3,58,29,230,57,12,47,4,4,12,50,117,22,25,222,26,36,0,54,104,31,165,119,96,91,2,7,3,822,303,71,190,50,40,23,70,3,18,7,6,21,2,87,103,5,19,0,27,8,11,30,50,26,23,220,22,18,93,93,51,1,25,12,8,304,34,17,67,99,19,10,6,2,80,1,23,2,128,10,45,14,259,41,95,36,12,22,10,12,2,687,3,7,7,17,1,52,55,614,8,3,7,1,56,7,15,9,109,57,46,43,46,80,12,870,119,89,218,16,50,26,241,125,44,35,235,288,116,24,58,90,25,1,10,5,59,28,21,19,149,87,21,88,12,72,12,28,7,162,33,46,5,94,58,81,33,11,4,146,14,115,12,19,13,20,2,6,16,2,5,48,2,747,17,9,14,18,52,7,26,9,29,23,11,18,7,0,32,85,67,35,27,66,92,0,9,38,20,3,27,40,108,1,157,193,5,65,31,81,0,31,19,7,13,9,2,28,22,30,20,10,4,9,50,12,76,101,22,392,12,7,82,2,5,144,0,5,9,32,74,80,51,102,42,51,10,8,3,1,28,2,48,24,54,29,34,14,68,2,20,1,11,5,7,25,62,52,51,56,89,117,99,2,12,87,155,122,23,36,7,121,12,2,27,119,2,21,41,36,24,32,15,0,58,23,0,34,12,39,27,55,13,16,12,76,21,83,9,8,13,35,14,14,7,24,4,85,248,12,11,28,0,10,92,1,76,61,36,25,8,5,55,39,107,141,21,52,36,100,3,130,33,1,23,18,28,8,0,86,10,3,48,13,7,49,2,11,45,9,26,3,99,31,23,12,1,11,38,138,30,86,31,57,5,70,2,2,1,26,3,2,21,46,32,37,11,86,43,86,24,249,155,17,17,8,334,3,123,3,33,36,182,16,21,30,62,20,40,51,36,1,6,24,13,38,18,77,13,7,131,34,91,141,47,202,159,36,80,32,12,9,31,0,88,233,1,9,34,2,27,9,12,28,17,13,1,179,40,26,11,37,8,96,204,16,2,103,11,12,535,7,193,47,26,4,42,16,117,22,67,8,43,4,1,1,29,34,121,5,13,44,7,27,5,13,31,210,10,31,11,200,49,46,50,19,112,467,6,27,8,9,6,4,5,12,11,8,44,3,9,91,38,23,8,3,6,15,33,8,5,24,25,167,59,0,50,54,10,110,3,10,1,0,9,39,29,146,1,29,93,12,64,147,8,26,36,8,59,24,32,10,70,31,54,14,19,161,10,25,174,354,25,52,67,77,17,5,5,327,44,72,72,32,58,21,6,31,78,7,6,39,69,28,187,75,18,15,126,103,195,21,9,43,74,30,47,6,50,41,6,24,74,44,457,14,10,53,12,29,33,11,15,15,61,5,11,11,41,62,1,17,50,28,185,492,2958,1,12,64,130,12,34,49,23,50,96,30,51,33,43,51,34,28,127,0,16,72,4,26,34,13,18,41,28,30,3,91,2,38,39,10,8,9,16,252,32,56,59,59,46,51,102,95,67,53,11,13,31,70,45,4,21,94,72,18,12,52,2,81,74,92,32,153,7,17,12,26,74,508,8,31,27,15,12,52,6,68,14,26,10,24,166,9,153,8,61,53,31,46,15,451,6,20,5,14,27,60,162,10,114,54,89,0,26,44,123,16,13,22,33,37,13,17,33,438,6,50,5,10,10,32,1,51,3,11,7,76,11,37,8,10,3,6,16,17,37,21,19,9,32,19,84,0,64,68,39,5,174,77,85,188,1,3,23,17,9,16,39,1,22,1,5,151,5,23,245,7,90,16,57,11,14,34,16,8,4,10,17,25,7,18,946,48,28,148,36,2,52,4,56,7,23,26,2,63,17,82,17,17,58,20,30,11,15,64,11,36,18,95,18,59,36,224,36,98,27,4,32,9,4,59,109,97,21,11,81,16,38,526,21,23,9,2,23,17,7,57,0,107,37,239,2,2,32,25,18,2,25,60,159,148,6,10,11,19,100,44,11,98,72,2,147,22,20,20,60,8,1,16,2,11,19,6,19,51,2,37,31,102,50,88,27,34,0,0,22,3,93,138,74,27,7,11,23,2,9,1,6,7,19,3,25,249,28,9,11,118,37,0,10,39,17,77,9,37,145,96,41,58,54,15,112,19,75,13,30,28,61,44,9,4,4,165,48,17,30,63,8,12,40,18,36,99,92,86,222,33,37,93,19,197,2,25,48,43,25,23,14,2,161,182,69,8,107,41,75,86,89,69,79,7,46,2,9,82,4,8,75,24,36,29,26,19,3,22,60,5,42,6,0,2,7,55,55,5,125,40,164,205,18,0,4,4,10,68,146,26,296,28,3,59,10,55,8,13,17,26,8,49,12,358,11,17,12,76,1,44,139,75,83,54,562,98,76,3,17,22,108,26,64,208,3,90,14,101,13,4,3,28,71,6,24,53,25,124,5,66,201,28,45,80,31,213,28,38,4,41,85,43,59,19,146,247,47,26,8,34,70,6,236,16,2,8,26,11,11,17,5,65,40,77,15,10,15,32,14,7,3,11,125,58,22,298,62,33,18,13,9,102,134,56,136,9,50,107,23,145,14,76,19,75,85,48,6,44,70,12,79,127,18,41,22,16,27,151,28,13,6,70,278,33,24,13,49,9,114,19,39,92,1,43,20,89,20,18,44,15,15,26,24,41,16,101,22,46,57,80,135,329,46,6,22,26,34,110,18,56,132,113,55,162,15,33,6,2,3,15,13,180,2,268,10,151,30,76,47,98,69,50,12,5,88,4,20,2,3,29,26,83,42,104,85,23,26,144,7,4,22,76,7,18,15,32,15,4,49,31,31,25,70,8,80,0,132,73,111,189,40,149,5,59,1,85,25,34,9,66,2,28,199,26,53,16,20,112,5,15,40,0,2,2,16,14,29,20,40,162,15,40,1,19,42,9,31,67,0,10,16,32,122,27,92,19,135,85,2,54,14,21,2,19,10,27,17,13,3,46,168,38,64,67,46,25,35,469,44,3,19,78,19,31,6,17,8,36,12,2,25,2367,19,166,13,0,9,0,64,110,12,37,93,22,43,41,81,28,0,31,71,128,64,49,3,189,38,29,179,104,18,5,51,16,43,6,34,9,114,14,11,13,59,34,12,29,22,19,4,106,76,11,20,28,18,13,37,141,5,5,1,3,142,77,37,51,33,87,23,4,21,23,60,85,43,18,28,36,198,19,8,45,28,13,16,20,40,22,31,27,339,8,42,49,246,14,5,9,7,25,158,5,12,40,41,47,49,4,9,3,4,1,24,32,11,38,2,175,218,35,31,140,67,1,5,12,75,301,5,11,6,99,22,4,20,4,41,22,93,14,6,3,39,12,38,48,95,4,14,4,113,57,3,61,97,23,3,104,1,9,76,0,15,42,1,5,124,209,119,32,21,359,54,88,28,43,15,27,3,139,5,2,0,40,15,70,24,51,4,19,65,101,77,93,47,20,33,52,176,11,13,79,36,45,69,8,60,35,17,8,87,27,18,14,190,10,17,4,266,34,34,36,30,75,8,94,0,1,7,1,0,60,3,5,79,73,73,99,26,73,9,3,33,27,60,152,35,9,1,81,92,144,14,52,43,26,117,40,5,23,74,43,57,12,8,13,50,30,26,38,36,55,19,5,256,72,22,103,26,16,24,12,32,6,1461,29,7,114,12,46,54,0,13,7,31,24,3,94,1,17,20,10,6,119,72,201,45,78,173,5055,7,28,87,20,18,19,96,16,38,33,35,58,21,6,36,201,25,26,76,20,24,11,12,5,45,21,65,180,102,232,54,21,45,29,2,19,14,134,12,95,61,47,124,13,288,7,68,0,15,4,39,45,43,11,41,10,1,31,91,36,24,23,26,337,9,5,140,41,63,1,2,10,0,38,293,7,143,0,64,6,5,124,13,19,39,105,74,11,24,21,54,26,64,49,4,12,1,23,454,41,0,8,40,67,412,8,82,36,9,121,6,35,172,116,17,20,1,142,36,12,15,11,82,6,148,25,27,63,91,110,8,3,164,111,0,134,120,7,105,0,15,8,7,25,12,38,11,138,180,18,14,34,121,92,43,10,3,36,44,255,35,5,2,44,7,30,3,16,9,82,6,8,1209,5,6,7,53,39,2,63,80,69,1,28,2,87,62,1,52,22,5,40,13,206,14,27,26,12,2,23,24,4,4,5,12,97,19,164,10,16,308,26,153,120,76,56,3,114,63,14,6,21,544,87,16,5,150,7,65,18,39,28,25,28,2,50,38,81,84,76,15,13,2,35,19,27,31,38,15,132,51,34,116,129,8,4,2,205,63,70,20,4,71,21,54,132,40,53,10,17,25,87,52,106,6,31,119,136,31,51,59,88,40,23,5178,31,14,20,24,1,48,125,90,97,27,9,86,65,78,62,60,108,20,27,245,13,13,18,200,95,0,18,1,97,7,13,131,23,76,10,49,42,44,8,90,4,2,146,161,56,83,55,8,65,147,38,30,78,50,50,23,124,18,37,9,12,13,41,6,33,2,229,58,16,0,4,37,8,2,62,25,5,35,87,45,42,124,25,10,125,22,16,23,8,33,197,4,84,25,5,19,8,4,133,62,57,16,73,8,63,551,40,10,22,3,34,87,8,60,7,36,26,20,5,20,10,14,121,197,14,206,37,17,50,161,3,5,0,79,14,23,13,29,76,9,113,14,53,26,16,106,101,13,27,74,39,26,41,14,22,0,1,310,23,4,1,57,1,11,8,24,10,57,9,2,33,36,187,6,2,10,19,51,17,92,53,18,47,43,47,89,1,19,50,101,269,18,7,132,46,37,10,3,77,20,61,22,125,42,34,537,9,2,133,35,66,49,40,57,17,155,255,66,6,64,12,136,12,71,55,23,5,44,22,21,3,208,612,3,22,1,136,47,25,1,30,15,109,1,4,4,6,63,0,97,79,56,30,19,6,3,20,38,74,77,6,571,72,9,25,241,77,0,24,1,4,5,49,21,43,22,78,23,72,70,2,31,27,56,15,210,12,60,7,51,67,21,9,60,31,863,8,5,177,12,7,37,13,16,23,23,93,25,12,35,10,35,75,8,36,481,163,218,2,6,42,156,14,44,3,33,16,1,1,87,328,3,27,15,2,119,21,1,75,41,8,24,43,9,432,29,38,17,1,86,23,45,45,26,14,80,38,90,53,3,61,104,2,32,14,18,165,56,12,184,10,37,61,73,47,3,13,18,64,12,26,7,10,352,26,15,1,1,7,16,8,124,31,292,1,2,0,49,4,88,88,6,113,85,13,12,35,4,0,7,31,32,60,5,19,158,22,16,47,77,110,17,56,55,11,20,1,30,4,57,5,2,14,27,24,96,70,14,57,8,20,19,14,7,79,30,43,6,119,13,84,125,56,64,8,24,36,310,12,1250,84,233,35,60,8,9,13,17,6,101,135,1,62,2,11,41,16,12,168,1,308,29,37,30,10,155,5,1,173,12,2,14,3,15,78,126,39,90,553,7,10,6,63,20,31,1,62,4,24,5,5,37,4,15,15,210,24,49,7,54,51,6,30,13,57,33,17,59,1,19,109,7,6,339,0,16,27,3,64,1,123,75,15,74,14,70,22,12,9,68,161,38,54,14,93,15,0,3,11,71,363,31,105,107,6,195,163,14,63,25,40,1,1,14,62,8,28,39,19,20,57,16,54,3,0,0,10,12,35,5,48,78,2,129,10,46,20,4,91,118,0,121,27,32,28,109,14,178,114,7,179,22,5,121,545,19,1,3,1,448,13,98,10,2,2,5,58,138,0,664,8,226,18,68,40,47,55,127,9,3,98,66,2,42,17,49,44,123,12,53,20,18,191,1,290,16,47,9,40,17,6,99,26,5,13,195,48,30,276,49,27,5,138,5,48,50,50,8,117,19,110,24,28,35,95,81,99,3,86,35,290,70,1,20,13,38,62,1,84,35,8,58,99,2,93,40,48,24,16,9,68,59,106,13,69,5,57,20,91,62,84,6,21,6,3,13,152,12,7,92,33,62,41,34,68,11,8,24,121,38,113,91,35,35,554,1,60,80,1,24,27,550,46,16,56,3,34,16,6,65,19,1,6,4,37,95,49,13,43,46,0,18,66,49,77,94,84,43,20,18,10,1,23,18,29,14,22,35,146,2,17,47,50,49,52,127,3,70,19,4,30,1,2,0,201,13,22,36,37,11,123,3,32,4,21,426,6,0,9,7,5,29,21,55,10,82,7,1,58,14,41,1,17,15,17,119,48,175,100,17,5,8,57,36,8,153,6,27,10,0,13,12,45,0,38,5,44,35,211,5,279,18,164,48,1,75,3,10,5,0,34,69,110,46,9,105,26,27,26,24,51,79,24,37,598,13,7,365,12,162,39,15,18,38,18,26,40,37,10,14,212,38,137,43,129,19,8,3,4,4,13,0,16,18,4,12,100,47,0,204,6,81,38,70,7,73,16,13,50,42,13,6,94,18,7,4,7,114,44,6,9,46,63,94,275,6,27,41,37,40,32,46,8,42,41,111,13,10,2,84,34,6,67,1,164,65,4,55,3,90,17,19,22,5,1,131,37,1,141,10,126,50,1612,3,8,10,76,239,50,36,143,84,1,30,3,50,3,22,1,3,28,129,526,51,448,54,65,27,12,3,38,31,0,2,26,14,178,79,24,191,10,84,197,28,32,27,18,49,62,30,324,16,17,13,18,30,16,68,0,15,27,5,31,6,10,76,22,38,41,59,20,68,6,9,1199,60,32,22,12,6,120,36,18,54,31,7,34,14,5,10,122,7,6,19,95,76,64,4,11,35,13,21,25,230,2,12,29,58,9,28,9,9,33,18,8,1,9,76,56,40,5,17,10,1,37,1,15,12,18,1,26,19,38,0,132,0,141,13,18,22,97,88,200,24,4,71,8,26,3,154,34,1,3,142,71,2,30,73,2,4,8,316,13,17,77,42,10,28,20,3926,41,14,98,70,23,38,6,11,62,48,22,19,4,0,69,294,15,27,44,92,34,37,9,9,27,8,0,24,137,15,3,29,78,67,6,62,16,19,25,2,8,5,64,4,40,2,31,40,14,5,13,26,23,59,1,32,128,551,16,70,12,3,60,7,176,91,60,177,156,35,83,29,9,0,12,119,62,49,57,177,78,11,1,41,16,46,3,65,13,10,31,34,122,10,53,71,15,16,117,14,106,0,4,12,175,195,126,68,69,23,46,359,28,31,56,112,43,11,1,458,22,32,25,9,3,28,20,26,23,406,53,442,70,24,30,37,10,30,220,13,9,34,21,6,45,80,7,16,35,3,0,23,20,1,46,111,79,71,40,9,8,26,2,6,12,57,121,19,24,3,5,8,4,21,16,1,34,17,101,8,99,20,9,4,61,11,30,12,70,5,15,204,39,22,3,45,18,11,54,29,40,72,13,74,126,8,7,40,35,20,129,4,13,130,182,3,11,26,160,6,361,69,33,3,1,3,95,15,48,16,19,91,22,26,23,18,469,24,76,105,22,19,88,69,5,13,22,88,0,23,2,2,37,7,6,4,1,4,15,29,19,26,60,11,11,13,29,45,39,1,55,81,72,34,156,63,0,122,42,36,28,21,1,19,73,63,4,51,22,27,137,26,14,1,2,35,42,115,10,129,38,18,34,5,34,178,104,13,56,11,9,13,14,10,57,12,13,39,3,10,138,130,279,18,9,55,1,115,0,14,67,24,27,9,49,246,2,15,72,33,112,217,1,29,26,79,2,60,76,49,1,132,30,89,1,14,40,6,38,9,14,6,15,62,10,491,28,18,4,11,4,37,14,61,41,1,37,31,23,71,2,2,20,9,1140,13,1,2,10,7,15,68,59,15,77,15,78,24,12,262,91,125,54,113,65,4,0,75,45,26,195,108,184,52,0,28,10,36,154,43,68,15,86,13,82,67,22,3,13,275,13,0,26,268,102,24,114,32,47,245,54,8,27,404,61,6,0,4,247,91,62,0,80,248,152,27,226,64,16,207,33,19,13,12,9,140,8,150,24,17,7,0,442,91,113,15,90,32,2,28,13,13,47,19,64,123,6,5,386,2,19,37,30,7,27,62,158,0,52,3,154,26,7,26,539,68,118,52,6,31,60,116,29,66,76,97,437,32,27,8,11,59,39,130,33,14,12,28,105,0,47,588,35,44,4,51,43,86,19,63,70,35,5,40,78,40,30,9,35,20,13,92,2,107,1,196,24,8,8,5,16,111,554,72,37,135,82,210,174,230,24,15,5,8,23,60,52,15,6,18,92,29,42,57,21,35,60,93,9,39,73,1,31,15,352,3,3,2,6,80,27,58,38,5,1,50,2,15,120,12,501,44,38,25,18,20,7,0,11,109,51,63,4,5,33,19,2,42,54,1,193,27,15,18,375,2,5,82,156,840,0,472,7,48,27,101,29,9,35,185,173,0,41,9,359,27,68,1,6,67,150,7,5,36,11,108,56,204,15,183,189,2,30,4,25,19,63,81,34,8,56,46,195,30,3,5,116,1,120,244,34,208,11,27,70,161,6,21,21,79,116,25,133,34,16,51,0,4,4,10,7,70,5,36,1,70,43,6,27,20,55,54,43,13,18,71,5,48,68,35,9,2,9,556,26,38,29,28,12,5,36,26,43,259,24,62,25,55,20,41,0,92,0,4,3,59,7,27,1,195,96,26,16,2,12,91,2,1767,0,4,2,5,1,62,0,54,2,78,13,11,22,22,42,46,9,166,13,148,192,87,115,558,108,84,31,0,36,20,1,626,1,32,2,11,90,44,16,251,213,66,13,18,12,2,139,5,8,9,182,2,12,63,70,32,1,95,23,16,119,19,16,161,38,1,24,43,42,178,6,14,91,8,6,37,13,29,11,6,4,3,25,56,36,244,17,248,190,78,7,3,289,152,33,1,30,107,79,12,146,28,44,19,23,9,8,102,14,128,54,119,33,21,27,16,64,252,122,72,12,20,31,72,57,4,1,273,16,77,182,25,103,52,29,69,66,8,60,2,10,7,90,309,25,30,227,2,6,10,39,31,32,6,1,9,4,81,25,25,50,98,47,30,25,19,13,137,3,47,54,4,301,14,81,5,3,5,25,9,34,34,63,17,49,142,4,15,102,5,9,21,49,60,45,45,53,23,251,15,9,34,78,3,7,16,51,9,44,28,14,8,48,17,206,7,76,62,19,7,27,89,34,28,57,21,112,12,780,9,14,7,437,165,64,4,15,94,52,4,96,39,13,24,19,100,5,22,11,36,19,7,24,19,103,38,89,81,97,8,13,9,112,47,2,30,120,17,25,5,6,57,18,20,32,10,39,47,0,3,225,28,56,25,121,7,8,91,2,164,4,1,4,2,35,15,36,128,73,27,31,67,13,40,0,42,1,51,3,198,51,12,85,26,165,72,12,34,63,15,12,1,106,11,17,744,4,188,16,39,37,23,75,49,136,56,26,10,27,417,47,19,13,59,9,106,8,19,17,60,19,43,20,42,43,1,298,3,11,53,53,3,11,16,55,37,75,72,3,8,135,51,387,0,738,20,5,11,21,18,8,23,36,0,27,34,25,14,44,31,43,14,45,5,47,15,40,35,29,27,60,38,58,20,9,29,53,117,35,41,477,18,30,33,9,22,23,25,8,12,105,0,34,30,45,13,43,29,28,65,141,12,68,14,79,3,36,13,53,7,61,26,36,35,284,35,25,24,354,1,36,39,58,21,51,11,22,0,116,162,6,48,299,173,42,0,38,13,42,12,19,24,37,14,19,28,4,10,134,38,14,0,32,82,55,58,87,35,14,15,26,22,99,15,4,6,91,38,13,14,561,29,38,43,119,22,0,60,141,19,156,49,126,53,7,28,15,26,239,39,20,30,104,7,48,55,35,33,17,29,86,100,23,2,1,2,277,141,24,5,5,9,19,6,36,15,30,36,73,70,4,174,120,18,16,35,1,3,17,5,4,177,101,107,22,22,196,23,7,50,10,83,25,0,15,1,22,4,103,22,27,1,14,117,76,18,249,20,18,25,1,9,83,15,24,44,37,21,86,149,55,2,76,1,32,0,5,42,8,27,2,115,12,141,103,22,14,52,20,15,11,119,28,15,21,32,7,5,10,63,38,4,6,6,2,25,267,54,146,73,36,165,33,26,94,16,39,8,6,79,2,13,5,39,83,78,249,5,18,59,133,10,23,0,21,14,6,32,69,11,29,50,14,113,21,51,15,12,72,59,38,292,40,60,2,40,0,77,2,35,15,108,25,46,95,317,10,34,10,87,71,86,10,10,2,0,18,35,196,122,13,36,32,62,12,49,36,35,32,10,12,112,33,18,80,5,0,1,90,4,187,105,6,19,102,60,9,51,26,57,2,6,67,55,52,57,50,15,3,46,14,3,9,269,19,36,191,7,29,0,35,25,0,17,3,4,6,11,97,36,38,14,14,99,40,164,15,4,61,28,77,6,0,23,10,14,83,27,43,66,120,6,26,37,78,9,15,108,24,14,604,17,992,41,14,34,58,46,5,12,9,95,12,137,15,12,3,3,37,19,4,8,58,5,10,3,52,101,25,15,60,46,59,96,5,55,53,8,89,27,27,19,162,47,10,262,74,152,72,13,12,35,32,22,6,63,5,182,26,457,182,0,14,281,13,223,52,77,21,35,131,3,32,21,8,91,44,26,15,11,19,175,13,51,237,8,35,28,16,7,9,16,15,85,79,107,32,258,7,431,118,6,1,68,78,2,290,14,9,47,23,21,60,25,0,14,4,2,27,22,2,17,29,23,0,38,26,48,25,34,10,18,111,2,14,64,0,56,1,0,91,22,2,34,8,14,89,7,149,0,3,24,13,32,2,21,73,2,8,33,87,82,140,11,101,14,86,288,30,92,62,30,6,7,228,21,195,56,28,20,26,75,221,2,14,21,26,1,54,77,90,16,396,56,12,217,76,47,429,35,49,89,172,31,46,44,299,56,10,2,1,13,24,14,42,10,57,35,5,57,17,64,8,86,14,4,1,5,4,14,256,30,7,11,42,4,5,13,82,24,53,258,1,715,134,25,133,468,54,87,4,2,8,29,93,47,35,14,20,59,30,1,21,57,13,1,56,12,5,119,32,14,7,25,2,32,76,10,8,7,1,71,494,74,13,4,79,9,69,182,26,45,120,12,7,88,48,38,1,9,1,20,69,28,13,21,19,1,37,175,34,9,21,26,158,5,3,11,31,98,4,41,18,3,0,13,12,34,4,49,577,51,35,100,21,80,18,32,13,161,22,67,8,72,23,7,24,42,74,22,68,4,74,30,19,56,8,142,21,236,189,17,65,77,34,71,99,64,7,1,75,69,39,48,35,48,0,24,13,23,7,93,10,2,17,7,1,35,2,5,64,1,48,12,14,52,25,7,56,105,31,61,116,22,12,129,22,28,17,97,36,23,234,19,2,48,61,86,55,56,21,105,46,104,0,9,10,77,236,5,10,46,325,38,83,92,36,17,1,16,34,8,28,5,0,14,19,80,172,155,146,29,39,12,5,20,32,49,4,6,96,1,1,4,5,61,13,0,86,18,155,136,2,69,1,2,20,76,12,284,24,59,179,135,1,2,21,7,25,27,2,13,17,82,31,23,1,72,16,23,2,18,1,58,41,84,43,30,51,10,42,25,17,12,48,34,47,21,60,28,19,24,2,10,22,34,0,128,1,96,18,56,7,24,1,40,46,31,79,73,91,52,44,88,18,83,2,2,1,26,3,34,5243,145,101,16,82,9,42,14,40,0,46,70,34,162,36,4,22,127,32,5,6,50,15,105,45,56,1,444,31,2,96,63,35,12,82,4,11,21,149,11,6,23,7,52,7,1,11,28,141,41,210,2,128,1,50,70,124,127,287,1,13,25,33,32,82,40,22,25,4,2,8,20,82,17,96,38,47,27,8,31,31,62,72,36,136,64,19,1,31,5,24,84,119,95,46,27,41,0,131,2,88,57,106,3,70,51,98,22,2,39,75,53,43,98,27,12,20,48,35,85,128,6,65,45,0,28,48,15,83,193,48,20,1,94,8,4,157,54,111,8,29,171,65,6,42,57,22,56,79,20,34,252,35,12,1,14,131,8,49,146,106,18,28,329,17,53,308,31,9,7,9,9,46,7,63,1,18,4,7,31,21,10,26,55,27,9,23,32,0,47,55,68,46,3,8,207,59,55,25,12,122,44,12,52,43,6,58,149,23,180,32,87,49,61,121,0,5,2,2,49,1,1,183,14,0,100,27,32,13,48,5,25,30,134,24,45,18,74,50,60,13,151,170,80,395,27,63,16,31,2,36,39,29,3,15,17,62,91,10,65,29,25,63,18,18,15,0,12,61,0,20,63,6,58,51,28,6,0,36,119,7,28,33,123,16,67,10,42,9,121,9,36,103,3,65,84,125,152,94,27,5,43,47,28,74,53,11,126,598,40,200,4,17,3,6,78,36,47,13,30,24,6,28,12,2,60,16,16,87,10,268,52,58,66,14,26,8,16,2540,231,168,5,59,18,3,291,7,127,12,111,37,37,30,2,6,77,4,83,25,20,14,80,105,67,59,22,22,86,5,92,13,84,18,73,308,26,113,2,89,46,68,16,396,1,38,17,3,7,54,64,61,3,74,17,45,14,3,1,29,28,23,65,88,6,13,13,66,3,18,44,29,15,109,27,1,91,27,449,2,93,79,110,17,10,26,52,0,8,34,24,9,69,26,31,82,7,64,33,12,20,185,20,112,17,0,30,11,186,37,32,29,1,22,23,12,20,148,26,12,57,1,80,3,50,91,92,86,11,130,14,60,9,68,7,76,17,14,17,76,55,60,17,46,2,22,43,132,40,17,31,29,31,45,15,134,15,104,109,27,31,19,10,18,60,97,21,23,2,26,14,6,105,41,9,19,4,53,1156,100,4,88,105,45,17,2,27,19,1,36,14,8,18,37,110,45,3,63,2,305,27,30,19,9,89,4,11,16,76,47,8,14,17,19,10,4,7,18,59,73,52,15,2,163,51,333,0,1,27,38,62,64,151,33,78,39,12,215,0,68,29,22,1,13,60,102,40,130,22,17,22,194,18,16,395,64,17,21,44,34,6,13,6,21,96,17,62,117,13,5,1,95,4,0,189,196,140,17,107,121,5,20,1431,536,38,42,12,3,10,28,20,131,24,45,5,17,26,19,24,19,46,30,10,55,18,3,104,31,6,10,2,20,27,8,36,2,5,66,175,43,27,8,10,73,54,7,54,132,19,132,3,9,36,209,67,26,10,17,15,18,62,53,6,8,13,24,25,140,5,97,18,107,4,58,32,37,55,25,87,95,25,11,481,21,18,20,74,4,99,44,250,15,26,51,36,93,149,64,25,106,26,27,19,19,14,17,107,51,135,86,32,173,25,64,12,91,8,7,28,26,25,5,7,101,2,37,127,6,20,36,43,41,26,146,46,10,23,5,38,7,75,13,11,3,161,91,68,21,65,201,1,48,36,9,40,244,363,1,10,8,3,72,17,44,23,14,7,189,0,12,210,24,4,4,24,53,11,0,13,12,108,12,75,67,16,133,2,86,57,0,9,11,6,42,0,29,192,108,28,169,2,5,47,3,12,2,16,12,3677,59,52,23,125,9,4,161,11,1,131,29,2,29,16,1,76,17,72,99,7,53,23,1,160,73,13,3,3,123,17,259,16,18,3,35,5,454,22,30,11,33,15,10,23,65,8,22,118,63,14,0,87,144,60,32,35,32,1,5,93,12,4,99,0,1,175,34,81,7,120,88,13,46,57,4,1,282,6,11,1,5,2,96,12,69,104,11,8,29,165,22,621,27,38,6,47,3,50,50,5,12,42,64,44,62,1,6,116,0,107,3,105,12,512,41,11,25,9,35,165,538,39,84,14,50,21,50,6,80,38,128,24,18,165,3,2,23,61,11,9,16,3,9,6,7,3,14,21,12,3,7,12,0,3,79,42,274,5,2,20,14,21,1,42,54,35,337,93,8,176,276,77,6,10,88,14,77,27,23,82,20,9,18,14,227,1,62,4,36,18,3,21,17,54,144,1,7,31,24,8,21,25,5,8,257,14,586,12,57,264,0,60,15,15,35,18,33,32,59,0,91,15,7,15,35,51,33,46,1,33,40,64,106,58,255,37,68,29,512,88,1,7,35,268,109,57,28,78,8,94,88,110,1,2,138,133,72,23,35,37,5,383,27,61,32,44,25,0,15,24,24,9,63,25,4,47,3,0,0,19,3,18,98,10,247,56,93,41,2,2,40,7,42,13,48,26,45,5,60,11,57,2,89,59,8,39,48,104,20,46,3,19,106,19,13,19,77,34,5,190,16,61,55,289,265,60,12,20,116,28,2,240,13,105,177,135,21,17,76,100,48,0,12,117,83,25,8,477,47,69,120,13,97,6,35,0,1391,122,13,114,96,77,11,0,388,34,33,61,49,14,173,9,14,165,314,94,78,47,26,71,39,86,13,26,66,34,1,19,32,82,29,23,8,10,36,713,142,93,110,125,14,7,52,3,12,51,65,7,48,18,5,191,17,217,9,110,2,20,29,24,34,9,114,50,1,44,23,15,54,29,10,17,7,49,11,4,8,52,26,42,4,65,16,0,15,56,8,1941,1,63,548,4,1,4,66,199,36,10,13,14,40,90,8,61,74,50,110,47,10,117,150,108,70,3,18,2,8,83,235,0,29,40,192,62,7,7,30,9,69,6,42,15,25,49,111,100,61,14,2,7,45,12,4,90,42,37,110,60,65,51,1,2,95,165,36,7,4,69,17,29,2,28,9,34,508,32,11,24,28,8,27,38,10,21,23,8,0,161,53,49,12,2,27,48,2,10,57,67,18,38,1,1,64,425,114,24,40,14,68,7,66,66,4,4,97,10,21,19,81,25,66,4,8,68,7,20,187,10,3,29,2,2,76,27,48,57,18,27,295,85,17,16,1,135,29,16,97,160,37,8,3,3,12,245,112,5,13,106,49,231,9,7,25,2,29,5,139,17,27,25,38,11,29,52,162,84,52,28,24,29,43,7,64,81,285,90,6,71,19,370,83,51,9,144,60,19,8,91,2,95,5,38,116,4,5,62,154,418,71,12,29,57,0,7,4,102,6,49,13,27,187,37,5,12,171,213,7,47,29,111,52,156,61,36,18,67,5,41,44,50,9,104,1,47,42,1,4,17,75,2263,35,109,349,48,4,57,10,58,4,56,76,8,89,133,154,178,45,45,47,24,77,20,32,16,18,12,49,4,120,32,80,51,94,5,40,61,27,12,28,100,60,25,270,50,33,29,94,27,50,17,0,15,15,17,32,12,27,50,52,34,73,3,56,14,60,2,102,4,0,9,12,183,130,15,48,11,41,17,0,18,3,7,173,73,63,9,27,10,7,0,30,33,23,12,51,59,28,5,2,17,71,19,30,3,36,23,59,14,159,47,16,2,129,59,21,12,27,13,7,9,134,175,4,40,23,59,18,32,6,25,11,20,1,46,905,43,56,10,38,80,4,70,35,186,7,93,36,90,27,17,15,23,6,154,33,26,1,34,54,217,31,171,52,52,63,20,230,61,141,33,2,7,44,15,205,23,63,10,2,3,130,37,62,7,78,114,11,8,73,32,41,29,27,143,34,2,47,13,32,261,159,54,5,278,21,75,346,22,53,41,39,266,0,94,64,13,20,79,11,13,46,52,21,323,190,2,20,22,85,0,45,34,17,38,12,32,47,4,26,63,6,123,14,7,253,25,9,5,61,127,0,150,134,0,35,118,21,12,13,28,27,113,11,25,3,32,15,12,60,34,25,50,45,10,27,50,70,4,106,11,32,180,13,42,20,1,167,55,7,258,20,24,5,29,26,140,102,87,5,26,17,29,43,78,35,41,13,136,165,5,49,2,3,3,285,24,48,25,31,55,28,7,81,22,32,10,1,125,84,20,65,14,111,91,168,6,14,10,583,82,12,37,1,17,50,48,58,45,9,17,159,6,59,11,0,4,98,60,276,12,121,15,4,44,29,41,30,19,3,4,80,157,4,14,3,12,55,9,3,19,36,6,40,10,12,3,46,4,32,24,7,128,11,0,18,86,45,10,1,0,15,1,11,23,16,0,79,48,7,2,2,17,19,41,57,0,119,5,91,7,70,146,14,5,19,12,12,78,12,25,27,0,15,42,147,25,0,51,3,80,1,118,109,40,80,3,34,80,22,4,20,25,158,47,67,170,2,46,37,28,32,7,8,51,5,12,3,4,76,52,1,152,40,303,4,17,37,8,451,38,54,22,3,2,8,68,34,78,24,34,101,290,30,82,0,3,15,2,19,21,106,86,169,11,15,146,20,28,50,3,2,74,118,6,31,30,3,86,26,29,16,104,10,7,43,7,19,152,42,18,19,56,17,14,343,2,43,41,77,18,38,31,21,21,49,48,54,68,361,50,44,65,16,44,124,46,24,89,32,2,4,14,192,203,7,8,132,2,4,42,71,9,30,95,11,10,54,167,17,48,29,74,23,33,1,23,13,79,192,91,12,96,9,40,383,176,117,1219,82,49,18,1,0,14,18,14,1,9,107,29,45,61,7,3,15,59,31,61,4,5,50,11,93,51,6,70,44,44,3,30,176,98,160,16,3,31,5,17,3,11,31,19,8,21,6,1,17,25,17,19,64,32,9,6,27,24,69,68,48,8,18,152,27,57,18,154,27,29,6,2,181,30,4,176,2,68,10,16,28,27,69,371,33,6,43,4,89,16,99,48,22,30,16,20,80,11,68,8,60,17,146,36,116,220,3,0,17,10,171,6,13,82,26,12,13,38,30,1,30,10,2,24,32,6,0,66,21,60,30,29,8,4,18,86,8,15,77,8,108,287,30,12,89,9,35,1,13,97,162,10,38,175,10,16,37,70,35,45,20,12,362,62,82,133,2,30,151,180,207,33,62,36,49,167,61,36,10,22,12,39,17,87,23,16,11,2,69,6,48,9,13,41,1,1,33,19,30,192,27,44,66,15,91,51,26,18,39,39,36,71,28,21,275,13,41,162,23,51,25,334,51,4,0,46,6,11,21,16,35,20,26,60,0,20,22,59,6,354,83,5,15,10,24,29,40,82,22,25,7,10,29,17,64,92,23,49,23,96,406,15,14,4,46,3,3,30,11,14,3,76,43,24,31,18,138,8,6,2,52,4,113,25,44,49,47,3,54,4,111,4,0,21,19,150,13,39,85,6,97,18,37,8,7,19,56,626,1,68,159,100,20,55,61,43,62,17,154,12,92,0,9,22,39,24,24,47,97,54,18,26,9,39,0,14,0,34,15,6,29,27,3,18,3,20,19,78,111,80,26,32,3,3,36,9,5,12,60,1,39,13,3,0,8,1,465,1,23,5,2,24,26,32,415,1,2,110,36,16,50,26,69,1,103,40,4,21,9,57,88,29,102,10,3,2,1,1,31,14,57,120,60,80,103,216,3,75,93,114,71,33,4,90,0,26,30,128,9,41,9,36,0,15,28,71,149,70,45,8,89,116,78,42,14,17,40,18,44,3,60,0,14,3,5,34,60,69,35,24,6,12,262,0,5,25,0,3,21,189,34,0,120,85,20,63,184,33,87,494,9,58,79,18,20,7,34,73,106,2,31,0,65,33,49,17,26,9,46,28,4,60,7,1,116,67,78,3,87,304,9,482,9,22,3,69,60,17,77,49,89,27,26,38,271,223,38,231,32,49,5,33,16,43,15,45,5,11,183,13,23,94,52,169,16,10,110,29,88,28,20,44,18,11,253,62,29,127,4,510,139,59,48,6,22,31,9,51,41,2,9,10,50,2,40,55,16,96,137,20,117,170,18,29,81,5,18,7,37,22,2,49,56,29,482,58,37,38,139,92,60,39,3,8,25,46,9,66,35,27,53,59,3,14,13,117,28,25,153,10,11,20,531,211,86,95,165,127,85,10,65,63,183,12,68,35,168,60,46,79,23,5,16,2,61,17,37,163,112,56,26,115,79,12,31,24,22,10,132,15,33,25,79,67,58,35,20,26,10,44,14,15,198,18,6,25,0,22,92,150,224,112,37,107,30,55,14,26,2,56,106,0,39,56,8,3,144,12,355,257,32,30,14,0,2,2,7,12,484,5,64,0,12,106,14,242,15,3,326,40,37,31,29,16,33,19,1,59,10,1,475,127,2,43,2,17,240,6,111,101,8,23,74,5,6,26,292,35,17,11,8,13,57,2,10,24,16,127,4,25,0,6,5,25,55,50,20,12,3284,72,0,94,72,82,12,6,0,80,0,13,74,138,25,9,67,19,39,16,92,66,24,18,63,36,30,3,35,16,39,73,11,18,47,255,12,85,87,16,5,54,8,1,9,3,21,30,18,114,62,62,99,76,56,47,18,63,1,77,41,128,1,24,10,24,4,10,67,17,42,5,14,651,8,23,1,231,31,37,1,1,38,86,22,2,14,51,36,3,9,43,54,43,36,79,38,64,10,117,49,78,10,66,86,36,39,77,0,0,2,19,76,8,48,25,8,28,98,48,325,225,50,31,45,242,21,4,16,69,20,135,288,12,9,39,0,14,11,72,39,87,59,141,15,85,8,36,21,43,146,137,19,129,6,0,37,41,291,16,50,13,8,159,2,1,7,129,11,14,71,131,3,45,22,68,347,20,19,117,45,23,19,51,47,27,36,9,229,61,113,2,25,0,19,10,9,11,122,64,155,3,84,3,86,5,8,32,53,120,17,7,16,62,14,24,50,26,53,27,15,55,89,23,155,0,1277,11,52,76,313,11,2,12,415,81,12,0,25,16,27,252,3,6,12,0,149,33,46,16,77,122,2,76,0,6,67,9,232,752,46,590,4,118,12,209,21,31,27,5,75,19,37,9,6,9,27,56,3,109,68,17,15,26,38,4,23,42,6,19,60,7,67,15,162,26,8,51,13,75,18,90,788,69,57,11,147,12,5,25,86,36,16,18,72,9,34,1,73,186,148,27,4,31,40,283,11,3,8,5,54,18,48,142,22,37,29,41,1,7,3,23,7,20,335,2,52,10,26,10,96,19,430,20,7,7,26,33,14,35,22,1,26,29,15,3,129,40,28,3,50,10,69,186,13,60,110,219,34,44,7,47,5,4085,14,50,9,3,30,84,11,9,22,20,64,35,162,23,61,121,47,0,14,21,102,68,7,31,80,7,4,35,31,82,7,38,41,118,245,17,8,69,11,1,12,7,189,174,20,67,36,75,9,88,331,48,13,40,45,6,406,7,187,300,36,16,177,8,8,122,87,5,1,36,48,25,36,20,20,65,240,50,96,34,21,5,31,10,5,36,39,0,192,26,9,11,83,102,2,20,16,19,19,70,812,3,73,39,13,45,51,43,38,4,16,64,12,1,72,23,114,81,20,67,7,152,70,80,53,27,51,16,49,27,43,3,17,4,4,30,21,3,20,65,7,120,115,6,5,52,75,26,21,49,9,1,37,266,123,12,56,2,3,37,70,5,26,35,6,29,78,50,219,0,115,59,9,25,5,36,302,34,10,1,37,3,66,86,98,5,49,12,55,12,34,9,12,86,8,14,27,87,128,12,9,29,45,140,56,46,120,22,36,23,74,27,79,24,3,44,74,12,48,5,60,10,257,51,22,45,30,34,37,2,12,33,32,81,16,8,27,22,32,5,24,14,15,1,9,79,126,9,27,9,157,30,89,6,19,17,56,31,12,93,68,182,12,5,18,4,31,6,30,99,4,12,25,6,33,52,28,10,21,87,92,82,8,15,284,102,6,93,6,44,242,33,102,47,4,10,11,17,179,40,12,67,2278,24,78,31,99,0,36,57,2,6,16,62,12,40,72,6,21,109,56,2,47,240,101,14,25,4,8,5,79,79,98,22,4,7,134,0,110,121,308,4,66,13,13,38,930,0,12,1,21,3,1,25,35,48,44,55,17,437,16,4,0,0,12,14,18,12,36,41,109,126,1,14,8,132,2,18,24,18,2,7,309,324,2,31,5,60,42,95,29,33,44,13,0,2,4,12,55,37,4,9,5,13,25,14,28,4,32,380,90,51,24,0,38,2,10,2,10,2,29,25,112,56,39,0,11,36,547,49,235,30,4,12,7,139,19,1,5,81,6,39,61,26,126,490,28,76,27,6,13,46,25,413,17,3,11,38,288,52,35,37,18,11,191,34,40,29,74,27,22,2,5,20,13,43,44,35,40,6,62,98,51,24,41,23,67,43,24,14,29,12,5,14,158,56,1,40,120,14,3,56,31,0,206,253,5,36,44,24,16,36,9,130,10,23,22,34,2,3,3,10,6,5,6,22,8,17,8,4,41,7,37,34,8,48,35,6,4,24,0,10,31,26,56,164,0,5,46,33,4,20,58,36,13,11,1,24,9,65,155,102,63,42,102,102,34,195,23,11,529,198,34,10,14,31,6,33,9,3,137,56,140,4,7,28,47,93,138,111,11,52,49,140,93,2,10,243,42,11,0,55,50,60,49,67,56,46,113,2,3,5,33,14,9,4,12,33,18,117,1,103,7,47,99,13,12,17,16,43,188,57,508,50,99,120,62,7,21,27,83,14,3,55,173,1320,12,23,11,23,10,60,20,711,29,25,48,32,59,145,14,19,17,284,22,1,22,18,14,55,11,61,117,99,51,17,40,20,40,27,14,5,12,21,7,33,652,48,14,8,47,64,102,145,53,48,15,38,76,13,2,46,70,13,76,22,26,0,26,116,7,13,82,12,79,54,29,1,0,3,8,139,3,0,81,19,50,8,24,8,54,24,4,3,81,71,11,33,85,42,14,17,1,9,1,59,22,10,2,30,64,7,3,11,103,206,4,11,51,22,14,124,80,3,15,39,39,67,12,44,1073,2447,15,29,16,24,2,309,14,50,9,97,111,0,31,79,22,3,138,17,86,9,32,24,140,19,21,24,59,12,31,27,16,45,2,15,16,9,104,11,74,107,7,31,26,44,34,13,89,34,24,19,95,7,21,23,301,145,14,27,11,19,8,91,1,6,38,42,11,38,32,311,13,50,22,79,28,6,90,21,46,9,2,14,152,210,27,1,9,25,6,25,103,36,10,61,38,62,6,51,19,7,7,34,0,38,17,26,61,345,28,12,7,243,101,63,30,64,36,36,57,37,0,961,110,172,14,26,115,84,53,58,227,32,480,6,30,51,5,5,130,2,818,19,34,1,146,102,23,113,38,155,72,11,6,23,99,9,50,2,45,34,26,95,8,25,616,60,239,33,36,40,77,51,6,40,8,1,84,16,3,22,29,8,20,11,78,10,45,50,8,35,5,74,14,7,168,1,42,8,6,23,92,8,15,21,79,127,35,53,19,37,22,152,136,9,12,44,8,42,20,53,314,1,21,108,112,232,63,8,9,159,169,187,30,16,41,90,173,39,25,11,4,16,79,596,107,88,32,11,3,4,111,4,79,1,4,19,17,106,17,5,4,18,35,76,1,29,9,22,207,529,18,8,2,7,0,24,7,8,372,150,184,12,194,133,192,5,0,84,45,14,193,5,10,99,56,16,6,43,14,42,67,96,16,3,25,9,225,16,202,6,3,8,0,44,4,33,6,73,50,16,45,31,21,14,11,58,11,84,3,29,18,10,22,0,41,38,47,2,54,11,15,126,172,3,20,45,112,75,63,819,20,10,36,67,46,30,5,76,15,297,100,7,36,64,10,8,39,10,20,67,58,25,14,32,7,12,19,7,7,13,51,180,14,92,6,54,91,34,69,67,16,8,29,99,207,8,51,14,2,85,27,20,51,14,14,197,17,109,24,306,153,112,187,15,17,12,31,52,11,29,72,32,111,192,2,99,3,170,21,608,49,69,6,7,102,2,4,115,4,23,18,25,23,0,28,41,38,1,105,18,26,9,0,20,10,96,1,29,62,98,14,18,12,56,23,78,62,125,28,42,29,255,3,28,46,83,2,43,136,5,73,3,18,62,19,26,1,60,102,14,202,41,23,64,22,6,30,13,6,4,27,21,152,30,77,28,72,57,21,26,20,0,53,0,0,22,8,4,7,1,70,33,12,37,2,7,9,6,161,25,19,32,15,55,72,17,126,25,3,18,69,44,1026,6,74,75,49,17,0,13,6,77,1,5,249,8,16,24,7,57,3,49,3,72,11,10,33,1,176,85,64,51,1,108,42,31,4,43,15,98,57,8,18,15,4,402,0,242,4,6,106,125,50,32,471,3,50,25,17,32,19,16,89,8,13,87,29,120,6,25,95,47,69,42,15,120,108,23,4,25,0,104,32,31,443,1,1,30,12,41,24,50,14,157,15,85,117,0,12,29,2,5,1,40,17,1,11,38,40,0,28,35,18,95,275,79,50,54,22,24,5,66,66,23,20,83,25,39,281,87,48,0,20,120,5,98,0,6,62,20,30,18,50,159,95,64,144,194,1,0,131,45,29,30,7,47,42,11,17,23,34,281,13,0,2,200,10,6,10,48,53,30,85,2408,4,42,55,30,93,11,35,19,46,51,125,24,67,33,3,58,71,8,132,291,71,35,20,9,36,50,22,7,7,46,41,13,30,15,5,16,2,105,17,48,21,8,11,145,107,70,77,2,14,19,32,114,38,86,71,4,1,54,91,708,21,2,138,0,81,17,76,10,109,25,88,15,50,16,390,155,2,2,77,4,22,5,100,2,217,224,32,13,0,22,9,30,34,25,25,17,4,75,29,20,41,3,6,65,63,4,22,204,9,22,10,35,122,6,12,23,131,35,9,18,337,150,63,7,34,84,7,68,159,5,21,86,34,95,20,107,253,36,14,10,128,30,13,2,20,24,35,71,49,31,5,108,59,0,38,109,9,73,46,192,46,71,14,25,77,28,58,12,525,4,36,81,23,22,5,22,21,20,5,55,59,84,4,132,8,14,9,94,12,97,1,24,0,206,13,3,53,21,184,84,3,5,4,17,25,128,37,26,27,45,4,34,7,38,2,21,153,25,112,159,23,143,73,3,14,19,27,15,124,35,3,206,82,24,281,14,4,12,42,72,15,150,46,114,82,0,91,32,33,51,88,137,8,24,25,5,3,145,597,65,982,34,42,1,2,95,18,204,20,4,48,58,20,31,60,94,21,79,15,103,128,61,16,4,93,37,9,10,20,31,19,216,402,11,176,46,17,184,19,39,4,3,8,44,21,28,64,15,9,6,3,26,4,17,117,296,36,50,48,49,49,333,8,87,6,27,21,8,35,12,3,112,16,40,28,39,75,110,28,14,95,2,47,112,23,17,0,81,0,5,45,319,14,113,20,100,27,132,470,12,24,9,0,6,60,50,85,16,456,38,11,1,212,64,9,30,38,5,152,137,16,219,40,28,0,4,29,31,92,298,24,88,0,10,46,50,555,55,6,4,132,67,7,2,8,12,18,11,29,95,0,3,26,67,4,6,15,1,51,8,7,27,205,53,8,30,68,38,15,8,6,11,3,75,94,63,14,43,102,24,17,40,12,13,1,0,3,2,73,26,116,28,69,27,87,18,4,95,137,97,121,10,10,25,32,60,25,41,0,26,114,21,7,1,40,41,33,8,11,25,6,14,98,23,5,57,29,26,12,63,22,44,157,82,56,0,2,8,13,87,5,22,17,30,13,43,5,11,14,12,44,49,116,49,5,55,95,5,141,26,94,12,11,6,58,1,69,13,0,7,33,13,6,13,14,15,22,16,2,91,59,26,24,8,65,79,9,60,83,33,21,115,270,248,20,124,6,0,15,130,48,24,6,14,181,1,45,10,0,14,3,30,9,125,67,31,3,20,136,8,137,4,14,18,227,72,35,55,36,18,4,247,23,48,7,7,88,15,11,57,76,4,41,4,123,10,0,34,271,19,4,10,33,15,0,222,63,135,94,15,69,13,43,1,448,13,28,1,14,17,18,78,19,5,15,174,5,106,6,25,24,106,59,6,4,15,122,38,5,5,53,11,0,40,65,53,114,22,111,26,19,10,29,34,92,7,46,2355,22,25,65,40,52,15,1,64,229,0,21,28,335,75,7,46,69,65,2,334,14,16,26,7,41,16,11,10,38,18,67,74,3,0,57,58,33,8,20,44,365,5,14,72,21,6,82,6,4,14,4,4,12,39,3,32,107,100,37,22,84,123,31,44,4,12,40,8,15,48,22,23,24,66,56,10,55,14,66,67,47,19,8,72,79,21,109,26,89,8,159,24,23,23,3,86,60,63,15,21,12,90,141,119,58,10,40,38,16,1,53,46,0,49,152,4,16,6,14,70,193,79,42,20,2,30,0,0,14,8,2954,2,120,13,13,12,25,60,9,21,32,11,41,30,7,19,149,202,65,0,18,57,189,20,12,399,10,721,18,33,5,26,14,83,0,125,24,163,107,236,5,31,5,2,7,9,31,35,25,124,675,124,51,209,19,22,12,53,107,89,15,52,1,202,140,55,14,1,1,4,54,15,27,24,11,3,86,22,31,22,7,9,0,17,260,222,172,4,1,24,24,11,4,51,7,76,7,18,1,141,4,5,34,138,18,33,6,8,8,49,16,11,191,145,1,42,5,37,31,7,11,26,68,5,106,31,117,91,69,64,12,76,34,30,2,2,11,8,126,111,115,118,4,6,19,3,208,31,20,48,11,0,18,49,98,86,12,115,1608,9,166,194,668,377,3,3,8,12,34,3,11,151,29,175,36,5,10,226,25,94,96,1,13,7,10,141,60,3,11,2,14,61,18,167,55,31,10,2,122,92,160,55,20,46,33,4,6,10,5,69,39,133,28,2,1,16,77,1,481,33,68,17,7,379,79,27,19,227,169,3193,271,251,278,200,42,66,32,23,13,37,1,31,59,117,0,14,34,6,13,146,53,111,40,0,51,95,149,18,28,8,35,471,10,37,6,11,31,31,10,10,73,13,17,25,94,71,27,6,109,18,3,1,50,25,162,52,2,83,138,15,78,10,17,28,433,109,59,45,19,90,12,8,6,119,1,21,341,74,70,56,77,41,26,6,4,0,2,29,99,10,957,215,25,29,372,37,100,465,9,168,1,39,30,22,67,23,4,4,101,44,68,14,2,19,41,15,15,19,147,131,37,4,33,145,38,56,37,29,78,16,1,3,23,36,14,338,29,212,1,107,115,224,5016,25,9,0,638,0,7,221,8,455,48,145,472,15,5,9,28,10,13,50,4,17,133,29,5,24,45,4,28,181,82,1,76,2,4,6,48,6,10,25,0,175,165,8,6,28,186,82,25,3,2,2,6,61,9,21,26,495,54,98,9,14,85,1,13,234,52,41,26,129,9,151,75,0,26,15,72,289,65,7,4,74,41,83,164,3,57,20,106,85,8,19,58,16,3051,23,57,175,52,77,51,190,85,3,218,8,91,85,21,19,79,443,26,54,8,94,6,99,44,7,11,16,60,40,70,460,25,0,17,27,4,90,476,16,25,596,10,175,1,68,61,4,29,83,5,127,62,107,582,46,15,47,20,36,68,72,27,268,15,38,93,43,33,103,79,0,0,1062,55,20,5,12,4,69,224,1,126,0,20,6,17,6,10,17,38,4,62,44,115,61,21,80,94,89,94,5,66,9,4,49,19,11,33,13,4,8,0,329,2,347,18,43,11,128,4,61,130,23,0,1,18,4,111,72,36,4,24,10,268,31,35,7,16,1,28,37,55,8,0,25,4,3,123,3,3,108,10,71,14,50,93,55,117,50,60,86,10,73,5,53,17,20,13,0,53,9,156,224,3,8,23,58,13,10,41,133,12,49,1,19,20,124,103,165,2,2,1,163,2,165,2,23,4,14,1425,128,20,15,57,26,45,10,3,106,10,5,18,12,107,5,29,9,40,14,133,142,17,216,1,504,19,2,5,20,16,220,125,98,2,75,48,36,33,19,19,1,15,34,98,144,595,17,82,28,6,2,8,64,11,40,85,353,527,17,45,71,28,23,2,18,6,13,11,110,78,3,99,6,174,13,0,104,198,75,220,24,1,15,3,11,41,7,0,35,3,68,96,22,7,6,10,0,1,35,17,88,161,55,0,23,294,71,89,0,82,322,40,97,5,118,96,4,44,3,12,220,15,55,127,12,121,7,7,167,45,7,2,144,6,7,39,3,101,44,105,21,11,2,306,22,27,12,7,16,453,118,53,3,20,26,20,30,14,457,12,62,1,45,362,6,30,14,61,475,1092,227,39,8,567,8,17,14,306,23,97,99,16,4,51,5,5,19,2,33,8,1,13,7,10,8,102,24,566,16,21,200,509,25,6,5,52,18,30,2,69,6,293,10,79,13,18,10,61,10,77,29,85,7,35,68,321,13,20,39,54,75,16,22,242,38,78,13,6,1,14,4,18,7,2,11,234,9,1,24,61,22,194,252,49,89,2,69,4,8,258,4,27,73,46,19,29,93,155,207,8,0,50,94,3,10,278,34,13,26,50,12,14,1,34,4,20,21,4,229,108,1,10,1,77,9,9,30,777,51,65,569,3,36,146,9,392,6,732,51,54,14,243,9,0,16,2,139,14,8,10,3,250,18,24,17,1,12,111,5,113,521,17,29,53,35,12,291,23,5,33,11,30,10,152,7,94,35,262,8,28,17,92,31,0,2,34,7,34,1,467,7,63,9,5,26,105,4,0,25,75,5,0,60,22,0,35,42,1,27,32,44,22,91,227,29,91,25,19,96,149,263,77,5,6,28,4,20,20,44,49,30,2,14,57,7,9,22,4,132,36,3,2,164,85,18,14,35,28,284,76,295,116,20,1,164,8,13,87,15,67,5,46,451,353,4,53,571,21,74,120,17,18,1,16,16,76,22,45,9,100,38,14,18,140,2,30,34,5,11,9,37,5,138,17,45,34,13,5,349,29,32,43,59,27,12,40,4,53,3,284,13,778,219,45,9,218,5,141,1,72,27,39,155,215,14,93,35,106,7,15,0,198,23,62,6,579,46,580,15,48,20,46,73,1,0,5,8,53,21,138,9,127,42,6,2,29,9,6,11,990,0,8,12,5,199,5,20,12,749,3,2401,167,33,658,2058,2,19,22,0,38,60,87,25,95,140,42,12,724,11,11,4,0,28,7,2,23,4,95,11,89,27,69,11,39,23,145,19,8,3,24,65,76,160,60,38,165,65,118,5,5,81,55,56,14,0,483,30,61,208,3,6,2,50,52,67,8,5,21,200,32,47,64,599,1,18,25,9,84,26,6,5,28,20,21,2,32,33,66,79,5,17,29,76,51,6,14,1,20,2,17,5,71,29,31,18,152,64,7,35,24,67,7,24,26,36,2,10,114,4,29,3,2,65,137,12,7,15,95,91,2,410,17,15,24,3,59,33,7,14,21,1,41,69,10,11,22,2,0,59,150,50,23,20,26,184,51,18,144,179,51,14,58,11,7,5,26,17,33,5,30,18,49,73,15,2,7,8,279,7,40,2,105,2,118,19,32,301,47,10,28,66,11,1,38,162,54,26,25,72,21,13,25,100,79,63,7,50,5,22,51,127,114,33,32,46,130,30,110,59,62,4,12,10,15,427,37,106,38,16,1043,1165,4,93,5,3,18,7,22,31,0,11,11,54,42,15,19,90,5,88,346,5,32,12,126,7,303,292,8,3,57,5,106,55,12,1118,39,35,486,54,23,12,72,137,6,77,149,25,36,24,164,69,14,10,3,153,5,8,1,17,423,24,34,108,99,9,17,6,150,8,34,123,5,131,28,93,56,2,446,11,0,15,67,20,99,14,17,37,9,47,20,60,111,24,13,0,6,11,21,5,20,180,34,7,62,38,43,27,480,1,43,2,3,10,16,0,3,7,8,133,40,596,16,2,96,28,8,10,2,45,27,49,10,33,152,250,23,89,131,6,7,6,7,48,19,6,26,113,1,48,3,1,23,9,15,37,60,157,8,193,272,9,17,92,141,1,36,35,252,21,49,295,346,154,41,25,18,66,42,61,56,89,28,43,180,12,6,3,45,24,11,28,28,61,15,17,915,23,160,28,3,0,9,24,67,1,34,44,363,3,25,84,22,72,255,36,98,235,124,4,0,13,43,83,40,9,64,15,147,27,150,15,2,13,243,14,56,20,75,40,35,5,13,45,103,18,18,14,13,109,20,75,75,162,6,2,48,2,44,130,65,64,29,84,18,1,11,6,11,205,341,96,10,381,42,83,2,21,15,70,72,2,292,2,59,19,0,7,41,83,10,3,10,140,13,134,152,25,153,120,149,53,80,19,0,29,126,115,5,20,76,96,524,59,18,5,13,30,2,18,10,34,9,8,1,81,118,9,16,22,52,14,1,52,2,0,15,22,324,35,41,349,7,23,67,39,65,30,13,4,1,23,1,16,25,6,150,2,108,103,4,7,1,304,25,6,18,33,107,25,6,103,222,86,40,75,94,15,19,47,20,22,7,52,1,37,65,61,120,108,112,44,75,3,243,327,92,27,17,25,14,6,35,2,86,1430,56,7,13,27,90,0,3,8,31,75,77,223,1068,18,6,38,2,33,21,507,13,26,16,14,127,48,96,60,13,249,5,208,15,34,19,4,26,29,93,31,9,30,5,3,10,5,16,169,84,85,58,0,9,32,13,26,39,888,22,269,145,49,13,15,64,11,141,8,7,25,103,18,135,355,2,39,473,45,38,78,13,59,36,14,6,12,29,15,4,9,157,16,50,4,246,11,17,88,10,43,2,24,244,2,53,32,79,17,430,147,52,24,100,69,6,3,16,105,41,20,18,5,49,147,14,27,287,84,11,4,1074,72,35,89,6,20,49,69,3,36,109,17,88,25,26,8,15,43,47,52,24,65,235,196,14,1,15
13,32,68,5,29,37,0,25,9,2,0,100,0,0,22,4,0,382,0,4,60,561,31,1,1,0,0,278,3,67,78,0,5,3,75,8,161,6,4,2,11,5,22,207,443,27,89,0,8,0,2,7,11,204,1242,0,19,274,25,6,422,17,10,72,0,0,1,4,201,30,90,138,462,954,46,1550,0,19,28,15,9,0,242,248,78,3,102,1146,0,0,52,125,130,4,0,0,4,76,1,30,350,100,0,105,0,24,0,10,3,0,66,39,60,374,7,775,209,2392,0,10,23,792,21,427,131,3,89,3,23,0,160,0,5,0,0,71,7,31,0,59,194,1,0,249,92,24,27,0,9,18,15,36,422,0,258,0,0,498,717,28,0,0,6,70,9,2,3,100,0,0,31,0,107,10,84,142,1420,24,79,58,7,2,5,1,0,10,50,218,0,268,4,3,6,0,51,0,13,170,79,178,79,832,784,119,38,0,184,0,1159,5544,4,0,0,0,1,1,44,320,1,0,3,9,2,8,2,10,10,2,0,1,4,2,0,224,164,1,0,0,18,112,33,731,47,0,0,0,241,85,2,3,0,1,0,98,50,0,0,87,863,50,1,4,14,0,71,73,10,0,1,1,12,29,216,2,276,5,909,961,3,0,18,827,1,6,551,65,12,1,131,249,98,4,218,4,42,51,54,3,59,9,7,82,62,0,8,537,43,349,1265,95,225,58,0,0,7,0,0,5,93,0,30,205,239,0,30,62,271,0,191,7,0,0,6,7,303,0,180,24,17,0,43,0,42,65,207,50,43,25,0,0,144,2653,100,0,0,349,81,121,182,1,145,3,0,55,98,46,6,110,531,22,194,16,169,164,178,0,148,16,88,20,19,1,18,2,0,24,9,0,30,4,103,2,0,4,293,52,0,69,19,76,125,0,0,67,37,1,170,58,15,4,6,4,9,0,0,24,6,1,54,124,9,14,5,0,5,97,147,25,0,4,4,2,152,126,71,0,0,0,0,328,419,0,1,0,246,2,1,6,24,29,397,2,0,0,172,1,77,0,0,0,116,160,0,1,1,79,5,211,32,17,16,26,437,5,100,3,15,185,1,1,585,46,9,4,52,5,291,0,562,2,5,11,0,13,1,11,9,10,56,0,136,0,121,4,0,240,5,16,0,0,571,34,13,59,2,8,19,182,0,50,22,0,19,125,181,3,0,3,2,308,0,5,106,178,6,9,6,901,0,2,0,2,2,267,0,144,1,1,262,34,3,12,9,123,60,245,167,0,0,282,0,35,1,5,34,308,18,30,0,101,23,11,4,10,0,3,26,0,19,5,2,37,3,108,3,638,3,5,807,219,0,0,146,3,0,0,2,9,0,40,1895,996,0,2,0,52,0,82,194,18,0,0,8,5,24,71,1,0,5,51,0,6,156,156,21,9,3,0,100,2,66,46,1,2,693,269,2,2526,1,1,0,44,66,5,69,22,8,4,92,614,23,30,1,0,5,3,0,20,341,539,1,1,57,6,239,176,0,90,0,3,385,648,0,24,4,7,98,3,14,53,0,0,3,0,0,1,947,5,43,609,77,64,288,88,0,1,1,58,1,0,582,93,0,10,0,0,7,278,24,142,3,8,243,42,0,8,40,8,0,57,0,0,0,11,6,851,131,51,8,45,0,35,0,85,0,0,500,954,19,12,2,170,91,31,21,0,1836,10,451,5,6,2,4,54,4,56,558,14,959,1312,0,52,140,24,0,0,8,0,34,0,7,0,53,4,3,184,2,31,6,65,50,265,0,175,1,167,46,933,0,0,94,27,0,37,33,136,40,38,23,0,68,156,1,1,5,1,87,19,538,7,100,0,29,0,5,69,9,0,7,19,129,235,1,0,1,338,69,1,10,1624,110,43,4,68,32,235,980,0,435,0,0,33,441,0,17,229,24,12,3,7,162,1,8,0,0,27,60,140,1,1,32,0,2,0,4,380,1,366,10,0,2,68,1,2,27,5,43,0,1,70,0,0,250,9,0,413,29,238,4,53,24,568,111,1,0,125,1,62,0,0,1,139,90,3,9,5,41,0,173,0,1,14,439,9,682,11,8,1,257,1,0,2,2,33,1,28,5,0,7,848,0,2,7,424,21,3,82,412,5,1,2,85,3,23,58,20,3,17,39,21,245,140,16,725,87,41,0,2,173,148,384,0,0,3,135,3,1,2,129,0,34,0,15,83,1,494,1,1,1,9,47,0,0,1,7,1,1,61,1,29,629,141,254,2,13,77,190,717,16,0,226,0,396,0,0,541,7,2,19,5,4,0,6,0,2653,36,24,154,24,0,1,8,107,0,0,117,139,1,459,2,13,2,133,0,192,1,163,196,160,121,1,194,70,15,12,24,244,533,11,30,62,0,556,11,79,2,131,24,9,299,287,0,1,137,46,22,4,568,78,0,2383,238,640,1,3,61,243,0,0,42,21,237,0,2,0,0,309,0,399,54,15,1,6,1,40,5,3,3,270,35,603,8,817,135,112,0,12,0,75,3,46,2,0,0,1189,26,0,20,154,12,24,487,195,32,14,928,14,13,1,2,0,6,0,4,27,0,191,1263,213,393,0,4,7,0,51,0,307,0,503,773,134,1,5,4,455,0,0,224,0,0,48,36,10,75,0,32,0,96,0,44,69,0,53,47,214,9,116,799,0,283,362,72,7,1,0,0,30,0,31,98,1,43,187,1,0,61,1,298,597,14,16,24,1,16,47,484,10,0,139,4,160,632,408,153,197,44,5,0,0,3,0,97,23,0,59,0,151,1,0,398,171,0,40,318,0,1,0,42,37,159,40,0,10,266,322,1,24,911,0,0,1,7,2,0,194,4,0,138,4,6,28,1,6,6,3,164,63,0,342,185,0,1285,213,24,0,0,3,0,328,40,324,44,25,106,485,504,1384,28,180,20,0,4,102,296,64,1,508,948,15,45,54,7,0,11,0,33,1,19,30,0,157,7,8,1,326,42,253,14,0,61,0,42,265,150,67,0,0,0,150,8,67,38,6,0,52,5,16,2,0,964,19,17,6,0,0,161,62,143,526,435,0,17,1,1,8,2,0,33,21,429,380,1,0,0,313,2,1,0,35,0,12,1296,0,0,18,260,0,2,11,0,154,1,166,7,302,302,4,16,110,131,0,68,96,146,1569,188,48,58,48,417,0,202,0,40,4,0,44,43,0,0,0,1,151,131,0,489,64,37,3,172,0,20,81,83,12,12,164,0,0,43,111,1,445,21,38,37,55,10,1,4,45,93,6,2,52,1,0,60,663,2,442,116,0,0,656,3,2,0,32,83,627,289,12,2,0,128,94,236,7,147,5,134,71,1039,585,173,0,15,0,181,6,7,48,0,9,1,0,3,104,44,5,0,1,0,108,2,108,10,0,37,9,1,4,24,2,72,0,3,0,0,0,0,13,109,144,0,1,3,2,448,275,0,716,35,191,93,14,0,68,494,9,3,64,55,28,16,1,17,3,8,0,0,277,20,0,0,0,7,162,2,0,0,309,0,5,0,3,50,26,12,9,3,0,114,182,0,6,0,232,0,1,9,1,168,0,20,0,34,36,158,64,0,77,0,0,1186,992,523,19,9,0,41,0,1,167,0,5,1,133,13,8,39,890,91,24,69,5,0,84,113,150,186,21,19,1,4,0,39,75,6,19,641,111,51,0,1,0,35,32,192,367,508,0,72,0,42,25,162,243,8,9,122,12,14,7,290,51,0,17,723,1,58,0,85,0,776,5,449,0,928,1,279,2,16,1,1,12,0,51,234,49,2,0,77,0,740,21,70,0,0,0,0,38,11,0,116,33,0,365,1,6,149,465,1,249,123,193,0,1,14,10,0,16,14,5,33,43,292,15,0,34,0,199,52,1,0,216,7,8,55,42,0,24,132,378,0,11,0,83,39,1,2,677,46,139,53,1640,0,13,12,296,744,3,0,0,8,17,623,0,0,9,190,3,652,41,0,0,7,28,0,0,0,5,4,0,1007,0,0,2,0,105,395,0,15,0,117,61,7,0,1,229,590,49,92,0,219,1,9,206,63,170,14,0,102,9,0,1,8,0,70,5,59,742,292,26,2,33,400,144,34,8,45,235,11,54,0,45,131,405,38,45,4,64,155,90,219,924,8,31,0,5,11,0,46,5,172,0,0,114,211,12,0,6,10,0,0,30,9,2,2,96,211,0,0,24,24,6,5,0,5,9,106,39,0,2,1,351,0,22,144,18,31,49,160,388,56,31,387,6,57,8,0,7,614,20,4,0,1,5,1801,102,156,34,34,0,36,0,7,0,1855,107,0,0,36,2,12,154,31,0,116,22,0,1184,75,57,572,0,0,2,1,7,19,1,0,11,0,56,26,206,1,7,4,157,196,12,24,0,1,135,117,0,4,175,0,19,1,7,3,0,210,372,20,0,10,2,263,52,0,0,14,6,0,0,237,35,5,2,40,0,231,0,0,2,12,89,331,184,1,281,26,1,6,181,0,0,10,207,1,222,42,8,1,193,1,57,222,389,0,49,643,27,221,4,7,1919,43,0,23,4,3,0,189,249,2,14,857,202,5,35,11,4,0,0,0,90,146,20,54,45,2,3,63,495,181,642,141,92,27,144,773,922,1,0,3,4,267,2,0,170,115,398,52,9,0,396,3,23,151,0,0,264,13,1,53,0,32,16,0,218,0,4,204,515,92,1,0,0,150,12,63,9,90,0,0,0,79,95,278,1021,10,2,1061,76,0,51,114,113,42,1,0,2,69,0,7,14,37,26,4,410,87,0,49,963,3,6,63,185,5,2,358,58,0,269,212,1,0,1,0,306,555,0,34,41,173,22,0,22,205,0,49,23,21,329,0,71,0,43,3,277,211,9,18,148,0,7,81,0,0,46,45,22,1,1,0,110,2,35,902,16,0,169,0,1,0,61,452,7,7,17,25,0,56,82,27,4,0,18,1,27,2,1,9,381,8,0,72,66,6,0,1,0,57,361,1164,2,29,19,99,0,0,0,9,0,444,202,0,24,184,24,0,4,20,34,12,4,142,43,6,40,265,396,42,221,863,0,212,56,13,48,40,538,20,0,435,11,1,0,37,4,124,102,0,57,155,0,57,0,0,39,464,789,5,223,20,2,1,162,22,2,124,0,0,6,1,4,44,3,158,6,238,0,175,544,0,0,11,0,11,1274,84,14,3,1,40,3,453,1,53,79,0,27,109,33,232,259,51,1,175,0,27,0,0,0,31,528,1,242,28,15,578,0,16,109,33,524,17,0,0,0,12,7,2,86,11,326,0,38,66,119,1,37,0,628,145,3,76,3,467,0,1626,159,0,407,2,31,0,0,0,0,0,33,338,45,7,0,0,0,100,2,49,299,2,882,0,29,2,69,127,167,1,85,48,45,18,10,1025,134,1,0,0,16,11,0,0,0,10,18,99,0,189,1235,4,7,246,64,47,5,36,24,0,172,0,0,0,0,2,5,81,1,0,66,8,0,8,1,2,0,4,3,258,2,535,11,22,2,196,12,4,3,8,47,23,603,40,0,3,367,44,47,0,162,5,0,0,285,68,0,0,21,6,2,0,0,19,603,20,267,36,95,42,97,1,1,61,27,0,0,0,0,38,84,0,4,1,901,16,385,0,9,2948,0,99,123,0,1,0,660,25,476,0,466,2,6,0,134,0,238,15,103,157,75,68,745,0,3,0,347,14,0,68,21,297,6,20,5,1,199,9,30,0,118,0,72,8,60,0,156,0,34,865,0,573,674,222,14,46,3,9,23,2,11,11,5,12,127,3,0,583,0,73,4,0,352,1,3,0,77,49,25,234,94,0,54,2,280,1,0,0,1,0,45,0,1,1,35,0,122,58,806,2,2,1,0,0,0,0,31,27,0,2,478,17,62,4,0,4,679,44,0,112,328,0,61,205,0,6,0,8,0,1,0,8,8,1,0,714,4,0,182,765,2,187,1,0,0,181,1,79,21,0,6,0,0,5,1,0,72,1107,0,188,0,90,1,86,223,106,12,2,894,97,31,2,59,0,1503,23,0,6,581,0,0,0,2,164,6,0,0,879,135,0,0,58,0,61,16,745,782,0,1,586,15,1231,588,10,193,11,178,626,5,18,0,190,30,0,5,0,888,224,2,3,460,2265,1,168,0,44,0,2278,97,97,5,228,145,99,0,4,36,0,6,205,43,4,117,19,65,0,2,169,78,13,0,13,16,0,7,240,4,10,5,61,0,89,7,0,1016,0,2,145,8,46,0,0,110,28,1361,30,1,465,68,1,5,15,236,12,37,7,36,32,11,54,1,1,5,185,16,28,51,66,807,7,56,32,497,1,38,3,5,7,22,89,10,0,1,1,0,10,43,17,238,2,461,3,17,9,207,2,915,203,11,36,2,184,0,5,133,40,10,393,44,1455,192,2,15,0,0,1,0,0,21,0,33,0,8,42,269,0,229,20,213,128,75,2,26,0,637,34,17,99,92,134,0,16,0,137,2,37,0,426,1413,52,483,19,0,0,10,33,0,0,82,0,387,114,27,7,0,222,0,58,184,66,372,0,0,17,32,356,1270,5,1658,168,10,56,145,2,120,0,5,2,0,100,1,0,0,0,0,9,11,93,106,5,10,11,1,185,9,948,1,1310,1,42,8,60,0,83,15,0,69,31,0,46,83,59,55,31,10,3,2,2,0,0,30,1406,2,16,61,106,27,0,202,1,134,25,31,2,14,410,126,24,42,385,339,3,411,0,39,1,60,33,1,0,3,37,68,287,0,0,1,30,37,36,1026,3,9,0,43,0,3,0,0,113,0,0,61,19,7,1704,0,67,69,23,24,2,24,73,13,103,0,1,0,426,247,61,99,0,25,9,10,0,0,2,5,4,3,0,1,317,1,4,0,0,23,0,222,20,3,1066,0,0,100,0,133,224,117,90,489,43,0,0,9,51,1,7,2,59,0,4,0,8,538,0,446,35,97,115,70,379,0,162,98,0,238,7,1827,30,3,0,2,3,27,23,37,14,41,0,3151,1,1,0,1,1,145,88,66,0,9,0,306,0,8,0,3,98,3,1,3,0,0,9,1,138,23,0,9,6,2,97,68,73,4,4,6,5,10,807,182,27,476,14,71,0,48,0,158,13,3,23,374,18,156,0,0,551,0,75,9,136,1,32,515,45,0,22,75,282,334,53,15,0,99,2,0,10,5,18,84,1,0,0,22,12,4,13,0,0,2,11,109,536,17,0,1,0,3,8,0,5,10,144,1,16,36,447,183,74,235,88,7,2602,348,218,0,7,4,0,2,105,0,1,1,24,939,18,29,1777,0,6,45,401,0,0,19,6,3,68,3,23,0,97,157,4,20,64,567,158,518,177,5,1,20,0,1,4,0,0,47,54,2,89,432,3,2,77,138,210,6,239,280,10,0,341,1,1,514,105,4,4,1,37,31,14,1,10,2,0,113,1,0,2,0,8,1,428,1,21,51,0,827,90,87,104,0,0,4,3,3,4,279,3,0,0,63,57,2,7,97,0,3,154,31,63,7,2,19,1,2,0,168,92,524,2,442,3,1,13,0,0,4,4,221,0,152,26,25,1,0,46,85,4,8,0,0,1,53,0,76,35,2,4,0,0,12,5,2,613,1,255,1,60,1,1,6,29,2,3,3,0,18,49,92,10,54,156,1,69,23,260,2,152,0,5,84,511,427,0,3,328,0,1,104,2,13,0,29,64,22,0,0,19,171,13,2,19,0,25,377,0,23,17,1,13,0,81,37,34,1,2,0,8,26,2,3,994,106,0,34,336,0,209,1103,0,0,688,174,86,0,0,160,105,0,206,217,2,64,192,1,0,80,2,0,17,39,27,0,108,115,66,45,53,9,1,359,57,3,16,465,439,179,325,132,59,114,270,64,0,0,165,5,30,12,0,0,441,418,222,4,279,4,0,130,9,4,608,0,0,7,161,444,2,0,454,83,100,0,22,9,0,264,0,0,204,1,473,6,19,0,63,373,294,21,638,8,0,0,2,408,23,71,1249,2640,37,41,54,18,1,4,139,109,243,45,380,19,49,2,9,46,51,0,268,0,6,11,6,0,11,2,8,1,1379,216,141,7,0,133,813,128,163,0,272,149,0,256,1,0,141,1,9,0,139,149,2,185,11,19,30,350,0,8,37,0,73,17,437,49,0,181,5,0,103,6,0,0,58,504,1,107,21,1,48,0,14,342,41,1097,0,38,461,27,2,0,167,118,118,12,1,214,4,180,53,43,91,82,125,99,0,0,6,2,86,83,0,462,1147,22,0,0,76,186,44,29,2,0,1,280,0,42,88,520,64,5,9,18,0,127,8,10,157,1,88,2,0,1032,135,0,65,23,0,1,339,5,97,0,30,188,4,979,14,43,3,171,0,0,15,7,3,8,0,83,22,4,506,409,1,0,0,0,0,77,0,105,16,40,111,125,0,12,17,1,15,1091,143,0,1,0,5,0,22,1,114,1,17,30,47,8,4,8,19,2,260,0,6,0,3,35,2,29,114,0,34,150,20,0,12,7,28,10,0,2,369,29,124,160,61,18,17,270,89,465,0,0,67,137,130,15,12,4,242,24,209,16,7,26,0,75,227,5,111,1,0,0,0,0,11,183,1,0,55,38,46,0,542,3,0,10,1,357,5,0,0,13,107,0,62,7,115,62,0,207,55,23,0,63,109,8,20,107,25,20,159,11,37,0,121,17,1,88,0,0,43,83,217,1,82,164,106,0,112,0,738,10,484,0,300,298,57,44,0,35,1,13,230,3,98,1,9,6,107,908,32,7,1,0,0,407,0,119,0,147,0,3,0,0,559,58,73,450,185,111,188,1034,1,1,0,81,0,57,89,101,0,60,12,2,6,11,1,0,13,151,0,2,0,2,26,19,0,0,583,1,0,84,64,1,2,184,2107,68,0,1,0,551,8,429,13,0,720,1,0,111,0,52,4,0,0,34,6,5,264,123,0,6,182,174,0,37,1154,34,43,32,94,206,167,26,35,199,1145,8,12,5,3,25,2,0,2,8,14,0,11,0,426,45,665,43,7,76,0,2509,0,8,386,241,855,1366,526,101,89,329,12,23,56,80,310,215,0,12,199,729,187,2,91,0,0,3,391,8,130,79,3,0,88,0,33,4,88,62,0,311,97,161,3,12,12,9,136,18,185,2,23,26,3,281,115,374,0,130,3,610,1,1,24,104,0,126,238,14,57,653,0,3,0,0,2,2,6,626,279,0,14,50,24,223,365,0,250,127,42,212,60,7,22,2,2,153,0,69,8,3,8,82,47,13,135,0,0,4,70,11,28,0,34,2,1,0,31,41,18,89,1,5,37,92,131,34,302,346,0,30,4,1,28,2,67,0,70,1,6,422,0,2,0,0,16,25,181,0,0,696,15,61,19,143,0,7,18,0,0,1,35,2501,82,16,170,6,0,100,63,1,54,1293,537,3,115,145,120,41,20,0,151,4,0,203,3,12,212,0,0,2,0,89,0,50,2,85,88,133,136,2,291,0,4,17,30,0,25,3,0,37,82,0,266,0,1,0,20,59,57,158,1,0,66,131,0,565,105,0,0,0,412,0,6,266,56,0,0,3,0,6,1,27,47,7,17,40,4,4,84,178,47,0,508,58,34,1,44,0,60,0,0,5,172,292,3,3,0,735,50,30,0,4,0,3,0,17,13,9,496,16,0,97,270,7,4,21,0,379,10,0,0,13,0,5,0,0,231,109,0,1048,12,0,4,19,135,786,1,304,0,118,1,932,155,1100,234,8,0,0,1547,44,0,107,20,225,27,1024,338,168,28,5,406,11,6,3,26,70,5,4,18,1,0,0,1,1,161,17,0,0,304,1,0,26,20,1,178,1932,15,25,36,2,121,23,117,0,36,0,8,23,1361,0,1,0,40,40,7,25,18,20,0,6,205,65,0,225,92,0,15,71,20,328,82,1810,6,34,41,291,0,1,172,298,38,284,0,4,14,13,21,42,523,5,25,21,0,5,124,418,1,6,104,378,1,0,91,0,19,0,11,1,1,1,4,45,6,0,3,1,109,0,102,0,180,10,1,113,11,26,0,213,5,0,99,556,58,22,0,7,3,711,61,148,0,0,0,517,33,911,0,0,91,228,1,16,35,214,3,94,1,0,120,136,92,38,145,0,2,7,0,40,1581,222,30,0,83,390,303,23,491,66,3,1,2,111,4,0,0,142,0,16,0,59,0,0,108,43,8,132,40,8,4,210,71,36,36,18,0,1,1,0,14,6,212,133,30,139,119,13,84,0,63,13,0,4,0,0,66,0,8,156,2,331,60,11,31,0,27,5,14,9,2,93,48,0,160,0,0,707,326,298,6,790,45,164,69,760,0,0,0,114,14,18,0,1,5,6,23,36,70,0,389,0,335,1235,199,0,0,919,9,0,48,35,291,20,0,99,1,194,127,35,74,77,0,53,5,0,28,80,67,45,15,9,125,72,46,391,14,39,110,0,0,9,0,14,93,625,2,2,47,12,95,9,292,6,545,0,571,7,295,21,3,95,3,67,0,3,25,122,7,45,0,41,3,34,1,8,1,387,51,1,26,1,0,42,19,3,174,1,15,1,88,4,4,275,17,0,32,72,547,0,368,0,0,17,57,505,5,2170,1,173,203,50,221,19,4,8,923,0,1,5,292,821,65,20,26,3,0,8,47,0,184,1,3,11,13,37,1,31,26,114,49,5,0,10,2,127,621,5,3,9,1,154,137,0,717,0,844,0,61,24,494,1,0,6,1362,2,17,18,5,16,12,0,237,1,4,0,41,0,0,68,0,1,129,0,111,7,0,86,0,2,77,1,1,1,141,3,10,1,26,0,42,561,1,144,136,19,50,901,403,4,94,31,0,4,64,7,439,19,7,3,0,4,2,188,4,6,1,0,160,0,65,159,4,1,0,2,2,64,872,2,375,0,54,7,10,192,0,117,1802,135,67,586,4,0,1,16,30,74,183,343,8,117,0,551,7,0,0,13,0,11,2,0,50,18,0,4,37,0,9,1,51,189,18,1,55,3,47,20,0,56,443,239,0,0,22,535,0,26,29,342,452,126,190,182,0,18,1,65,10,0,22,68,1057,61,17,1,0,58,1,127,19,55,4,106,701,185,0,12,76,209,12,156,4,1,35,0,4,2,0,2,192,174,4,3,6,25,91,1148,19,1,0,13,77,129,227,701,71,72,29,0,33,84,18,0,6,0,56,29,1,51,14,0,272,603,28,8,56,2,573,1,4,1,261,0,278,2,0,5,38,13,1,15,0,245,0,0,0,14,55,685,247,47,10,9,0,0,1,180,296,36,115,16,27,3,897,11,144,0,0,1,14,439,38,308,55,14,0,240,29,17,80,0,1,44,0,11,69,82,291,0,0,17,9,0,80,3,2,170,182,61,862,61,214,0,35,1,3,0,25,16,25,235,9,1,1,11,747,67,0,35,6,0,1,32,111,15,1,263,347,35,271,15,4,9,13,131,90,0,27,3,0,70,21,126,0,37,13,9,1,0,0,7,0,110,18,1,4,7,7,1,21,5,1073,0,25,0,587,0,8,33,13,0,17,74,66,0,26,410,0,0,4,754,1,91,6,0,208,9,125,55,1,10,3,385,251,7,111,0,40,1,44,0,7,923,1,0,0,0,2,0,138,2,17,44,669,23,3,7,4,0,13,15,0,76,3,3,1,0,90,0,0,8,1,419,0,0,0,6,1,0,16,8,0,0,15,12,277,0,130,0,412,464,0,0,0,13,110,116,271,163,22,15,270,1,19,641,4,8,1,7,0,1,140,1,892,3,7,6,3,2,1,57,173,144,81,259,1535,1,44,0,156,3,14,0,0,3,81,2,309,11,38,0,0,88,50,0,317,0,94,91,0,14,1224,2,277,10,4,19,2,7,0,319,0,7,42,2,0,2,0,2,14,172,3,0,123,143,49,2,60,17,11,53,18,4,0,2,5,48,29,26,0,10,0,29,18,0,1281,0,19,0,79,0,695,35,0,1259,0,35,0,252,224,72,23,163,10,0,0,10,88,1,66,69,0,112,52,122,0,10,1,3,0,22,1,0,51,0,0,158,306,1998,6,9,0,35,9,0,50,0,150,12,48,207,144,3205,0,212,217,15,42,1,1192,420,2,36,0,0,125,38,16,143,144,3,57,0,27,129,86,271,0,0,0,23,6,7,41,49,0,2,296,565,2,112,8,125,2,13,0,4,87,423,255,316,138,31,2,10,7,5,51,33,56,9,5,5,43,823,0,31,694,1,37,1,6,4,57,227,26,710,58,2,6,131,67,457,0,0,30,2,12,24,0,0,91,382,39,0,1,17,426,6,1190,104,11,1,236,376,0,1983,0,0,14,0,495,998,1,1,869,0,751,7,1,5,0,1,0,1237,1,250,83,5,30,0,669,38,1,0,0,113,7,289,0,97,0,8,527,48,4,45,12,2,0,1,83,1,0,2,3,80,18,265,0,0,1,64,90,3,0,1,14,17,24,0,10,278,24,0,84,201,1,347,425,1449,1,1,0,10,0,0,1,42,0,536,117,1643,1,4,1,95,7,1,0,25,1,0,18,496,70,16,62,11,5,469,108,69,263,243,33,78,3,1,0,30,0,61,1,0,36,16,48,103,0,92,161,65,59,493,8,0,10,7,12,7,0,4,8,1,1157,4191,2,164,9,10,2,8,5,80,20,21,0,0,1,1,3,93,23,311,168,0,373,17,0,8,157,20,112,1,215,0,0,130,9,0,4,207,22,0,0,80,0,9,82,66,2,573,16,495,33,0,2,399,2,59,10,84,338,0,6,192,54,34,0,0,12,0,77,437,20,0,0,247,14,8,689,116,225,478,2,123,33,423,190,9,0,718,0,3,4,12,0,53,0,4,0,11,1,197,1,5,235,10,6,0,212,645,5,11,2,0,1170,103,81,12,130,156,5,0,339,338,0,0,0,130,170,0,323,136,10,1,16,1,0,59,122,2,0,63,459,0,94,82,5,1,26,0,0,1,40,17,258,0,0,0,48,777,214,18,84,22,56,81,4,2,4,0,0,2,7,15,57,41,17,11,59,28,11,67,1,0,0,215,95,9,21,376,16,355,2,0,0,27,186,0,8,90,0,0,12,234,22,5,80,60,495,0,0,0,181,0,107,160,0,3,0,119,310,1,0,2906,4,1498,1,4,1359,5,3,0,0,0,86,0,155,0,880,0,1,0,24,70,0,2689,218,185,12,556,41,2,166,20,5,10,0,41,6,0,0,1174,288,4,178,57,2,1,37,3,15,17,0,2,8,0,992,6,1,1,0,1,44,96,0,331,5,0,95,0,23,0,1,1,0,1479,10,0,418,98,3,663,5,4,634,0,3,0,23,78,27,1,304,0,444,6,43,412,0,1,0,27,47,0,0,918,109,91,2,121,5,0,12,6,5,428,0,64,12,14,0,0,13,1,0,0,2396,42,65,4,409,16,2,0,58,10,3,17,139,175,65,25,4,1,19,69,2139,103,64,11,3,16,0,907,207,180,168,583,0,2,799,68,43,18,0,59,2,7,0,2,119,4,5,0,930,11,547,80,4,2,143,0,0,25,1562,531,22,0,0,10,15,6,98,27,51,7,3,65,1,594,14,128,30,1,18,117,130,1,0,1,43,16,0,15,31,256,32,306,84,58,3,0,189,1,3,300,252,0,0,0,5,0,75,0,28,205,14,21,5,0,262,1,14,59,18,39,24,11,33,27,18,3,11,2,45,0,37,673,37,123,3,53,51,50,23,167,1794,14,7,2,423,2,58,82,9,40,21,48,0,24,9,0,0,1,689,8,46,0,71,20,16,64,12,2,636,6,15,45,212,0,58,65,466,286,42,318,91,8,91,1,26,58,0,79,0,47,29,323,1,2406,2,0,157,6,1,746,2,189,31,19,23,1,0,0,0,0,0,0,424,53,2,1,0,2,174,0,2,4,800,6,21,0,1,272,31,4,1664,191,57,124,2,904,79,3,289,50,28,393,100,0,78,0,915,0,4,0,300,0,0,0,39,239,22,4,732,16,0,306,85,3,0,74,88,272,0,2,700,16,29,24,232,1547,42,0,9,401,0,0,33,367,3,60,0,37,61,33,72,275,77,0,2,0,6,26,0,730,295,535,51,101,48,14,1,224,2599,41,151,0,35,25,648,0,0,72,0,633,2,0,0,2,1078,3,35,90,18,27,19,523,152,6,107,88,0,3,1,145,445,0,5,171,1134,0,49,236,0,249,26,7,1,201,15,9,13,156,4,0,10,0,1,206,44,35,932,0,1237,2,23,0,6,77,1,54,160,1,143,535,13,0,0,74,1,1,5,19,51,60,95,1061,0,31,1,0,9,4,8,352,0,0,0,1,112,53,222,24,1,0,0,77,26,101,51,117,0,14,0,431,97,3,169,32,1,0,176,14,12,5,49,0,1,525,0,167,53,10,0,20,12,59,3,39,0,906,24,0,8,50,524,38,0,0,2310,63,83,45,95,26,222,4,616,127,30,0,0,15,0,25,16,0,0,262,17,102,0,11,11,10,34,75,234,36,368,93,1223,0,1,32,0,1,538,33,7,43,209,0,0,2,0,278,1099,69,158,0,80,170,570,35,2,9,1,30,5,2,20,7,0,0,196,2,1,2,848,546,0,18,1,7,0,50,13,241,252,27,1,25,0,6,88,4,1,37,46,0,8,0,937,16,119,0,5,30,303,2,2,592,9,107,0,0,44,20,3,8,0,0,0,1,1,64,580,0,60,44,158,0,0,1,0,21,0,932,5,10,146,14,811,93,8,5,0,4,22,0,0,1033,165,0,36,0,734,55,248,2,238,29,4,556,2,64,116,42,265,0,41,3,42,176,880,2920,1,789,85,4,163,34,0,2,47,22,933,1,503,148,18,39,1,0,151,382,81,3622,1,489,394,0,422,0,1,51,49,0,2,0,328,7,88,1,75,311,70,88,45,361,1433,187,0,40,0,0,0,9,27,39,744,108,2,0,26,0,0,6,2,1,0,149,1,0,0,0,2,32,0,324,13,0,0,0,1,34,0,0,0,0,1,10,71,15,70,111,23,49,63,2,0,1,1,4,24,346,18,0,103,15,117,29,29,6,155,29,74,136,0,5,74,6,10,184,0,173,8,18,64,0,309,20,1,4,1,1,9,1,66,16,13,10,2,47,0,16,2,61,1,1244,4,1,0,238,2,129,1,77,437,5,36,9,27,61,3,5,0,22,0,4,0,0,13,31,24,2510,101,80,19,8,40,24,4,48,1,0,5,37,509,0,20,19,13,9,26,0,19,0,1527,0,190,0,6,29,27,186,39,3,929,0,0,21,4,164,23,2,0,22,92,6,22,79,0,17,19,47,65,2,42,3,1,0,32,0,16,106,6,52,16,80,60,1,206,13,3,236,0,177,0,24,0,48,5,0,29,11,25,41,52,1,34,10,3,62,20,392,5,7,238,116,169,209,1492,5,0,0,0,0,160,0,0,256,45,1,0,2049,2,33,1,114,21,0,14,108,0,488,70,4,0,107,188,218,508,0,0,41,26,31,2,10,43,5,35,11,60,0,11,66,9,31,22,31,0,48,1,0,475,254,253,1,29,64,0,3,1,0,9,53,216,137,13,30,2,220,3,12,43,23,26,45,2,0,1070,1,178,20,110,641,135,0,0,58,0,4,7,51,48,98,0,25,58,32,4,6,0,4,1,0,14,31,1,0,0,231,3,14,15,10,719,0,47,150,1,33,3,61,2,0,1,130,14,262,0,407,0,24,11,0,0,0,0,0,0,1,149,25,0,113,0,1,764,75,8,1,119,1,252,0,3,379,14,19,0,51,80,95,0,145,0,18,120,0,192,0,22,88,22,0,125,0,14,0,1,39,56,3,0,0,0,389,156,234,5,33,3,154,0,27,1,870,133,4,0,0,0,0,0,7,23,0,48,1,85,64,0,0,0,2,134,16,19,0,468,15,2,781,9,5,0,23,0,0,75,2,2,1,0,121,26,2,0,0,1,76,0,4,36,417,37,31,0,95,117,87,101,1,2,84,0,28,0,6,2,13,2,0,78,0,372,0,0,29,1,85,5,0,24,3,0,3,0,0,13,1,0,40,17,27,54,1,348,397,1,22,1,18,15,174,138,0,263,1,1,9,462,467,5,13,765,10,1,66,0,111,1,539,7,0,3,0,3,2,27,0,0,249,21,15,9,1,1,46,463,2,238,0,15,263,14,140,0,0,0,0,28,0,130,85,24,3,15,0,31,0,70,102,69,57,57,2,22,1472,0,1,2708,1,0,0,0,149,2,57,65,143,0,10,2,24,0,12,7,198,0,139,0,1,0,0,61,62,1,212,20,13,0,86,4,68,0,19,3,174,3,2,3,4,4,3,74,96,4,0,0,453,162,0,336,0,0,6,1,0,3,42,2,52,938,0,0,33,16,4,0,1,390,0,0,69,372,3,5,1,2,0,36,0,145,0,2,18,0,4049,31,1,176,239,91,314,5,39,10,75,8,500,4,179,2,11,8,25,9,211,0,6,1,0,0,51,27,633,0,1784,4,0,0,0,0,5,489,12,425,0,188,2,73,0,7,7,6,0,155,6,0,309,2,173,209,251,0,17,2,33,330,9,1091,66,0,162,15,11,269,24,36,41,304,0,0,26,20,240,3009,93,102,0,0,15,90,711,20,0,0,37,0,0,1,277,3,0,0,2,110,6,14,4,17,1028,24,8,1609,291,181,401,0,212,172,185,0,0,0,52,0,12,28,14,41,106,11,1,754,157,147,10,9,55,283,22,151,53,287,490,43,0,155,25,7,0,68,23,73,2,209,337,0,625,0,52,1,0,0,89,6,0,144,72,6,18,3,0,1,10,20,2,0,2,7,21,0,97,0,0,129,3,77,0,1,0,1,12,244,43,1,24,56,0,66,2,50,18,64,10,0,208,266,214,80,24,35,0,1,0,1,627,1,80,50,0,4,0,20,1,154,9,26,34,4,14,2,130,98,2,23,49,17,0,18,1,0,10,5,0,415,365,0,0,96,516,0,1037,15,45,183,44,0,149,97,31,0,54,0,1,18,1,49,0,59,4,2,26,6,136,148,374,0,21,0,64,394,0,18,9,30,200,36,75,0,424,8,63,40,61,2,47,35,162,17,59,604,0,51,12,10,3,6,37,22,8,904,134,0,56,649,68,304,2,103,34,1,0,109,35,75,63,57,411,14,15,119,3,169,5,12,21,0,0,1,0,0,1007,0,354,1,618,48,36,0,8,4,387,170,393,6,0,6,49,0,13,51,75,506,4,248,409,68,0,171,0,34,17,2,0,5,96,0,405,0,182,133,0,0,557,43,169,0,4,41,246,0,56,2,0,0,1,0,1152,0,67,0,1,100,4,0,1,43,13,0,168,105,31,0,80,3,832,0,172,15,67,89,15,64,315,209,0,26,414,2,128,165,0,25,0,0,0,339,355,100,38,1291,1,321,1165,1361,19,122,5,226,0,87,17,5,47,1,189,5,15,0,390,0,2009,30,3659,15,190,1,0,0,293,0,103,112,9,2,484,2,49,100,11,94,267,3,5,4,48,0,155,11,73,208,0,32,2,0,68,37,7,0,37,0,2,0,304,1,0,0,28,0,64,1,7,6,9,3,87,14,479,37,97,1,0,22,5,4,46,67,2,215,19,1343,706,0,5,2193,1,10,3,462,218,0,76,0,5,19,67,0,557,53,47,25,143,3,1,725,0,3,33,2,0,0,2,5,3,18,49,6,0,8,0,1260,235,1,4,18,31,45,0,0,985,3,1112,104,432,917,0,0,151,59,18,0,2,0,11,24,17,0,0,0,226,0,6,46,35,4,11,57,0,0,15,125,2,1,0,6,0,1,5,5,37,1,1,11,348,0,35,8,193,0,26,461,31,194,465,23,0,0,27,0,2,0,0,1,0,0,11,0,0,115,736,0,42,237,182,5,10,153,1031,20,572,404,11,4,138,0,2,3,0,15,2,18,7,33,0,221,1,2,631,208,31,0,359,7,0,401,11,5,207,1,118,804,3,2,15,1,522,35,3,28,1,0,3,44,4,0,0,3,74,0,3231,4,2305,58,17,10,36,73,183,1,111,92,101,8,0,24,72,117,2,4,67,3,30,168,121,8,29,381,59,58,68,883,87,234,1,175,2,51,1,50,19,0,42,126,42,260,106,0,297,1007,18,111,0,39,11,9,17,33,0,0,0,237,0,9,3,8,5,464,69,25,0,9,59,1,0,129,12,132,1,47,0,16,44,187,40,0,1,262,606,0,1,20,2,416,0,8,179,46,167,0,4,0,172,56,84,381,1,16,678,0,568,13,433,0,19,0,24,0,22,203,0,0,1042,328,790,268,21,37,458,144,92,359,34,0,0,0,41,1432,1026,15,17,2,1,748,8,1036,47,96,2,1879,0,4,285,276,0,1040,14,285,0,367,94,25,5,237,7,32,7,803,0,45,0,0,10,467,37,2,0,74,2,359,0,5,0,231,844,33,0,124,84,0,386,181,1,82,0,0,12,1,88,0,0,0,0,815,7,2,16,17,17,0,132,4,180,83,0,627,158,0,75,65,0,30,33,232,0,17,0,0,0,0,1566,48,12,0,46,2,8,222,2,2,3,5,3,0,50,476,4,598,0,2,8,36,3,4,2,13,0,0,0,2,9,2,35,35,20,1,25,30,165,0,16,2,225,0,11,157,0,1,0,114,37,391,9,77,10,11,0,49,1,0,9,0,96,78,154,8,91,13,2,3,1,14,0,25,0,116,212,0,87,297,530,9,1403,65,159,3,362,0,0,0,0,104,0,0,0,6,301,1,43,12,1,826,0,0,279,0,7,48,357,88,61,5,34,613,0,29,0,1,33,0,1,5,0,0,51,5,0,138,40,31,6,0,75,259,0,0,0,0,0,24,0,0,0,43,7,97,217,77,524,0,55,0,0,42,86,2,0,0,1012,462,0,176,5,2593,19,19,4280,75,629,26,31,6,0,0,0,16,75,0,1,1,63,132,1,0,0,0,298,0,2,64,2,0,0,5,926,9,0,11,6,8,1,22,0,0,1,7,1,70,0,306,20,0,65,8,229,1,1,15,0,64,4,480,2,73,1,18,3,16,330,58,16,0,0,294,362,1,255,1,5,0,1,8,6,0,3,4,4,44,0,966,708,0,0,12,2,2,432,177,2,25,0,1013,10,0,422,417,33,174,4,0,6,43,1,1,20,15,328,8,1,2,4,1,0,2,69,10,83,44,79,2,6,3,0,0,15,0,6,2,12,0,403,374,13,5,157,8,0,0,177,155,130,37,0,1,6,93,48,4,45,2,6,504,32,18,8,1,11,96,959,0,162,6,21,330,41,864,62,4,0,216,165,4,2,37,1,9,1,0,99,0,2,24,296,178,3,209,0,24,268,5,1,1,10,0,278,62,4,0,29,0,175,0,15,46,52,0,5,55,531,56,121,0,0,434,148,0,88,16,47,0,0,137,3,140,58,54,0,0,11,19,12,0,2,0,39,1,2,3,1,223,209,5,17,120,1512,19,29,0,1,113,1720,1,1,71,0,0,9,6,231,5,13,151,368,1,21,7,30,0,19,9,80,2013,9,0,1270,3,168,7,423,0,565,9,0,180,0,33,276,3,0,2,1371,3,68,122,71,14,0,393,76,3,0,66,70,0,38,388,2,3,6,0,0,0,155,125,0,189,0,0,24,137,193,4,0,39,42,102,502,428,0,29,7,0,3,0,148,150,7,125,49,0,340,7,87,299,968,483,0,11,28,879,45,56,9,31,1,134,0,4,19,527,116,3,118,128,3,183,338,0,45,42,397,0,83,0,3,39,0,0,11,0,96,3,22,0,3,15,42,4,600,0,20,72,297,22,53,20,6,20,109,5,27,0,54,0,214,6,1,69,0,45,36,88,24,1,2,202,1,0,0,182,9,1160,13,223,0,1,11,0,20,73,0,3,1,14,1,1019,98,124,0,0,293,0,10,148,0,4,9,35,119,66,0,6,200,3,0,3,67,16,59,0,5,70,183,280,14,7,20,0,128,226,1,0,57,7,164,2,157,38,58,15,18,0,19,0,1,0,9,5,25,5,82,72,56,13,0,15,9,0,529,1,0,18,3,83,13,103,160,0,253,0,0,2,57,0,6,0,8,61,0,0,224,1,0,193,143,0,5,2,50,2,33,0,7,2,522,0,26,0,1,116,734,0,15,33,10,2,1,1,26,0,25,1,126,427,177,14,179,0,4,0,16,165,147,1,1,1,41,99,142,0,0,17,661,430,1285,0,219,27,11,1,0,26,5,0,34,1,0,13,73,0,5,194,2,32,59,17,0,0,0,38,10,0,0,0,165,1,3,118,3,364,2746,0,858,0,16,0,98,10,168,195,0,684,39,0,1,202,2,0,121,33,342,4,4,1,28,21,104,1774,27,84,148,4,1,197,17,0,731,1,0,0,324,8,0,46,105,0,3,306,0,62,7,744,69,26,10,685,366,0,0,487,0,6,3,0,6,31,607,51,69,0,5,10,0,8,5,11,5,5,0,0,35,148,0,259,12,1,71,599,189,73,0,1,0,8,16,129,525,146,33,910,263,24,5,1,45,195,1,0,174,33,5,1,5,678,4,0,5,0,765,33,1,694,4,0,8,0,0,1,43,20,248,42,0,1,287,295,0,168,66,4,254,11,15,2,18,0,6,0,5,4,29,0,19,394,0,10,18,5,183,2,2,44,163,0,386,73,139,0,4,42,2,4,55,178,0,19,99,11,131,780,1,1,27,0,3,255,0,903,1121,16,6,2,1200,0,0,217,48,775,1092,243,1,27,2,0,975,36,1,1,0,1,0,257,159,0,0,74,322,4,0,27,8,0,247,0,125,148,924,0,497,222,217,1792,3,173,1,0,652,366,3,1,18,13,7,0,325,132,2,17,1,0,5,7,69,0,75,279,2,3,179,0,107,793,79,428,0,84,21,4,27,6,1356,189,24,66,20,15,0,0,127,0,154,59,7,185,89,0,68,1182,57,487,0,0,22,14,1,9,2,1,362,21,0,105,61,11,0,4,213,5,9,16,1,4,194,31,62,5,16,12,29,153,12,0,918,11,0,29,0,54,1261,1,43,15,17,18,0,167,2,1842,0,493,5,13,20,8,3,0,1,0,98,12,187,172,243,200,43,90,46,1,223,557,16,2,0,253,16,2,13,0,0,26,365,21,2,29,150,13,14,28,12,0,0,0,50,6,3,0,59,52,7,2,500,55,465,1,66,0,644,0,1,76,0,32,0,5,26,0,50,1,24,26,0,2,1,126,2,45,18,0,0,39,29,0,11,76,138,473,0,0,0,613,1,1,2,19,99,64,4,0,36,47,156,25,9,184,0,26,3,21,1,2,213,34,1,7,0,139,0,61,393,76,0,12,7,27,14,0,60,0,164,14,135,8,2,0,108,38,85,58,33,1250,0,39,8,56,16,28,91,2,0,375,0,38,1193,6,467,32,1,301,1,310,83,0,317,0,22,13,134,458,27,0,0,1,0,29,163,2,3,304,20,0,4,0,36,53,49,328,4,75,105,759,318,0,77,32,0,42,236,295,97,0,6,0,180,35,0,0,6,0,0,323,0,0,0,23,321,27,0,0,131,6,6,1,0,4,1,793,1,0,45,133,43,160,0,0,23,499,434,223,370,29,1,2,266,391,0,1,0,0,72,202,349,1,0,0,0,0,57,14,901,20,1147,0,122,4,0,176,0,88,265,1223,0,202,1,153,26,4,73,16,35,347,2,0,361,111,1081,1,174,4,28,19,0,9,38,855,129,22,256,1143,156,0,6,132,728,56,146,9,0,0,1,27,181,0,260,24,0,29,1,1,138,170,121,58,59,45,3,1,7,8,584,832,80,108,17,0,123,0,35,875,41,122,1,36,0,0,1276,0,26,272,621,374,0,6,46,133,90,2,52,14,65,7,73,0,72,611,119,0,0,2,159,44,6,36,3,417,0,0,58,44,308,1455,0,16,129,177,921,0,9,1,0,1,1,52,809,24,11,57,118,28,0,32,0,2,46,7,10,4,0,1,6,0,157,125,9,418,1,7,1,5,5,614,0,42,909,13,1,343,445,12,58,0,388,89,4,845,754,0,0,215,128,47,50,5,16,44,14,0,0,243,0,89,136,31,21,82,4,213,0,1,21,933,1,6,0,0,1,0,2,87,0,0,47,0,1,582,1160,2,0,178,52,1,17,0,8,7,0,127,5,544,5,1,0,2,401,3,0,0,4,0,58,0,0,278,6,125,32,0,14,1,0,0,0,5,12,0,352,196,0,0,74,80,0,79,391,0,18,15,19,1,53,18,6,6,3,1,238,145,7,19,3,3,1,0,27,0,1,0,3,125,3,0,20,0,5,0,46,362,0,7,0,0,16,13,3,134,294,0,0,1,176,12,272,74,1,51,1,1,124,1,1,135,2,0,1942,74,1606,5,5,10,7,4,0,453,17,0,37,11,39,1,36,0,633,30,13,5,164,0,8,297,495,2,67,5,134,17,19,11,111,350,201,0,2,3,72,954,110,86,200,2,33,4,21,9,1,0,296,239,0,90,920,2,379,271,0,25,0,14,1,0,1043,27,0,0,0,49,13,112,12,251,19,185,329,4,6,0,420,2,14,3,29,6,0,371,94,111,0,32,6,225,20,732,36,11,142,0,0,69,3,31,0,31,0,3,7,0,46,116,44,1,24,20,0,52,36,46,6,0,78,11,29,37,0,1,0,1,52,1,0,0,0,0,63,2,94,374,81,48,19,152,57,53,9,16,0,65,23,2,1,0,1,18,11,1,0,861,0,7,197,3,0,144,168,277,507,281,99,531,11,0,0,6,53,275,45,20,21,10,68,38,2,0,0,3,17,123,0,64,42,13,2,12,40,0,0,179,27,24,0,0,654,18,199,2,6,39,1,183,20,1,0,0,0,0,261,45,0,1,2,0,154,12,0,604,264,319,0,7,12,157,1,6,61,5,622,368,4,0,0,4,762,195,0,1,0,0,147,1,56,670,1,10,0,8,1,1,10,0,4244,107,445,27,2,986,0,362,209,57,1,24,3,587,16,10,2,2154,605,38,1,68,106,81,703,2,0,0,0,180,980,0,393,0,1,11,4,96,1052,160,39,94,0,137,2,105,1,148,76,247,11,0,319,141,181,2,89,112,0,49,10,40,149,0,12,1,40,0,0,0,193,18,0,1,64,20,1,168,1,0,13,498,328,1,1,0,136,27,15,0,133,1448,0,68,106,65,0,120,0,33,17,102,35,786,62,67,48,18,3,1123,0,0,14,56,142,0,18,0,12,0,15,0,197,62,10,1,277,1,2,0,1,0,1,29,14,40,0,2,100,0,21,3,0,31,2,26,1,25,100,0,0,0,53,24,162,22,894,0,0,261,44,4,0,23,1,103,0,2,9,9,0,13,32,17,80,31,0,3,45,2116,519,605,4,0,28,38,106,15,50,19,29,27,0,102,69,408,5,6,21,1,302,1,0,8,54,512,92,227,125,482,4,87,13,62,1,0,72,346,0,55,452,1,37,0,1,25,15,6,172,0,3,17,519,3,3,4,23,20,127,3,54,8,121,43,0,93,6,646,765,9,446,0,461,182,5,17,0,2,147,0,55,11,225,14,0,20,0,0,45,7,0,1,0,0,0,619,13,17,23,13,6,935,108,12,1,27,0,0,0,10,0,4,261,65,10,1039,0,246,2,15,114,0,27,0,6,1170,151,91,116,0,167,0,0,32,10,1,6,136,91,81,27,13,56,370,1,107,1,0,75,125,571,370,1,480,302,141,15,2,135,1,65,12,192,87,242,115,2,6,66,321,0,0,0,35,3,2,21,22,0,203,1,135,12,0,14,1001,819,2,6,1703,39,887,1,0,19,1,0,515,50,0,0,1346,188,259,1,0,5,7,14,29,0,2,0,5,0,0,72,0,3,7,6,175,18,377,8,9,0,0,1,45,2,96,0,8,50,0,467,91,5,3,1492,112,2,639,11,163,309,81,0,457,39,10,576,0,13,5,1,77,0,117,226,101,82,16,0,3,0,0,47,40,50,0,160,97,0,0,1,12,3,118,116,0,282,0,2,0,182,0,60,129,2,0,7,148,4,138,0,18,319,15,0,0,0,4,29,76,3,64,20,2,34,28,208,14,1,276,83,162,0,98,0,240,3,2,1,42,3,0,103,267,0,12,6,120,2,70,73,169,53,13,10,147,0,95,223,60,1,101,53,0,16,28,83,62,0,1,13,416,1,68,29,43,0,0,23,68,238,16,10,4,0,0,160,6,1,1,0,216,4,3,0,1,0,0,378,15,0,42,8,1,0,3,0,284,0,314,4,0,0,0,101,1150,0,2,3,20,30,0,7,0,57,38,76,1,53,0,13,25,0,0,0,439,251,0,79,94,10,6,25,27,0,0,0,4,11,624,23,63,76,2,15,112,0,44,0,6,1,219,107,500,50,0,0,3,0,0,7,0,1,6,0,1,2,63,51,1077,2,0,0,44,1625,0,8,13,22,60,2,555,26,35,58,64,34,0,1,469,17,2,88,142,5,17,16,36,285,0,18,1,108,278,16,0,1,13,147,0,0,42,5,0,4,5,11,69,2,4,38,5,116,159,66,2,0,0,0,21,140,509,115,106,13,1,6,20,86,245,0,150,279,106,1,0,0,0,1,0,8,59,0,2987,54,194,14,399,0,4,16,236,350,7,91,3,3,40,0,3,0,74,19,0,723,19,114,0,177,300,80,30,3,20,1,2,27,0,0,18,4,1,0,222,38,6,287,247,9,157,6,58,4,152,0,228,54,0,14,85,9,7,24,4,10,302,91,7,8,42,56,0,0,0,209,1,0,97,0,11,0,254,8,0,100,48,218,0,7,6,55,21,182,20,1,312,0,0,0,23,383,427,0,0,49,44,152,1315,57,0,63,8,99,1,0,6,4,491,22,11,81,29,3,1275,4,27,927,0,2,87,246,6,12,1,47,1,16,47,1,267,108,58,27,0,1,86,6,10,17,2,7,23,0,4,3,11,60,1096,2410,16,56,0,9,0,98,860,0,404,5,0,0,2,23,0,22,0,3,1084,8,21,11,66,177,4,3,370,293,63,0,104,26,51,111,16,478,0,0,568,0,7,0,0,101,34,306,3,0,0,4,0,17,284,173,65,5,366,1,126,0,58,31,0,0,18,0,0,222,101,16,10,0,0,44,0,74,24,10,0,24,39,62,1,0,11,84,838,3,36,87,0,112,3,0,949,30,12,630,92,920,2,74,3,78,32,14,213,413,0,1,2,0,348,51,9,11,97,27,2,9,3,184,16,13,4,0,9,1,54,1,31,4,198,75,75,1,5,10,54,0,1,115,0,3,830,0,61,3,53,43,358,1,13,0,30,198,19,13,27,1,2,1315,81,4,88,1,0,3,0,50,99,2,2,0,0,0,61,0,8,75,57,0,1,300,65,26,3,15,51,0,138,162,119,0,5,0,96,32,3,0,0,0,34,1,1,12,18,22,64,27,39,260,415,26,759,152,1,517,394,4,2,19,3,85,80,5,140,4,36,0,29,92,33,145,12,4,1533,0,42,3,188,23,0,92,293,0,194,12,1,18,714,9,4,90,18,0,0,11,1,50,980,111,385,16,2,1,55,30,0,0,0,29,0,25,334,0,195,0,23,314,102,36,1,0,277,1377,1,7,64,1,19,538,575,29,7,0,17,0,19,16,7,67,52,564,1,2,94,0,0,202,552,96,2,0,22,6,5,54,0,13,0,36,0,0,1,25,0,43,0,2,0,0,162,13,0,131,1,31,35,137,0,3,44,14,263,7,0,1,1,10,5,1103,4,33,1,0,5,1,88,0,1,0,0,0,246,54,79,0,360,1039,1138,0,1,0,72,47,0,60,2223,72,97,0,176,9,843,57,0,2,128,153,437,83,613,257,7,27,3,365,0,395,2,0,28,21,30,1,0,45,2,3,1295,445,1,9,0,38,0,58,5,21,61,584,109,32,1,63,37,0,380,62,335,5,42,7,20,3,374,21,0,396,120,247,0,481,149,116,146,537,514,0,29,18,39,0,42,339,22,1116,216,0,46,45,0,0,2,7,1,0,19,0,0,326,0,86,92,13,0,136,0,17,33,9,7,0,0,669,416,34,142,311,0,41,14,6,12,2,13,102,23,0,0,101,0,1,445,2,1270,41,7,10,10,1,69,145,0,20,89,471,31,84,3,118,0,1,12,248,9,0,0,28,105,13,0,9,2,51,16,944,1,17,467,27,38,0,12,31,0,0,7,1,0,205,48,0,1,47,10,256,30,210,0,15,1,717,2,1,74,0,15,74,5,3,0,52,251,0,0,15,37,0,15,28,13,1,878,3,33,118,22,37,19,477,53,0,0,188,65,2,252,0,66,23,625,20,17,0,56,58,0,53,51,22,427,0,0,0,603,28,1,0,0,0,135,41,20,0,4,0,2,8,59,40,131,128,47,258,195,2,1,0,0,0,0,144,0,1,11,0,91,48,1,0,54,0,166,0,0,5,274,0,52,1019,17,5,139,0,2,0,15,702,138,378,185,432,6,4,822,0,1,10,0,3,7,2,700,39,3,0,0,24,126,10,410,197,1,35,10,2,0,161,361,6,0,11,30,0,0,15,2,982,0,64,112,3,1,102,12,0,0,26,3,404,0,10,3,1,199,42,192,46,23,146,445,0,10,2,31,0,658,11,18,0,4,174,816,0,13,5,160,265,0,0,1659,14,30,0,35,469,28,16,0,31,238,0,490,70,0,0,17,73,11,59,1,0,79,9,448,158,20,11,37,0,182,1172,3,3,0,3,0,0,62,3,382,48,456,4,5,1,0,220,97,113,0,2,0,160,160,0,178,80,7,18,11,82,0,81,192,3,366,57,0,7,13,52,24,13,14,272,0,432,152,0,0,1,2,10,49,220,17,16,9,1,0,32,0,33,0,161,260,2,1059,8,0,0,193,24,263,121,34,2,1,636,304,211,1,226,39,6,2,37,13,0,926,2,1,2,112,8,1,16,3,159,0,164,1,1,253,196,12,1,2,11,94,5,18,95,636,0,61,0,37,64,7,220,2,69,789,0,0,4,1,2,0,99,0,407,0,7,3,313,10,117,62,0,8,125,0,148,0,0,64,99,745,6,53,0,222,0,4,0,1,0,0,17,39,0,1,222,0,1987,515,606,1214,1,3,25,3,177,140,114,6,0,29,1,0,37,22,1,17,75,0,14,405,22,20,68,25,1,403,0,0,30,57,5,6,1,449,101,1,0,0,5,252,18,114,0,0,4,3,316,512,0,5,28,0,184,2,65,1,0,0,26,10,4,20,55,0,0,2,608,57,50,164,27,0,0,94,361,1455,30,0,0,3,1213,0,29,53,8,6,4,9,16,13,0,0,112,0,4,0,24,48,87,10,33,0,1694,2,18,0,177,1323,4,227,7,1492,1,1102,2,43,63,226,47,1,7,60,71,86,194,30,28,435,46,95,7,28,25,0,1,6,0,0,2,11,0,0,15,0,26,10,18,0,0,586,192,170,8,0,16,0,0,553,0,822,122,1035,25,0,51,4,295,187,94,56,9,20,1,4,165,3,0,17,0,43,8,0,0,104,2,0,462,429,97,65,1,11,3,117,65,11,44,39,47,66,66,101,0,379,318,97,0,92,0,0,37,56,894,11,5,49,0,79,3,0,15,0,0,8,1,0,7,29,44,16,1,280,1,9,498,128,36,5,3,19,390,1,43,10,79,807,2,0,0,0,851,4,2,1,7,0,6,8,48,2,92,44,21,7,3,96,29,1103,0,384,5,9,483,6,118,2,73,41,760,10,0,1,75,1,0,170,0,81,0,223,0,19,1,75,3,3,168,0,3,1,0,43,26,95,0,1,2,10,0,46,3,9,5,78,27,0,5,1,801,345,29,50,9,6,0,8,101,1,0,4,88,2,3052,47,8,8,26,0,29,164,4,844,1449,275,60,8,2,331,67,0,123,181,37,396,0,924,0,293,75,7,0,51,1,167,96,145,4,1,10,98,0,12,58,0,26,3331,280,7,17,76,12,226,0,0,835,527,0,20,15,67,7,282,97,0,5,0,1,377,22,0,25,656,1179,12,50,2,0,6,0,4,29,196,366,1012,122,99,1,23,1,85,22,179,1554,0,6,0,3,41,0,0,17,25,877,27,5,10,0,396,34,0,81,0,1,5,0,7,42,128,107,6,462,0,238,0,244,5,167,1,67,150,50,24,1,257,12,1,18,142,47,1,7,0,0,27,0,6,114,16,32,2,105,1,25,112,1,770,2,172,54,12,7,0,0,245,83,102,145,26,7,0,3,68,102,59,267,103,4,18,95,314,11,0,6,17,20,63,0,35,15,385,13,0,27,2,294,80,2,15,304,405,320,6,6,0,0,0,0,17,64,2,0,0,1,64,11,0,16,25,5,54,0,52,0,6,9,434,16,1293,4,6,15,2,23,1306,0,75,176,0,41,6,0,0,0,102,63,0,110,0,88,407,193,30,120,1,323,22,654,169,2,0,271,2,0,6,1138,46,12,26,122,24,79,1,2,265,8,1073,4,10,0,10,363,56,44,6,130,722,267,125,0,29,6,32,10,148,0,5,53,1,541,5,0,0,1,11,221,15,4,0,2,3,305,0,89,384,801,2,590,7,1,0,1,64,0,9,23,0,225,0,0,87,9,15,0,421,2,1,0,110,0,57,155,71,0,3,1,386,2,750,6,2,9,131,562,0,67,7,3,173,392,237,80,96,19,0,13,27,39,9,1,342,0,257,0,30,163,59,17,20,1264,4,13,37,0,3,15,38,0,0,301,0,32,0,688,11,0,20,0,531,25,97,226,2,4,24,90,119,0,0,463,1,197,58,683,2,283,13,1,2,2,0,0,0,24,3,15,7,84,1,5,10,63,2,93,203,90,56,12,380,19,1,5,105,0,2,44,31,409,12,43,0,47,3,136,5,0,1,5,9,0,164,5,72,411,2,1,19,0,192,68,0,3,1,0,0,0,0,391,90,0,639,22,74,13,0,3,2,1067,0,247,0,2326,2,22,0,128,11,25,80,147,2,2550,4,140,2,580,13,2,41,87,47,1,2007,86,0,247,28,60,1,252,10,0,281,47,0,625,20,6,51,0,36,208,3,1,229,403,3,216,33,0,42,13,2109,3,34,1,3,1,0,13,23,82,1043,2038,1,93,446,1,40,0,3,18,10,368,105,1,201,43,0,11,0,24,0,0,0,4,0,77,288,333,5,36,0,5,2,4,14,38,55,24,69,1,374,469,146,74,280,9,1,77,51,52,0,0,248,7,0,1173,0,2,12,0,198,89,8,0,27,323,1,55,43,377,314,4,98,636,20,166,0,0,0,0,4,31,13,30,854,769,3,21,0,35,52,137,1673,2,139,5,0,102,5,133,122,97,41,29,247,583,0,11,332,1,4,2,203,20,66,1,845,1,0,0,5,327,0,1,0,34,71,40,5,21,12,1,1006,55,6,4,0,18,98,34,0,69,4,18,1536,3,15,285,433,84,679,0,554,0,3,0,9,13,26,7,188,227,0,69,128,3,1,110,7,57,2,220,174,1,22,247,310,157,12,356,2,0,0,15,5,0,289,849,0,0,1,10,14,1,21,101,2,109,743,2,0,695,2,56,45,0,8,910,0,0,0,0,21,112,0,2,16,9,0,53,753,0,0,0,508,135,127,0,9,69,30,508,0,9,41,0,5,494,42,6,3,80,179,37,410,83,0,1129,20,12,0,228,71,10,7,27,9,4,1149,0,18,0,9,0,1,1,0,10,90,13,221,0,246,1,3,21,3,2016,2,137,5,56,0,6,262,5,3,0,5,2,0,1,1,20,13,0,190,17,0,46,0,1888,0,7,0,1,3,47,2,4,3,48,5,1,449,0,62,61,80,0,0,57,0,1,0,0,300,0,374,359,102,15,256,14,0,23,0,23,587,146,1,1,7,0,18,48,0,85,236,5,13,8,58,11,34,1214,7,69,0,0,477,16,2518,274,0,15,8,69,35,660,220,476,62,82,2,45,27,40,213,0,9,1,729,13,134,12,18,0,1382,0,66,11,0,314,0,102,29,18,169,41,3,31,118,5,23,29,0,0,10,93,64,4,161,26,0,43,0,1,124,53,62,6,462,184,0,385,30,336,0,9,0,3,5,24,4107,11,67,153,117,0,2,127,177,1,1,1,131,2,1696,215,24,21,151,1,323,290,898,4,1,0,10,8,93,3,0,25,88,52,0,568,1,42,23,490,3,6,24,0,15,30,376,25,185,5,17,79,162,8,19,0,39,35,43,0,392,2,1,0,2,5,327,904,12,11,0,158,44,10,1263,9,82,0,5,9,61,871,0,252,1,159,207,0,41,0,291,14,3,10,94,1,91,179,1426,0,1,27,1,0,333,1003,0,180,76,400,65,0,0,0,679,32,36,0,0,1,0,0,292,0,0,137,797,255,0,2,6,9,302,57,3,172,2,591,3,537,0,37,1,17,74,1,13,7,0,4,234,28,2,332,120,0,120,262,1,3647,0,39,184,3,8,3,6,2,62,0,6,202,63,0,20,13,25,199,0,0,0,17,3,235,13,0,8,33,68,16,2,16,0,17,121,23,9,62,7,769,3,0,217,0,5,0,46,51,2,2,11,2,0,25,124,1,20,2,24,289,1,211,4,0,66,43,4,23,106,54,28,178,0,107,236,156,7,111,0,720,4,0,142,5,0,38,30,2830,11,171,583,410,25,1445,6,0,11,50,50,8,0,14,0,8,114,77,19,743,44,15,34,0,69,0,0,3,0,0,0,121,230,6,11,1,37,130,9,8,0,181,532,48,0,378,2,56,65,4,21,0,5,0,593,2,47,18,0,60,25,37,0,3,2,104,2,1050,210,0,20,0,704,43,14,82,0,49,3,1,14,0,0,87,1,11,1,0,19,50,25,41,17,1,0,3,43,61,74,43,0,0,4,2,4,58,294,0,0,6,46,0,11,13,14,296,298,6,1,10,0,28,117,96,33,4,53,70,0,11,0,48,0,2,6,8,70,70,55,10,0,0,31,512,62,0,22,20,507,1,530,0,358,0,0,1,0,214,13,0,0,0,10,0,76,0,35,0,10,0,10,0,0,2,4,0,2,149,2,4,59,158,37,11,0,0,19,13,0,376,708,170,364,0,515,2,0,298,403,247,74,0,44,3,143,0,159,114,113,26,3,168,3,9,3,104,118,70,0,0,1,20,458,152,0,763,377,0,46,0,0,3,0,4,8,98,0,0,475,22,192,57,22,68,285,61,29,42,7,4,0,88,26,0,1,0,172,56,4,0,1,16,9,36,8,7,0,36,94,489,0,102,4,1727,1,43,6,21,59,0,180,360,14,826,1,1,6,0,10,72,0,0,67,70,0,1,262,5,41,0,0,1,172,1,349,51,101,112,1,0,0,6,21,1,795,0,10,3,197,23,6,326,3,2,55,129,0,14,36,2,0,11,1,7,1902,0,4,27,23,25,0,208,3,0,151,44,11,1,1,4,119,98,130,1,197,37,123,1535,0,126,66,8,0,0,0,20,327,2340,48,5,3,24,38,106,194,13,0,4,31,121,8,175,2,0,43,0,14,1,6,1,4,1012,201,0,6,111,5,16,216,85,0,95,2,26,0,0,870,22,0,85,2,715,0,11,6,0,8,4,1,113,9,2,70,1,93,31,0,0,10,159,1,40,35,373,0,516,41,24,2,4,0,0,139,402,638,199,44,32,0,1,51,0,26,762,10,10,42,4,1,527,811,5,290,0,0,0,35,49,7,3,0,80,0,7,14,2,36,0,0,211,8,14,359,418,5,2,11,1,10,102,19,1,166,1,179,0,60,0,17,124,1,24,8,3,72,114,0,160,85,3,162,20,2,0,0,1,1,80,0,46,20,4,0,150,101,3,2,0,4,0,100,2,17,2,0,334,135,81,21,0,5,14,4,112,1,43,6,147,520,980,13,1,205,0,0,12,23,0,166,0,1,94,40,4,1,3,12,38,7,1836,74,567,0,0,0,22,87,269,6,5,0,31,7,178,12,0,0,6,0,148,4,0,11,5,0,469,0,63,66,0,20,465,5,4,55,749,8,1,63,566,42,0,0,58,5,7,5,0,9,2,4,0,1005,10,197,0,198,93,9,432,28,683,1,2,0,0,7,450,0,43,6,175,483,0,1,3,48,0,641,76,1,0,61,2,52,0,5,16,0,82,98,10,8,32,0,1,8,1,58,67,8,158,32,212,78,0,0,0,212,80,18,0,910,109,11,12,462,21,249,1,41,0,4,19,10,45,114,399,5,0,204,0,0,0,0,13,90,0,13,1,0,1,81,0,22,242,0,18,151,14,366,13,6,0,872,2,5,370,1375,9,12,103,125,2,4,1,0,353,11,3,0,1,19,362,10,0,637,0,0,5,137,0,7,111,87,0,0,115,191,0,0,253,0,0,0,5,0,78,381,9,4,5,2,66,128,43,4,28,0,1,524,388,96,38,0,63,4,300,22,15,97,123,18,32,900,0,9,1,54,47,1,4,25,22,238,20,7,99,80,1254,0,16,426,0,8,69,2,32,597,1110,157,114,94,164,1,10,2,0,0,0,4,0,62,2,42,441,301,0,7,0,26,627,0,0,70,0,91,29,0,27,0,254,36,0,57,16,122,49,3,1,0,10,1,9,0,0,182,3,32,4,71,260,74,159,71,453,0,100,9,0,155,26,20,47,0,1,424,769,0,0,42,14,17,33,13,778,20,3,110,1,124,38,3,0,16,32,3,1,0,111,6,12,1002,0,17,277,30,0,451,115,7,40,77,3,0,36,53,0,20,208,180,37,24,8,11,15,92,19,1,345,1,21,63,36,21,19,282,14,49,2,1220,0,1360,11,0,32,0,37,175,0,0,1,1,0,893,12,75,1044,162,1,428,0,242,182,13,221,82,674,0,0,42,444,3,2,0,195,90,66,917,13,369,120,12,6,238,1,1,30,0,356,0,0,0,0,6,26,111,0,24,9,63,0,245,192,7,8,341,92,62,0,49,0,14,9,28,405,1,9,2,7,70,1,4,2,487,641,0,2,33,708,47,14,945,1,3,0,19,66,4,15,108,35,3,0,9,17,0,1,14,6,27,0,136,1,0,3,161,0,6,53,4,111,15,33,4,23,20,6,154,1,23,468,32,59,2,121,1,0,1533,5,3,1,26,73,40,15,77,3,108,0,2,5,39,113,0,3,2492,200,10,0,10,35,99,131,22,2,1139,9,0,21,21,4,84,322,506,226,399,6,151,29,93,134,29,100,48,66,198,1255,95,233,9,66,3513,34,0,0,25,4,6,188,0,147,0,6,2,224,33,0,97,38,11,0,29,10,86,194,152,0,3,0,397,56,1,11,10,47,0,750,162,251,16,44,58,3410,13,7,8,76,506,426,177,27,25,1,48,136,86,9,31,36,11,0,50,11,0,74,0,0,3,14,36,18,8,1,89,0,7,101,0,242,762,0,436,121,176,0,8,7,0,0,16,2,56,19,8,6,46,6,0,203,0,147,31,0,38,267,404,0,0,0,20,0,165,15,277,120,0,134,0,2,3,0,127,10,248,4,487,211,0,90,12,94,544,1056,145,5,0,325,0,219,699,0,69,109,3,14,1013,15,2,1,19,94,10,3,0,70,24,1,6,40,79,5,3,137,0,539,5,312,125,2,2,2,255,150,1,234,1,1,2,72,60,9,13,564,0,193,4,48,48,167,251,0,3,0,22,0,4,0,23,215,0,1,2,8,0,5,70,11,455,16,0,25,3,143,3,130,8,227,33,212,72,49,7,3,1,720,513,22,2,0,2552,97,115,0,7,755,34,0,0,67,46,220,20,1,0,1,0,3,0,21,45,147,231,0,0,512,0,0,64,29,1,52,53,1,34,0,10,38,1,52,116,0,0,0,37,98,120,0,44,422,0,3,48,20,18,1,15,0,1,1,0,0,1267,0,155,1615,4,1,282,63,2,13,2,19,0,27,0,0,16,307,0,0,5,3,211,0,89,0,125,21,43,460,1206,0,10,115,3,25,12,2,2,1,13,57,6,1388,0,76,53,24,11,23,6,44,9,0,35,2,99,122,2,18,68,30,232,0,226,52,0,3,2,0,3,3,376,215,43,109,672,3,0,286,1,0,0,24,17,170,0,0,0,12,67,16,169,5,1,69,14,36,124,87,364,4,804,227,77,11,25,91,0,5,0,10,44,1,3,121,9,56,222,0,0,0,398,0,0,533,418,0,54,257,41,153,26,56,40,106,0,0,0,3,10,346,4,3,1313,9,20,20,26,30,1,22,0,0,0,218,4,52,38,0,0,12,17,263,71,181,25,0,0,75,151,6,4,49,48,0,104,8,23,5,0,111,32,18,0,0,10,160,17,0,0,16,15,5,0,215,0,45,11,3,0,0,0,0,255,18,30,998,1,138,25,180,473,12,0,1,278,17,1,7,7,62,150,0,50,3,0,32,2,108,0,2,9,873,0,49,1,1191,64,0,0,1,0,19,10,13,27,482,361,687,2,891,0,64,8,4,18,188,3,7,0,0,477,1,142,0,1,20,541,82,0,230,75,0,0,0,244,0,93,43,1,98,0,30,0,14,81,81,185,1,34,11,0,2,368,0,5,21,2,0,0,36,413,1121,2,20,0,150,360,15,10,154,96,17,0,0,10,1,0,3,364,77,0,110,5,68,9,34,146,16,0,2222,0,82,0,5,2,2,20,64,87,202,279,8,402,405,0,1,3,610,3,0,0,223,1,65,2,516,3,96,12,16,54,12,0,0,10,2,1,1,0,7,609,72,0,529,42,212,4,1,0,2,0,51,26,2,1109,10,220,111,21,0,108,1,3,71,44,408,38,167,1,1403,20,0,2,1119,62,69,0,1287,21,112,47,3,1,60,331,0,9,433,147,47,4,0,221,0,1,37,8,0,18,1,402,12,9,0,0,0,14,2,119,29,13,100,81,27,173,2,17,72,0,14,106,0,115,0,50,411,296,15,267,0,0,1,6,5,0,3,16,2,464,51,3,1,43,0,0,19,53,0,16,0,11,100,125,19,4,11,3,209,1,107,613,1,367,10,108,2,106,4,154,50,0,0,1195,966,131,94,28,27,0,19,135,0,0,1104,1542,0,0,7,0,180,156,61,62,18,0,86,1,1,2,167,5,0,0,185,6,0,1,0,889,0,557,29,42,16,15,8,7,49,0,65,0,0,12,13,0,8,0,0,0,145,259,2,276,461,0,24,2,790,12,3,0,51,229,0,2,398,0,40,12,1,0,1,3,37,14,11,0,0,2,0,566,1,1,0,6,209,56,39,4,5,0,0,76,5,312,24,0,245,4,0,20,0,139,180,122,4,7,20,817,35,0,1095,2,35,36,6,0,13,20,35,37,0,119,2,25,168,15,116,3,10,1277,1,0,0,18,2,24,9,0,1,69,6,43,0,23,18,3,3,21,116,0,26,19,0,237,1,28,186,0,0,165,1,57,50,0,8,0,5,0,0,51,47,57,25,0,52,112,3,466,38,63,1,37,1,0,53,22,72,7,238,43,0,0,8,15,0,102,0,229,221,134,0,0,4,1,5,61,29,673,22,0,3,48,30,116,159,3,0,0,19,191,0,0,4,0,20,0,3,23,110,426,26,0,33,3,0,0,20,3,0,815,272,6,2,0,82,4,56,89,1,987,3,0,0,0,4,18,90,0,253,0,562,51,34,0,46,65,27,3,694,0,59,9,70,0,91,560,8,0,0,0,300,2,251,136,139,102,0,6,148,17,53,29,28,0,0,361,36,813,7,1,0,0,35,211,18,54,123,21,0,0,158,742,618,0,8,10,0,0,10,0,6,376,0,123,18,566,6,33,83,2,0,14,1,81,138,4,325,95,66,103,88,3,0,0,720,128,0,0,2,2,29,0,7,4,0,2332,396,0,22,17,21,34,177,116,2,25,55,0,11,0,9,5,130,8,0,0,666,57,16,0,25,716,295,0,8,4,0,0,118,626,354,14,104,222,0,37,6,26,0,0,1,12,403,0,1,9,7,7,1942,5,524,0,0,7,283,585,1,1,0,75,3,279,12,0,7,0,6,72,6,0,0,16,21,2,0,287,67,6,341,18,7,142,848,1534,125,0,94,15,103,17,4,0,1,0,0,1,25,0,34,126,4,11,6,911,6,15,82,938,8,7,77,8,144,0,481,86,0,1,116,63,0,418,1,317,23,1,130,207,10,1,56,0,1,0,23,472,0,376,58,1,110,217,0,0,2,20,16,2,112,0,94,59,93,167,362,725,26,18,174,0,1,7,141,97,3,0,82,30,411,1,84,0,4,1,130,210,250,3,12,2,10,0,10,4,80,625,12,0,12,8,507,0,0,24,12,110,58,0,16,451,0,11,859,128,0,402,105,80,6,0,12,31,0,169,45,641,4,39,1,841,18,623,0,1,0,8,71,132,3,12,12,0,0,0,936,36,41,5,58,9,10,426,1042,40,109,0,78,54,139,44,2,32,0,7,5,3,6,13,26,26,0,1,435,32,0,113,89,7,0,0,164,0,47,110,206,47,0,1493,1,137,0,0,206,2,10,5,88,1943,10,23,221,52,0,0,2,366,17,1060,86,138,5,15,2,67,148,0,23,153,0,44,0,0,0,3,455,92,0,10,4,11,203,0,1,0,75,8,155,47,1,430,45,236,30,8,24,4,0,356,0,18,172,1,147,258,109,131,0,0,2,3,79,231,96,24,2,25,13,50,6,263,316,11,6,629,276,601,0,38,54,13,13,799,380,1,24,0,76,24,174,2,225,6,10,894,67,19,8,263,126,10,23,30,0,535,15,14,32,0,36,2,0,0,4,1,34,1,0,95,0,154,40,0,0,15,0,1374,234,290,21,17,24,30,1,0,196,1054,0,2,188,11,138,115,0,27,50,3,54,135,65,0,13,0,0,8,12,5,0,1,1024,1,26,49,55,38,129,81,4,202,744,0,191,191,0,98,0,22,2,27,0,0,6,19,0,0,1,4,0,517,251,85,0,40,0,2,51,0,150,0,57,23,0,220,17,12,1,43,44,0,582,0,0,298,464,482,0,46,79,0,1444,0,20,4,695,0,0,1,51,2,12,12,4,7,556,4,11,26,185,0,78,21,0,0,23,4,0,24,0,39,6,621,123,35,51,594,310,7,23,499,193,1253,0,375,531,116,34,6,91,231,44,58,304,1,18,1,68,16,2,2,0,3,995,15,320,181,3,0,7,111,3,356,0,109,4,840,8,2,15,14,105,81,11,9,16,375,5,2,31,198,3,1,100,0,0,432,108,30,5,18,57,5,1036,31,0,128,31,7,33,161,2,7,7,0,0,3,67,36,11,3,147,60,0,70,121,11,473,0,4,2,28,2,213,558,2,66,38,31,30,18,440,2,0,0,57,428,3,0,601,403,8,2,106,154,38,17,55,42,186,0,0,222,10,0,287,166,1911,3,83,15,1,39,141,33,0,8,294,488,154,876,420,5,18,4,42,89,3,0,2,106,89,0,2240,356,167,31,22,54,0,0,10,67,3,11,1,3,30,3,0,140,1,76,0,0,18,436,0,1,0,0,7,3,49,7,0,27,0,71,5,38,8,2,7,90,2881,0,464,0,30,1040,5,113,8,1,20,2,0,3,67,2260,48,97,0,1,14,0,13,0,33,93,64,32,34,3,336,476,0,41,1,1,1,0,180,2138,138,2,3,9,15,305,84,0,0,64,1,91,21,15,31,2,106,40,296,4,12,25,3,639,60,0,0,49,103,5,0,31,58,30,0,0,0,0,221,484,0,27,2,0,187,1158,2,197,5,159,1025,0,259,6,2,6,0,0,464,1,2,3,23,115,3,20,0,23,6,379,12,642,322,0,38,0,0,1,59,118,43,0,358,54,19,167,0,3,5,125,254,537,51,3,0,192,277,931,1633,8,0,18,96,9,0,104,43,110,102,55,0,175,38,2,0,0,737,26,218,139,46,0,219,106,12,166,1,0,10,2,3,0,26,10,0,143,11,0,1046,16,9,10,19,0,7,0,59,29,1,2260,4,3,0,0,287,16,29,14,1,0,20,43,60,0,126,2,18,1,6,10,453,0,0,164,31,45,17,249,124,2,0,0,19,1,0,216,0,188,3,1,64,10,0,6,0,94,27,0,462,3,140,21,93,12,4,10,112,699,415,451,157,58,0,2,2,12,1,0,85,16,0,0,223,41,11,0,515,178,3,16,2,0,0,0,242,20,0,1,4,33,9,0,623,3,98,18,66,116,7,56,3,2,313,0,0,156,0,358,0,113,1,44,4,21,7,14,265,0,3,419,16,265,4,15,34,311,6,38,173,1,0,43,0,210,490,0,5,2,0,13,3,205,6,18,281,4,124,155,25,3,0,24,69,1359,193,5,8,4,17,0,68,11,149,28,3,50,5,104,6,8,1,0,269,1,7,519,6,80,24,543,22,23,36,0,0,494,1070,0,2,51,1,10,0,25,0,81,550,768,44,7,0,3,10,8,314,0,469,0,50,0,3,13,1740,268,2,4350,12,16,3722,670,1610,12,429,0,44,2,57,1,13,87,52,0,71,75,24,0,139,86,94,562,0,120,294,128,15,1,11,1,283,0,1,28,16,44,37,58,260,381,3,6,0,26,0,0,111,85,0,87,1,197,79,0,42,2,1,60,1,2,58,159,2,2,101,25,183,0,0,2921,0,441,1,62,0,18,0,0,0,0,0,160,36,14,0,167,473,436,26,0,4,1135,0,118,0,0,2,50,0,22,405,40,9,36,144,48,0,315,0,197,10,15,14,128,2,116,1,0,2,0,0,120,1007,28,273,0,4,64,22,449,63,107,1,0,1,0,11,126,129,5,484,17,473,0,55,15,5,1,657,0,0,124,290,1,199,96,19,10,60,82,5,6,92,64,0,3,0,2,21,3,1032,23,72,108,908,37,0,808,9,0,24,104,0,532,5,50,21,62,83,3,64,317,0,177,3,0,136,0,70,20,1,2,2168,316,24,5,1,1159,305,116,215,1,2,18,0,190,9,158,131,481,1,1,40,0,68,0,2,30,3,25,0,1,178,11,24,63,266,54,2,3,10,0,66,0,1,3,0,2,15,1,36,0,0,73,2,0,5,33,3,0,0,626,35,312,703,0,1,0,1054,4,16,5,124,90,6,0,117,0,205,49,37,0,279,110,5,23,205,226,482,4,2,196,14,8,89,3,3,1,2,1,41,33,9,127,0,0,105,216,0,38,45,7,0,0,423,0,164,0,0,207,0,34,1017,280,0,26,1,703,0,2,148,0,84,4,1,1173,1,19,0,36,52,0,162,0,33,1,625,0,3,0,376,2,6,22,0,25,948,580,6,38,0,1416,237,0,30,195,5,5,55,0,2,84,0,51,1,4,14,94,1168,28,206,0,0,4,285,189,3,72,0,0,58,224,4,0,0,1,0,5,22,6,0,0,605,3,112,1,1069,52,0,1,3,0,110,9,0,36,0,171,0,83,0,24,128,744,554,357,4,29,7,81,0,95,417,15,5,0,6,0,0,1767,219,50,2,0,1,4,162,3,0,563,5,70,0,921,11,32,11,295,6,226,128,44,1,1107,34,0,44,1514,0,0,1,22,18,1,0,0,12,215,348,608,1,14,6,12,340,3,239,126,5,109,136,18,45,2,0,0,114,0,0,289,4,3,17,750,5,125,3,70,111,2,41,1002,96,0,79,0,17,0,77,0,22,260,3,6,134,9,21,0,0,0,2,72,9,0,0,70,59,1307,47,159,102,0,55,0,214,0,1,9,87,1,17,3,0,8,3,0,1,122,0,0,29,2,1,15,1,19,48,4,0,283,179,1,2920,13,7,541,22,9,0,0,0,31,11,1,60,5,0,46,169,95,3,107,2,0,49,2,26,167,173,2,0,23,368,0,28,226,2,114,37,0,0,3,10,42,1,219,15,2,41,18,4,114,28,92,12,1,37,406,9,18,128,27,0,169,49,1,0,0,15,0,3,106,947,75,1091,13,1113,203,145,222,28,6,1146,90,88,123,40,30,0,23,0,195,0,16,158,123,9,3,145,8,0,10,0,61,127,0,6,57,3,639,991,170,2,258,63,429,98,1,9,0,26,98,1,15,142,0,4,0,17,451,180,0,474,0,1,0,109,284,4,172,12,1,28,15,40,89,416,30,461,18,93,221,1,1030,2,3,1,0,3,74,0,0,0,50,0,2,0,121,223,211,0,1,2,255,10,153,57,0,484,1,0,46,4,192,5,0,525,30,1,55,74,0,0,0,723,1099,1743,277,0,0,186,4,0,0,79,2,1,1,192,0,0,0,292,48,217,0,0,85,42,0,70,67,6,0,621,12,379,2,0,0,19,0,53,0,0,65,2,529,341,5,3,513,5,9,32,10,94,29,232,16,223,0,0,1,77,0,2,3,39,0,4,25,116,0,881,92,2,8,466,24,17,0,3,198,0,32,7,17,94,0,9,298,3,0,61,0,307,0,8,303,494,44,4,0,0,0,7,734,187,0,567,58,7,298,21,0,1526,2,46,7,2,21,57,542,0,337,27,1115,0,0,577,0,236,47,13,0,0,110,0,38,0,2132,2,41,6,3,102,10,491,1,24,1,83,65,80,3,76,131,9,2,6,222,2,0,0,1,1,91,1,2,3,6,58,6,23,0,22,15,0,98,0,2,107,0,18,0,9,1,22,3,394,0,42,0,28,57,22,2,826,24,238,2,36,34,189,0,3,31,47,4,3,61,198,16,18,0,2,4655,8,46,1,0,14,226,0,4,1,1914,5,5,0,2636,0,2563,0,26,146,2796,38,261,126,17,150,5,435,3,1113,0,46,0,94,117,51,157,23,11,292,74,0,0,7,74,629,8,4483,2241,137,74,2498,1298,190,99,43,7,144,1,758,1,964,14,40,0,0,42,1,560,587,0,0,440,0,53,2,19,0,2,223,0,86,712,254,347,0,2,8,0,1492,0,108,566,392,135,12,1,13,3,3,3314,2,55,12,36,9,0,1170,764,9,108,1,0,1064,0,0,57,773,702,0,896,0,9,0,3,1052,1121,2003,0,60,2209,78,1,0,2,0,49,43,1554,0,0,20,0,21,0,586,1,28,0,1262,0,1,0,157,0,34,96,392,1319,1940,2910,61,4,13,3017,5,280,0,0,3,24,4,0,0,10,596,1443,0,144,0,2,0,1,645,243,6,0,0,16,2689,770,2400,83,2,0,0,673,19,66,7,2,4,294,179,1,50,1,3575,22,1247,247,0,0,2,147,1,37,2031,91,798,179,8,130,73,44,3831,898,162,25,141,281,54,58,4,8,3,379,306,0,0,1173,40,0,45,10,385,690,256,77,510,40,1,1184,5,627,73,3184,0,1597,216,11,0,0,13,209,0,85,159,841,1,431,119,8,431,1113,607,607,164,1,0,1961,5,41,0,2,108,3767,0,0,880,1534,9,279,9,2831,700,0,0,0,0,0,7,38,482,1799,2453,419,80,1213,4,541,0,4,0,0,665,247,1,571,3853,429,5,341,31,72,144,712,71,0,21,0,0,3550,0,0,0,8,2,0,0,87,0,53,0,0,354,153,3790,570,0,871,50,17,45,74,3835,4,1,0,0,0,102,1,217,47,2421,1736,2843,262,110,5541,47,21,0,4,0,493,0,11,262,914,691,14,478,291,0,194,88,1,0,0,0,108,221,4,902,0,1,1,1860,500,1,10,0,0,14,57,42,2,12,0,150,289,0,2,53,122,7,9,10,678,0,0,134,0,536,0,1298,66,4,13,0,3067,261,3,81,1387,4190,9,133,26,0,612,0,1502,0,279,434,5,0,44,9,15,382,40,0,118,254,1,0,181,474,4,2,0,0,3,20,0,115,2892,5,22,1,65,1,750,0,658,0,6,3736,303,0,0,1,0,153,0,751,168,1855,12,13,825,319,670,164,6,0,0,3199,2,0,0,1541,0,17,0,0,211,229,22,27,0,9,0,2590,383,6,158,319,2,33,3,64,1493,0,4,111,284,1051,117,0,162,0,0,12,642,2,0,298,0,2269,8,100,7,162,14,3521,28,189,10,3,0,6,7,7499,726,540,0,851,154,93,666,45,4,0,260,1031,0,0,0,2,11,1,136,0,0,0,10,6,408,1244,0,183,81,18,0,0,219,28,935,159,16,126,7,12,124,512,0,0,0,0,0,1721,98,15,0,0,741,0,76,0,0,242,0,871,489,1335,1333,2,969,0,2,2,0,1,1,10,0,7,903,0,107,7,33,105,1254,245,0,551,0,8,0,1209,0,13,0,153,126,3542,139,0,1,0,80,834,2,594,0,2155,4,147,24,781,14,0,1,21,0,10,0,30,2,0,36,2,36,10,1,1090,179,77,565,2763,3,669,0,2,7,12,6,0,68,2588,0,1195,2,2119,0,5,1053,1,27,0,73,0,249,1,8,0,31,43,20,0,12,16,86,44,1310,68,2,622,0,574,0,3,1,9,32,8,90,0,1795,31,415,0,1,217,101,2021,282,746,134,5,0,0,47,456,1987,0,0,1,0,1463,0,0,805,0,282,6,22,2,0,4,96,12,0,192,316,13,962,16,1,273,615,12,22,377,1332,0,266,842,2,214,13,443,80,2,188,0,0,80,318,269,1,228,3,7,87,0,200,0,13,18,11,12,1020,52,1126,17,0,0,318,262,36,0,55,1659,2,1,1111,231,1,21,0,326,241,21,0,42,60,0,13,331,814,2,421,1147,0,103,2453,31,3428,2741,10,0,64,0,0,0,3,258,0,9,1,0,353,8,11,36,950,864,34,643,453,0,99,0,65,3,3011,0,24,253,1371,7,206,37,691,70,24,19,1,2,3493,1,0,1,3134,0,76,236,5,1463,104,0,551,0,0,0,5,0,0,218,25,304,512,1,9,0,0,4,134,1028,55,0,1025,543,82,0,173,0,258,0,52,68,1,1008,886,42,10,52,201,0,213,64,82,0,9,152,0,0,28,0,30,94,0,1,682,0,30,6129,128,0,6,0,540,64,1477,10,1602,750,115,37,0,370,1,3,1286,0,255,2,10,3,0,0,0,114,0,2755,209,112,1021,0,1513,1,13,141,0,5,1673,922,299,1397,588,711,370,241,1,652,0,101,666,636,735,167,223,0,23,347,247,0,1274,42,133,0,164,8,0,0,159,2,187,0,1,1,0,397,217,9,10,2,138,12,13,1,35,0,862,239,50,1008,1,178,153,33,7,0,289,83,0,3027,106,74,871,38,26,0,0,12,127,1,0,9,55,0,144,33,0,1455,0,1079,4,0,0,935,196,44,636,31,2,282,3,137,1,0,0,1596,0,33,324,0,1,0,1290,112,418,0,33,621,92,0,1146,8,0,0,0,0,1236,28,2,2474,514,0,0,32,1056,0,0,0,20,84,0,0,0,2301,0,904,0,537,0,0,1,1547,39,93,118,0,13,0,3511,4,167,1,542,63,3776,12,96,4,111,0,6743,4,10,0,39,21,48,0,51,0,0,0,1352,267,1,0,47,582,136,0,224,0,1760,2,2,0,5,0,0,0,409,191,36,365,102,0,274,56,0,5,25,0,6,914,0,2394,0,22,12,0,0,0,3,7,114,112,0,0,0,136,16,0,184,19,1319,0,63,34,371,31,0,16,0,0,517,0,225,0,1411,1,955,18,0,25,7529,7,22,3,0,12,72,0,0,164,127,0,171,3,3,351,98,5,5,390,1,0,286,15,6,49,0,5,0,1099,2504,0,160,2,90,5,3,126,184,759,171,276,802,0,234,113,0,1,0,2,32,0,417,22,2,1200,1035,336,44,0,143,5,5,0,3,344,99,209,609,2,40,1123,0,0,23,0,0,371,0,16,1,1,0,0,50,2,379,74,0,1444,1237,174,1,8,141,0,98,357,10,0,0,26,10,7,0,1,17,75,1,0,6,0,13,1,0,338,21,16,16,1,609,1541,14,101,729,1019,389,2,9,0,1,103,28,0,0,59,44,0,338,14,0,0,0,10,66,0,15,317,256,0,3,0,0,1,1123,2137,16,497,0,0,26,50,2,1,190,455,116,2724,1,540,98,7,1,1019,30,13,66,0,197,6,8,5,652,0,1925,1,1121,0,4,420,280,0,35,283,213,5,212,57,2,1242,199,38,326,11,2,462,120,0,5,141,266,181,12,748,46,4,211,0,23,25,82,506,24,5057,1,0,392,0,15,166,40,501,0,34,885,3,44,2,147,272,210,354,1879,1,616,967,1685,7,0,57,0,1,24,0,40,6,0,0,0,3666,72,13,1,9,1073,2,1908,761,89,16,0,1,18,14,132,0,6,300,35,7,197,6,0,4620,19,0,2,436,1069,9,8,211,0,0,0,8,2052,5,26,95,0,0,134,0,7,0,586,0,0,52,379,1,1,0,725,844,412,137,140,0,253,279,6,57,0,0,49,52,322,0,76,90,5,32,1235,1,2,981,2,0,535,31,19,46,0,357,21,0,5,435,81,1,121,7,8,0,273,0,12,4,38,2,30,176,909,241,0,2,87,2065,42,54,189,0,0,26,3,1,0,2,5067,10,0,0,6,33,79,1,0,5,44,232,617,64,33,9,1,1,0,423,88,0,363,114,1532,7,187,1,6,116,36,44,0,6,271,479,0,0,1723,49,2189,0,35,0,20,224,43,0,842,0,1,411,474,0,97,0,1,0,481,1,2324,712,21,1,279,354,823,2,828,331,152,0,286,17,246,198,22,676,1,3411,4,0,0,78,10,2311,2,66,9,2151,21,4,0,1267,22,1143,3512,782,1292,0,2635,0,50,77,2,26,0,8,0,267,0,821,8,0,1786,255,641,3135,0,0,0,178,0,1059,67,695,15,116,0,4,16,2,0,98,51,3031,388,4,2,1167,81,2425,63,325,889,0,20,0,0,105,0,0,87,0,251,71,16,2074,0,400,3299,557,247,1325,21,0,0,0,1,0,1,36,7966,0,124,213,3,99,56,745,0,2,262,1166,0,0,1,273,66,6,1780,3098,2,25,55,23,42,705,2,185,103,771,15,0,14,1453,0,30,14,1,3522,94,510,5,78,36,0,1,84,24,1,125,3,0,466,0,0,1,4,0,0,3,2,77,28,35,2,1075,23,268,2730,0,0,24,15,0,180,12,3253,1293,0,0,0,2758,163,0,26,1,17,193,1144,3,9,0,523,0,0,0,8,4173,4,9,1632,0,4,2443,1,2,3,0,223,633,1,58,0,15,509,72,45,4,2,1811,194,118,0,307,13,436,400,1,149,5,1,119,152,0,0,0,9,4,6,30,141,2,0,399,467,129,1691,0,20,48,0,2453,0,91,782,0,7,29,1464,167,177,114,0,1129,0,0,161,12,34,0,29,5,1,500,265,0,1,6,0,203,182,1199,2,166,18,0,3993,1283,406,28,1139,10,2237,614,14,0,91,1,51,4,362,0,132,60,12,4,63
2571,10,19379,3502,2174,246,5250,219,172,3792,13385,438,12853,8889,278,7097,5442,1005,31541,842,944,64,31,8051,11777,1270,25683,9239,14841,5271,1665,350,6842,2644,7391,556,2890,2234,1445,2666,2531,3904,1810,16888,17940,1748,3039,9034,4435,2569,3546,488,891,349,161,8339,447,589,1079,3204,3199,19,1325,293,9697,88,8128,1033,246,521,2490,1382,1419,658,15602,600,27153,616,2607,1824,6800,4325,628,4364,69,7867,3819,686,2926,23517,5460,51,294,3324,36841,1170,8444,2072,28240,1044,282,622,3748,4466,16,3938,29386,399,1757,239,691,1916,194,1006,615,757,205,497,908,258,13162,276,1268,795,41988,727,133,5715,288,24,2289,6353,4213,5159,3333,2016,3623,2563,16325,3639,143,76,2617,322,832,2218,926,1076,9467,65,1840,980,4828,6230,2692,241,11,1145,4044,8230,6317,10918,976,11667,639,1138,641,2658,18257,1214,4915,14012,6910,1368,223,734,4544,1999,10194,138,6174,959,4673,7127,53372,4931,3831,840,5964,5466,2677,298,2917,1101,1576,20,2612,167,1626,140,235,244,1733,448,5531,70008,1499,2426,952,6071,1275,1581,13913,113,2177,2412,4672,1328,5010,417,314,1618,106,832,939,220,1012,160,40663,18607,185,11256,10397,94,321,4932,5610,74583,2330,4289,10119,337,6880,2161,6259,735,386,578,144,1345,12563,15170,17580,245,697,2306,2019,750,635,353,4371,3941,5606,7329,1022,6480,47,10906,1072,3808,3061,1955,4478,5556,3750,362,3904,380,10435,4234,247,597,3220,660,579,3975,3569,17329,741,47,304,2593,491,512,5174,102,4352,3514,1210,2633,1920,8096,156,9855,517,465,951,652,690,1269,763,1757,9459,399,3081,4269,21470,2669,1175,367,1173,1619,160,1719,2032,801,32595,26309,9133,151,5998,69113,1219,658,5051,5321,1237,64,1808,6477,825,10,1757,113,2378,1663,484,2751,2914,140,1262,976,27,5920,10858,737,118,418,326,17547,140,171,7773,42,70,156,3687,402,906,229,1023,773,5850,213,342,26205,106966,2376,1732,219,1714,15327,5266,3766,2954,2459,575,15505,21714,897,70,12741,17975,1815,981,2065,59018,1852,547,819,219,577,55,742,3504,4449,535,120,163,1105,255,3919,3930,1201,27,542,605,2742,2275,867,8312,2036,3956,19226,1953,252,1012,1769,26,6423,451,7102,14,1142,3815,5908,32720,3677,27654,237,193,11810,9508,11532,128,13209,8984,4926,726,290,6876,11794,8014,1051,238,8282,7143,1420,54,7531,179,310,2294,1920,828,806,1692,170,69,3202,149,483,951,13246,10212,4514,2411,434,1829,3023,2604,192,7294,3468,405,4279,659,98,3512,4374,1710,3356,160,931,6935,2117,1987,20187,51,2893,1030,27615,6196,239,3369,416,6849,3068,5539,3989,3400,12035,1946,1717,5392,460,9991,975,3698,19539,1000,1748,18,462,253,437,5012,9603,5138,171,95080,886,5402,76,8423,10918,23069,1222,53,19817,1540,2144,17540,70,11700,383,19843,5912,1665,590,19824,2409,829,456,500,89,572,58,37674,119,306,932,5239,1788,51,6186,3907,551,183,566,1424,497,1252,5374,672,4566,458,104054,1100,2495,3388,8572,515,378,3254,681,2719,4012,3337,3006,5598,1926,346,3136,38,1330,6961,6745,592,1079,666,544,4933,23311,4596,294,27953,644,3550,4909,6887,186,1285,536,2122,4,854,13285,1177,16,4502,613,1369,110,87,375,3609,6033,152,14600,2991,997,20297,593,1604,919,21290,7195,2142,2899,8536,9208,1950,14575,26617,1031,2100,528,710,106,1089,571,3578,23941,28676,1784,36856,334,25,557,5701,7199,941,534,711,1200,147062,169,674,91023,4931,1209,26289,2214,109,4648,801,10781,6948,2713,22190,1769,6532,29225,27297,16020,349,5190,22316,372,11092,1312,967,160,9163,3797,187,197,21902,19084,284,527,77830,3782,50546,1000,794,4236,489,5662,12762,417,104,121,29344,3213,278,614,14993,14338,31107,10872,27391,868,7397,3325,2063,7272,706,920,3294,767,7219,57,272,747,226,260,1972,7820,5387,193,1498,359,622,8875,3077,3366,10,6664,27392,12813,1711,24497,720,30002,2275,2856,2075,4399,2517,17,249,3394,60953,8402,1144,44447,180,54672,7080,13876,1173,3705,952,6109,1041,2299,13664,152,675,474,35493,15333,1720,5361,640,253,46528,7620,1540,3576,121,513,12453,318,1104,476,45,7328,415,49,10085,1180,132,137,713,416,294,2964,238,158359,2404,31565,613,641,1976,4896,685,452,328,5104,539,47446,4810,594,701,18512,8032,1222,5212,950,6926,6064,5802,938,696,2137,850,7359,52764,821,23741,31965,2717,190,214,703,15030,2400,355,1523,2003,26408,2139,102,3404,36,78,49653,2430,5484,3241,6591,5588,1397,6815,174,2360,27000,14413,588,1496,6116,3532,5354,1491,7559,1668,378,60464,317,5781,1721,8172,183,2874,96,12534,35,723,1553,793,6905,2669,294,405,941,7,8105,18126,1229,1320,13140,4450,3062,1798,12464,2262,539,4512,11359,1423,3146,2446,91,3121,1735,268,1332,14669,887,29667,709,13244,40,3549,8741,1337,142,7599,2479,292,3196,1950,9331,40603,18,1858,13939,7745,1015,10702,3974,81,4022,160,20438,883,715,1908,2561,6547,1275,380,657,166,4238,4383,617,891,7596,134,6486,733,10,8508,10599,924,9803,146,3093,315,739,3826,23682,4839,7254,25029,461,9160,604,6758,1191,6105,2862,3789,14849,8382,1121,665,54,186,4321,12375,425,34,1087,2262,6143,24,44996,268,37,5915,811,1089,6506,277,5009,1058,23324,1,34611,1369,1851,860,770,193,26292,9643,17066,77,34016,16916,120,131,1070,136,6888,13705,181,418,27803,669,2418,1124,3273,995,995,2383,1682,4784,2742,51,1775,628,303,8817,1799,442,19891,2871,6092,7407,10307,1229,680,2226,672,1090,19128,275,49,663,4253,313,1360,80,9266,4806,249,83,3784,1904,54,590,13005,8732,2643,6718,86,8877,9396,5057,102,502,65905,417,1550,9259,34827,816,1538,60,498,437,1321,415,3259,405,818,4239,219,57,1205,1299,5496,29,61,1724,1324,23398,7368,192,973,6497,724,1006,2131,350,3039,179,60,1735,1779,646,271,17604,10804,14078,4153,897,2635,2727,26082,30,408,534,400,27860,3508,1142,61220,854,4618,652,3174,160,237,120,7972,2638,13141,480,22321,24269,15,6406,8222,3763,383,1063,1406,18872,1700,19751,101,17261,3216,342,10886,452,4478,615,3079,1213,561,17586,423,1934,768,5,5837,34392,26027,858,44479,70,13061,13435,4196,82,2877,44757,3192,6560,654,129,10715,489,244,6838,4293,155,1787,2338,11521,849,4789,29,447,1603,19496,2294,2399,21228,6622,13434,39157,233,1988,162,27534,733,13587,54,4381,1914,5700,1243,4122,374,42,17974,18742,8920,6787,18323,7,156,17542,7952,43,476,4621,7,1273,4624,6209,8910,1912,34,5268,703,396,13505,6219,985,4340,2553,3259,58903,5080,1322,19068,2482,9654,5169,668,33161,3537,7829,463,1695,3663,13084,43,4086,2052,92,234,91,1817,653,444,2176,1557,409,163,14384,3364,2849,507,24,1352,1431,565,2203,1312,1636,2508,32406,422,18192,4791,1223,16207,182,9225,2569,1460,49,19423,1904,6497,1426,3488,17572,866,1632,385,188,16980,693,48063,18321,19799,1976,8454,1682,2508,2649,437,849,938,465,8894,17349,4350,2074,3963,15433,12232,25572,252,2457,1600,1464,270,3988,1241,20355,4818,9583,6366,21778,775,9074,1124,1148,16530,3417,26,449,4457,6631,1358,4472,123,3,751,48217,19910,521,722,2607,14262,4190,22760,1354,4452,1494,200,1099,2392,11567,5754,257,1302,18079,15572,301,2436,1002,4615,4404,934,921,688,2675,869,39632,751,7093,63374,2088,3998,16263,11476,18546,1142,319,497,5243,196,608,84,15382,144,3950,11408,16,2257,17,3498,2842,35170,17464,2979,20,581,1287,5781,497,541,253,1274,4182,2480,312,687,6080,4713,4571,2727,9622,628,1344,3340,2361,1286,49829,36592,854,3421,5323,13182,145,4395,417,109,674,5933,3039,17171,285,931,10587,1760,2044,52,3161,134,1419,76,1819,3889,59792,145,2942,7158,48,3179,5843,5985,32088,7400,1206,5924,5559,383,7504,7847,297,1891,1889,591,99,157,523,6590,492,559,7532,1955,14830,1046,18681,3652,32608,448,469,397,423,889,15493,11,5724,602,646,15121,979,5959,548,50,1739,29431,1606,449,6010,3643,585,5157,74613,2258,535,1348,637,465,3728,7158,3893,1298,6082,10563,893,998,3406,5581,120360,35702,293,13823,389,22038,504,370,226,6998,740,972,22342,981,16,4944,15887,5022,1744,11575,1702,21,84,85,33901,1121,5374,18039,500,29,372,51,3545,1818,2573,418,2992,1079,1199,5403,2519,354,81052,11010,359,32342,746,2732,2677,5431,43082,5502,112,371,102,1477,3599,20830,150,670,648,888,429,3209,8925,11484,6645,4636,2603,1240,5663,269,99,1446,1419,484,33490,428,503,93,86,47041,21736,3713,4138,1514,1672,70,65,2161,2052,4925,4882,2300,3929,1063,1825,112381,478,263,7655,5607,46064,31,232,616,1243,1676,29646,411,24289,119,6600,557,7291,104,1111,19244,1331,232,1662,796,11132,272,28274,4156,2398,1906,28635,221,16112,12668,104,2796,9867,1502,23,22442,344,9430,1195,1253,200,479,843,916,143,4732,10698,3317,2837,26221,4161,4035,875,2205,622,134,94,1577,7358,31052,473,2214,3898,52255,1860,2802,1841,22,86,30589,244,120,110,23147,389,49004,832,1513,15903,3411,1160,1108,1697,3584,6002,20763,421,255,1786,242,592,8396,67429,1186,2687,1325,82,12468,13498,3607,6418,317,72,7647,11230,597,1545,7134,14105,7785,4793,5560,50350,442,637,27631,1268,4757,2382,1674,5741,14038,39547,2566,255,1120,50308,2821,226,3524,51,11,20644,227,305,759,662,532,2696,279,511,12459,114,5465,3183,7215,597,9059,5511,4147,1522,84,1599,9284,4195,1701,216,142,11511,7735,32,1260,28363,28284,54,86,264,370,11,356,379,34,86,197,432,553,537,12114,3346,1109,8324,3282,1433,1636,28575,19148,3194,36,145,10885,4013,1062,15188,16512,734,838,304,2944,2229,735,1687,4037,2682,13375,2417,3202,860,1299,16560,348,8093,8568,12872,7517,1982,11583,2821,309,6017,6488,568,18,2157,381,555,489,182,8466,3707,22224,3300,373,10919,1984,81,6073,6104,4592,53,2881,831,233,53687,893,2207,2153,4351,19914,428,213,20829,129,3766,320,484,1900,2249,4219,5131,65753,846,1819,367,2291,4083,44928,221,3087,1759,3988,8970,8033,874,2320,15598,306,143,2245,14469,10840,443,276,2178,336,5803,4067,105,69,4206,17879,100,1074,1541,10319,1517,2645,1807,195,771,81,2256,919,5074,41,7561,56856,2201,355,1194,43253,13857,1048,31,22,3589,960,15575,308,10396,2645,288,2239,528,166106,1348,2959,152,10250,4856,347,259,8543,806,4608,1227,2600,2509,1568,3923,1088,628,4018,491,52,313,2898,99,990,766,391,41619,11863,2612,2760,16039,967,6718,2811,6957,149,328,1586,1442,1800,915,2507,899,269,9265,808,18094,6841,1150,85,1832,5725,3325,4343,6,787,770,298,2663,550,13,60,59,1243,1165,5566,195,5467,2273,4996,15938,16783,493,53,633,223,718,6529,2008,5804,136,888,2960,638,3455,1247,17815,2561,995,2794,485,11589,14187,41802,15691,1595,226,2091,4511,3018,7996,3691,1725,1106,384,845,3779,9959,5843,417,1377,145107,1694,1076,29146,100,40923,22039,1306,369,391,1880,591,17039,820,3625,31248,4610,1849,320,7246,711,2303,1775,23686,16,2952,31,5911,582,6549,8172,4359,51,440,2067,496,120,8715,41277,8992,13479,662,426,45317,368,1590,573,2697,1116,469,740,759,5061,5137,13609,2388,17048,2159,11597,66,10759,1002,122,694,2673,5912,2728,4626,317,59,11661,1117,2420,38,9832,420,16444,2662,7177,1005,41,1249,23309,33,48377,22701,38142,2562,4125,2714,4143,1271,862,24596,186,4732,1383,105,165443,1687,4814,722,1415,5196,18129,3914,75,16634,3557,581,1660,376,9272,35204,31,61,236,6591,717,3395,3560,121,4050,300,4047,4725,842,32,13903,303,1491,3057,8706,207,2103,338,391,1609,116,415,80,1709,381,396,124,280,1838,71560,143,4046,109,6346,1378,46146,888,7071,2317,675,11920,4005,932,187,25,2214,989,1218,42,14050,4070,21969,54509,10818,290,1390,777,20130,4966,4032,1580,428,1629,20898,373,597,17979,795,152,2359,234,1989,17104,14100,939,30356,2814,2887,14943,5073,6586,79079,1006,1520,3000,14083,7071,49359,312,472,153,3622,438,763,25955,178,1270,1020,26,1707,582,3724,4015,21520,166,4416,2225,5116,1025,19987,11041,231,2097,2716,104,56867,2591,1297,59,162,1894,22393,11763,13668,1408,246,2140,1245,263,187,7924,1534,37760,232,405,70,4878,1043,426,8575,156,534,18,8818,1369,16,94522,52,9337,1560,5334,4370,3453,9477,5745,461,29,18,1979,96629,502,4414,245,11113,270,1002,11865,353,29953,7794,1002,1449,540,3073,5695,241,354,2594,4796,637,115,7449,9737,7606,7266,3303,19092,11675,21252,45311,154,3577,36,49413,8214,484,322,7297,1044,1861,5317,15879,2311,316,4576,1409,37526,10725,8158,3719,6065,3260,101,15497,14642,274,2806,124765,1294,28482,5357,285,652,2850,7163,6300,5035,144,606,981,1290,2847,1787,4066,2792,234,869,356,2073,168,1083,338,4376,2998,18643,296,5193,10253,3400,545,23043,3753,340,999,384,4022,623,1771,568,212,333,18,282,134,393,3,4685,6680,225,16332,44070,7463,8168,1190,702,17,27752,5394,13,1337,2034,99,6211,268,1270,1706,742,165,12245,3920,17430,573,155,2898,259,2265,6203,12738,19610,187,20488,488,728,838,2205,347,2045,280,31957,6137,3246,146,35,4484,3519,2710,469,982,1568,333,1875,4630,5916,13864,124,152,1558,502,2925,458,341,274,10204,83,3016,2302,1061,460,511,27,930,5082,380,6,3392,2790,933,10510,1240,1255,1685,116543,159,6275,1017,7945,175,1188,2683,13603,50222,193,522,143,8826,201,1018,159,617,5497,15956,4019,26322,5,34707,568,53187,2794,2726,2702,84253,786,292,4029,4308,2642,1210,17954,2613,20517,61617,272,1859,2050,1207,75,5951,154,2148,3191,6333,2123,967,7060,742,109,182,1317,576,31247,2468,5547,914,48157,362,32757,42,9524,406,44703,1074,1443,2211,345,778,6540,1280,12676,15304,2452,1158,590,1454,1705,15845,2807,69128,3500,6115,1244,78134,199,5886,353,77,1591,540,11406,78,141,1109,10200,700,1320,381,7,232,1225,3805,219,3631,2020,407,270,3276,60772,3117,1214,42,5147,53230,4825,1012,125,1986,1503,888,23311,3500,4553,1785,6619,783,3753,1827,2311,998,1803,50,94,46078,70,1452,13707,1439,53780,100,1041,361,412,10980,1265,1042,723,182,675,6378,364,1220,64133,1232,30728,255,53,398,8056,126,771,118,19698,49,2270,8047,16239,15,1412,3340,2119,3727,163,14836,4204,101,987,307,9112,25,5013,18828,2326,840,581,40,10661,1807,1089,4650,642,2788,795,4390,3403,1214,5949,24,115,23519,122,10864,591,2114,5458,499,910,10591,7342,3149,1280,234,3173,9358,1693,3760,1285,122,35421,1229,626,13506,1412,1406,532,993,523,2795,113,1622,51,8119,3173,9867,875,2114,529,1343,76,1496,1371,2171,22,6354,3207,220,2255,8981,296,13773,248,2112,138,2083,439,602,87,6138,4352,2517,0,377,25,2737,285,1254,416,622,124,20205,2173,69705,730,3000,1479,13023,1609,3692,142,63097,8045,747,466,18044,803,411,2604,14,2890,1822,444,44101,117,1846,5378,816,591,357,1086,4247,1269,4459,11139,451,1872,2393,6556,712,79,293,34476,28354,5476,3273,13166,4420,2278,40261,873,503,800,5385,78980,23,12016,101,608,2006,2724,941,257,1166,1369,956,1031,2345,1699,1171,3586,2966,53,6060,64,44667,996,252,65,450,22771,3875,4036,24917,8531,1628,427,684,161,15068,5261,708,2008,302,5174,2564,156638,1719,43492,358,7481,2948,4782,3587,3092,21369,41,8167,5939,645,97,1976,116,5658,27950,398,31809,36257,2804,4847,915,1160,2884,7202,13245,881,3286,35631,321,1454,733,1777,841,17367,3660,4837,299,7441,101,1200,181,4260,1013,26635,972,2533,76,635,1102,14,2758,648,5288,1039,2932,6725,10391,100,12696,1373,3975,14106,9337,3168,1373,8192,1354,22848,22525,1307,2890,8415,538,4323,20136,2052,10646,140,23,1068,113,2131,19276,239,6668,2359,24616,5148,30947,887,816,2540,609,42402,2785,8002,769,913,7629,256,3662,1713,2978,9678,1588,335,1613,5425,35190,2499,789,10395,3355,652,2650,2469,17801,6724,139,28025,242,20,2562,5529,2001,2162,3843,15361,6297,815,24295,3980,8170,220,20213,3442,26199,2695,90,7752,148,9,2035,251,783,16,33122,12636,28425,499,567,934,789,1669,7629,7030,35428,14854,1339,2632,2230,110,182,27128,2758,11,10122,57445,2725,29527,6279,477,17,736,391,1155,634,0,4361,11236,14325,1609,3107,12156,577,139,10095,1990,612,1019,781,40992,4689,2415,1294,312,95,239,8131,5043,7175,34013,640,83,194,1062,6538,2062,2802,11118,1726,9621,5198,1561,1061,3080,7891,650,915,12919,7074,1120,410,3301,296,1232,3187,939,93,167,11508,1552,31397,774,2137,254,3933,2893,1923,6398,642,8,156,2562,670,7804,2926,32127,41,1738,4556,1163,7081,353,6732,2645,273,5242,277,17869,3642,13252,752,2991,39974,718,2087,88,2007,7377,586,3448,982,433,2523,278,1232,5530,1087,589,7700,4868,1116,14969,3598,553,5421,43,3734,1255,479,581,372,524,6887,5643,453,526,39524,25533,738,14121,3545,9334,4971,21536,5644,730,385,14110,7570,603,1128,483,19880,744,616,2229,1331,3422,43058,2080,207,12234,349,1984,14862,6022,367,191,1398,8745,894,853,4588,239,56,140,5581,8253,6004,10351,6961,1585,1487,2255,736,1055,163,367,1391,10480,2394,16880,279,8681,5675,6244,2,3028,14300,4160,51,1600,732,3107,2029,2836,300,579,269,46511,1719,432,9535,7487,2092,7925,315,6796,1858,1471,9498,9458,24,1748,610,411,839,3102,4130,876,1927,25902,12140,3294,480,193,131,6322,1666,1775,6988,422,8234,5,3642,696,164,34385,724,376,97,110,8411,178,630,24519,2935,1743,45138,3463,368,42182,4084,1912,3367,5772,32858,4040,36,1243,7752,912,17256,26,3465,555,96,16007,1274,173,1734,13580,390,8847,4886,5712,1305,2120,881,2017,15415,7761,14393,1635,19854,573,4123,306,237,557,4971,10733,2394,135,3106,14328,1013,6281,185,4866,49,943,1757,165877,25273,160,184,107,34943,11972,3280,23582,10413,40338,1528,1,171025,873,7844,2010,910,1022,18658,109,18632,2598,983,3704,2217,141,132,29638,1722,324,35020,5919,2614,5820,20896,138,128,562,9417,1614,107,370,13177,243,5,17059,4225,132,12221,97,448,3193,5670,431,3829,671,50627,2458,113,711,876,188,2788,6842,29900,868,2554,454,436,36,237,810,1214,32030,2746,704,67,15229,288,3801,4718,2260,1784,11049,8659,3231,553,1604,6343,36,14120,332,51,1512,2440,2478,12071,18821,40278,1112,130,11094,60290,134,1139,702,3362,69,245,31247,697,20319,2664,2893,10475,1942,7621,158,16953,563,9189,32,2496,541,942,9633,3734,264,126,2502,10920,1560,2098,394,1773,1206,46,23300,30394,5047,441,7032,3077,17726,2461,477,37999,2022,101,1620,43184,128,2076,41357,2203,318,5701,57,8400,3312,461,360,70,25,4795,35942,23,922,44,2759,36140,133,1062,50,334,40337,399,2107,1689,5819,20455,432,313,850,1437,535,114,1061,594,4210,1079,66,24322,73,1613,3082,1223,36897,816,4346,166,1115,1567,3757,0,1358,267,1715,372,291,642,709,26506,4240,681,1820,1993,6934,1165,440,1076,690,494,4155,1219,12147,1239,14550,222,4663,588,1568,785,360,2173,3372,137,2168,4160,14197,3091,143,404,5286,97,535,957,4339,7844,73,283,885,319,8236,3904,14369,5247,1482,480,243,408,41,3969,440,3036,7704,4337,609,2891,154,1236,518,32562,10798,7317,514,36,1178,1521,25521,1983,12472,26434,2069,10068,208,155,1539,1581,577,0,12860,4329,6865,10739,190,4804,1560,1776,9087,35,1575,351,607,106,3651,42285,3044,605,9410,35,11548,355,82,2854,812,267,4742,749,1170,7646,30752,959,969,59868,23738,3207,2255,632,50,2259,581,8855,606,79,668,3454,4015,3739,12286,922,738,1617,879,7439,3934,612,3949,937,653,20444,3187,694,2003,28709,441,4232,3929,2677,57997,12187,2146,1607,6373,3585,1126,1408,77,1895,755,5080,2262,3044,421,553,481,2679,5360,112,311,301,53,3103,3403,215,13121,869,1093,5528,555,145,43832,27284,10993,720,3756,1184,19624,9032,353,933,12594,13780,1423,2374,18277,4657,21918,96933,3073,47033,84089,622,1452,6696,1161,1507,180,179,2525,1539,201,372,21330,69,3651,652,1861,32,97,2211,1934,337,1462,15238,1420,1191,5761,438,13612,25956,1866,790,1570,8357,22,577,1332,7198,109,11520,1776,220,220,47278,943,5622,63,764,11933,33,3733,5800,889,3870,10040,2217,2530,1711,651,1848,6487,2245,11119,9875,22076,2308,6128,244,18264,1692,12025,2892,5058,9049,2272,370,159,38,5784,995,525,2058,973,8930,9105,1877,1138,3110,115,1190,1306,1008,2841,16601,1642,7618,12522,14234,541,2119,11663,14413,7165,1464,6664,307,4009,606,923,1378,4633,1206,3169,8808,12265,14327,623,5419,7051,5308,11592,677,6928,67,34973,957,384,15792,731,5115,27718,361,6080,6685,31741,2040,5453,5440,366,283,28366,1799,179,449,36306,6756,474,768,3630,737,93,1570,2244,1788,1741,1114,629,285,9801,6438,6760,121,39,1242,8694,478,5914,28,1047,532,1407,43,345,1875,967,725,634,1438,404,369,2572,149,13245,1001,8820,3356,4043,206,2147,2126,1,80,2339,442,35938,656,2677,154,898,7579,16,14741,29027,845,3414,9474,1402,396,2411,12529,1896,2402,4377,4619,1296,2268,3583,119,4411,522,2049,2573,595,352,3595,3202,2450,35,1142,901,4293,1289,287,106,18894,12791,7850,2779,4087,6225,924,798,84,1818,3872,1841,4208,1727,4915,1695,17349,19323,10662,787,258,1377,226,5529,1717,1416,3628,399,1315,1856,412,72,410,835,214,7448,1596,3354,1114,1926,2049,29451,3376,18075,27,1354,325,277,171,51232,31359,672,36,2946,653,28353,2868,1598,15196,48592,4931,539,1347,1588,2821,9516,123,304,2678,994,253,372,19193,614,478,440,3896,13343,250,34523,322,50837,703,185,3742,10268,2027,38737,5787,1868,17921,2295,8259,1093,13036,1280,25472,5308,15756,1279,3697,7996,3369,9035,894,839,601,6714,6396,5663,10631,1730,583,3220,1390,264,503,6724,46,697,689,346,713,40210,26,2691,1263,1361,1091,12711,2265,987,8306,7560,4197,114,27065,7572,8927,88,777,207,21,984,461,14825,4255,3025,7783,4197,3454,29494,38253,1518,827,39605,164,7489,1366,11588,646,6708,600,285,11926,3075,1760,94,16271,427,614,4458,17774,4033,1835,3278,3037,742,2188,5313,950,952,7027,4674,6916,648,944,4105,1607,1205,4013,1330,2583,397,2013,20,973,326,13,6866,78,31479,242,3805,39522,93,544,408,11461,17033,53005,237,4407,1854,4122,14219,23077,7729,7851,1535,1906,145,208,310,11411,7,472,1335,1279,1466,25006,91,5660,415,55958,3897,33568,47,3100,1884,26,940,15449,773,383,15157,6252,290,5532,2689,5891,3941,28200,1124,14637,1120,1525,1476,117,2554,14742,2595,5486,745,43890,2377,3234,4135,419,1913,60,1342,1437,5693,916,337,3108,8473,2197,245,3763,1927,4608,1293,6810,24420,16876,633,12112,4099,20228,22838,981,25338,26780,2228,1347,45,7447,289,53,10708,1167,4003,148,1512,83,24113,3883,6336,608,160,487,119,2581,42740,854,1750,5143,7218,371,1441,8934,11383,13422,1529,4928,116,279,28233,182,29141,652,1241,1546,784,4352,31,3067,652,6401,480,51,5348,21376,1712,10646,1873,2239,11,1665,786,193,130,3640,680,6404,9247,45,2275,48538,897,1516,1473,8535,2322,402,4176,7439,54877,5867,6814,3416,15058,1468,644,24225,397,223,1653,135,15869,1432,11458,35,2009,2071,29,9375,221,1407,361,312,389,535,6263,1498,7516,7385,16878,10302,11893,1427,180,46453,7249,24678,47,44,567,29808,1301,5112,35511,11087,166743,866,1344,2102,1696,26641,25674,572,823,21667,125,21,7187,581,1372,22554,1149,421,48,2004,13861,4626,729,1679,7700,10373,5856,8156,5676,8730,1166,19826,14823,11854,47,6581,1119,36493,6319,962,15073,1323,2987,17833,214,7568,8916,3644,57,2107,2441,893,5607,35588,4772,876,5232,3175,15095,1993,1837,6446,957,787,4052,523,6956,28,536,323,14892,3746,31033,893,14244,6266,58,567,204,1119,8743,3001,5344,3709,2646,793,2165,12098,3896,35,5871,1074,3255,4663,565,426,566,20246,4933,348,206,257,374,28979,1030,10476,472,1578,159,61956,4515,858,7894,321,493,1621,19924,425,10500,78,856,12050,14004,9821,1045,9,9066,5291,2329,455,2499,9521,1417,3007,3386,145,2558,163,7167,95,1434,3125,10997,4611,8,190,1327,1527,3731,223,37,1449,783,5350,2946,309,28776,12805,3196,767,1778,1421,4051,6498,4257,269,3827,198,1262,108,944,502,6240,1284,2770,807,2481,15212,607,1005,2438,3088,28190,17356,599,2242,923,21278,736,270,1085,740,2692,33760,1005,228,637,133,3395,1393,1641,326,6755,2047,1968,2843,20806,542,841,1463,188,2048,42307,138,425,124,35570,2048,42530,11691,8,2951,1397,549,3963,9296,68,2047,256,1810,5133,1072,483,492,5666,4697,12954,73,377,2291,119,1717,243,11781,1370,446,6239,150,20542,899,5530,6952,345,143,1988,508,107,431,15405,1592,4501,4546,828,866,1027,6517,1592,2004,363,1705,903,234,5100,200,17570,1550,1212,2692,8723,5750,2261,2668,10019,2196,80,8340,1133,780,15928,10303,5858,50,5053,11989,351,957,1039,1247,25,184,9579,241,1155,44460,4666,1,3118,44,9743,1566,335,199,5438,287,11325,135289,2045,688,3551,18655,307,57,4882,2578,315,585,1762,150,834,109299,10286,11,2041,5379,1818,4336,8088,10258,325,8480,123,426,1153,985,23189,165,339,449,268,6395,12116,6572,3121,232,810,96,46,126,1155,767,1271,3608,386,335,130,4993,49,826,949,41511,4176,16590,975,4802,30,1248,107,2801,8863,8189,204,1556,916,127,1160,40056,2043,4062,37763,7693,1685,824,17292,2705,6949,8402,3155,520,965,951,5778,1296,663,1213,2212,144,57,469,655,15177,140,2565,272,6465,1141,1136,44,1037,5291,560,246,1443,397,4087,4489,2049,5707,2067,30,2275,255,792,9699,10026,233,2844,2449,5841,1132,970,812,1310,8436,13849,189,168,595,1066,685,254,43243,59,10199,4975,13426,23364,1001,2301,1126,553,973,7697,68,176,648,82,3017,49696,7074,12156,1943,2352,1867,56,7204,468,2439,10808,8445,417,25443,21061,8502,131,9242,2020,336,3162,9845,1387,1904,10412,1652,215,6165,22730,72891,2619,2415,1904,4249,131,16426,12211,11467,693,1345,121,1002,9818,2025,11099,3065,906,3625,13569,458,28,533,31,2429,4784,1885,16101,280,897,1780,569,52967,9219,2021,265,468,53,7679,4106,11490,3269,812,919,80,1052,4463,2341,26,1184,1017,123,10060,10814,1531,21660,731,64,389,321,4691,46872,1848,244,27760,664,4270,1006,60,91,302,2030,3,73,11355,1288,4769,17275,44041,555,271,1651,40,2223,1702,19824,3374,410,1445,681,267,1418,1120,1172,486,631,199,21683,387,811,12421,146,964,3031,25933,3450,217,1409,6518,3734,8537,37495,472,1172,87,8257,24,9251,6556,24399,18865,3427,3529,14002,1475,7000,2030,79,3717,4651,3262,1654,1454,616,2243,327,2141,2218,13032,1084,1865,2428,7338,6275,57,5544,86,2196,4314,19718,1391,3903,203,24367,2064,965,67957,95,1077,827,100,1064,559,2192,216,1264,22759,151,18271,277,15485,10838,10963,2227,415,1604,10502,5277,25664,7258,29809,65,12101,353,829,5026,122,564,4819,859,5187,2708,1336,7,307,1281,264,4650,1673,175,68528,617,7367,5583,1006,2035,770,2577,2471,15136,14262,269,2519,40971,40310,489,15680,512,3768,2734,28061,274,473,3516,2313,56395,2746,283,123,314,788,1533,553,14935,2109,439,338,166,3816,21200,1865,193,2797,215,7549,386,11420,1119,622,27111,1,13670,739,200,82,6559,27,2532,2089,389,9124,101,4835,1307,7876,10966,3609,5856,952,338,718,8334,1143,9805,91,4458,5859,489,1969,13164,825,771,286,1695,2443,77,296,265,126,4566,4778,24941,387,3127,1828,5512,1974,4101,2380,2555,2876,970,18,8321,10138,65,7570,1743,13125,135,2011,9279,14108,1620,1616,17464,2323,579,2922,6321,2795,9746,10377,23819,8099,4294,120,3858,13374,7708,5927,44,16302,18,7346,31559,582,2131,538,50464,359,719,2550,4003,431,467,15664,7618,3801,412,28324,661,740,2812,17,8546,100,9483,1478,4089,11318,40595,153,2857,2822,23145,16199,174,2229,4542,4579,579,5570,13993,2524,14480,8194,15414,7722,1695,1740,24,280,343,1776,1072,482,1012,212,1970,136,158,3554,14407,621,33844,6387,198,435,2477,104,48,439,920,26544,14,1302,40,504,15782,1931,32205,3872,1648,3348,1865,830,9018,12005,2463,315,4212,423,3119,10008,5252,274,9394,168,1082,160,1241,154,129,112,690,1855,1757,2922,1060,105,3244,2290,5630,5769,1353,6423,157,1219,302,1186,175,5707,609,2502,412,1795,62,714,2992,3043,3834,775,190,3355,7086,4485,2682,2611,1171,1146,46452,836,320,272,3043,15394,2207,3722,71,1566,247,245,2279,17232,432,297,9856,2479,7826,127,154,58811,2557,554,19183,3621,196,5245,861,2131,24368,1373,7976,13245,2959,453,11257,434,103,6366,1490,19569,1177,337,5240,83878,7447,3569,9866,1698,30011,154,7594,1685,14136,273,12503,13772,2135,5592,14299,10919,655,12673,14070,4489,267,4334,177,1003,11776,175,7923,2448,591,9713,11451,5076,304,1567,221,9023,1912,882,825,9382,600,808,1073,175,974,852,7878,11483,11218,455,451,5466,11110,2272,3497,742,439,7471,1236,8751,1155,2377,681,525,9778,14,18759,26048,6162,814,1537,22996,268,1735,332,168,4097,4103,574,1993,2645,24,11992,2835,2367,1869,7734,7418,45205,9364,6,115,481,964,605,1435,1493,2848,3233,148,1234,13346,2226,17750,1848,3859,3518,508,3710,337,261,14684,2673,448,10237,11630,9971,5061,18659,6967,78,7697,6859,13310,1782,11516,341,8295,6326,211,687,2832,3719,297,335,1130,167,1356,241,12350,10240,16713,28472,846,545,8042,1171,108,895,4009,18405,79,2835,3503,19,3514,11983,586,2004,1072,1739,5102,2640,474,162,10940,10516,119,1630,21703,8,220,418,59,15482,22264,4890,1302,1937,419,724,1282,10206,777,2248,1318,2292,85,128,1004,11315,21345,630,6785,486,12538,18348,407,21726,2872,370,2284,65471,167,11100,2837,38315,7631,3049,1902,80,136,1478,2653,115,11122,1580,363,1970,2449,3568,16509,261,361,584,1040,3010,590,20261,28,46,146,6447,124167,13832,2668,1272,13245,377,23,2444,2522,97,132,33238,2269,1371,3,4344,432,1449,1425,155,1318,3850,11141,2518,4,115,503,12557,615,103,3326,44207,49334,1707,901,41,116,2902,11918,452,1433,8694,13030,7154,77,16649,7209,4310,3198,33,567,34,2155,624,2329,2518,10,13333,4053,3872,930,601,11102,2625,1589,880,925,5084,13121,61270,1868,287,8604,2780,1253,6263,104,8079,740,4795,14745,2879,9071,451,98021,4003,20376,546,32212,452,372,6987,5302,698,485,19,3089,5131,5138,5132,609,6627,6267,1445,2369,7758,25629,6149,10336,57,8206,3650,12036,250,18769,14790,48021,1388,654,15757,6368,520,2748,5817,141,2905,5486,5656,937,2958,72,16099,324,591,4171,1016,2320,175,4769,1031,379,5647,4610,15318,1028,626,415,3999,6612,2587,3092,1253,1200,1136,17334,33,2237,15454,270,57476,88,1989,9332,1299,553,714,15698,8150,20305,14996,1331,24,7968,356,475,4067,316,249,2543,386,4851,3756,12311,630,320,845,7561,293,11287,475,7356,2754,1420,25023,92,19,3273,4159,29393,3748,209,1428,362,872,187,717,18840,1577,8449,8398,126,16361,10616,1362,6242,9923,1751,531,7798,493,322,10870,435,539,11196,816,2355,666,15401,340,4333,2890,749,356,3398,539,616,1245,6478,172,1441,3091,972,1305,886,9767,4370,5963,100,286,818,318,103,19154,478,6459,503,2026,1581,21416,1879,15159,3781,12260,8170,76,6797,2801,23968,764,794,234,144,8071,11,246,9726,17281,28066,4809,473,984,586,5820,3551,4181,804,80,12248,686,2892,3056,33,51187,231,44128,502,1584,11738,4965,27,43,2050,3833,4351,3653,2193,5132,77435,427,6646,519,723,460,40,6216,23,125,1632,5923,127,192,67808,6234,2484,21221,12679,49831,12145,5818,145,2530,5072,97,8275,381,10612,7581,23,1647,392,496,5304,965,2693,31,1811,759,303,392,10833,3249,5832,301,66,4036,1663,284,458,434,9477,3329,4212,3693,12926,3496,3613,921,79,527,883,2791,1119,11007,2094,7211,177,463,27499,784,0,451,25111,1932,1307,4055,2170,3783,23060,2518,987,2411,1029,37,16162,5675,837,3432,58,57,48,7089,471,2053,923,690,304,4307,1099,622,280,218,357,20157,2504,4715,18715,3743,18926,193,989,3701,33,562,2126,1639,10634,11246,4173,127273,7649,10217,205,162,398,1374,9657,8440,7364,171,18839,16396,8304,2530,4659,2691,4488,3853,373,297,9969,3261,167,1890,1806,14760,173,793,3,77,148,124,61,1059,5744,258,37397,203,97391,1043,649,3002,3753,8366,15365,8812,5598,2268,420,2449,639,2238,367,2018,6120,28792,76355,2710,668,28240,4057,702,863,744,558,585,2218,2693,1196,1637,98,28281,42,10065,177,4731,435,21342,519,1406,83,986,750,58,6519,4813,24309,1243,730,1797,285,446,1803,1685,6199,2166,618,1236,847,586,567,706,6512,906,770,5465,1599,14418,1700,7646,1459,3362,13449,8689,8525,893,36902,593,489,6727,4589,1063,496,8575,5639,1618,742,6492,10055,4931,1262,125,14934,5925,23,705,484,557,282,58775,1084,140,669,13178,12,93,6536,8360,1067,96,8148,679,8526,4114,15408,293,956,2868,12970,493,6631,651,229,87,1961,1323,335,690,11776,201,1825,747,19988,42316,132,1439,2033,1883,113,203,308,473,1359,9801,131,4745,41771,7497,1558,1571,165,4579,103787,25395,3425,225,406,82,1869,5587,3726,49520,430,927,834,2709,283,16478,779,152,1150,1987,15124,3456,11,11187,3362,103,119,1306,1137,6843,21454,4197,2254,12282,241,4116,3639,9869,105,8691,3041,4966,78,50070,1246,300,56459,2692,4070,66,555,19331,8630,3870,681,82,127,140,10586,138,392,2079,7932,209,3659,53161,627,716,1383,116,5509,7748,2503,9300,535,2286,216,19785,6577,278,2692,1665,279,2235,83932,1155,4165,2536,192,15428,8159,19227,25,1681,649,1678,5413,2386,1573,542,750,1604,564,630,10575,382,632,148,142,1420,432,16375,3086,5206,3419,621,3963,21195,2792,1036,13217,695,4021,3079,1525,1033,3064,4998,7360,10424,731,2024,1589,695,1897,5839,1301,26240,1013,97,538,19696,5130,1672,23013,3063,16603,1630,1170,118,15377,12056,1215,185,637,3384,7687,614,2141,15540,16140,582,1984,2266,9269,38326,306,135,3120,2329,9020,436,2015,572,699,719,10215,6927,1531,4706,4634,10692,222,4934,500,321,17234,791,596,2229,5012,64,4050,1157,2313,6613,2349,654,8266,4229,12924,610,8680,1053,1635,463,1604,68,2329,6026,566,2603,1753,2540,33121,12013,3738,111,172,830,9862,11583,554,557,363,362,69,31928,11765,548,9196,3529,2772,12991,516,1017,462,22967,2541,415,22,3460,1355,26626,208,1176,17405,300,6431,81035,1974,9206,4579,73,8275,973,3171,172,1447,1134,463,13672,437,490,430,2945,402,30267,1030,1156,1822,3631,545,364,188,517,146,3137,1126,2412,528,9319,2085,2544,791,29567,117,321,271,26786,4261,1484,1139,3146,92,1089,53,34143,324,9084,557,231,3780,79544,4827,986,1549,241,6575,8,808,327,1863,701,7301,2363,8879,15653,1735,1349,717,13763,43230,33,600,97,1134,2044,720,472,50,2003,580,15355,2146,976,10665,970,1164,2709,16,1586,853,3063,51367,48,1107,38873,342,400,2843,347,8601,1402,88,1019,10765,1053,394,23506,57,4249,37972,3744,2308,44,5569,8010,3282,9005,4873,18166,439,497,330,5122,10463,360,14890,1604,1131,4350,451,275,3503,5410,5684,293,2442,8751,658,1966,352,1935,375,3936,283,265,394,13691,4543,4750,324,675,3854,931,2599,788,5412,2457,917,767,501,1980,856,91,14556,322,850,3704,613,473,98,1115,3860,8657,3578,3566,410,15,4873,70152,1341,4749,792,32,586,34141,2213,25,134,177,4352,1226,12333,7533,35721,1207,1291,6730,363,1464,561,219,87,515,2167,1221,550,3012,47,885,10,1574,12,16205,6349,12340,3196,155,2872,76,2787,9814,3206,1447,6824,2770,1836,604,554,1204,9671,1241,1891,318,3978,538,6412,26871,280,1026,938,859,21457,3002,1322,265,5649,9645,464,90,47,47271,28465,3870,5821,10,2953,5527,725,160,45510,8742,3436,33,445,134,20113,84,2247,3109,317,3884,2977,10687,52,1216,618,44,1885,650,468,1710,92,102,1688,852,858,13517,768,482,1177,2646,14619,766,426,4593,315,2704,485,2175,54,724,719,14300,1351,1548,114,561,1263,17000,3330,1046,9451,3428,525,3436,323,337,18350,2834,2564,354,8647,6254,2365,23192,530,1861,132,2895,925,6558,2690,1999,974,9143,1046,631,312,1044,14506,505,3038,155,9395,5535,4107,1302,1227,6958,1124,2550,18879,433,614,1358,787,6057,1419,2187,12761,5403,42640,2421,773,64526,283,10722,929,687,22019,194,581,59141,6582,26348,22831,484,1711,14668,3440,24573,31171,170,319,1798,770,619,968,5801,23393,953,230,620,10216,26519,162,49,1461,2340,4907,112027,2804,80,4905,1032,13317,8773,16,13080,9395,206,8687,1177,7048,3075,6303,2897,25144,3313,9898,1144,5620,735,2538,13091,992,4178,98,43368,4534,560,1947,3756,1408,17768,14908,15953,3866,29215,255,1386,33937,128,393,283,483,2990,5014,6856,710,151,1329,835,35247,533,1621,2427,313,802,985,52622,543,26664,354,110,2095,15835,2349,58443,4310,8831,7432,2543,5939,18,464,70134,5800,918,1042,260,2509,10518,2088,325,78,1675,6795,1042,307,20380,5436,949,1272,10026,40,3211,717,42,19974,219,143,13348,198,204,17,2080,18072,6947,5942,8015,3767,19647,757,1584,12820,20637,2013,473,2564,7680,281,218,325,5395,6902,528,4922,1565,11784,2096,15981,860,1430,6115,448,70,161,2328,2850,2279,845,1093,725,22823,1250,1814,215,133,433,1595,38702,2469,361,2164,973,3507,205,3345,843,940,46305,3091,241,163,19805,2105,12050,2213,304,1847,3892,6257,10542,48485,5188,21944,7259,236,935,2834,4115,3408,8200,1447,712,24,342,281,5180,9222,1242,1755,1852,6890,4371,1340,1040,33281,15835,156,516,2306,2274,216,901,9083,2158,18026,245,76,5759,146,535,20496,11296,34380,3282,22497,34807,8337,1036,5716,111,315,958,1154,1601,476,35,3187,3856,3782,1324,29004,14351,7638,2202,1789,4847,393,2530,2774,74,4273,922,164,34925,577,163,849,3060,5185,23747,1571,885,2809,472,560,2555,1543,2300,6859,3091,19509,7798,1000,106,4477,2960,8743,4838,27110,17044,6093,483,111,7765,36380,27936,3992,10442,17748,548,1063,21851,83,1402,211,298,2411,49,3232,10728,1759,952,112,903,4344,404,7018,2496,576,907,56967,554,8381,4816,15927,1892,85,906,3393,2191,14666,18863,2898,5146,24732,299,2478,1688,75,2839,49,7344,76,15185,4051,3440,7788,7850,748,28406,3787,409,3659,405,847,64,84088,766,1003,258,321,48,2160,4041,17,624,621,483,175,1179,281,4743,318,50989,5490,4294,1421,988,6887,186,103946,20205,13181,19531,615,5833,866,56460,77307,1389,5419,21606,23533,4743,1968,9783,8100,4687,49,5104,123,5375,7422,406,1201,11465,2708,2317,5377,442,11286,194,1883,1405,63647,3474,12082,796,44591,2807,4809,814,4610,178,4805,2011,6291,405,1098,2493,495,109,1492,2769,61,164,1942,323,31171,6167,324,1299,1253,12338,382,1088,621,933,2354,231,7696,164,1209,675,9995,3125,37848,2159,10068,21422,177,491,8107,658,204,9269,7018,4433,11,6531,58464,1145,1482,3819,2477,12,16476,13409,151,516,336,63,1210,29261,3005,962,569,405,1448,1261,1795,8562,30729,1739,10546,192,349,2494,180,2395,6783,16,138,262,535,4837,1358,31296,4028,2101,1994,338,178,414,232,1146,148,1273,1405,11508,2345,1198,429,2597,2955,512,305,516,1224,107,505,9573,2813,13244,20772,2817,6379,4173,41,769,4710,16300,7639,357,8725,487,7766,996,414,1431,8394,123,385,803,5973,2733,23904,239,91,2192,1821,1457,703,5449,2729,863,1945,403,918,359,7659,1134,24618,140,233,4501,8621,333,3756,307,905,86,13283,14061,1018,338,888,52,328,2910,414,2253,1852,1473,548,129,49,1360,1529,10479,5504,1195,17515,1102,5453,15,20120,1158,1356,526,217,9025,1079,14,6572,301,3122,1267,3482,144,866,107,2247,2026,120,794,89,2421,1287,6527,1747,26,2667,5660,29217,1361,8082,1887,2525,193,4955,15,324,35,884,227,51,1024,2571,29642,1492,1350,31326,13237,11802,1844,7712,3845,292,964,413,44502,36,15118,213,965,6402,14980,3250,1469,16444,1617,8324,900,833,18651,114,1756,3576,134,10754,2253,3783,403,5312,10712,1811,1485,38468,7005,37280,4262,2213,6795,3660,3397,181,2206,563,3530,4627,32,819,836,7191,699,2297,388,957,1479,1251,15,8025,736,3392,5267,2624,187,19877,32332,514,105,12071,281,610,31930,503,10109,8267,22622,298,2304,6563,3510,515,27959,490,944,90,53,161,1232,3744,16703,159,1276,1836,7142,12814,73,677,1878,79238,671,16025,5700,16088,13749,1572,4314,7454,31945,89420,258,2520,984,116,1809,529,122,622,485,86,5316,207,278,9999,3403,1963,349,1186,500,320,6959,338,1695,2038,6442,7086,2258,6,9577,7928,321,18370,316,475,25,186,1671,894,575,4883,34,2015,4430,776,4755,9943,296,486,956,201,1532,4020,1139,1119,2988,2194,1771,562,607,5309,991,2721,4423,3182,2650,3606,5707,2761,1142,1870,85,6126,1988,40831,1796,1425,1372,7416,189,3127,4550,3239,47,6624,2133,1022,60174,2545,14426,4518,23647,6282,15655,3742,342,2621,2994,1322,4959,1474,17428,1198,117,1619,15158,4926,82505,3492,790,3426,808,2032,786,443,467,361,11252,238,208,1098,944,22552,62,6333,2745,1387,6554,94227,611,36,623,23945,3730,1176,1739,8501,4184,1055,14971,15854,3727,3445,5480,14658,4622,1170,31063,125,3194,4744,2050,7738,12089,1975,747,15652,911,1048,334,26461,309,1316,778,1246,875,660,1544,35442,2157,4276,5275,21136,3373,1601,1925,4399,2234,15857,1230,542,790,31128,917,116,682,6490,23472,404,679,7810,309,3045,4918,2829,634,12330,474,7466,273,1794,8570,48783,91,2003,817,237,9861,2280,458,2452,317,5436,294,446,7481,224,17690,136,2010,2864,868,1246,1271,22555,692,575,326,335,6706,1414,7026,5649,7482,1549,2373,142,1530,5002,6372,230,862,1056,574,2657,211,481,3269,7948,152,2298,255,458,942,1643,103,3346,101,283,477,6842,383,1607,576,243,46,335,1589,282,5422,2581,308,884,1684,381,35387,88,2460,10309,3048,150,9448,21770,5116,21276,111,78,888,14041,1960,1188,1009,143,9656,15,302,18360,436,1296,8110,3805,38329,846,33937,717,638,1656,1486,445,125,428,1366,11164,62,1433,78911,1858,5996,9888,10549,23,21848,172,1537,3856,9010,1399,88,2062,857,2280,1122,900,3400,656,14597,1981,294,1221,301,22216,5442,15664,1342,2196,975,5500,8792,18647,1878,418,1449,187,999,31977,10338,1885,1451,3010,2496,1210,1851,45692,2146,424,630,42,3673,635,54,7436,82,4003,8697,84766,44,78,1337,2609,353,259,4351,8560,7690,2641,150,2430,203,672,9202,2735,995,4071,5175,177,8936,1371,6790,5133,12144,70,30,338,471,1640,2059,117,13816,1104,647,552,856,44168,2497,6438,2391,1678,27,387,861,216,7178,10224,6470,685,970,7473,2047,72,291,21,411,111,1591,63,4365,17522,1204,347,3283,24196,31290,15,4667,12617,11336,2306,356,8037,6550,501,995,2572,3070,7238,5030,662,1861,1083,1245,1812,18384,1223,511,2312,952,5563,26711,1051,11906,8878,280,395,1868,5109,1898,10826,2377,4666,5727,4922,1552,4112,1909,14829,61,1012,7527,1538,862,2883,188,268,4071,6325,10808,60,45051,10157,10502,3375,5015,6046,4118,265,5466,531,216,1731,35,3293,3020,1718,630,1922,1307,625,392,974,4041,114,4313,288,52,152,539,1430,44276,219,9566,37644,3385,8443,504,14,179,1760,746,1109,17041,9572,16709,581,380,2229,18684,3381,774,241,5692,672,206,1500,323,12048,174,833,414,8702,264,8690,11578,2381,37865,2381,39,5136,3197,1634,898,464,5834,969,19591,8346,56,59140,1395,13598,472,80,100,2971,4879,770,12577,6300,32167,11579,38,6831,9830,3641,10121,10132,1226,9280,19919,1101,50,3542,1815,8185,1163,2924,7956,71858,1990,3785,1183,1049,30038,117,37667,549,150,363,1255,391,445,10498,208,29385,14470,4594,892,1243,2369,16637,398,148,2287,735,4526,20407,1014,11275,2227,762,349,6775,377,5926,4343,28142,12207,733,2842,11682,6727,9032,420,2076,1526,17333,5227,18258,185,34393,2747,445,7719,6999,2019,2323,265,1125,15046,4792,2411,1368,5432,6468,79814,12846,1470,1179,4519,2920,3946,470,5650,10222,123,978,694,4432,598,253,7664,2042,979,1586,798,1574,1007,5730,2134,3850,2667,3338,2883,85870,7459,329,1890,13116,1858,15193,2544,23408,23461,12142,1981,44103,5008,1343,413,108,2390,636,1186,13044,26,74565,6825,7985,1414,2065,5946,9289,3078,3320,1251,109,3210,7825,2187,95,46,7217,784,2910,2270,10187,3968,3374,516,22797,154,377,8452,4014,2744,5760,370,1568,1280,225,3236,3028,4509,856,13553,880,3473,89,5803,2619,2918,60376,5818,3485,176,1605,104,2371,1266,4048,483,1337,112,804,5465,3655,6690,2552,575,11749,1264,1022,8614,44,704,87,595,861,1720,3808,6867,17978,311,1010,107,471,1333,1303,1281,7536,116,260,1801,1709,4800,1253,5011,497,8053,13424,29,5184,643,10253,294,768,5024,1785,1212,769,87,2207,8853,15949,1727,4541,1215,1508,4679,22936,3293,182,203,13007,818,861,390,4360,500,2736,671,338,1011,12948,2566,10396,2537,992,154,31,1622,5518,12125,1684,4540,917,1394,5893,2983,17873,197,2310,3847,6949,2319,6987,116,10797,7452,932,14419,17598,1513,637,1193,352,1707,302,1136,227,7525,365,344,427,6014,2047,11780,26649,1638,2208,254,2207,833,232,912,1692,933,1606,2868,3692,151,410,116,1171,7454,24963,570,1557,936,7020,1096,376,2009,4314,8569,1791,5490,1247,853,3451,40494,836,1042,2424,381,119,457,1342,569,1106,2262,483,46378,1330,11174,4509,6561,376,2304,318,5522,721,18510,298,405,2792,9557,1277,2467,532,230,154,34,49,9567,1557,590,875,40,14994,39325,923,3061,78179,6586,22,167,2338,2878,17737,143,6125,314,6242,390,113,532,160,7957,3589,3012,361,382,900,6415,502,3325,3737,3429,369,939,46,3372,9678,1535,1916,5161,712,102,6537,3,341,1340,21,827,4306,188,223,44052,39809,8606,4656,424,16917,2527,33935,4374,6150,284,998,783,18596,797,206,16,5031,252,2050,3486,1261,98,351,4076,37327,9571,15622,1945,459,7582,1496,19124,163,2341,2912,1671,4848,4945,565,3099,5828,2074,367,5468,1212,4330,269,46694,1584,1301,2695,21660,889,15530,2241,3837,4122,232,2151,95,263,9438,164,85,5483,51,224,5059,1531,4131,3256,2361,1613,245,450,3575,3056,7378,7650,2390,668,26,43582,3213,18016,662,3057,9624,906,8328,1323,99,673,2525,4027,1640,274,351,2621,3041,1302,881,2197,8985,4718,3110,273,20267,48335,530,2671,345,2659,2416,1528,665,136,1163,1171,61,16720,549,2001,28328,31,1722,171,1951,1096,90,7563,205,5086,1769,1468,170,45309,4915,37075,5501,1913,13067,987,2619,7608,10784,618,5414,1323,1564,1167,12010,3933,5374,24757,750,130,1109,24870,1344,7221,3896,465,1106,6335,416,90,694,398,4357,31486,13461,33482,2668,2016,2331,2422,691,982,442,12429,264,56046,3964,926,5252,1889,11740,3687,10833,63,200,2044,21112,2761,555,978,771,811,33,1941,2056,3251,1304,1910,750,96396,5404,146,5485,1972,3360,122,293,302,1,658,24610,190,36493,124,22211,1994,75,42156,8989,6157,834,3071,3168,224,761,926,3081,1691,2284,4508,1180,1615,102,544,12130,852,25,2849,4062,41457,15564,360,3932,11779,995,9497,137,4605,9086,6632,734,744,352,3977,1570,249,1019,331,2930,132,8720,24664,555,2696,29659,30160,290,61,24806,8876,1426,12694,6708,219,36165,56,1343,164,93,825,627,12100,668,30262,48674,567,16613,9454,4936,8269,1250,249,269,784,794,17896,1238,231,389,1470,3825,3122,66,4398,2742,8347,677,273,67086,483,395,389,3397,1204,51,2323,18154,7423,1378,3902,32,5148,5347,14,1246,715,148,1745,3753,27485,456,4798,3433,4387,394,4798,4592,2145,2239,60,10263,17907,1000,39532,121,834,39534,1669,3583,24937,2986,6397,1129,7114,1373,2733,439,1043,138854,13759,295,164,5838,161,2252,621,1699,1185,954,1206,90,36694,1200,16296,5506,19054,502,2762,398,1571,7693,718,1348,1105,1001,9729,2014,793,3760,18669,1195,294,38,9909,22086,2054,1723,739,2315,760,8789,4012,6462,4554,324,6165,9710,4387,4246,40690,160,583,5458,3952,934,3283,2146,2582,619,15457,83,730,5955,589,3340,57,9849,4985,5693,14677,3322,759,10579,6725,21233,4219,18811,8569,933,23946,46501,454,501,8729,81233,6685,770,8962,16,14680,355,416,6718,12604,2620,2644,1717,6650,877,371,5926,256,813,6012,15261,7695,3905,1790,1289,2575,4222,1123,2826,8283,1179,23975,940,3114,1332,2816,146,240,2960,1751,619,10757,78,21611,6690,945,51,120,3151,194,137,8012,3407,75,3520,9642,1264,2372,43215,6158,354,3574,2930,408,632,1568,606,11056,141,3188,974,172,1934,617,771,3524,10146,1509,7341,16350,191,2381,67286,681,2348,457,1297,789,9686,3612,8654,988,16179,829,331,244,346,560,266,5336,7552,5331,10387,6137,2178,4653,61742,125,227,25,3516,8980,1568,434,6078,3304,449,3621,979,4278,14182,317,9942,4979,529,6302,24810,26743,7522,4259,777,3166,68,61,13789,490,213,38,3069,1955,3116,147,911,970,4308,228,2159,6249,1895,44899,2111,54,458,1113,1317,1052,12659,5800,1529,5503,2383,3974,26530,156,641,1624,1976,64527,569,573,3235,2788,3321,1351,2160,10823,1578,3760,1428,25597,18149,3878,36905,164,103,12872,822,40557,1674,5176,1877,942,57779,17490,1585,151,18702,429,14691,349,40928,4902,1967,959,849,1977,753,320,7830,14714,1606,898,602,3017,2423,1199,43,1118,3877,19273,30,268,76,340,7196,280,5598,10345,25610,755,1060,968,27,265,2148,15236,44615,403,97824,4574,491,434,48259,2513,5,1213,130,188,813,11591,8906,1661,613,3856,2166,3285,7275,1914,1171,372,1984,439,58417,149,6976,232,2449,3356,421,1025,33635,2456,3563,2400,347,4071,447,211,3540,258,6460,2867,599,56030,695,2782,1784,442,939,1884,155,10060,15544,12371,42723,142,94,1550,8343,771,1658,326,2406,440,1176,164,3727,7335,161,1010,772,106,10768,15066,523,1430,10854,194,1020,1041,572,55373,9871,25423,270,130,38218,5937,1102,6376,11817,1529,47700,13408,13033,1429,201,1872,4132,0,8634,289,1216,13425,41365,1561,8830,250,2456,2084,5142,2020,106,333,25685,23551,312,741,198,233,20358,8072,412,152,52,204,9039,2907,14923,4397,17310,68,219,6,2332,2293,52444,16626,4455,3181,7923,433,162,958,106,124,856,456,9997,2032,119,671,11639,3644,11912,2600,2839,15259,485,17455,2719,1619,563,46,7087,261,23064,362,199,5240,562,1886,7338,25262,428,4014,335,374,1624,2135,1188,6457,1664,2335,302,4181,389,6522,36745,6259,2774,307,964,17598,10465,129,1274,2126,27736,11263,2580,234,1052,467,1122,1117,15640,2952,104,5384,78,1857,789,332,612,6703,83,46300,1221,5427,1353,130,7827,559,356,62021,287,178,346,841,462,1668,58838,1554,3098,55588,297,2981,183,6479,289,501,59,25531,164,4681,93,967,6630,1131,400,839,8670,498,3970,328,41402,9306,116,3460,364,5702,3540,902,1975,22,450,51521,147,1680,43923,1,634,2221,2650,1791,450,3136,3204,309,7573,4200,6720,346,2479,1044,7605,6786,29292,4275,3652,4385,424,29,3170,311,7546,38625,6141,3626,8306,343,49117,13229,1566,1692,1762,849,84,173,798,3778,1358,3492,9810,833,590,14740,2258,1595,118,125,52,1086,484,1060,332,24431,11835,36,79359,593,5173,488,456,2167,6742,641,28886,2227,1812,733,7410,1441,73711,13015,1865,18522,5723,306,25247,112566,1347,53,3295,27,8751,223,8941,527,95,1452,402,7639,4226,21,74670,94,12025,4245,7233,16972,1017,2977,2670,2899,429,8970,2209,171,927,1011,4027,1217,16416,3722,2777,11044,2648,4852,146,21649,2814,2688,801,21163,765,138,36332,28339,731,702,19937,4249,2013,3168,3542,1771,4812,6769,4989,934,2438,3085,574,7175,329,7925,902,948,7125,5963,31058,11913,215,8757,12661,27818,3182,420,1789,5113,735,22365,1210,16442,4758,134,22659,4926,1162,17875,3514,6834,958,713,166,15348,3945,4742,852,2671,273,2644,10618,10183,17960,3854,307,2790,294,85,180,15509,183,664,2520,1322,3036,1509,1069,4280,756,319,1513,5201,3908,3644,13959,962,2313,98061,339,4680,4243,22,2279,1439,22117,1161,801,3333,251,2362,915,118,4335,441,48,932,350,23758,25171,2543,1919,833,3012,225,613,8139,5810,12965,7139,1729,14838,8230,658,272,19,2666,741,1915,271,510,538,10070,487,481,4020,3390,966,3399,5536,674,14825,666,157,1652,194,636,10,6687,1288,1198,1581,7315,166,7111,25,4012,553,392,62524,405,58,641,8646,271,2157,344,1334,118,2242,225,56,42038,3764,2213,202,391,3623,1585,7429,2741,17999,4939,385,1203,146,15780,1190,2718,13337,1904,1764,262,1476,9695,169,1897,16,1167,286,766,16469,16625,431,21792,3631,71415,5501,57,11871,1676,1717,120,160,3642,3235,4154,13639,527,11495,584,17148,3586,8993,3477,23042,19432,1233,29525,858,30,33027,316,72043,1581,3377,7254,6673,710,1230,2140,620,694,810,5442,4088,5809,33549,3197,774,346,542,72,1141,1244,0,276,1925,5574,374,9107,1179,14,23966,78,4003,1224,5791,289,3075,185,4093,2682,3296,469,248,56518,554,1084,62,286,5015,2638,1078,426,1526,2159,7641,61707,131,1622,1521,1283,9752,1360,1509,19156,1018,2214,8324,940,293,76,3672,11997,489,1849,101,18840,2247,1146,802,203,7663,2165,16132,480,69,78,18335,6955,77,19825,369,7719,1335,158289,722,1296,863,3108,24230,7280,1388,62240,15317,121,6302,74,10515,700,1507,53,40,1466,5444,44290,3656,15684,2051,4428,4509,1172,77,1060,12475,32,1712,330,394,22310,5803,17167,10694,788,2099,4572,729,3445,7937,909,12140,7058,2277,27101,321,1158,974,2362,1568,869,15238,22,352,1368,233,1971,229,171,3153,1881,951,1991,43027,5070,17967,279,1321,67030,4068,19289,453,2041,117,5072,862,733,19831,567,202,7774,950,110,454,14461,140,174,1820,6125,13932,4968,211,409,1415,5890,437,580,9970,34,308,1415,13626,190,971,428,272,840,1686,5067,22,1334,3982,3439,1916,767,11002,1948,146,925,146,5392,236,4285,17,2856,1332,27312,6,27652,9,34619,708,4383,5077,4625,5800,7220,2911,79,3228,341,2935,949,3275,20294,984,468,19256,7614,203,650,3024,2828,1064,2871,5930,437,415,1393,907,1944,820,5341,204,1909,572,5747,33623,3007,2924,232,3760,3901,6850,755,4131,153,2,4555,35577,1638,13438,3564,7957,1016,644,491,1128,10705,658,3,777,3944,1171,236,7115,1646,3812,141,3394,4361,955,9062,447,3959,82,3123,1352,5702,53,1815,702,227,528,346,11608,1863,3748,60,2986,10938,120859,475,7517,275,234,13492,89,36857,2442,7858,9627,5888,856,15057,1140,201,319,286,6621,16919,3107,1293,3338,3777,336,35,2248,167,8527,148,9902,710,1101,5094,972,38407,665,1108,5615,1475,7566,4091,405,22146,35,118,1996,4727,21850,19819,3840,40870,1023,1179,59705,10623,25984,7063,3423,3458,1553,251,16813,603,2065,401,436,226,3860,2755,957,10314,39394,2513,92004,2449,553,919,1604,1010,21008,4829,8673,5793,2706,17688,339,1788,31588,482,330,2195,86,156,578,3005,57,1717,5257,5981,2470,2899,362,4397,659,181,715,227,4580,4053,7567,12845,29,141,1147,76,6357,128,131,596,235,14537,3661,5420,766,174,83,2450,884,724,4090,1972,163,322,726,4155,2522,51,2449,5975,221,950,7174,1417,4804,576,5209,6638,159,135,3672,7395,611,3276,258,3586,5118,6750,263,2931,1918,23439,354,7585,5070,2247,183,58,352,590,272,1753,298,1047,3623,17490,10803,1307,1638,103293,434,15338,11547,1850,1007,6100,4172,910,515,970,4370,85,766,91,226,1262,1876,2332,729,180,105,793,1125,1530,3007,5463,887,5733,602,2042,730,1458,16,1609,3425,4009,950,17033,8167,1,7315,933,20683,1527,270,9,3234,19725,5761,214,4067,27852,1352,15313,1868,26872,256,176,5814,9061,61282,512,28659,2278,479,3022,16,7218,21265,27187,1671,9903,426,1315,7514,3808,227,1769,1623,277,6218,677,1497,7441,45751,14991,685,3575,2190,74,7691,14,6713,1664,2566,1725,273,1530,34453,382,2195,1424,2191,3555,16473,109,3508,2011,7945,151,1868,7010,1564,43,15515,815,7690,64,2619,3522,1284,549,540,1514,1271,1665,41710,4973,25847,954,1221,460,724,7168,865,1001,10003,803,42,1922,2743,528,6372,573,253,594,4900,118033,258,141,89,311,2120,274,24467,4087,272,8097,10792,4360,8070,1054,7049,12161,8905,8060,18278,37867,365,506,37305,1000,1305,5719,6416,3609,26248,51,19723,81,1408,34087,5471,6753,815,5022,6759,9286,2327,2380,225,519,8994,160,25,7296,12088,3736,3375,10721,3344,1312,16978,7624,629,2611,17115,10828,679,19,505,21291,2559,2378,23,10345,8302,5469,3028,6691,1824,9059,9993,1570,1886,1119,2677,488,16721,200,17026,1273,1311,1862,45,63151,2228,2663,1671,4713,4282,53,3938,745,883,2807,2735,6634,14564,94,84,46,40,5064,2034,1932,946,2568,2663,7865,46,5923,59,11680,1034,173,1626,8616,12242,4834,8830,600,1044,5578,4803,960,9429,8706,1133,51805,1829,3210,7368,1832,3333,17102,6873,4505,193,16332,14897,3320,84,25262,99563,2653,887,133,15618,5576,3432,361,5930,2197,1775,845,8684,3708,8171,696,2937,1186,609,322,3434,1129,5799,51,8485,1522,7729,346,438,265,2888,21,9535,9538,10230,6508,11301,10142,27572,1840,3044,486,727,1117,22322,3418,411,1011,1112,11914,936,970,10038,358,7041,1849,58795,178,4445,45847,443,1241,209,72818,76,75,19,119,4831,789,3338,4262,178,72,5075,44,3759,21884,11477,11897,2459,1329,430,9320,708,3106,56,207,9869,1425,4348,170,589,1080,5642,90,2223,8042,1024,15555,683,563,559,10846,81,7902,4244,3633,51003,225,22608,985,18059,976,16878,2544,4532,9058,4826,38442,75,742,290,11834,2253,1351,162,1055,7778,3595,359,62,8815,11661,9020,3825,7054,4906,9213,3532,503,10284,421,2993,2387,17280,1977,2080,310,5484,12920,11077,1560,272,295,24459,47,5471,24956,940,4712,536,521,15512,7002,372,630,1541,1760,5425,613,11374,1488,773,3470,22,93,1386,192,3971,1985,2907,1831,201,2829,9142,2721,11548,1692,2885,3319,6770,2937,267,2794,700,1696,48020,1468,2379,200,184,42898,981,680,5212,6608,8386,152,11316,596,7157,5169,7533,3453,1064,2224,857,8204,0,2938,102,182,108,5396,190,5032,44,26589,3029,1526,14087,51,408,2439,190,160,22,168,244,716,1199,46046,55,8276,38,4117,1984,274,411,1065,2082,3401,348,18519,1226,3036,18213,9448,15483,8364,35309,1972,5727,29,2452,1859,300,112510,88,655,287,1308,16348,819,235,11640,4825,10011,200,960,649,72,14308,112,5605,340,6510,114,189,2625,1794,2430,1323,3637,1496,161,8224,6956,1104,5208,2118,86,1534,1430,8283,36996,279,592,1966,2221,123,1814,3698,1560,301,1936,3438,1853,1685,34118,3102,27079,1108,10623,11409,3755,165,135,6605,19655,2098,256,1337,4872,14026,157,36774,1733,15688,1488,1411,189,196,2346,669,16527,2383,6199,1341,480,896,651,4466,11633,12683,1540,1869,4557,3040,30192,18678,87,152,11765,423,4641,9349,3500,12551,17103,492,7564,4402,437,12630,1643,1768,115,4576,16399,1843,11813,32407,441,313,252,912,33984,3087,703,60,225,163,30002,26073,2397,1261,31572,7420,897,397,908,1072,5606,42,1709,1399,1177,10023,350,6144,86,55,472,999,1384,5337,1304,1131,473,8171,36653,255,554,4740,227,982,1095,7665,13077,1111,6313,3695,1789,35712,409,3223,808,6078,99,207,912,7778,10530,6403,1150,256,158,3019,5555,7832,722,15784,3292,310,588,935,3244,1096,8733,1608,7858,28179,8905,36504,784,6054,895,9603,21354,2681,71,4169,1870,2199,1398,27231,2914,1446,447,337,8254,386,12487,1046,1519,910,6519,5010,804,7715,40569,2244,3763,9866,5365,633,1001,5357,15395,115,4742,22090,169,1655,459,393,6229,825,408,3214,166,19254,1258,25,68,58725,1807,2399,605,14111,430,2027,4803,1323,46679,204,14,213,140,12029,5998,836,5691,4365,619,807,4156,289,2377,131,5082,77,12306,135,6031,3004,836,15317,3179,5687,3668,424,13962,15047,15085,1640,57,4816,359,419,56909,498,9277,455,11362,3909,1917,1989,3962,27330,1578,559,225,524,102566,3585,2459,889,1749,7310,7645,1320,954,490,2563,1773,4104,2104,3161,13816,838,70638,47,4351,10142,1830,219,1205,1035,2649,2151,11844,1780,660,1884,2912,7436,15211,244,10363,1397,559,3026,573,1215,161,631,2614,152,9051,3033,866,559,614,1079,1065,655,2535,323,2096,775,5081,4522,768,1697,2789,1024,1425,455,278,1392,1273,22112,1312,866,23496,4183,596,1034,5837,2925,656,16568,88,6189,14012,1416,5333,872,7947,3062,3684,6731,18620,3184,8032,789,918,2471,15951,81,3290,1286,775,238,2008,621,37356,1060,9645,5886,2127,1029,68824,268,1843,6865,1303,4104,7381,270,437,108,29442,26994,239,23268,19456,8106,1345,11,1974,165,2445,481,796,1479,1198,301,569,677,95,1077,6126,1407,20689,11,1623,1299,1699,5781,29255,1296,192,1154,22615,629,30327,1128,173,375,2875,1272,423,287,114245,1797,973,975,10888,11957,101,24826,13283,219,4660,13549,27338,1258,390,1058,242,644,27190,1019,8721,2259,15613,232,2308,15650,1943,3009,523,1017,16851,2929,961,520,685,1103,13628,60352,1125,765,51,7325,663,4447,1773,255,524,1658,4316,1451,215,10914,9782,1562,1422,8331,158,2429,10689,361,128,7414,4400,35344,308,523,16046,302,207,3414,97,6897,4959,6,497,83,1306,652,10777,674,502,47,885,4131,3137,4058,29574,908,577,3408,52,411,8787,429,934,3999,4773,477,7795,55948,35229,462,11007,79,1319,64,536,2380,525,13463,545,5057,254,3953,41700,6775,328,20872,592,305,770,3749,1204,3900,1147,12769,397,341,3270,2590,1539,101,169,3996,222,949,16274,3726,5516,1814,906,11949,688,669,2615,379,8026,3255,2829,1874,124,450,2157,1902,4698,4446,13773,486,3190,17664,11309,311,7893,192,438,499,1956,859,15342,375,539,4449,9014,6145,4787,42106,7877,951,10364,2816,1925,23968,2004,1876,165,1355,55,5968,18,2222,7720,1208,3074,8102,2409,36351,274,807,334,20987,4892,6921,639,6855,351,123,953,670,20496,52451,6751,2675,6910,2913,3421,1481,8048,2535,2538,634,510,18087,1636,6283,14403,6488,801,17,2094,186,12289,5411,1063,1828,2522,3184,1878,784,3711,26398,294,131,4783,4784,7426,1215,5264,3112,324,7562,194,99,480,10236,315,10899,12011,43,380,118,1413,2947,722,566,1468,127,160,256,2693,5638,1221,675,18201,2986,3675,5774,1395,60,13520,3864,3564,225,59,2454,5958,177,6299,1602,5800,25780,18601,192,6765,5664,10633,2509,346,9430,514,6704,25,2537,22860,1549,7022,492,4752,3568,166,803,761,59336,226,4160,516,771,88,377,18794,769,167,241,16189,1163,820,409,3031,2249,731,10390,950,701,2913,5807,2088,4051,4922,2475,6617,551,782,926,10287,18286,1461,4127,3802,7731,9369,538,537,1277,329,702,93,4607,117,6522,1983,57781,10966,11,13451,5728,264,13,7893,5798,4600,1436,9314,88,7218,369,589,3338,3097,4688,778,1547,927,6217,1854,5350,12440,653,15665,1508,1851,131,241,8566,2891,4215,2110,1591,1038,14402,570,60437,10395,316,35,11607,15017,13,40789,3647,1323,1257,449,11562,2189,2148,417,621,1438,595,735,1014,83,1732,1713,825,2,11996,935,2112,8085,1471,327,770,15181,98,729,8411,20,9700,403,7,7502,3289,274,18364,662,544,3736,1235,27997,295,175,479,232,4428,284,822,11889,972,91,20860,3863,9485,27488,429,11200,300,11668,50131,20545,5212,24676,2401,439,372,16507,10025,7234,1252,408,1375,628,1673,30581,132,157,1620,1908,10,12232,4537,7686,375,13237,4088,195,79102,1508,3833,4994,1382,6597,4720,42383,697,5737,1411,96809,2721,246,32,17,244,28234,911,2514,318,26036,3365,456,1911,817,4285,194,4807,1377,112,23,109,427,4827,8402,2164,140,562,2073,284,345,3366,3410,440,8900,6699,290,52037,39326,8820,9024,23685,6083,9638,206,186,282,729,8993,10175,1050,4401,6761,39060,372,105,9072,2234,10334,2,4493,4008,198,23659,1961,201,100,2213,290,14914,5957,291,232,59,518,3528,19840,1971,1863,129,10153,6178,4710,18005,362,1187,34257,404,222,8804,20526,3132,77,2552,79,1211,2492,536,411,433,1474,2119,2527,9999,695,1017,222,5090,7713,276,108,130,1486,4117,181,5130,2694,859,54,693,240,10573,133,1418,8356,2820,24053,35362,8511,15851,1124,3470,409,3219,4113,31250,271,11097,433,376,375,805,4045,834,24890,626,15046,4565,2595,829,78,4490,3609,21709,23658,256,1886,7592,6368,7494,10070,1276,275,22,12035,1423,953,1776,1341,3819,23,1702,238,1210,203,18960,217,120,393,144,4459,542,242,63,8727,54,7947,1560,13920,40297,1078,860,3097,6721,862,3308,1959,1738,1364,4270,2479,3220,14686,11499,18434,11249,24496,843,45,35379,2462,3882,10602,10376,437,4169,1492,4201,25,632,494,2135,24724,111,333,2213,12697,910,5196,5919,676,432,30,1051,23382,500,1821,1795,186,1855,641,1335,12602,8815,6882,2671,7699,247,155,772,3490,2809,91,935,21796,60,32,108,885,4897,597,64,1238,1673,5443,13067,171,15682,39,24,1056,1487,12906,14656,4188,33722,7659,3085,1357,104,3381,290,2998,975,182,307,361,24584,9749,308,72,12526,1339,2750,604,3064,48,5837,27578,4827,1991,4007,5524,110,3286,643,362,517,2015,3881,13891,849,2739,15809,8319,666,25,542,5478,2559,9,20296,135,6862,359,9619,263,668,1817,2809,19686,2043,2044,56040,16551,2838,1761,5576,868,16703,51,462,653,508,33,1742,80,9127,8411,3324,4828,303,10269,551,932,45,12857,1204,34662,2884,5019,138,1080,5050,846,265,53,4943,327,2817,17886,11386,1666,9757,13953,155,48433,9450,1393,904,7782,35,539,3720,5288,96,170,765,3362,30013,103,1116,2316,631,7511,5929,12725,136,7414,1699,1211,5844,2892,12268,20476,108,1137,1098,810,4423,10488,1312,652,743,26,1331,173,1503,7732,2272,7673,10521,5141,3471,247,904,11331,1907,3718,2165,7038,11763,784,74,796,388,647,2011,23825,4804,8221,6822,1495,37,26736,213,35618,3087,2908,125,2692,1835,4048,2474,87,9900,2457,41775,4232,4262,763,563,3489,3146,1511,2293,16272,4181,1767,19684,14,754,2289,666,13089,21612,6732,10134,453,4961,153,720,17221,1456,12476,653,1066,13419,37219,219,12688,6424,1133,1542,20521,896,2294,8513,2686,288,1216,4244,4467,1884,2993,5503,4885,15926,1644,24521,1231,5805,41517,19492,1542,1118,249,3180,2571,784,2815,41,954,373,128,4002,839,5252,1081,8796,6277,289,1959,3094,45,39196,24317,6057,2275,163,347,12045,10470,7093,2083,766,49613,895,840,2057,3306,308,2055,27183,1561,44911,997,46835,2245,2824,6969,34,2878,1389,19,1779,43,328,14639,269,12,18442,932,4083,687,2811,79,7763,1797,8413,494,4162,988,1473,12576,2521,1062,10053,8005,2092,28213,1751,1368,1854,1308,62,1935,11048,9874,127,4084,2155,2703,54763,360,15801,675,30250,4240,878,1829,773,0,491,7279,91,2041,18484,112,1210,3412,13220,207,43,27291,11573,1306,414,21000,38054,494,23377,260,2020,917,2092,277,13944,5847,1955,16147,28429,21378,4050,2087,2244,84,3009,15263,1513,3394,4475,297,17794,109909,30981,18552,54,3610,296,1579,6129,9955,1908,558,1934,821,350,1732,879,44,4642,354,835,1185,1727,16960,22995,3759,1879,292,1210,1917,7566,844,11083,30480,358,3884,8945,444,9726,227,54203,312,14411,627,2768,5547,93,755,26891,64,3086,2315,1680,271,5326,19547,2943,9220,701,304,7504,60,4977,303,3494,10308,3768,15679,11662,11365,48,6701,2067,13905,7163,79236,41,2196,7137,2340,489,4657,3128,22830,101,9595,378,10723,823,18,70,848,2855,647,3154,4477,242,742,1090,19096,1673,5438,2450,787,300,11067,1690,200,12416,4012,24414,84,9672,1755,12566,908,3213,4219,3470,9,6399,2530,1485,472,9261,895,6799,12091,571,10364,601,884,555,4832,356,16855,12549,226,849,1146,30267,1305,923,750,50,851,9048,850,822,11980,1391,9127,2137,563,28788,2027,14427,17303,6435,18313,451,6001,582,3240,323,1277,1455,9514,254,1007,449,10668,5219,2714,551,4395,119,1500,3989,6482,986,236,799,26041,5417,6325,262,7639,266,7804,22238,6585,6439,691,997,756,37272,2838,7140,3837,2108,668,1526,317,3043,1145,355,2270,1022,8384,51227,34186,1577,2856,3586,1895,363,339,380,554,10,6493,1402,1567,399,2971,13903,1902,139,5690,38,20222,839,600,359,489,3061,84,388,4804,7309,898,352,6389,1064,516,378,268,2968,599,15575,2121,7143,1075,57,39445,1340,27294,20,1287,1029,1214,2890,4419,5883,589,2180,4811,809,7935,593,3616,3614,8053,280,15595,1854,2100,703,5369,699,1233,1336,20460,3533,358,48677,1866,15806,1445,2786,12043,490,1200,48,779,3226,2071,2134,16868,380,1244,484,2534,115,70,5727,4155,6849,759,7408,2869,67,8852,1160,68948,3096,3296,8356,56,123,2343,11276,10650,563,2358,7683,10188,477,1005,3706,697,833,3084,511,8747,427,159,42846,647,216,279,96,1636,28083,300,997,32,210,1184,10231,5550,13752,3917,18170,4346,13425,88,3141,1316,10870,11407,123,321,7461,90503,2567,1184,9540,492,226,861,19757,10482,961,887,815,4140,662,15628,96,2818,806,14251,343,1798,1256,450,2676,4267,3146,1436,7688,354,35,994,912,1930,3456,3319,14915,1684,13995,510,11023,1756,1953,2432,6116,6875,2525,854,1520,930,5660,6048,239,1398,5300,14659,44462,4621,2961,38461,5610,2537,430,8581,9586,6760,2225,958,19139,295,1110,2055,1185,618,26499,309,4545,2174,1533,5731,622,4119,1967,252,1408,4258,2963,280,5650,512,843,965,27979,10579,14563,385,4484,8667,61,1725,4020,408,1408,30216,4489,353,648,3756,84,13932,10528,4341,17590,4513,237,11035,30,685,17902,619,1183,48,517,21990,1817,32,234,13632,5675,468,2191,15231,2287,11415,127,2954,1596,4,344,364,123,1794,183,7312,17990,25919,1738,9208,794,435,1900,87,391,75,349,176,786,10448,6755,1170,8789,3440,708,6331,1067,24,19698,2130,76,2885,626,165,3616,482,4118,51107,7715,2675,1239,226,12043,5960,334,757,41,56301,5118,10228,375,352,413,2070,4800,74357,890,2431,905,2972,3519,3755,1048,9058,1830,3752,3893,2814,317,94,4599,12449,1313,657,9389,26140,15,238,11384,279,82,3239,42,125,8042,1389,2928,230,11210,4256,10621,6598,1925,252,39,13287,372,1031,15,522,54,6492,586,5998,5155,442,1466,1971,7182,1047,109669,408,4298,637,2706,872,2457,896,195,10197,8276,1110,1058,2108,849,223,12071,108,13632,22,32945,1267,26690,613,7347,2065,236,885,9688,6866,1765,7393,4713,1365,537,2266,2365,61551,867,12591,2970,625,10288,152,262,988,1153,327,323,611,536,914,79,557,22,2319,2114,499,279,279,253,32,111,5140,5655,30380,245,20,1201,726,3348,83,12209,14049,7006,110107,44441,271,21496,71466,5180,500,220,14864,6063,5767,674,852,14359,5024,1203,4790,1035,17468,197,18184,118,1559,521,170,1208,1342,5551,27136,102,176,597,680,762,412,6406,50,309,15770,2913,43146,489,1075,8641,39,9984,8883,988,1578,10397,3667,472,2779,210,1108,805,463,569,7891,5281,12622,1264,280,2055,1130,11190,3109,5267,9130,1156,7346,2323,19240,4871,2929,760,1298,55328,3116,1598,240,47670,264,24247,3225,37912,152,93,3503,17965,3277,2045,6571,2935,186,72377,800,7957,3986,1621,11989,149,7020,797,417,1153,2796,4435,59,797,687,33,752,530,486,615,12488,574,23298,1471,3905,25228,39,1566,9072,471,3862,5501,1275,1808,843,100,3463,190,1641,64,1980,5951,261,1313,24321,4771,2656,9581,240,1093,3099,375,1027,486,4242,3698,188,19153,324,15750,28066,53726,20730,3107,243,965,4883,15142,91,11473,4788,29747,7067,2938,375,1546,2688,2838,4983,72,561,2659,3766,19972,592,20416,1553,8520,12422,661,3513,202,4537,16,6410,4753,2386,2642,10701,1185,247,2,57144,28973,766,3494,2102,152,48559,127,6383,3968,14085,17590,8351,881,1292,5172,722,12254,274,2471,1883,10517,3124,1030,5003,2734,2418,545,109,595,18921,51213,7704,5135,4685,17542,156,515,7260,168,3365,7746,2406,256,10840,352,814,3275,11404,22468,5372,4480,143,1156,729,5164,1085,387,20263,939,193,3555,10337,4705,1605,2352,354,3784,124,2614,4609,839,441,994,773,4342,59,2037,564,52,492,42357,1763,5863,11,7319,51897,89,12,123,25178,14229,812,5293,1176,4961,1182,4100,3032,28119,17004,2103,14369,1884,322,19171,4791,3118,3179,583,1369,1003,723,2600,14918,196,515,789,50829,2736,216,198,1488,177,3799,1297,6546,992,836,2585,14757,11802,13128,4286,64,207,1429,1087,392,7648,1607,545,7615,4553,8548,686,49,16,8028,9276,4190,631,417,4145,10730,1079,486,14274,183,6341,77854,1327,14047,1640,806,52,25094,24235,2186,1290,875,205,6,20102,1780,1431,134,49,6765,1738,68,431,4526,4621,8033,18673,117,8,3139,76394,11945,1383,4462,456,3598,2334,44118,2803,1005,294,51208,1815,1533,501,11734,1024,5494,303,431,3058,618,416,19327,540,1066,1354,46,146,7038,1285,2767,3601,329,535,44464,38332,786,4698,153,42812,12043,4318,5371,16827,1714,203,1244,91,3021,49673,11144,42,432,6838,1706,15857,829,125,11598,101,3567,595,5466,1662,1383,2137,10945,654,3755,2694,23380,25155,5776,5455,1056,14586,10213,349,1626,8631,24814,5719,614,15721,731,34805,6010,6454,716,7475,2105,3060,568,12550,86,2697,166,889,4763,446,205,3932,31422,60040,30629,648,872,3358,10,419,424,20516,258,1177,297,827,8776,1695,2806,7740,5910,6922,539,1571,8144,10338,1518,16033,5630,3316,1633,13753,328,4196,3377,1839,221,1835,448,2812,6333,90,594,968,43984,5688,1434,3374,32945,1652,143,5611,13063,4229,55,13130,9133,3076,5176,12257,8715,23238,3815,4578,1030,995,5892,14330,5270,750,2126,909,2030,36,59206,821,2716,3228,2572,4488,3217,17979,2207,702,1438,22220,1055,519,42445,15645,3821,8565,4046,611,2291,5618,14,242,2409,997,860,1128,1711,13469,10679,15771,3524,213,1932,10942,9174,83,4965,1504,26,269,799,63018,44528,238,1771,658,1096,508,177,358,658,4699,5633,1696,2948,6138,4113,452,592,26,532,21049,18132,278,2275,5804,835,179,86,409,5016,621,4391,120,1541,5178,4780,7351,35638,2315,639,20,3895,2918,1409,199,8070,596,822,353,8799,36473,137,3585,528,26872,9304,1081,3092,1056,128,2373,45,10699,71216,1599,10153,753,6082,2026,692,7401,2081,2834,880,3765,2271,3753,3065,4320,2120,6413,132,7955,12791,1087,23,1268,12019,4456,1035,16664,4110,5344,1969,544,31528,16287,23931,558,1231,603,2183,321,18733,567,4734,284,237,0,25809,1259,2503,376,5148,3881,524,289,14695,680,14915,7491,3324,36800,2243,60,3863,514,3027,12292,13556,2299,486,6624,10695,10809,12998,907,11173,6074,868,49650,22,7118,2177,10369,520,6770,261,3501,6740,4270,5088,24647,6896,189,3021,2891,34770,262,9642,1913,1703,664,4233,1845,1248,666,9609,16989,137,56684,233,238,23078,28786,288,622,2393,45000,31,20600,31359,500,1066,9271,1990,363,3717,3186,1621,13393,275,1555,119,881,1644,465,4521,720,2223,6586,3399,1272,17215,13178,2920,369,9395,373,655,13226,227,2079,2537,29,7294,4341,418,5628,337,788,165,24139,804,6716,11988,15334,2616,973,660,5392,1289,24666,11578,4713,653,12182,31268,150,13223,138,76,1921,24978,766,15887,1650,813,6374,678,100,1925,499,1158,210,142,3975,1906,777,14202,784,2407,4602,6594,2640,865,277,30943,36325,147,4325,65,1770,13739,6344,3035,2468,1512,743,27708,196,2590,877,65,245,26954,4131,53244,1440,18494,2846,555,3344,4731,3259,26520,674,596,885,5949,4460,2726,3765,335,351,2170,245,1075,732,659,479,3797,613,985,77,2981,5091,882,27306,360,3046,210,20,2312,20255,2355,205,565,142,2844,20,533,820,13748,4,2332,21402,461,436,167,455,930,1235,4817,894,2629,187,11369,1697,14654,16624,473,1237,2058,247,332,6567,695,1500,5741,68,2945,13980,8917,1466,454,5126,51,36577,35,9301,7103,1127,4780,173,1182,35925,4273,505,3584,539,6338,4021,2161,7568,62,970,2870,5187,1016,894,703,4499,164,148,117,119,4284,2243,597,3605,764,79942,668,477,1357,502,73172,8680,978,951,122,42,725,2956,3002,3826,9283,913,6018,10469,1380,2899,15,131,6154,565,6649,1498,2690,2637,7250,1244,1570,6906,1661,1814,1176,221,70,14513,4347,351,1557,1423,578,8585,25436,868,412,47608,1308,290,1991,1847,594,6449,3681,8499,1689,2342,4698,423,26005,27,1452,3837,1348,5967,830,2099,819,3565,844,23823,1276,3769,48112,8865,3841,1973,409,16449,23835,3625,11147,10308,879,21,705,364,4857,22888,336,2897,3066,19,38,1933,2636,335,153,46421,320,861,7978,10252,2692,1034,2326,4081,357,11156,145,623,871,5470,11439,1681,865,6597,2013,1500,44101,2263,25295,19945,7874,1218,1942,4744,2,1194,1218,2018,42,605,2884,1439,3671,9634,965,930,1119,19704,1021,2480,970,337,6729,1021,4155,3696,192,1551,12909,1849,120,1403,12972,4060,33260,494,5305,25332,583,684,304,4312,336,960,230,968,1112,22,1891,12120,2808,4376,27965,26567,166,153,2921,4206,9766,21246,6809,176,443,66919,838,3292,11214,2431,1988,1353,195,48,6927,3769,81,57132,227,10690,981,707,3656,961,8706,13069,2484,523,2247,291,3277,934,6968,1196,735,1357,625,1477,2339,2589,6901,6284,43375,6311,4936,1062,4841,53771,1824,23,645,1482,7793,291,753,6772,21948,3438,1192,2797,1235,522,8150,226,1082,1377,3407,179,121,1693,6338,1260,692,8263,291,458,578,1717,208,1455,3672,1901,3770,51416,2540,1019,7971,986,14578,66,3073,9069,3303,192,1297,17828,1154,438,1605,43305,905,2237,1816,318,25272,24563,7394,28093,52,1919,7907,8487,16573,2503,8157,950,1890,13401,1823,580,244,1883,551,3323,1979,2833,2354,275,678,24,2227,193,838,624,478,1080,88,28,4884,3515,856,7848,14029,1515,7020,561,4495,1818,1475,1093,677,1993,1102,2633,3965,415,9135,658,912,35384,2254,7797,535,54748,3556,233,18,3363,312,805,2196,2128,588,7169,1638,8281,71,845,616,1668,91,52854,4519,2089,704,1697,7871,34392,2582,35167,261,3389,732,391,8556,400,2697,3954,2265,15864,4627,5375,17847,1025,374,634,25264,186,111,776,217,1444,199,4658,7861,1121,4899,650,8024,2455,136,631,12730,162,4072,1342,10903,23630,2268,99,3008,159,5080,35,25,1540,5097,5279,2361,1089,6456,973,15291,695,1141,108,4508,6134,5755,97989,69,6227,6188,2700,2916,3429,7536,930,4039,914,4296,2283,24577,35,1120,1358,2454,362,3315,16103,31677,3714,440,8249,1010,212,0,353,152,6130,714,576,11138,11737,230,4458,50,1224,1513,2244,12904,3196,595,2714,63,61,2348,196,222,441,1318,27,2464,3140,222,17,76,282,12689,46,838,352,4,451,1236,12883,30730,342,107,3538,23661,2884,32148,1608,22818,31,30719,926,110,768,347,10479,6777,970,20901,2539,567,59,107,196,2082,3403,1716,4661,2093,7510,17605,15734,56,8457,6653,38669,4220,1138,100,18743,11,771,7408,7275,629,1634,371,11124,110,637,7104,13723,28459,11158,21575,8327,3249,3766,5741,3022,812,2829,7899,2700,16212,111,27793,418,8819,602,125,2983,2619,44153,6929,5764,788,1400,16676,72,167,5545,12,76,656,13777,1686,347,14963,1727,2795,4294,4257,15792,2551,105887,766,3342,11834,1341,1186,589,4137,3247,5710,330,5975,387,2960,2402,3241,1228,2693,295,2882,1908,90,5754,322,815,5857,8836,7589,815,5822,28817,316,31125,618,551,999,5816,42711,275,5790,21872,15708,1259,1285,876,101977,54589,3520,18350,752,1259,125,8127,10926,1421,4026,3213,260,336,15461,5609,592,4823,804,5713,963,627,4885,3901,4202,2191,1592,21864,596,180,45610,2434,427,10593,412,1420,6572,7988,6635,1194,510,16437,330,2565,959,67,370,1038,4707,237,25186,16546,2971,33828,11090,2017,5013,4870,321,12282,4933,565,419,80,4822,556,546,7309,18906,691,35117,3128,1494,4419,6123,6843,5408,1669,230,282,431,6917,1261,1894,767,5404,1871,1790,38,3599,794,20285,4989,1344,5526,101,209,731,76998,22290,10018,5426,10675,5229,48587,450,46551,8943,6196,168,16616,635,8337,3866,16005,10619,20228,98,3038,434,5093,1119,11463,8259,14139,2227,5395,4753,17860,6490,449,682,3974,362,68388,573,2190,1745,2582,5604,20759,723,11971,1576,7131,2499,265,2383,59126,2423,198,807,34,15160,7034,4430,5011,3713,1300,5152,10943,1478,423,1553,800,8545,5400,35,4778,10559,786,87,5806,503,45736,7826,1222,963,1163,720,103,272,156,404,61319,367,12312,16,260,12064,304,69565,3289,522,18138,1368,17177,893,4422,1329,9971,1143,3,8333,1081,43,89171,6514,712,6641,451,4650,9380,441,9095,4952,787,487,2367,1139,312,1011,11032,8297,374,310,390,418,20784,755,1140,15647,7887,15154,960,390,43,87,232,700,4206,9483,367,509,39028,5210,61,3788,16165,3899,4029,607,231,17365,38,557,2450,4102,1884,204,15756,9054,9806,1001,5205,5627,2592,429,8242,1431,3766,308,2723,941,4228,2548,950,380,5073,5283,2704,3695,31166,5269,235,1534,2177,541,11404,43,1865,1171,1116,6456,3156,5624,30309,3657,3360,12304,427,4699,56,1638,9179,8186,57,5220,538,3201,183,251,1275,2848,6468,450,1084,124621,94,741,1017,27919,2922,627,16,23,2094,4951,1375,197,199,5409,2183,22,204,2302,1992,39503,611,26835,4809,1651,2595,66573,7090,22280,545,1859,3006,3362,1508,57531,5,81,96,543,5990,1127,1331,728,215,1813,6394,2081,14444,22750,838,13329,1425,41459,313,335,883,4243,1111,24110,50090,365,501,2935,21,245,360,7412,1023,3487,12448,4575,624,17443,1572,700,2440,17279,6481,33452,4654,5234,133,174,1487,8316,19004,721,9160,4448,505,10363,2506,37,108,8315,159,171,5885,6803,2210,1703,458,2989,20382,655,360,3444,20110,844,740,18247,4906,565,3007,244,53707,2363,9840,1068,1335,22,377,265,7614,256,3555,9107,5933,711,11040,121,34508,2565,301,16459,1341,7836,200,1753,601,1098,8639,1847,6933,2017,834,8246,1095,2871,19507,8830,7475,344,6365,1376,18545,22939,58915,1025,38,1855,40344,4136,7407,57,778,316,632,40858,728,354,551,0,31834,1284,15828,2027,5436,9855,48,2734,46,3988,5832,385,12618,30457,1226,84403,48,9504,3469,30353,2966,9150,310,253,3295,1144,25822,2074,145,349,617,833,1483,9119,2737,20369,1383,3058,4118,64,1490,6072,1306,1339,3730,172,26735,390,8461,5069,7890,1204,4668,7862,3064,3871,89971,3653,3476,2670,6989,1326,321,578,8637,1440,536,560,12340,3229,6834,6,3724,4870,30980,1748,786,1038,911,33445,1228,146,480,868,9507,222,26047,5253,1299,3786,519,4567,42,127,241,6044,185,3906,16440,92,869,3738,11544,283,13644,17472,7116,870,297,333,1812,4562,635,7228,2941,66,738,2094,468,43,10607,3449,807,2416,1349,507,4306,23763,2993,2139,3651,59236,1243,22623,236,5193,164,181,1499,1107,1020,1554,2513,5486,359,217,4052,2936,4227,1890,2945,308,5916,27108,22547,29,526,235,25750,4195,5689,871,6394,219,167,687,1624,2394,3472,944,3093,11945,24536,3097,308,8316,372,69,3939,2088,12781,6964,7426,3315,2693,18372,662,9447,15834,25284,232,10106,1243,99,13270,164,85263,27886,4056,2029,3655,182,325,9100,4303,218,140,1680,3706,512,27221,7363,671,5067,5326,5189,44176,1509,1356,358,1108,822,6887,3026,9410,16,9991,4825,383,639,18798,1256,125,708,4443,1479,1727,3377,49641,43,9808,2747,1319,781,1219,13105,11279,98,596,3341,362,40,1765,2704,28651,2238,23962,3367,885,52525,1578,4120,5145,2386,1188,694,2160,10206,1650,115,1447,92,545,501,825,64,1506,6494,4237,5872,61520,130,288,9906,9714,1506,3150,2598,688,44,8630,50975,5537,863,2256,11,212,6168,2718,98,723,2134,216,1078,26346,2686,11785,122,5535,1289,3000,429,4294,1523,28135,2521,1140,53,1409,149,23214,2562,6098,1753,1026,161,942,408,889,3537,252,40199,1391,829,2933,9507,37358,5139,476,684,12422,16983,3396,1049,3119,744,1676,572,29142,17033,25146,986,141,3756,4285,10292,2002,3304,2377,2150,1133,1909,7726,14830,617,1908,7446,1195,688,824,1110,6436,464,134,24452,164,2474,868,10534,877,694,490,1524,9705,4474,208,5846,711,2432,2833,4993,237,4199,995,30898,3587,746,3335,2507,8240,154,123,421,131,543,620,425,1677,559,1519,616,2044,3602,2060,1138,555,6867,13748,3702,19171,205,1092,44974,6488,202,9888,1219,1306,68161,1738,22841,6110,173,10015,1217,1165,9673,3184,704,14594,1076,6541,6218,1014,4756,57,6507,3102,157,415,992,4906,468,1118,5891,151,7411,49551,4346,263,1051,8011,3070,629,712,112,164,97,2350,2652,8672,1340,141,893,10712,84,18536,4260,49875,165,3788,2201,547,14794,50827,19,222,31,1427,229,155,527,582,1105,12429,3652,573,88469,1957,55,316,521,748,633,683,1183,11591,1735,8461,45759,39,447,256,3671,27,1941,2325,2312,1642,9983,17819,15129,383,2970,511,2613,1819,7495,6713,848,30022,273,64,54,563,2011,2212,768,521,1779,186,186,9439,560,731,1178,429,18480,2380,4907,2146,1,12852,114,909,2198,655,2647,6678,905,2176,18065,665,536,4853,3945,38442,1137,27816,801,315,570,85,5533,1543,71,188,30760,856,797,1821,3973,6085,10792,637,1902,728,489,399,8026,10534,10448,1317,51,310,7896,17543,2382,14658,3101,648,215,95388,17868,1585,9754,1496,2527,1820,220,200,651,316,1481,1214,2749,476,684,9354,4392,11743,435,2499,406,2665,4583,1077,2092,2761,1318,2442,2489,9649,17413,54,13053,7784,352,718,1963,1234,17,20396,46284,198,5978,1552,552,859,2508,302,6556,8157,1291,3587,712,121,156,3219,795,483,380,1517,3174,56,360,761,735,1059,251,12517,1071,707,1313,1546,122,113,2514,57,332,1596,846,4395,37249,101,117,12855,5909,203,410,951,13398,1698,214,2126,568,385,4135,66362,2860,17289,1547,25083,4995,1035,24153,728,935,110741,24780,3240,976,5844,1786,580,804,852,112,28838,42703,49950,628,319,4985,13738,5237,17475,16332,388,12568,1548,4140,5760,58,308,36871,2848,201,44,41235,8760,6035,882,5577,7323,579,44270,228,93,105,704,256,86,1665,418,652,496,7677,32,7574,125,7412,4163,459,669,6646,14242,2772,6401,6046,51981,4513,3483,3425,4524,325,1901,294,2775,20335,204,2397,47280,43366,2630,1773,251,2506,170,1171,6527,109119,1003,581,10834,982,5047,23934,649,5611,1107,26622,1840,27,21627,205,994,4104,328,1422,8739,10239,6598,4629,2031,4700,2498,574,3455,199,223,3528,134,2396,57787,3807,510,4686,15803,5104,52166,53346,2555,3454,609,950,1184,254,15,1720,1782,356,22397,2948,741,19,353,5700,339,9680,1750,529,1894,3116,1774,100,346,150,856,3076,5314,5,9774,1673,4209,1712,530,899,2744,969,65,1050,7849,2777,618,3026,1769,1711,720,618,118,133,6,4359,3969,175,59,2065,5473,409,200,8855,7516,12584,166,205,1390,1167,4653,9259,2411,121,464,4584,2817,5002,308,2964,132200,809,826,761,829,2676,36,10839,697,1117,1826,32277,10787,128,854,7844,1240,185,4862,6624,3049,248,6308,1839,9950,4038,2433,912,4394,240,998,2897,532,735,43,737,357,179,3448,9832,26195,1905,234,4965,5803,1659,4270,1355,12395,1182,1503,421,14403,147,3078,1561,14668,62473,582,1567,7935,788,168,9273,192,2407,4668,5757,431,5909,1253,62905,558,1642,639,2078,626,252,2525,699,5039,391,51,6068,3005,8834,2242,79,618,1864,81,480,2884,2320,512,46248,16014,5743,151,1411,1977,380,654,656,9,5765,263,7118,2646,58027,1232,936,1213,40761,3400,21404,4524,2442,1798,872,1183,9730,27,49374,4107,6374,844,438,10031,3398,1100,5984,7720,583,128620,1269,731,4984,102,255,8101,84,71330,24177,434,60,40998,1700,619,24483,3273,56334,5004,833,599,2485,22127,1241,3790,103,11093,8112,626,25379,164,1479,34683,2876,70248,915,2082,798,3045,3569,1206,7696,176,411,20997,2630,128,1422,718,1168,721,530,6713,533,762,1060,820,2047,372,4460,126,205,45472,381,3747,659,389,17743,4928,645,10196,5081,4585,36807,21182,2365,987,16783,1877,12871,7617,293,251,11978,582,5374,1234,1010,43224,105,606,5427,4212,57447,43804,291,501,6131,6941,7155,479,1630,3979,60365,6101,909,462,470,228,498,2310,121214,11079,16460,18750,443,639,104,21192,58,5141,52,28,442,364,2188,734,248,122,1230,1177,17515,186,839,181,940,15460,64287,351,1295,145,2469,48,979,581,181,85304,20147,13585,653,26369,7746,12501,121,97,7690,5224,13324,9553,228,142,20117,1053,507,2269,2036,1754,18345,4508,5786,2285,2129,801,1515,78738,2867,50486,209,134,2325,42,9969,1303,1042,281,13984,1375,1879,637,25633,21509,963,343,1657,2380,8872,6544,1476,884,252,929,240,7800,1911,8854,78,1663,369,11715,12504,8385,145,562,1767,3442,1631,22648,7032,3047,354,4509,38562,2036,7390,81,6190,13449,20390,9452,318,636,3236,961,304,4584,1383,4085,2326,1273,4593,2544,1520,46,779,948,915,2555,807,720,14207,360,14347,704,6623,12463,383,1358,18321,2163,223,1983,7413,18670,249,4120,729,185,2469,1129,4488,3501,565,3622,12908,1541,3809,1111,6911,9641,2603,8202,195,803,470,2795,1541,328,11654,32421,761,60380,42094,1198,2299,278,9519,6835,115276,1240,3421,727,2440,3194,341,462,7136,46,1158,1725,18406,2442,4,520,1351,1004,208,5314,1030,1080,1945,212,500,404,27436,265,25584,25883,25712,390,2290,1055,3948,2958,1674,6893,3190,2030,6790,1544,37054,167,1557,2122,2915,346,2082,27068,114,4176,23,762,2243,866,1748,383,5484,10151,1714,63856,2508,4188,3945,538,1937,566,1275,508,16,4036,967,7226,10816,2836,292,25607,1671,597,2169,7214,51,3082,247,8,1261,1470,149,208,59,3210,1805,2180,580,548,307,199,882,8743,1970,2440,889,334,8077,17281,1892,4608,2362,63,1657,8112,7163,13311,1060,6171,11249,3853,1967,99,1681,8450,2481,78,343,86524,220,3634,751,2061,15649,139,1299,5005,5504,1303,815,1381,328,61265,8644,2999,1187,16,5907,1428,897,150,3071,1645,23164,2744,775,4217,345,146,33358,98,15814,255,370,15893,5039,28012,2213,84281,212,5695,4690,549,6536,3722,1260,1265,181,303,1562,3137,60812,98,1391,1835,10092,1741,17391,663,17639,17506,5844,116,4801,93,3514,783,8122,15923,226,311,4764,123,3398,2326,1918,3515,6244,477,4183,15042,279,631,3556,30,154,24,8908,278,326,205,10553,9751,27,656,4938,951,5289,85477,14794,16581,4965,1381,1041,146,1984,48740,2536,6921,3242,1244,831,6495,40822,12314,8,788,7933,543,3550,0,2362,1311,462,13066,2363,16895,3294,12921,1023,6559,10417,163,102,4509,609,477,813,295,2055,814,479,443,970,714,20148,2242,20,1237,16011,3003,372,463,4485,2288,905,3160,364,345,1350,2264,1936,3652,10792,788,3166,2952,1517,6505,1820,36345,1118,48,6313,4020,2642,6189,41874,3347,11082,3640,577,1096,994,541,287,3016,10922,1709,544,2055,207,169,2741,139,7240,895,883,1839,391,410,49172,15128,6656,6570,37,1755,5376,660,13227,1075,18747,17701,146,55,1354,8806,68936,746,5782,4279,157,3347,720,14062,7520,6525,6451,4465,359,3054,997,37252,7601,26,18,17244,356,1484,138,4825,147,5047,6226,731,453,18,1282,4804,883,1753,382,420,630,2219,4555,23640,885,24896,105,319,1816,43911,64,1020,13061,350,7126,129,750,9833,387,613,1149,6900,1354,209,6140,51915,3434,2219,5017,1322,2826,265,29386,19939,111,1849,46250,1296,3993,2137,15380,14278,4463,6749,450,21600,2197,6885,1523,981,608,1844,13963,4410,3262,216,52717,6593,278,29831,4401,6074,4818,1063,4210,1626,9271,385,2309,14607,857,9760,385,39688,230,7745,8264,7668,297,1050,8370,2149,16436,153,3343,1221,2513,106,13263,142,411,220,3899,378,2854,54,1905,135,5815,1394,530,1797,687,6576,2195,85,262,451,290,10912,5382,4210,716,3700,1855,81,8009,650,1869,103,8336,5784,7144,10938,48137,1585,31201,1626,601,5605,620,8817,606,5672,1529,808,26470,13935,686,69663,1393,528,10985,3190,12437,1890,611,1824,11174,2851,164,1939,505,803,5520,2402,16784,361,11569,527,267,127,2905,66222,2929,12363,9671,1704,41,270,1045,12251,32360,677,49,675,6913,366,2142,8321,6953,1045,2050,869,8560,4068,5970,133,302,2652,25755,1087,178,1959,1907,1182,18426,48354,766,7775,1179,18073,23066,4667,3970,61,145,914,3252,2948,8855,7402,411,446,546,553,10321,646,770,6002,11543,13186,2523,11529,20733,2471,78918,396,1687,157,2386,406,367,2520,463,37,4106,2255,747,884,2132,33645,6941,1448,2865,16600,46,8269,3647,5643,1076,205,2049,39,220,28302,28560,7393,5046,2441,6266,14625,9276,64453,426,903,900,60,92,23646,832,8455,1032,124607,1033,1181,23,62062,3643,333,31395,3519,2112,8274,13639,3498,78544,2292,2399,148,2437,923,9636,7876,7992,11585,6013,225,132,3435,7487,86870,1164,2403,1206,2785,6609,477,4746,186,2012,1994,350,8837,7184,426,78,1342,5006,72,1318,15304,29,3230,85,181,743,7981,5963,707,533,37662,1359,617,477,326,570,460,11605,15991,2385,1316,960,2621,701,2957,1093,1587,4835,41,2,68,251,4165,1145,5154,1379,2490,2036,2698,596,311,2280,13207,5504,18043,560,1812,2929,841,2273,327,1037,343,764,6959,1757,90,48,6828,1172,2199,563,300,466,464,597,3553,776,167,19184,633,3490,729,3778,12115,1509,6383,11253,1901,101,361,1157,537,8736,254,1056,265,5233,588,2861,182,241,263,219,2770,2412,2863,1852,164,4999,3434,102,11698,1227,11438,397,561,128,2011,56,19602,5764,37,1589,809,500,2898,864,3832,1725,1237,554,47,3015,2156,1138,457,593,4125,2347,627,9721,4294,1091,1536,3464,72474,28873,14184,7952,235,1569,7824,36789,2520,596,178,10254,10682,35,2167,235,56,266,1052,6338,485,31139,7644,3041,709,10112,45373,170,2942,196,1606,5089,6626,6931,24243,1422,5125,541,275,34078,9506,1405,763,311,60777,945,725,4449,6619,176,743,131,7680,735,75,8589,10082,10339,68,7544,890,497,741,18907,888,24017,2343,366,2222,2110,5383,58,74238,367,3532,14,1465,15504,572,2020,523,920,737,12457,175,3362,285,763,1712,2560,3603,958,2489,2432,8828,1397,168,764,1229,296,3655,1015,2533,2256,25871,597,4242,2050,2152,201,1020,1451,46684,1308,4556,400,350,2771,12301,1517,19489,6881,101,23864,13402,116,1409,508,14875,1687,333,1112,1754,4560,217,96407,9964,593,501,1067,4940,290,678,465,2059,1056,1366,2139,262,85,1606,2208,4585,633,1253,14236,19313,949,682,43234,3210,1139,7628,4671,144,485,1133,112,209,10668,199,6997,4142,5975,1037,1456,3946,3199,10102,2649,2339,257,5469,269,1872,819,3504,732,682,9503,4253,419,15706,8903,3662,3774,4796,2060,103,5415,6522,8255,10390,10609,5065,489,26683,1088,5405,29791,149,9116,11423,1753,4469,5442,9954,3923,56696,2387,5779,322,8765,1629,8931,52,638,1670,17,657,2907,753,3365,307,780,2328,52916,29175,1140,3035,233,13574,17,56,221,426,151196,537,1968,899,1093,8240,3719,2502,319,9269,13515,1338,1394,1322,453,1462,5597,54633,2750,176,783,2321,3992,559,482,30975,226,26973,533,594,516,351,1126,2664,25,2761,1117,4794,8394,32658,107,541,182,109,341,1067,528,4970,455,7636,17903,3963,3526,3309,893,1166,2858,4417,18696,2219,5008,2813,169,5341,4259,5046,4299,1352,26,97,3133,669,6946,7477,546,442,2381,2245,719,4911,1349,145,684,566,7790,14111,5463,17,301,1981,954,237,152,1374,406,2610,228,533,122,7840,1253,1388,3024,4454,691,1142,2161,885,1783,1467,251,375,7930,9626,1901,915,360,3319,4155,111,444,987,2417,471,12429,5777,3753,5065,4020,1224,799,4776,4156,704,40,89,442,3015,3874,27204,5110,18994,227,490,764,140,11277,1229,984,1156,519,107,520,5090,8295,4978,3230,2578,91448,494,11854,4366,10274,29767,453,83,236,766,1447,397,915,5539,1665,7223,1611,137,481,4875,982,2714,2560,1225,1576,335,4223,1993,1441,100,6712,706,760,4889,1404,11836,1335,2075,1099,364,8852,3972,4349,1193,971,1601,8881,112,112,615,3475,1360,3253,4210,1046,480,718,8482,2209,33,20924,1164,6582,1722,682,25547,5465,1498,333,8203,3026,60642,13430,11521,9537,7131,1097,2034,1245,2068,225,2075,524,20519,1288,2819,310,407,1373,143,334,7044,4087,3423,14470,125,866,9435,6914,666,484,3419,2962,15252,202,6212,2456,224,773,4435,266,646,2412,519,567,2658,4201,2234,566,1066,2705,831,248,2868,2818,2939,6026,2704,76,8489,3190,424,15187,220,405,2287,59126,5879,2232,972,958,6569,6298,1470,1635,2508,401,441,10428,6288,1296,558,1305,8937,431,189,150,179,205,3613,2826,4414,66864,9784,451,3465,14687,631,4539,18049,355,4419,581,2590,2814,256,1379,2401,502,811,5899,2303,2351,493,37,1427,5611,755,2158,334,5498,2835,5812,153,879,5231,675,2137,3146,6086,2169,1469,305,141,1712,596,1149,15357,2387,11139,285,2272,1743,14938,316185,422,497,69,18366,260,729,19441,3111,10390,1052,8000,31314,239,277,534,1216,126,3958,8218,271,2963,2811,734,813,4136,7335,4565,2502,8999,2022,263,9648,1829,200,1360,1153,237,1662,2052,3166,2712,3874,2247,297,566,5745,2947,2185,123,62,929,1294,3124,933,3077,3007,11823,1909,12020,190,2012,1698,168,278,9234,1051,3297,7136,3528,2278,13774,3087,31,4270,6770,3100,24164,7253,785,324,1755,3207,922,3438,23,2152,912,11981,1826,120,2550,1526,2019,211451,9658,1412,4315,41303,1687,5399,6114,5449,213,5615,1174,2499,9766,761,1592,1707,8308,469,27208,895,8082,664,2741,5204,402,464,352,1371,1453,2764,9761,3542,78,618,1016,3725,1662,35191,763,1373,36226,4719,4956,1230,6208,1498,263,2743,2940,500,4521,5578,1626,26020,19160,371,3842,812,4941,3238,5526,338,20130,1445,838,2869,2633,435,22006,2673,738,827,26711,3655,659,4019,554,813,2490,32837,501,5307,22,896,493,669,61,438,5246,36039,467,2059,712,2041,4139,4178,2987,5150,3032,5923,394,3622,4648,57,3076,6418,2044,21272,304,153,215,18,5854,246,81341,596,888,717,5151,120,1767,9437,987,357,414,661,67,4026,2633,2795,99,908,528,12299,1064,6087,2951,349,226,23188,2963,1194,245,185,424,226,1499,4367,142,826,6950,1958,1423,984,967,4193,2365,6033,32538,4721,2209,3302,6845,1204,27437,2114,1488,250,105,1489,644,8043,32661,237,199,3421,1173,1553,337,3708,6151,6645,14291,241,1583,2538,3805,6694,91497,84,540,84,12655,432,10903,241,8344,236,314,63562,5619,6003,5149,2526,2559,1057,691,183,3357,360,312,959,449,4132,281,1972,888,1012,3020,3227,8482,1279,4049,678,14898,2180,257,416,2813,361,7332,7560,2279,190,1466,6994,1348,1029,1287,1092,442,1714,6947,4333,13183,39915,16416,2521,1594,2008,744,343,2327,190,1658,4051,8605,32574,252,7798,2475,1018,717,141,2072,615,376,288,5008,1660,445,2567,2722,14396,325,19,5427,10021,5554,32793,1296,684,10465,277,1745,970,872,158,3859,2288,2031,22729,995,262,1162,298,16,363,854,4357,3209,3224,6389,223,399,17140,4935,2104,107,2779,15245,4915,4113,835,4816,3802,101,1795,500,201,7318,308,1304,20296,3018,6733,2080,467,7442,1377,926,208,2569,859,750,1343,170,2132,11465,2362,492,1143,127,12789,1391,481,558,45,242,10770,4644,1582,191,3256,587,7232,715,723,21842,341,11616,522,2498,12693,414,3652,529,1339,40418,16784,15817,1100,1404,16103,1472,4209,919,6957,1721,5610,2033,1247,553,1804,498,2484,8502,152,978,187,65,224,923,497,2707,4923,6347,17519,998,1291,30261,33266,3314,820,752,2034,500,579,163,1411,3444,8823,570,1421,313,221,736,789,6048,6474,1123,2146,1007,13981,5986,16342,6327,646,2510,8969,1663,382,1610,7731,7016,7279,493,514,501,5541,506,762,164,80,172,16146,783,2672,3780,2857,548,4302,10091,3186,1918,221,10180,153,2081,36587,693,4375,6310,13463,1265,575,3418,10086,11785,244,197,1107,13272,127,250,15643,1305,981,12594,1316,2526,829,67,5179,195,797,570,121,5514,5528,260,218,1176,3298,833,4549,4768,15031,1682,4095,26211,738,1055,4321,599,8709,379,19794,1829,1701,1591,16418,776,305,595,660,2350,422,419,289,980,5680,5569,399,356,103,403,2931,1380,2728,13803,376,2537,1772,974,868,9168,1788,73,1196,257,621,919,8878,3336,1913,833,20073,839,1410,3815,3318,5867,133,137,10198,2383,1865,1776,7499,493,6460,359,95,770,2141,179,28,8544,1985,459,74,18908,2848,626,3780,1366,49,606,9623,1896,951,2923,12947,1728,3086,665,4561,2477,26674,20645,3270,129,256,5193,707,1440,444,7695,11170,847,156,5394,2665,349,321,738,6033,7547,1018,3533,841,10574,2439,2174,248,6100,995,7853,7300,7675,3184,1240,992,5246,1678,369,2448,20767,5807,1924,740,18122,14165,1525,6721,17386,687,29172,2568,4224,907,515,220,1015,3365,784,941,175,3047,2221,4650,291,2410,756,1283,6373,151,414,5759,4658,489,2759,567,3491,4246,218,1611,46687,3003,754,4471,2516,909,1489,9250,9767,1441,303,7110,362,29742,7051,1637,1488,6140,116,3892,281,4050,1112,4790,23357,7403,800,12167,703,8753,6012,1649,37,8702,395,4950,1533,22521,1362,34449,8331,840,4422,1293,25575,263,706,277,3195,1234,6336,5295,572,22016,734,79,566,491,289,506,1783,88270,32,333,1003,145,3864,1415,3027,243,20404,298,96449,9654,983,31422,49287,6805,921,12072,60,1289,2151,2127,775,11891,10969,794,549,33206,189,3750,127,215,528,794,315,581,1334,11014,2945,2959,1753,7974,1603,6894,1255,7428,9054,354,233,854,3709,9333,6606,1097,12237,7762,45913,21639,195,83,2283,6057,865,1424,9,12924,4913,2893,10969,362,435,77,2064,2414,27121,313,98,580,21058,1363,4849,1579,42243,308,494,712,592,3717,1026,424,224,4384,1115,606,587,1939,761,2273,3674,227,474,2017,7025,982,246,585,99,2337,86,228,181,1426,2943,749,367,14507,5056,350,10314,914,2403,2319,861,2590,2953,3329,809,11917,768,3701,267,437,6721,5016,268,143,3359,3265,2491,80,24675,494,359,6094,162,1284,782,1922,6739,764,439,1401,45411,516,4907,556,106,637,2395,6195,3367,2145,2850,1470,5675,1092,334,4228,5648,2618,177,3932,231,5950,103,3516,1162,148,243,3466,1408,1898,1998,745,69,84,623,6362,881,1246,886,2636,357,13001,4050,13290,13746,2179,369,608,12492,2566,378,1076,10351,7497,2309,739,4855,710,198,1830,3081,5435,2034,674,749,305,1109,1285,30361,3274,1950,2815,995,5203,4135,5818,5953,1080,1304,423,165,1675,10930,848,1693,1158,848,57908,25188,98,2870,818,48,1179,236,618,426,102,3104,452,806,1669,1311,488,13108,264,2501,12945,3406,1458,3453,5986,186,13515,7931,777,280,1003,658,1913,5252,3822,48021,14066,467,22645,2863,2896,475,3003,7377,166,2487,14108,1263,1120,669,2882,1723,4190,306,786,24657,78,2526,49,319,31676,1945,2785,2431,2949,213,4182,811,3851,3229,649,4383,771,6295,598,13054,2205,403,9036,837,32,1119,1772,651,3568,831,973,1130,279,2502,7276,2577,2270,2486,549,9,1529,6822,1202,412,174,6011,4169,163,6809,1621,908,3449,191263,800,707,306,284,1549,2093,251,702,402,134,2832,1933,46926,788,416,4340,575,123,509,6828,11511,1032,2848,270,2501,4810,4746,5168,1893,3260,723,218,168,483,1628,794,117,4050,8887,108,758,742,387,1001,336,286,2090,1366,47123,281,9712,4273,62,1323,4187,16475,235,1043,943,9126,657,8569,16449,51752,3899,1220,1812,676,6634,1727,6719,2019,19184,15756,2161,2410,1324,1787,769,2194,890,230,5174,4723,4389,323,860,30509,524,7857,8675,48,60,579,631,7295,406,1084,981,6406,52,1306,17756,4628,1919,6978,2970,10618,5083,4356,4060,16,491,1217,2446,497,3905,4103,10115,5164,1310,5481,700,132,14260,50044,1336,1017,2132,2185,2518,10048,4988,1076,1217,1429,718,937,6314,465,3260,544,6220,2189,5234,134,435,2262,443,2328,3465,2369,2118,826,4856,945,776,8426,465,695,3635,55419,4186,664,9605,1459,34930,553,898,1555,1403,1216,388,5337,1081,817,4298,36,243,16083,13660,759,111,6987,4259,394,5283,7145,1677,5394,4239,3595,1330,11272,850,153,368,9695,9011,426,2355,2390,2695,25353,1827,786,299,2370,710,131,917,226,3274,371,378,26,4113,3869,61,428,700,1096,356,68,1073,86,102,752,670,10194,986,1046,14291,2194,750,1377,962,4587,554,2632,1835,744,501,399,1009,1517,393,6761,224,7218,3444,466,151,48,14383,1100,1652,1553,1209,11316,2496,362,2548,9268,2220,1155,920,5895,684,2678,3199,580,339,733,1058,9,3482,2175,18223,6071,7883,2333,7500,1778,1113,13006,11718,5567,1754,395,477,608,434,1209,845,8238,68541,8947,1597,174,4971,6455,155,340,402,2373,3699,7035,21496,42086,999,997,811,153,1017,982,95419,2424,1144,974,2195,4103,1347,4046,2309,2720,13696,320,8596,313,4279,2797,176,624,1383,2032,2497,249,1212,324,1111,2542,38,135,3559,12588,10017,10388,15,1803,2310,318,2063,1037,43928,7485,9948,3633,3113,508,1268,2330,461,5837,387,453,376,3600,600,44023,14264,58,1141,9102,4118,832,4973,14051,2109,659,653,1254,4085,1077,1069,2284,604,3934,1369,14658,1821,6367,543,1038,21149,1028,4054,885,3093,43535,100,1891,17894,1660,3296,14879,8594,16860,12332,35255,5529,1266,352,171,17564,13337,9228,309,1760,12802,2280,1229,10184,5282,4501,618,39,94678,2536,32999,14880,595,8866,1149,5617,1098,4111,4566,740,1728,406,1339,279,1669,2477,1232,3755,1644,7921,52948,4960,1246,696,1923
6,0,42,18,10,4,16,1,0,11,32,2,30,17,1,39,43,2,91,4,0,0,0,24,40,9,154,38,38,9,6,0,7,5,29,2,17,8,9,7,19,15,20,137,61,4,6,33,14,7,13,3,4,1,2,43,2,1,7,5,12,0,1,1,19,0,13,1,1,0,4,4,8,1,47,1,96,5,11,1,29,7,2,8,0,14,6,0,10,72,15,0,0,11,242,7,47,3,276,5,0,5,18,11,0,25,367,1,5,2,5,4,0,9,2,8,0,2,1,0,36,0,17,5,167,6,0,9,1,0,13,17,14,16,16,3,7,9,47,24,0,0,5,1,1,7,2,3,35,1,5,4,16,20,11,1,0,8,19,29,16,18,2,30,1,2,2,15,80,16,16,92,15,2,0,5,48,7,309,1,23,6,23,11,346,9,20,4,12,12,30,1,12,1,8,0,14,0,7,1,0,2,2,3,14,340,5,8,5,31,5,4,52,0,13,8,271,0,21,2,1,7,1,3,2,0,4,3,88,41,2,27,284,0,3,23,16,508,10,7,28,2,23,16,6924,2,3,2,1,4,23,28,45,2,0,12,16,9,1,0,7,8,12,28,0,27,0,23,0,10,7,13,26,29,8,1,2,1,27,16,1,1,26,3,0,8,11,40,3,0,2,14,5,1,42,0,18,11,3,3,3,24,0,63,4,15,3,5,2,4,5,11,24,0,12,10,51,4,3,0,7,6,1,2,8,3,121,56,31,1,22,302,2,6,17,19,5,0,11,7320,4,0,3,1,5,15,2,10,10,1,8,4,1,13,22,0,0,3,2,51,3,2,25,0,0,1,22,5,4,3,3,7,209,1,0,1538,437,6,7,0,5,34,25,10,5,4,4,224,112,7,2,27,62,6,3,7,636,8,0,9,6,3,0,3,16,13,22,0,0,1,4,13,10,7,0,1,3,5,7,3,130,12,16,77,6,0,5,4,0,13,4,21,0,6,12,16,154,10,367,3,0,131,44,35,0,32,21,11,2,0,34,38,10,4,0,24,32,5,1,32,0,2,24,6,7,0,7,1,0,11,0,0,3,31,30,10,4,5,3,5,10,2,39,16,2,10,4,0,5,16,0,1,0,3,14,8,10,55,0,15,8,120,15,3,8,0,31,12,35,21,14,58,14,3,16,0,26,6,11,73,4,10,2,1,0,1,24,194,11,0,526,4,12,0,33,32,131,7,0,60,2,4,45,2,31,3,48,26,4,3,48,4,5,6,0,0,6,13,128,1,0,3,20,9,0,17,15,3,1,4,3,3,7,24,8,17,0,806,1,6,9,38,1,2,11,0,16,13,15,6,8,6,1,3,1,6,27,37,0,8,1,5,8,56,13,0,60,4,6,19,22,2,10,1,3,0,6,45,6,0,22,0,11,1,0,3,4,26,1,52,12,3,76,1,7,8,65,16,6,7,15,55,9,36,128,3,5,3,5,0,2,0,13,96,102,6,108,2,0,5,16,70,3,1,4,6,1938,0,0,301,32,9,129,4,0,11,2,52,30,9,77,4,19,128,87,38,5,9,58,2,26,6,4,0,25,15,3,3,45,53,0,4,415,24,1957,24453,5,21,1,22,24,2,0,0,98,26,0,2,26,42,585,14,160,6,23,14,8,14,6,9,16,4,20,0,3,435,9,3,5,27,25,1,7,3,2,35,10,3,0,19,85,24,7,50,4,83,9,18,12,15,10,0,1,6,241,23,9,112,1,195,16,39,4,17,1,21,2,3,36,0,4,2,96,57,7,150,1,6,243,17,5,10,1,2,23,2,5,0,1,11,4,0,49,4,2,0,3,3,2,15,1,1083,2,82,2,3,17,15,4,4,1,17,5,247,20,2,7,129,18,17,21,4,27,18,17,4,4,7,3,10,187,4,112,82,13,0,1,2,54,7,0,3,15,87,3,0,8,0,1,163,10,16,12,10,18,8,33,8,5,93,22,6,11,10,9,24,11,24,6,6,276,6,21,1,33,0,16,0,39,1,11,5,2,17,13,0,0,9,1,209,44,3,4,40,12,5,5,52,10,2,21,43,5,14,20,1,10,10,0,14,39,6,109,8,33,3,10,16,7,1,12,12,3,14,6,19,154,0,7,35,14,13,24,10,0,15,0,46,7,2,6,12,35,12,5,10,2,12,19,3,4,34,0,28,3,0,41,31,6,24,1,9,3,0,10,81,16,22,77,1,18,4,23,2,14,39,7,64,24,5,4,0,0,35,209,3,2,4,12,26,0,145,1,2,33,6,10,31,2,20,9,85,0,160,5,20,2,4,1,72,38,79,0,126,40,1,0,5,0,19,25,2,3,681,1,12,1,5,4,0,5,6,8,10,0,7,2,0,30,10,4,63,15,30,29,29,4,2,14,8,5,32,1,0,3,16,0,5,0,21,28,1,0,38,1,0,2,21,18,10,97,0,25,36,13,0,2,254,1,5,20,112,5,2,1,2,0,3,0,9,2,3,13,104,0,562,3,10,1,1,5,3,102,26,1,5,16,2,4,9,0,11,1,0,11,9,3,2,43,30,40,6,7,9,13,79,0,2,2,6,79,13,6,241,1,341,2,15,0,2,0,42,17,52,0,59,108,0,12,29,8,1,6,4,69,12,203,0,31,7,2,31,0,14,2,5,1,7,52,0,11,3,0,41,89,76,4,280,0,37,30,15,1,5,1182,15,13,0,1,131,2,1,9,11,1,4,4,141,4,22,0,3,6,70,18,5,60,24,24,247,1,6,3,93,2,11,0,10,16,22,2,7,1,0,65,62,29,23,118,0,0,59,16,0,2,29,1,8,3,22,25,1,2,17,5,1,98,15,5,5,14,10,187,17,9,102,11,25,23,3,106,10,31,2,8,12,65,1,10,47,2,2,0,19,2,2,5,6,1,1,26,8,28,4,0,0,4,3,7,3,15,10,104,0,94,11,2,64,4,37,6,3,1,53,12,14,6,12,38,3,9,0,0,80,3,167,60,5712,5,38,7,2,6,3,1,8,3,30,53,16,6,13,55,19,92,2,7,8,6,0,11,4,149,20,25,30,47,6,26,2,4,46,20,0,4,13,20,8,20,1,0,4,229,63,8,4,16,38,13,91,7,9,3,1,4,6,47,34,1,5,35,48,0,5,0,20,20,3,4,3,9,3,83,6,28,258,8,11,72,32,47,218,3,5,8,0,5,0,83,1,19,109,0,51,0,14,5,281,229,13,0,7,5,33,4,1,1,2,9,15,5,7,12,19,11,9,42,4,6,9,16,4,151,90,2,12,15,41,0,20,0,0,0,10,10,55,1,5,36,4,5,0,4,1,3,2,3,9,285,0,11,25,2,6,26,32,111,14,3,50,17,2,20,14,0,8,8,3,0,0,1,19,5,1,15,2,1122,3,47,20,66,66,4,9,3,1172,40,0,16,0,1,48,6,105,2,1,11,173,13,1,30,12,1,33,223,18,2,5,3,1,22,60,18,7,35,27,5,9,13,10,570,147,0,127,4,226,4,3,1,24,3,7,155,3,2,26,43,11,8,21,9,0,0,0,76,8,22,42,1,1,1,0,17,4,8,1,5,4,2,18,20,4,714,24,1,82,5,8,10,14,264,20,0,1,0,9,14,62,1,0,1,12,1,13,21,27,16,18,13,3,29,2,1,4,3,3,386,3,1,0,1,167,99,9,18572,4,22,1,1,13,9,7,8,15,4,3,13,1200,4,1,15,28,143,0,0,4,6,12,75,3,109,0,6,2,26,0,8,1157,6,0,10,4,59,2,89,14,46,14,80,32,41,58,2,8,32,3,0,59,4,30,7,8,0,1,2,9,2,23,70,10,11,61,12,13,0,7,2,3,0,6,11,106,27,9,16,200,10,3,13,0,1,278,0,1,0,57,1,220,4,7,29,13,3,1,18,9,18,38,3,1,5,1,3,18,517,9,3,5,0,45,28,13,21,3,1,36,60,1,10,13,58,20,21,11,206,4,2,81,10,883,6,7,68,47,209,7,0,8,269,9,1,9,0,0,114,1,4,3,2,2,13,0,1,152,0,11,13,18,0,56,27,9,1,0,3,27,10,6,1,2,36,18,1,10,67,69,1,0,2,3,1,0,1,0,0,1,14,2,3,33,7,3,18,10,11,7,77,64,11,0,0,35,25,4,30,38,6,3,3,38,6,1,3,6,16,52,4,13,4,3,47,5,12,27,34,46,1,35,8,6,23,20,1,0,14,1,2,3,2,18,16,56,16,3,43,6,0,9,23,24,1,18,2,2,172,7,7,110,15,47,1,9,46,2,12,1,3,14,2,10,15,279,1,7,1,17,23,188,2,6,2,17,28,16,6,5,38,2,1,6,44,12,2,2,7,1,33,19,2,0,15,40,1,24958,4,28,2,13,8,2,4,0,8,4,13,0,74,188,5,0,11,107,65,0,1,0,12,3,2764,0,37,14,2,5,1,937,5,14,0,28,14,4,3,23,2,8,5,4,13,6,15,6,3,15,5,0,2,17,1,1,1,3,201,32,7,20,45,6,10,4,30,2,4,7,5,3,4,3,0,2,25,1832,138,24,1,1,11,6,15,19,0,4,6,4,12,4,0,1,1,6,7,12,0,8,13,18,31,30,2,0,4,0,1,13,7,10,1,18,17,4,9,3,38,11,5,2,3,3224,52,133,61,5,1,5,16,15,2350,9,6,3,0,4,14,42,16,1,3,584,6,2,94,1,107,85,2,3,1,10,3,41,1,27,641,6,9,6,25,15,0,10,134,0,7,0,25,2,31,31,8,0,2,12,1,1,15,193,23,40,2,2,353,4,13,3,20,4,1,1,1,13,17,39,6,48,6,42,0,39,5,1,6,9,18,18,30,0,3,47,3,4,0,18,0,45,8,18,18,3,4,67,0,209,71,122,5,9,14,16,4,7,62,0,23,5,0,2440,6,19,4,2,20,40,15,0,65,17,5,9,2,37,505,0,1,2,11,3,20,8,1,16,3,9,7,8,0,52,29,1,7,29,4,4,1,2,14,1,0,0,3,4,2,1,1,10,493,1,7,4,22,6,200,9,19,5,3,22,16,3,0,0,5,4,3,0,39,9,60,164,37,0,6,3,70,42,11,5,1,8,82,0,9053,33,3,2,10,1,61,50,73,6,146,16,14,67,18,20,1041,2,5,12,47,27,150,2,3,4,12,2,2,55,0,0,2,0,9,3,7,9,63,3,15,2,21,7,57,43,2,14,15,0,747,4,6,0,0,5,103,32,34,3,3,10,3,2,0,17,1,153,1,3,0,24,2,6,27,2,1,0,40,16,0,631,1,31,9,13,9,12,46,1566,0,0,0,4,805,1,26,4,26,3,1,42,5,115,17,2,4,4,13,30,1,1,18,7,6,0,39,41,75,37,8,76,34,62,197,1,22,0,280,32,4,1,29,6,4,25,31,21,0,12,8,125,23,17,9,21,13,1,59,29,1,2,1077,4,62,17,0,2,5,15,25,20,2,3,5,7,7,7,20,8,2,2,1,14,0,6,2,17,14,39,1,16,35,6,1,86,9,2,6,0,18,5,8,1,1,3,1,1,1,3,0,12,18,0,28,147,43,15,8,1,2,78,15,0,7,10,1,13,1,5,5,4,0,23,16,41,1,2,7,1,6,13,32,44,1,59,1,9,2,140,0,13,1,133,14,6,1,0,13,13,25,1,2,2,1,4,16,14,29,0,1,4,4,14,5,0,2,35,1,5,12,11,2,1,0,0,14,0,0,6,26,0,88,5,7,2,646,1,20,4,36,0,3,43,47,301,0,0,1,39,0,1,0,6,11,40,7,101,0,155,5,289,12,11,4,515,9,0,6,5,11,3,48,7,53,216,0,10,3,4,2,30,0,9,12,20,6,1,33,4,0,1,1,2,83,8,22,4,2396,2,79,0,19,3,238,0,4,16,4,0,17,15,44,34,10,11,0,7,2,48,9,266,13,35,7,407,1,31,2,0,5,3,25,1,4,1,24,1,4,0,0,1,21,10,4,15,8,2,1,398,525,18,0,0,16,243,15,3,0,10,3,6,63,31,16,5,26,80,10,4,8,6,1,0,0,118,0,16,53,5,312,0,4,2,3,31,3,2,2,0,4,16,2,4,323,22,94,2,0,1,19,3,2,1,136,0,7,25,51,1,6,10,7,11,1,42,20,1,4,4,46,2,25,70,12,1,1,0,26,2,4,16,2,17,3,5,9,5,17,0,0,46,0,27,1,7,33,2,3,36,18,10,10,0,13,21,14,12,3,0,359,7,11,57,8,9,3,1,4,5,0,11,1,25,16,21,3,8,2,1,0,5,0,2,0,12,14,0,7,16,1,47,1,18,0,10,0,2,1,15,9,11,1,0,0,23,3,10,7,1,1,97,7,499,15,15,8,18,8,528,3,273,30,7,3,57,9,3,11,0,16,5,4,203,1,0,26,1,1,2,1,13,3,12,22,0,8,3,17,0,0,0,122,351,9,21,39,18,5,5722,3,3,5,26,395,2,20,2,6,8,10,3,2,5,7,0,4,9,11,8,7,30,1,20,0,142,4,1,1,2,69,500,9,91,3312,8,3,5,2,40,10,4,9,1,11,6,911,10,112,0,15,5,13,20,11,59,2,14,23,2,3,5,1,12,94,2,126,401,12,11,5,5,11,68,51,5,8,117,2,0,1,3,4,48,15,21,1,19,1,5,0,18,5,257,3,9,0,0,5,0,14,1,14,9,14,21,20,0,40,4,31,41,67,10,4,35,4,67,94,5,9,32,4,21,92,12,31,0,0,7,1,7,103,4,17,11,136,41,93,8,12,2,4,2485,7,22,7,4,27,0,10,3,5,18,1,2,10,29,106,3,10,32,13,3,3,7,282,12,1,107,1,0,15,13,6,26,31,60,125,3,66,17,14,2,280,13,75,19,1,1832,2,0,4,0,6,1,361,49,98,93,3,6,6,20,26,23,105,57,0,7,8,1,0,81,12,0,36,419,18,99,23,2,0,98,1,4,3,0,19,20,33,6,22,157,1,0,20,7,2,2,2,162,9,8,5,3,0,1,28,22,27,127,3,1,2,4,32,8,11,34,6,39,15,14,12,12,36,4,5,122,18,1,0,12,10,10,11,4,0,1,36,3,86,1,8,1,17,0,6,12,0,0,1,13,5,21,9,74,1,16,15,2,19,5,23,4,0,16,0,44,17,55,2,7,113,4,10,0,4,33,2,13,2,2,11,0,5,13,1,3,56,12,4,39,16,7,39,0,16,5,4,0,2,2,23,26,0,2,837,60,3,59,11,53,13,51,10,1,2,36,19,5,20,0,79,7,6,12,7,10,130,10,1,31,2,13,156,138,1,0,2,42,2,2,36,3,0,0,11,40,21,24,38,4,2,5,3,7,0,3,3,74,8,58,2,18,13,17,0,8,63,17,0,2,4,6,6,8,5,1,0,350,7,3,19,28,10,22,2,41,13,9,26,24,1,5,2,5,1,12,11,2,7,112,37,10,1,0,1,24,2,8,33,1,23,11,8,1,0,123,4,0,0,0,20,0,8,93,11,6,488,10,1,158,25,5,9,30,110,12,0,6,29,4,78,0,5,2,2,39,3,0,10,34,2,34,19,12,6,4,9,8,50,19,43,3,72,2,546,2,1,3,17,19,7,2,7,51,5,6,0,14,0,3,8,2409,83,1,2,0,79,41,397,140,46,146,4,0,2502,10,15,5,4,7,36,1,1204,17,8,14,2,1,0,515,9,3,102,17,10,14,49,1,0,5,26,11,2,2,17,0,0,49,21,0,51,0,1,17,23,6,7,7,167,9,1,1,1,0,10,28,118,5,4,2,0,0,1,9,3,120,35,1,0,71,0,18,14,10,4,40,221,18,1,7,34,0,52,1280,0,6,9,8,41,50,102,9,1,32,214,0,3,4,18,1,3,643,6,67,9,10,34,7,28,1,40,5,24,0,17,3,1,21,17,0,0,12,22,69,6,1,8,4,0,75,100,7,1,26,5,72,15,4,493,9,1,8,177,0,7,791,5,2,31,0,23,13,1,2,1,0,6,139,0,9,0,17,151,0,7,0,3,103,0,1,9,16,49,1,2,2,6,0,1,7,0,16,7,1,162,0,12,17,3,622,2,14,0,14,9,17,53875,4,1,11,4,1,3,1,100,11,6,8,5,17,5,2,12,3,3,13,6,63,4,35,5,11,1,8,4,0,7,12,3,7,18,52,4,2,3,14,0,3,1,16,92,0,1,3,0,23,14,41,14,7,0,1,0,0,18,2,10,35,15,6,8,0,10,3,79,65,23,2,0,11,4,129,6,65,112,9,1160,1,0,5,5,5,0,38,14,15,21,3,10,6,5,233,0,7,0,2,0,12,158,11,0,26,1,37,1,0,8,2,1,17,4,2,24,52,81,3,185,96,15,10,3,0,9,3,19,4,0,2,13,24,7,24,1,6,7,10,18,13,5,10,4,2,246,15,2,5,58,2,11,4,15,249,49,5,7,21,15,6,11,3,8,4,7,14,12,2,7,1,7,13,0,1,0,0,6,9,0,48,4,6,9,2,2,1175,75,41,5,19,11,91,29,0,2,102,31,2,8,63,5,113,498,17,236,539,3,9,11413,6,4,1,0,5,11,1,1,65,1,7,2,5,0,1,14,28,1,4,66,4,9,24,3,31,85,11,4,4,26,1,2,3,18,1,32,3,3,0,157,6,14,0,2,44,0,20,13,7,20,22,6,13,10,1,6,9,9,38,20,49,4,29,1,47,6,62,8,27,43,11,2,0,0,24,2,2,7,1,26,25,5,4,16,1,2,6,3,7,45,5,22,30,42,5,6,33,30,27,10,26,3,3,4,5,1,14,8,15,36,35,23,5,12,21,24,26,3,31,0,157,24859,0,78,1,14,84,3,18,9,130,13,19,23,2,1,533,6,0,0,669,23,3,1,17,0,0,3,6,9,6,5,5,2,22,20,21,0,0,3,17,7,25,0,4,1,5,0,0,7,8,3,4708,6,1,1,3,0,69,4,11,21,32,0,10,13,1,0,8,1,137,0,6,2,4,20,0,30,112,7,14,26,3,3,5,19,10,4,17,9,5,13,6,2,22,1,3,11,2,2,20,5,2,0,6,11,29,3,0,3,1111,40,46,10,22,23,1,7,0,3,7,2,14,9,19,2,58,51,31,5,1,2,0,9,4,6,16,0,5,5,4,2,6,4,0,28,8,13,5,10,9,68,12,38,0,5,0,2,1,411,82,2,0,15,4,661,7,1,41,2373,19,14,6,8,9,36,1,0,2,26,1,6,50,3,2,0,5,30,0,124,0,155,7,1,11,40,8,110,18,9,68,7,29,9,40,0,133,19,155,2,20,35,5,36,0,7,7,21,18,15,50,10,5,12,1,2,3,36,1,3,4,2,6,192,0,4,2,7,8,60,18,183,31,32,11,0,62,24,29,2,3,0,0,3,6,42,14,9,36,852,14,63,546,7,3,114,0,72,6,37,6,14,4,0,114,6,8,0,43,4,1,5,44,26,7,171,11,2,1,16,22,4,26,18,62,6,12,6,8,8,5,12,9,4,9,0,2,1,0,19,1,155,0,8,170,0,2,1,21,66,204,0,36,14,17,26,94,14,11,3,12,0,0,0,78,0,1,5,4,7,75,1,14,1,251,6,80,0,14,3,0,3,43,7,0,162,14,0,16,9,19,11,94,4,36,6,3,8,1,7,24,8,12,3,180,7,18,11,2,12,0,0,9,17,3,4,3,27,5,3,5,8,18,4,21,71,71,3,38,18,42,131,0,93,80,7,3,1,24,0,3,41,10,11,1,7,0,45,14,29,3,0,5,5,9,813,6,6,27,22,0,11,82,50,41,6,11,1,4,103,0,81,3,5,3,10,13,0,5,6,23,2,0,9,56,5,52,8,6,0,3,5,1,1,9,3,18,26,0,15,192,3,3,1,33,27,2,8,18,165,33,26,8,57,7,4,64,3,1,3,4,91,7,46,0,6,14,0,28,0,2,1,2,1,2,21,8,16,22,52,29,48,8,1,202,218,72,0,0,4,103,6,22,133,21,800,2,11,19,6,99,87,1,3,97,0,2,14,1,4,215,3,5,0,11,60,13,3,8,44,18,5,18,29,18,6,120,36,33,0,12,8,100,22,6,60,10,13,59,1,29,30,15,0,6,18,6,13,169,15,5,39,3,18,8,7,23,2,3,14,2,172,0,4,1,72,10,120,4,65,15,0,0,1,7,39,7,8,19,6,7,8,24,11,0,3481,6,5,9,1,3,5,42,18,2,0,1,7,84,8,18,0,4,0,242,27,4,24,1,2,3,55,2,54,1,2,22,26,36,7,0,57,11,12,0,4,24,4,12,18,3,15,1,26,39,9,4,31,39,0,0,1,5,6,3,0,8,8,16,7,2,91,29,11,4,7,2,8,27,25,0,8,1,3,0,1,2,12,13,44,1,6,37,10,7,11,6,55,43,1,17,5,52,1,3,5,0,12,77,11,0,0,0,10,4,3,0,34,11,2,19,36,5,2,1,0,5,119,1,3,8,359,1,167,67,0,18,6,2,12,22,1,5,5,2,34,4,7,3,25,13,26,1,2,11,2,6,0,170,3,1,30,3,59,3,17,32,1,1,5,2,1,1,77,6,12,8,2,0,2,15,6,18,2,4,3,2,39,0,102,10,5,12,31,13,4,4,33,8,0,46,6,4,39,26,19,0,23,64,0,6,17,10,0,1,25,0,1,164,4,5,11,0,31,2,0,1,42,0,90,818,5,1,11,57,0,1,11,8,2,4,9,3,5,641,35,0,14,15,8,15,21,556,9,122,0,6,3,4,64,1,1,3,0,17,25,31,4,1,2,1,0,1,4,5,6,19,2,0,1,21,2,5,5,345,169,56,6,15,0,5,1,6,26,398,1,9,2,1,4,321,4,14,121,40,7,4,142,16,17,28,6,6,9,1,20,6,9,9,19,0,0,9,3,341,0,4,2,30,2,4,0,0,15,4,0,17,2,12,18,5,16,8,0,6,0,6,32,269,2,9,7,17,14,6,5,3,17,44,2,0,2,5,1,0,532,2,2754,10,34,1490,7,9,4,2,3,20,0,0,1,1,12,130,31,43,5,6,8,1,16,1,16,23,14,4,89,76,35,1,44,7,3,9,30,0,3,48,5,0,27,54,247,8,8,3,15,1,34,36,25,0,9,0,6,5209,6,34,9,1,17,35,4,0,5,0,11,19,3,17,2,4,5,3,272,22,3,2,3,0,193,9,20,14,10,3,0,6,184,3,1,4,2,0,23,73,14,71,2,0,3,2,27,370,7,1,89,3,15,3,0,0,1,7,0,0,38,9,9,53,415,1,7,8,0,5,1,67,21,0,5,3,0,2,2,3,2,2,1,54,3,1,42,0,8,12,67,20,2,0,28,20,18,98,7,4,0,33,0,31,32,109,42,14,7,41,2,9,6,1,23,7,12,7,9,0,7,2,9,7,32,1,3,10,14,29,0,13,0,8,14,63,7,5,0,76,4,9,473,1,8,0,1,10,10,8,2,9,33,1,101,0,26,30,48,10,2,2,36,11,70,19,89,1,16,0,4,20,1,2,8,12,17,12,9,0,1,4,3,12,2,4,910,1,30,35,2,2,1,12,2,50,54,3,7,202,179,3,51,3,6,2,87,1,4,7,13,230,17,1,0,0,2,5,1,105,4,6,3,2,5,39,184,1,6,1,27,4,63,3,3,130,0,37,4,0,5,30,0,7,5,2,22,0,17,3,28,28,24,27,1,2,6,24,125,258,0,5,313,1,3,40,5,3130,35,9,6,0,2,2,0,16,11,121,8,3,5,10,10,27,3,9,17,9,1,23,515,0,15,7,25,0,8,29,64,2,4,57,12,0,13,19,13,21,39,239,149,10,1,20,47,21,13,0,51,1,32,67,4,9,1,1093,2,2,13,19,3,2,31,18,10,5,62,1,4,9,0,61,0,22,5,10,50,159,2,13,7,75,74,0,7,20,14,3,17,29,6,74,24,89,466,7,14,0,0,3,2,6,2,2,0,11,0,2,22,46,2,120,19,2,3,8,0,1,2,1,94,0,5,0,19,84,4,134,24,11,13,6,6,46,24,3,1,33,1,11,17,5,2,22,0,17,1,2,0,0,0,2,9,5,10,2,2,11,3,20,20,7,36,4,6,2,6,0,19,0,8,2,4,0,1,28,7,18,1,2,15,14,11,8,20,3,7,213,22,0,1,13,30,11,15,0,6,3,0,5,46,3,3,28,13,30,1,0,649,13,1,91,10,0,15,1,13,75,4,116,28,4,1,33,2,0,19,8,61,4,1,9,414,2072,9,34,5,112,2,21,2,55,0,36,42,9,24,51,33,2,31,54,17,1,15,0,1,24,1,14,8,5,21,33,20,7,105,0,36,2,6,7,35,0,6,4,0,1,1,10,24,46,0,1,11,80,9,6,4,4,19,1,36,7,11,3,4,57,0,25,139,9,7,0,45,0,3,0,1,23,13,0,5,22,0,25,15,14,4,14,19,98,39,0,0,2,0,2,7,14,4,14,0,0,32,9,191,5,11,15,3,26,2,5,49,5,1,23,24,22,17,40,17,0,16,21,19,7,29,8,25,24,2,3,9,10,3,0,3,1,7,3,29,52,40,143,2,1,24,9,0,3,26,197,0,7,8,0,286,63,5,10,6,9,8,13,2,6,28,28,2,9,151,0,0,5,0,45,36,16,3,6,1,6,2,65,3,11,7,11,0,0,2,29,71,7,41,4,75,61,4,71,11,3,4,362,0,63,20,121,22,10,13,2,0,9,3,1,33,11,3,10,8,14,34,2,6,4,4,20,0,43,1,0,0,25,1570,46,12,7,32,1,0,8,4,1,1,124,2,8,0,7,1,6,6,0,7,13,43,11,1,0,1,48,3,0,5,312,548,8,8,0,0,13,33,4,5,12,40,12,1,132,28,18,6,0,3,0,8,1,6,8,1,26,21,21,11,0,52,6,0,2,8,15,206,189,8,1,30,15,2,21,3,21,7,15,33,5,24,2,526,11,250,4,117,1,3,16,14,0,1,0,9,27,16,11,1,39,31,6,17,21,119,35,36,0,12,13,26,1,63,44,148,5,3,40,25,1,16,21,3,8,41,23,8,7,0,52,0,6,17,5,37,0,13,9,1,18,9,42,6,11,1,7,21,12,2,5,4,2,85,0,14,37,0,1048,0,13,29,3,4,8,26,45,58,29,5,0,33,2,2,11,3,0,14,0,10,7,37,1,1,3,13,5,42,6,22,10,3,87,0,0,10,6,79,16,2,13,3,3,3,5,61,8,18,58,1,60,40,2,28,579,10,5,21,2,0,64,1,0,34,6,5,3,45,2,13,9,2,1,16,2,1,5,28,0,6,13,2,16,7,23,19,15,1,0,1,1,0,66,1,19,3,11,6,52,2,44,6,28,42,0,20,9,105,8,5,2,1,47,0,2,26,58,85,11,5,8,3,18,5,10,0,0,31,7,6,6,0,223,1,132,4,7,40,16,0,0,7,18,10,14,12,6,308,0,27,0,1,5,0,14,0,0,6,20,1,1,232,6,11,74,38,208,20,18,0,8,14,4,31,1,19,32,2,969,1,1,23,4,6,0,32,4,0,0,30,14,30,0,0,19,8,2,1,1,26,23,11,10,42,16,3,8,0,1,3,5,17,47,4,26,0,3,56,4,0,2,59,9,7,7,7,25,91,12,2,9,4,1,40,58,5,13,0,0,0,10,4,10,3,6,3,7490,7,1,0,0,3,51,5,25,43,15,46,0,3,13,1,3,9,14,43,22,12,1466,14,34,2,1,1,9,32,377,18,1,50,37,60,25,27,16,15,9,2,3,24,8,3,5,11,56,3,8,0,2,0,1,0,14,8,0,140,1,1425,0,2,3,14,213,43,24,13,9,7,6,5,4,0,10,33,103,274,18,4,124,7,3,6,11,0,2,17,14,7,13,1,61,0,14,1,24,1,57,2,5,0,3,4,0,16,19,80,6,4,13,5,1,6,2,19,7,5,2,6,0,3,1,14,4,2,7,4,39,3,64,12,11,122,26,35,0,267,0,1,23,16,8,0,26,9,7,5,18,19,14,5,4,32,11,2,9,1,2,1,207,2,0,4,73,0,1,28,12,1,0,13,4,290,18,57,1,3,27,44,4,17,5,2,0,16,6,5,3,60,0,2,2,124,112,1,1,6,1,2,4,4,3,5,17,1,15,165,30,7,1,0,9,762,71,10,1,2,1,3,22,11,168,8,5,11,11,3,38,4,0,7,3,39,14,0,22,15,0,0,4,2,40,73,14,7,41,2,6,13,60,2,12,15,14,2,212,2,1,1449,5,21,0,4,114,26,29,7,0,0,1,45,1,8,11,20,0,13,190,4,2,6,2,23,49,17,27,11,9,2,68,35,2,14,13,2,2,266,9,13,17,1,44,20,59,0,10,0,14,26,9,2,1,5,9,3,3,44,3,4,1,2,1,2,44,11,22,14,3,12,74,17,3,28,1,11,20,3,3,10,10,23,29,2,10,12,2,4,18,4,90,2,0,1,102,11,8,77,10,52,5,1,4,407,56,5,3,1,16,25,3,12,39,59,3,10,1,31,158,3,2,343,4,41,2,5,4,2,0,108,17,3,21,15,24,0,18,2,1,36,4,2,8,30,2,17,7,19,34,8,5,511,13,30,2,26,3,0,2,8,0,7,17,1,10,7,5,101,23,21,2,4,2,31,39,41,1,2,3,2,115,45,8,61,16,10,49,4,8,1,60,9,5,0,8,12,51,4,0,31,1,16,254,8,16,22,0,36,4,12,1,0,9,2,29,9,1,2,16,3,123,3,5,8,53,2,3,0,2,0,7,3,15,4,36,14,14,5,455,0,5,1,68,27,9,3,4,0,6,0,108,1,42,2,3,16,354,4,14,1,0,8,1,5,1,8,3,14,10,53,102,9,4,4,79,120,0,1,3,3,6,4,3,1,11,2,51,20,3,70,14,4,8,0,9,1,6,200,0,8,151,2,5,15,0,26,9,1,1,30,6,5,52,0,9,114,5,8,0,8,24,17,32,18,56,3,3,0,22,19,12,46,7,8,11,1,1,15,14,16,3,3,16,2,2,1,4,1,7,1,0,0,29,26,14,0,3,9,4,4,2,23,0,3,6,0,14,6,1,26,1,6,19,1,1,1,17,12,22,6,6,2,0,13,268,10,33,0,0,3,76,4,1,0,3,20,5,33,13,300,7,6,43,3,5,3,0,2,5,3,2,5,31,0,8,1,1586,1,69,10,30,4,0,10,1,4,43,10,6,15,8,8,0,1,1,18,5,5,0,14,2,8,77,8493,1,5,12,66,5,10,1,15,306,4,0,0,150,113,16,16,0,5,13,3,2,172,26,13,0,14,1,50,0,11,10,2,16,8,49,0,3,3,0,36,12,4,8,2,1,4,2,0,24,7,0,5,9,45,4,1,15,4,85,5,3,0,2,1,44,2,10,1,5,6,61,28,4,22,5,1,8,3,3,56,7,4,1,32,11,7,73,3,7,0,7,5,21,5,10,3,26,2,7,0,1,58,1,11,1,29,14,9,3,3,36,12,27,693,2,6,8,8,32,8,7,36,23,154,7,5,145,0,34,2,1,70,16232,2,1889,11780,73,689,0,3,49,18,241,90,0,5,5,0,3,4,30,50,4,3,5,24,65,3,0,7,4,29,506,6,0,9,5,87,24,0,43,22,2,31,4,27,6,17,11,84,21,23,2,6,1,18,54,7,142,1,174,28,4,12,5,6,33,45,61,8,345,0,5,142,0,3,1,1,16,7,14,2,1,4,3,151,1,8,14,0,3,3,478,1,91,1,2,6,41,6,220,11,23,13,7,19,0,3,299,16,2,3,1,3,18,8,2,4,8,29,4,1,58,18,3,3,21,1,20,3,0,42,0,0,29,1,1,0,5,82,25,15,19,14,1077,575,6,32,60,8,3,11,28,2,1,3,22,35,3,6,8,29,6,58,2,6,21,2,0,2,9,6,7,4,4,2,82,3,8,3,6,2,3,460,10,2,4,3,6,3,12,3,2,102,15,1,1,75,8,102,8,5,3,17,21,35,231,19,165,24,3,4,9,14,13,22,3,3,0,1,1,15,29,2,6,6,23,13,6,2,86,50,0,1,4,11,0,1,34,4,69,4,1,8,1,4,50,38,600,2,70,95,25,3,11,1,3,7,6,8,0,0,9,16,12,5,97,47,23,8,7,9,1,14,6,2,7,6,1,127,1,0,6,6,10,1228,4,0,11,3,4,13,3,12,40,7,64,42,1,0,9,10,18,32,142,46,14,4,2,19,129,317,17,32,52,5,8,55,0,2,0,0,3,1,15,30,5,22,0,3,6,2,15,9,4,5,258,2,33,25,379,7,0,6,6,15,58,78,9,8,572,2,5,5,0,21,0,15,1,73,7,7,13,30,8,88,18,0,26,1,0,0,428,2,1,1,3,0,6,14,7481,2,0,2,0,7,1,36,2,214,25,17,7,2,25,2,360,55,26,65,1,19,8,824,400,2,15,1194,61,19,3,25,25,6,1,9,0,17,23,3,3,53,18,4,17,0,16,2,9,8,335,14,63,0,217,10,15,2,15,1,16,2,27,2,7,4,9,1,6,21,1,0,8,2,134,9,1,4,14,36,2,4,9,6,1,2,26,1,6,4,26,19,111,12,26,61,0,1,25,6,0,28,17,32,1,18,755,1,8,15,13,0,39,35,2,0,1,0,6,77,6,6,3,1,9,6,8,16,76,7,50,1,0,13,1,13,25,0,0,3,4,23,10,139,21,9,8,2,3,1,1,1,0,8,3,34,7,4,0,17,9,4,2,1,1,1,5,44,14,45,77,3,15,33,0,0,15,48,26,2,15,5,29,4,3,5,31,0,2,4,17,6,70,3,0,5,10,6,3,4,18,4,8,4,2,5,22,8,142,2,0,13,19,4,5,2,5,0,30,70,5,2,3,1,1,10,1,15,9,6,6,0,0,5,8,28,13,2,59,4,29,0,61,5,4,8,1,18,1,0,15,2,10,5,30,2,7,0,7,3,1,2,0,13,4,18,0,1,7,16,93,7,27,10,11,1,18,0,0,0,4,2,1,17,6,90,2,5,87,50,24,8,46,23,28,5,4,1876,1,39,0,8,21,54,9,8,43,5,25,8,14,158,2,15,10,1,36,3,6,5,8,19,3,359,133,25,504,79,3,14,11,7,1,11,1,14,20,0,2,9,13,3,12,2,3,5,0,0,28,4,5,10,8,1,58,79,5,0,35,1,3,228,0,39,218,66,4,9,18,11,3,67,0,4,1,0,0,7,11,57,1,4,11,18,42,2,4,9,318,1,33,20,44,63,8,16,14,130,339,0,5,3,2,2,1,1,3,4,0,13,1,1,34,10,7,3,4,1,2,45,18,4,7,17,21,7,0,20,30,3,73,2,0,1,0,1,4,2,28,0,6,16,4,13,29,1,3,1,3,6,10,4,2,10,3,10,2,3,25,3,15,38,2232,4,10,14,6,9,6,1,1798,1,97,10,2,6,16,0,15,21,8,1,24,14,5,266,13,53,9,212,30,54,11,2,7,2,10,21,3,27,1,0,8,25,8,267,22,2,16,0,15,6,0,3,1,29,0,1,6,6,55,0,7,10,2,21,1440,13492,0,4,90,17,2,13,25,10,16,41,30,9,31,18,55,10,2,89,0,15,12,9,33,19,3,5,58,4,4,0,112,2,6,6,3,7,7,5,167,6,10,19,49,7,6,8,15,4,48,8,1,4,60,3,2,0,13,76,2,4,11,5,12,6,21,2,35,1,18,1,7,20,195,2,3,8,3,25,12,2,12,2,13,0,0,789,1,55,1,5,17,6,12,2,87,2,1,1,2,21,3,32,18,36,8,13,2,1,11,29,1,4,6,2,5,6,3,10,75,3,6,0,5,0,20,0,22,0,2,0,16,3,8,2,1,0,0,2,0,43,12,2,9,0,1,156,0,17,25,5,3,23,43,23,62,0,0,3,43,3,2,2,2,186,0,3,37,1,6,36,7,98,5,78,4,4,7,6,1,0,1,5,89,0,13,278,8,13,36,31,0,156,5,15,16,12,6,0,6,4,6,6,3,4,3,53,6,1,9,1,47,5,71,5,13,3,34,23,58,3,2,2,3,5,136,58,14,3,18,7,0,14,223,5,4,0,0,5,4,1,20,0,17,21,485,0,0,9,2,4,3,9,21,29,33,0,7,0,4,28,10,3,23,15,0,384,3,8,33,31,0,0,6,1,2,7,2,40,0,12,2,6,136,6,21,8,9,0,2,6,0,28,36,21,0,3,17,16,1,2,0,2,1,7,0,15,75,6,0,10,211,83,0,14,34,24,11,4,81,22,539,14,15,17,19,12,0,8,3,5,2,46,6,6,6,1,21,79,4,120,31,3,2,6,12,8,54,18,16,34,16,10,8,7,125,0,3,20,4,3,9,0,0,14,25,35,1,326,65,28,11,11,17,13,3,20,1,1,14,0,12,12,3,2,4,4,3,3,0,10,2,34,1,1,4,1,5,205,3,34,157,27,43,1,1,2,3,0,11,53,28,57,2,3,15,57,15,0,1,7,2,0,7,2,45,0,3,3,23,0,22,22,16,112,9,7124,35,12,7,4,3,20,5,38,20,1,283,4,33,1,0,2,11,17,2,38,19,104,46,0,16,35,6,23,36,5,32,52,8,2,8,7,22,7,8,672,868,8,10,5,7,110,2,1020,4,0,1,12,1,0,30,0,66,31,15,8,0,3,163,4,0,3,3,28,50,7,53,13,6,5,8,1,20,20,132,48,1,7,66,24,28,1,11,9,382,145,66,0,152,6,4,29,30,4,11,0,2,42,22,7,4,6,12,1007,42,8,4,25,5,29,2,5,34,0,7,23,11,0,0,32,5,1,5,4,144,13,26,6,26,7,16,12,477,24,1,2,33,3,44,10,251,57,406,20,197,8,5,2,1,2,1,6,47,3,308,16,31,2,3,20,43,5,11,7,1,18,13,7,0,0,16,5,16,21,31,17,14,3,72,0,3,23,20,8,14,0,3,2,1,12,9,11,2,45,1,24,1,30,6,12,685,14,24,1,11,0,17,5,8,1,10,3,1,26,28,12,16,3,44,4,2,33,1,4,1,6,6,5,4,24,49,0,3,0,5,5,11,4,28,1,0,5,7,18,3,10,1,27,47,0,17,4,24,0,4,15,6,5,7,0,7,45,39,6,12,3,5,13,96,12,0,1,34,4,2,1,8,2,6,2,0,1,6234,11,85,6,2,3,1,11,19,33,4,19,5,7,18,14,78,0,8,15,28,7,29,0,39,12,0,84,46,5,0,6,4,7,1,10,3,45,4,0,3,7,8,14,83,4,0,0,16,2,3,3,1,3,9,11,554,0,2,2,5,26,88,5,9,3,20,3,0,6,15,18,11,19,3,11,20,1037,4,3,4,1,1,1,3,5,2,23,3,136,5,14,14,39,7,4,2,16,4,44,2,0,9,13,6,8,1,0,0,0,0,21,6,2,1,0,179,116,5,8,446,21,0,0,9,20,57,0,24,2,18,5,1,4,1,18,15,18,4,3,4,25,1,5,12,518,0,1,0,10,16,9,9,18,4,0,28,0,0,6,0,1,24,2,1,138,848,36,10,3,50,13,139,12,24,6,4,0,106,5,1,0,23,0,7,22,11,0,2,10,469,27,70,5,2,21,5,72,0,9,15,7,13,17,1,10,53,17,0,14,6,20,3,191,2,1,1,143,1,49,4,9,24,0,11,1,4,27,1,0,135,2,3,9,7,31,8,4,6,3,4,16,10,27,22,6,4,0,158,17,67,2,8,21,5,54,6,1,2,1,10,4,1,1,8,10,7,4,8,25,13,11,1,76,186,5,21,3,6,8,4,5,3,6519,4,0,60,0,6,307,0,5,2,6,3,0,22,1,27,2,6,1,578,17,145,24,17,40,24431,9,19,41,5,18,4,12,2,32,8,16,77,1,1,8,86,1,16,17,1,9,26,6,0,4,5,15,137,31,101,10,8,4,4,3,9,4,44,3,271,16,7,14,9,58,5,33,2,3,0,41,13,6,0,3,0,0,5,21,15,16,5,4,756,8,0,30,2,20,0,0,1,0,3,55,2,98,4,61,8,0,483,26,13,13,10,9,3,3,1,15,10,8,16,7,10,0,5,71,2,1,6,8,169,79,1,20,12,10,30,0,17,24,18,3,3,0,24,10,2,12,4,6,0,30,58,8,12,360,88,3,1,96,39,3,37,27,2,399,1,2,4,1,0,1,36,2,87,217,5,39,27,15,25,5,1,1,1,7,176,8,1,1,5,8,11,26,11,10,47,1,6,278,0,3,0,14,4,0,8,48,19,1,17,0,29,10,0,4,8,0,15,6,300,0,15,11,11,1,17,15,6,3,2,35,49,6,158,1,1,77,5,23,734,14,24,7,33,12,5,0,8,1263,33,6,0,30,0,15,5,0,3,7,6,0,137,7,51,17,58,2,5,0,7,27,6,9,2,2,21,8,1,19,92,3,1,0,58,62,11,2,1,5,2,27,9,44,13,0,20,33,9,6,140,1,6,29,20,11,6,9,11,7,52,26327,10,8,5,5,1,20,24,18,476,11,3,24,19,41,9,259,20,6,80,145,0,1,34,462,29,1,20,0,467,0,1,31,39,10,5,4,19,7,0,20,0,1,22,51,15,10,11,3,15,28,10,9,27,8,201,3,15,16,23,0,1,10,7,3,34,0,52,17,4,4,2,6,0,2,41,18,2,5,20,5,6,204,16,1,16,14,1,8,4,5,59,0,14,1,0,12,0,2,12,25,6,12,48,3,5,293,4,2,1,3,4,43,7,27,6,44,3,3,1,1,1,2,23,26,24,56,148,5,10,347,0,0,0,5,21,1,1,16,9,2,9,11,6,40,0,34,25,1,14,31,59,28,10,3,7,0,0,40,4,0,1,9,1,5,1,1,4,16,2,7,95,2,216,7,0,3,8,9,2,33,19,1,11,5,12,321,0,8,9,28,219,2,2,16,4,10,4,4,27,7,6,6,298,46,13,157,1,2,50,6,122,4,14,7,6,638,102,9,1,68,7,60,1,147,26,11,5,6,3,3,0,607,3363,6,3,3,16,4,4,0,3,6,72,0,1,1,3,25,0,24,23,86,7,5,3,0,1,6,35,167,3,641,15,3,2,224,11,0,3,0,1,2,97,34,5,4,12,8,18,26,3,0,1,7,4,162,0,14,2,9,17,3,0,213,9,4066,3,3,20,2,2,8,1,22,10,0,294,1,9,10,3,6,11,2,18,2523,28,143,2,0,3,49,7,14,12,10,4,7,1,14,48,4,3,3,2,29,30,0,15,20,1,8,4,1,398,21,55,0,0,131,13,6,135,41,6,209,29,42,15,0,5,17,5,36,1,3,51,162,6,30,1,10,8,17,5,0,4,74,244,1,3,3,1,63,19,3,0,0,2,20,7,88,11,56,0,1,0,13,7,442,170,4,39,15,1,4,12,1,3,0,1,16,12,2,2,44,8,20,14,14,47,1,42,14,15,0,0,34,1,73,1,0,11,7,7,29,88,0,10,10,8,22,12,3,12,9,9,1,23,0,21,506,19,16,0,6,44,64,2,6469,10,305,77,5,0,7,2,6,5,47,18,0,14,1,5,1,0,3,27,0,1271,2,16,7,2,23,0,0,873,1,1,3,7,3,8,281,6,10,187,0,4,0,16,4,4,2,326,1,4,1,0,11,12,1,3,37,3,21,1,153,20,3,5,1,58,5,6,9,0,1,214,1,11,1568,1,2,5,4,10,0,15,10,1,28,8,23,3,4,2,20,21,124,17,8,13,3,0,6,2,22,106,22,9,34,2,159,41,3,7,10,1,1,3,4,9,3,8,21,1,8,38,5,6,0,0,0,3,2,3,1,66,78,0,343,2,22,1,3,17,38,0,91,14,11,4,14,1,356,30,11,60,15,4,80,708,9,1,4,0,62,1,30,7,0,8,1,64,21,0,406,1,41,17,14,63,5,13,11,2,1,29,13,1,10,4,9,1,60,7,9,23,3,25,0,190,8,13,2,57,6,0,546,152,3,4,56,15,10,734,157,6,3,25,12,4,5,12,3,31,1,26,7,5,45,21,62,61,1,22,20,88,21,0,11,10,6,68,0,35,10,2,69,27,3,40,13,17,7,3,0,51,10,21,0,6,3,13,27,17,41,12,2,15,0,0,3,63,2,3,10,5,27,3,3,41,1,1,3,27,5,13,63,8,11,598,0,13,22,0,0,3,79,7,7,7,0,8,1,2,17,1,0,1,0,214,240,7,1,7,8,0,1,16,15,29,98,11,48,25,4,4,0,8,1,10,1,4,144,60,0,3,178,3,2,6,20,4,29,1,1,6,1,2,0,27,2,6,3,11,0,13,0,23,1,1,248,0,1,3,42,0,13,4,5,3,15,1,0,177,13,5,1,4,10,6,17,16,37,12,1,7,0,35,2,7,44,6,1,0,2,23,4,10,0,4,0,3,35,62,2,64,12,370,23,0,24,8,6,2,0,19,12,18,39,0,25,5,104,4,7,8,100,48,9,101,4,0,1705,3,506,1,6,13,27,0,7,4,5,4,4,145,10,26,113,17,6,2,1,2,5,6,0,3,5,6,1,19,0,0,712,4,13,7,21,2,7,0,7,8,16,0,1,268,4,6,0,2,14,19,3,2,3,8,43,230,3,7,10,2,21,0,9,46,4,13,23,6,0,0,17,31,6,9,0,52,11,9,7,1,21,11,39,4,0,0,48,13,0,61,3,17,5,1850,4,1,0,10,59,11,6,246,46,1,17,1,28,0,6,0,0,6,27,160,12,73,11,10,14,3,0,6,23,0,4,2,1,83,27,31,25,0,10,23,2,9,27,2,48,19,6,115,0,6,56,9,5,2,44,0,3,8,1,13,3,0,14,6,6,6,142,18,139,1,1,208,9,48,4,4,0,24,5,6,71,0,0,25,7,1,1,434,0,0,5,13,38,13,1,3,4,24,1,2,51,1,4,6,29,3,5,3,1,12,4,16,0,3,16,7,2,2,25,10,0,6,0,19,3,16,0,3,11,116,0,60,0,116,1,8,10,17,13,35,12,0,12,0,25,2,17,94,1,3,51,12,0,6,9,3,1,7,1597,3,4,9,12,5,5,30,17958,9,1,24,96,6,8,1,8,14,41,2,17,1,0,16,173,10,54,12,31,7,5,3,5,28,2,1,2,331,3,2,39,13,25,5,9,12,2,16,0,15,0,12,3,8,0,7,5,0,0,1,37,3,9,0,4,28,582,2,27,3,2,54,0,560,3,29,24,33,5,40,0,0,2,2,26,46,12,4,27,18,1,0,9,2,57,0,22,2,5,7,8,271,1,6,20,9,13,21,6,216,0,0,12,274,86,36,10,154,6,7,190,31,86,15,17,22,4,0,51,1,8,1,0,0,16,6,4,73,172,11,734,13,1,0,5,4,57,22,25,25,7,80,0,9,206,0,7,3,0,1,1,12,0,8,24,19,19,31,2,8,2,0,2,2,13,14,39,20,0,0,1,1,24,1,2,1,5,38,9,18,6,0,1,10,1,3,18,8,0,0,1055,16,0,2,14,27,1,12,32,8,18,2,18,36,2,2,10,22,1,19,0,9,25,31,1,4,2,65,3,52,20,4,4,0,0,474,2,10,1,8,12,44,23,3,3,862,6,24,53,12,3,36,18,0,1,7,2,0,3,0,1,8,6,4,2,0,0,0,3,39,21,7,6,15,5,29,2,7,0,8,13,14,6,58,32,0,29,0,59,7,4,0,9,62,18,2,11,110,6,38,12,98,0,1,12,41,153,3,158,6,1,49,0,14,51,94,4,212,3,3,30,23,0,11,6,0,225,0,8,22,487,1427,3,17,7,0,35,1,11,27,17,5,0,8,280,1,6,5,39,12,53,0,14,2,18,0,4,16,7,2,53,1,33,0,3,12,2,3,8,3,8,4,166,21,123,2,1,1,2,16,3,4,30,1,4,10,10,3,22,2,1,5,22,474,1,1,2,1,5,0,52,12,5,38,26,17,33,1,30,64,32,19,46,115,0,1,135,7,2,34,19,26,60,1,58,1,9,112,21,22,60,15,21,20,10,8,1,0,54,2,0,18,50,21,14,27,17,3,89,173,4,13,76,24,2,0,0,90,5,1,0,24,33,37,8,33,0,33,47,10,3,4,9,1,67,1,64,3,6,6,0,257,9,21,3,25,16,1,46,4,2,9,11,16,40,1,1,2166,0,12,6,5,5,10,31,40,0,12,0,41,6,0,8,2937,57,16,23,2,11,18,13,5,21,31,5,168,3,7,22,4,5,142,9,10,0,45,37,21,1,67,577,9,4,1,30,19,8,1,17,10,5,5,23,14,12,11,11,3,6,1,16,6,29,1,30,1,21,4,1,3,15,7552,39,27,33,13,25,17,241,9,20,1,3,6,42,7,1,6,3,18,6,4,19,3,17,5,297,0,7,154,4,10,3,762,0,1,0,1,10,3,14,20,0,0,25,0,5,61,45,83,12,2,3,23,3,11,1,4,42,6,12,0,2,5,9,0,12,11,3,47,1,1,0,68,0,34,13,18,2673,1,71,1,267,9,59,10,14,9,19,90,2,7,0,49,11,8,0,1,25,22,3,0,22,35,28,8,29,20,24,433,1,14,1,17,19,49,16,8,1,17,30,55,8,2,1,114,0,2,60,6,30,2,0,34,39,2,2,1,9,15,5,34,10,4,6,1,1,11,2,9,14,8,4,1,14,26,3,64,7,10,12,37,7,4,12,1,7,260,7,4,0,1,178,3,3,15,18,28,1,30,1,15,35,28,16,2,7,1,18,0,6,0,5,1,14,0,16,1,107,9,7,41,15,0,16,2,10889,1,2,0,4,4,151,0,27,0,28,9,2,3,3,5,9,3,74,3,18,1195,27,29,3255,168,11,16,0,7,3,4,388,0,6,0,4,420,5,1,46,25,15,2,6,4,0,49,0,7,2,36,0,2,9,10,10,2,17,4,0,29,32,8,30,8,1,4,5,22,135,4,2,12,28,0,6,9,3,0,2,17,10,4,125,11,97,2,2502,27,8,1,2,46,251,8,1,8,20,66,6,95,11,99,7,6,1,0,4,2,40,7,14,7,6,3,2,12,32,49,11,8,13,9,76,50,0,2,50,0,6,21,25,42,64,3,21,7,1,30,5,11,1,23,63,9,25,104,1,1,2,5,149,10,5,0,5,1,103,76,8,8,76,31,9,2,6,2,19,0,6,6,5,37,1,22,2,2,0,0,1,11,6,10,1,26,82,1,7,10,2,5,10,17,32,8,5,11,3,85,0,5,1,17,0,1,6,35,21,32,7,3,2,10,25,25,3,47,13,2,0,3,15,6,15,10,21,140,21,2961,2,11,3,62,108,12,0,4,13,7,5,61,11,9,6,7,21,0,25,4,8,5,22,12,1,32,193,10,12,25,13,3,2,24,52,0,10,118,0,6,1,4,10,3,1,8,1,69,3,0,2,327,4,4,7,41,0,10,13,3,239,2,0,0,0,38,13,11,34,14,3,8,26,3,13,3,20,0,200,2,23,8,4,53,15,24,7,3,66,27,63,4,0,19,6,5,3487,6,28,3,34,6,25,5,10,864,8,4,1,5,717,9,11,4,7,14,40,1,6,3,10,6,13,4,9,46,2,229,0,8,49,10,0,6,4,9,6,32,15,0,7,9,17,56,0,3026,4,4,9,5,6,1,2,11,0,49,7,3,9,4,8,2,3,5,2,8,3,27,14,6,9,8,6,4,2,4,8,10,49,3,9,62,19,1,9,14,7,1,102,1,11,42,6,14,5,19,6,17,17,45,11,13,6,4,8,47,0,19,3,6,2,7,7,144,9,40,13,2,4,258,2,8,22,6,11,20,0,2,0,497,94,1,117,45,38,8,0,10,2,5,2,7,4,5,0,0,5,0,1,18,3,50,0,4,4,7,10,346,7,2,9,67,1,176,11,0,5,10,8,4,5,376,4,7,12,26,31,0,106,33,8,17,41,97,8,1,4,3,2,296,5,18,8,47,2,4,86,5,18,2,5,52,16,20,2,1,1,54,228,4,5,0,16,7,18,6,1,5,8,9,13,1,25,38,9,10,18,1,3,44,0,3,41,17,416,2,2,57,2,0,20,0,199,26,0,3,0,1,0,27,8,1,1,6,16,19,35,92,4,4,13,0,4,28,4,2,7,17,61,16,237,66,2,26,0,6,3,2,9,2,66,2,8,3,16,353,10,2,278,3,1,3,14,7,14,3,43,3,2,11,13,7,1,2,8,1,3,53,121,27,114,5,56,2,4,25,4,19,2,12,5,1,2,1,15,15,17,40,1,30,36,22,1,19,2,2,3,1,2,31,1,6,11,25,27,22,143,25,6,30,9,12,83,3,6,1,8,0,17,0,5,26,522,6,15,13,137,0,5,1,129,13,25,0,17,1,0,6,30,40,494,25,11,28,22,8,8,84,12,4,0,6,44,7,17,33,12,2,0,10,0,98,22,5,3,13,10,13,3,12,53,0,0,29,19,32,8,7,7,0,22,0,2,0,40,2,34,80,0,3,1,5,7,5,4,7,2,2,3,13,14,5,4,58,20,10,28,4,0,26,17,11,1,0,2,9,2,13,4,11,348,75,1,16,11,24,4,0,23,1,23,7588,13,5341,3,22,4,17,12,0,5,4,240,1,18,2,5,2,4,49,4,0,3,47,2,3,3,7,16,1,54,9,8,12,17,7,19,21,2,34,7,16,1,20,52,5,31,8,19,27,2,5,4,2,4,2,14,0,35,9,171,19,0,47,39,9,2219,31,20,15,3,31,1,14,5,4,260,24,6,3,5,0,18,5,8,32,0,44,4,1,2,2,21,5,26,15,538,10,115,3,292,24,1,1,190,34,2,153,6,1,3,3,73,9,8,0,1,2,3,5,3,0,6,4,1,0,20,6,5,32,9,7,4,29,0,1,23,0,14,0,0,28,15,0,84,5,1,13,2,101,5,0,2,6,9,0,4,29,2,0,45,25,21,83,4,16,1,19,1045,58,25,62,5,2,0,57,14,25,9,4,4,0,8,82,0,0,2,3,0,68,11,25,5,2166,11,2,204,11,12,65,4,16,221,165,3,48,4,781,14,1,0,2,0,71,5,14,1,75,18,0,14,1,12,2,24,4,0,0,0,4,13,29,8,1,2,15,2,0,17,19,2,26,37,0,181,114,26,36,130,9,15,0,1,3,1,26,88,4,51,27,141,9,0,30,5,31,0,21,8,2,75,13,4,0,13,3,66,10,0,2,0,6,22,112,14,5,0,33,16,21,67,1,4,135,2,1,40,46,12,0,2,0,2,6,6,3,1,5,5,7,35,6,5,1,13,30,3,0,1,10,19,0,14,9,3,1,6,1,14,1,8,3212,15,71,126,11,39,12,10,4,14,7,92,2,127,2,2,2,4,21,5,69,6,32,15,6,11,0,15,14,29,82,2,11,22,18,17,30,6,1,2,24,15,5,5,4,12,0,3,3,3,1,52,1,3,1,0,8,9,0,0,25,0,21,6,27,219,1,2,14,21,5,13,13,7,1,14,10,16,50,44,56,64,82,5,0,121,4,16,33,23,2,20,8,15,0,3,2,5,78,1,2,18,45,8,19,20,4,1,0,4,154,3,10,4,1,6,1,5,40,28,33,17,21,3,0,5,5,15,0,1,63,0,0,1,2,17,0,0,13,3,23,42,1,77,1,0,5,13,20,88,7,109,17,20,5,1,7,2,7,10,0,3,1,102,28,0,1,32,2,14,8,7,1,19,208,13,4,14,14,1,8,4,1,4,11,6,54,2,11,31,15,2,0,1,12,2,0,50,0,27,1,29,2,4,9,7,200,7,7,212,65,19,8,19,12,55,0,2,2,5,0,14,26303,26,13,5,20,1,37,6,6,0,27,10,139,26,12,0,1,11,6,1,1,15,2,22,116,31,1,81,34,0,296,21,5,4,28,0,4,18,23,0,3,5,4,111,3,6,6,5,19,20,76,0,20,2,14,13,20,23,78,0,3,5,3,12,22,7,3,7,0,4,1,3,16,6,36,23,11,12,0,6,36,9,30,12,19,44,4,0,5,1,3,10,589,124,20,16,5,0,163,0,348,13,13,1,9,6,17,5,0,24,8,190,14,26,3,3,14,10,14,18,55,10,11,51,0,8,10,5,32,718,14,34,1,17,1,2,71,5,21,4,8,43,196,3,33,20,3,10,95,8,6,1071,6,3,6,11,20,2,9,26,9,79,6,89,4,10,147,83,5,0,7,7,10,1,15,0,6,1,1,12,3,36,5,34,10,4,12,17,0,225,109,19,7,2,3,51,34,15,8,1,717,5,21,8,17,1,11,291,5,179,4,326,6,8,23,0,16,3,0,5,2,0,39,0,0,55,7,19,4,5,1,30,4,23,4,9,4,13,49,8,0,40,35,5,91,10,9,7,9,0,4,40,20,0,13,5,17,184,1,83,4,93,10,2,5,8,0,7,49,0,13,43,0,3,1,28,0,1,64,31,7,3,156,124,3,95,1,6,2,11,1,37,20,5,42,357,70,17,7,11,1,8,58,3,9,18,1,54,525,67,48,0,7,2,6,23,17,2,3,3,6,2,8,6,2,8,2,1,23,4,53,112,9,18,4,5,1,11,12796,51,108,2,13,17,1,185,2,290,1,32,11,11,10,0,3,160,1,10,7,7,1,24,86,8,33,3,2,23,9,20,1,12,31,14,57,42,89,0,21,5,37,25,417,0,6,23,6,2,17,7,264,0,25,2,67,2,0,0,4,12,4,12,21,0,2,1,66,3,13,4,9,1,63,4,0,37,11,121,0,17,11,51,4,13,9,19,0,18,4,4,0,24,3,29,21,1,31,3,2,4,49,3,31,21,0,3,7,344,12,5,3,0,0,25,3,4,24,3,31,10,0,72,3,40,84,16,38,1,29,3,13,2,12,4,19,3,8,1,35,13,5,4,13,1,4,8,17,5,2,6,92,18,13,2,32,0,11,57,66,18,3,1,1,88,8,5,5,4,2,6,3,7,7,2,7,1,26,213,134,1,15,25,6,2,0,2,3,0,13,4,4,1,5,45,5,2,21,0,53,5,1,0,1,14,1,3,39,10,6,4,13,6,4,0,0,8,5,18,10,9,0,5,487,4,807,0,4,2,5,8,7,19,3,11,8,6,42,1,6,11,18,2,42,9,18,3,19,8,2,5,57,16,8,1560,10,54,5,11,71,0,5,0,5,12,9,5,41,3,3,0,22,1,1,25,29,23,7,24,15,0,26,6646,181,9,7,24,1,0,6,20,43,0,7,22,30,5,1,8,2,3,11,0,45,4,2,297,5,1,0,0,2,88,7,3,0,1,7,37,6,38,10,47,26,35,0,9,532,32,23,0,1,76,492,16,0,17,1,0,6,84,31,1,3,2,10,5,50,0,15,4,35,4,3,4,2,10,8,18,11,29,1,7156,2,3,2,12,12,24,14,61,2,34,5,2,7,28,12,7,98,6,3,20,6,1,2,16,42,173,16,10,91,31,20,2,15,18,24,2,1,83,5,4,17,2,8,108,6,8,4,4,16,7,26,6,1,2,6,10,1,24,4,3,1,81,13,28,0,11,689,0,9,9,0,3,114,806,7,4,21,1,22,20,6,100,6,1,54,0,1,103,0,6,0,2,75,5,1,4,32,17,3,5,69,6,33,1,154,11,0,0,1,0,28,0,16,86,53,7,27,0,2,7,0,3,0,1,2,8219,28,24,2,26,5,0,36,3,0,31,7,0,5,1,2,18,2,16,209,23,10,8,0,48,22,3,2,1,236,9,24,1,2,0,7,13,241,4,5,3,10,12,9,9,17,9,16,12,14,1,4,18,32,12,1,22,109,0,0,41,1,0,8,0,0,19,4,7,0,34,11,15,18,5,3,0,37,1,5,0,1,1,9,0,26,28,2,2,0,19,3,376,3,18,2,15,6,9,2,1,25,196,9,6,9,3,1,33,0,48,0,159,3,99,6,15,14,3,2,38,69,6,21,11,9,2,9,3,256,2,27,15,3,28,1,3,10,10,5,2,1,0,2,2,1,1,4,6,6,0,3,2,1,0,37,15,86,2,0,91,3,9,0,56,31,17,706,86,3,65,662,16,0,1,68,34,22,7,3,41,5,4,13,3,73,1,49,2,8,4,2,9,7,16,137,1,1,9,6,2,2,26,0,1,53,9,1931,2,7,41,0,37,22,3,11,35,9,0,20,0,7,4,3,3,17,19,32,4,3,13,6,30,17,18,46,12,30,6,91,12,5,3,7,131,7,5,3,227,3,125,12,111,0,1,31,77,14,6,20,6,1,369,4,22,24,6,63,1,18,1,4,7,8,7,0,6,4,0,2,1,0,0,59,6,98,4,15,78,1,2,19,1,8,10,8,16,10,3,22,3,9,0,10,18,1,9,64,20,8,22,1,3,14,1,2,2,14,17,1,57,1,50,58,179,82,66,4,1,12,56,0,51,6,78,33,13,2,4,12,11,11,0,3,26,21,101,2,2337,13,21,34,6,20,1,17,0,6680,26,8,9,34,14,4,0,222,85,7,13,2,1,194,1,29,18,37,63,11,6,5,11,7,23,1,8,5,23,11,4,11,10,9,2,3,1,111,177,26,13,20,101,4,3,19,0,8,19,9,0,48,3,12,17,104,78,25,31,1,5,7,6,4,1,294,3,1,10,29,15,7,5,0,26,0,11,22,4,0,9,2,20,0,13,1,1,1,134,1,11239,0,17,2075,0,0,0,231,57,0,46,4,8,7,12,5,66,52,7,32,9,3,61,24,19,11,0,4,2,1,5,60,0,6,3,485,12,1,0,8,2,8,4,17,4,6,14,62,65,54,2,0,3,13,4,4,33,3,6,25,9,30,7,0,0,22,331,20,2,0,16,26,5,0,37,4,150,385,5,41,7,5,0,70,108,8,7,4,1,0,72,10,2,0,0,17,12,1,5,17,16,23,106,1,1,24,310,26,2,9,1,7,2,151,8,6,2,264,4,4,2,25,11,25,0,4,15,3,11,71,1,2,2,0,1,135,5,5,18,1,0,1092,158,6,9,0,163,15,11,25,153,7,4,1,0,11,201,27,1,2,20,6,41,2,1,44,1,7,2,14,3,5,8,22,4,9,8,75,62,11,17,11,42,34,3,4,20,49,18,2,56,6,155,18,20,1,22,10,10,1,32,1,6,2,14,20,0,0,18,975,1963,148,3,2,13,0,2,1,54,2,4,2,4,36,9,16,25,28,33,3,8,27,37,9,737,30,13,3,42,2,11,10,6,1,7,3,9,20,0,3,5,126,11322,6,11,1381,6,1,15,40,21,0,25,30,8,30,36,24,68,9,17,15,1,23,46,7,0,8,0,2,0,200,7,10,9,18,14,10,44,5,4,8,74,8,1,151,32,9,19,17,4,10,16,0,5,2,2,4,5,3,32,24,34,16,0,12,28,46,0,21,1,0,0,0,689,431,0,4,0,4,1,0,3,2,9,64,9,7,10,10,12,1,0,3,64,46,0,5,8,1,0,0,4,16,3,15,1,4,52,19,14,88,9,0,0,22,20,7,1,21,2,2,1,17,109,4,29,7,136,53,1,8,6,4,10,1,44,363,9,25,2,13,10,1,22,4,33,0,5,53,20,14,6,3,13,5,917,19,2,0,3,26,27,4,49,16,19,5,1,94,71,80,1,8,0,8,5,1068,9,9,0,0,5,73,5,13,0,20,16,1,3,53,3,87,23,10,431,3,0,14,0,5,43,55,12,2,133,30,36,1491,6,23,26,2,143,0,25,12,21,5,27,2,8,10,22,13,76,36,1,46,9,297,0,42,9,8,4,8,10,4,1,46,48,0,233,2,1,75,83,3,1,8,596,0,44,561,1,4,20,5,2,12,16,6,34,2,1,0,8,8,5,12,8,31,9,15,9,50,25,19,1,37,3,7,65,0,15,5,0,38,9,1,43,1,2,0,87,12,27,25,53,7,5,1,19,7,102,46,18,2,41,138,1,37,1,2,3,105,2,44,22,1,18,5,2,17,6,5,1,0,17,8,5,32,5,9,21,32,5,5,1,131,110,2,17,2,4,30,16,7,8,11,0,192,0,19,4,0,3,72,13,174,10,35,9,0,7,17,9,62,1,2,1,49,20,4,12,1,1,9,3,16,1,0,4,14,5,1,0,11,13,3,79,1,13,1,0,8,55,12,5,1,0,18,0,5,3,25,0,18,49,1,0,0,3,5,5,13,3,12,0,37,4,30,41,2,22,7,1,2,14,15,10,17,0,7,60,24,9,0,12,0,254,0,29,21,7,14,0,3,223,23,6,13,3,21,5,13,16,0,6,12,153,4,3,5,7,1,1,0,0,23,10,1,21,4,581,3,3,4,1,673,25,6,4,2,0,2,7,15,12,38,12,45,49,6,14,1,2,15,2,7,13,27,11,28,4,7,24,7,5,9,0,0,41,16,2,8,7,1,42,85,3,2,159,5,1,5,6,5,15,11,13,5,16,37,5,91,1,2,7,3,14,7,3,1,4,8,83,1,6,1632,20,12,2,3,43,73,20,40,31,4,0,1,0,16,40,14,8,29,0,0,4,13,0,110,242,0,1,12,34,14,5,11,11,1,31,0,4,1,15,26,22,3,26,11,9,153,950,218,5518,11,7,8,7,0,3,6,8,1,4,380,1,10,27,1,7,4,61,2,10,2,0,16,6,13,18,0,13,34,5,2,3,24,23,84,1,18,59,3,1,0,11,7,6,1,3,2,0,5,28,7,11,76,81,0,1,11,3,13,223,19,1,2,294,0,8,36,24,10,6,2,0,22,6,0,195,0,21,7,2,12,4,30,1483,10,4,16,0,15,0,19,12,4,3,2,6,11,12,26,13,166,23,23,8,24,252,6,0,1,5,24,1,3,20,67,13,3,9,3,4,16,2,1,4,3,1,0,8,33,9,3,17,1,0,1,8,2,6,14,7,21,200,8,6,19,1,28,0,6,76,24,2,7,793,5,0,7,258,6,4,2,3,103,83,19,84,2,8,29,19,68,10,18,2,7,71,3,1,1,14,4,8,7,9,3,1,1,0,12,2,4,1,2,4,0,0,28,5,2,35,43,7,31,2,18,10,8,4,5,10,4,5,19,4,33,4,5,468,6,11,7,336,14,0,1,6,1,2,9,5,3,11,4,15,0,3,12,4,1,186,27,11,4,1,22,144,9,116,4,8,1,1,26,4,45,30,5,35,13,19,80,0,2,1,68,0,0,4,0,5,1,10,39,7,19,2,27,7,4,3,21,0,13,4,24,67,9,0,12,1,21,0,0,4,9,17,2,5,9,1,74,4,6,0,18,13,16,604,2,19,30,11,13,15,17,8,8,5,11,8,142,0,6,3,1,3,12,115,105,15,5,98,6,239,0,3,1,18,11,4,19,28,30,6,0,4,2,11,37,8,11,16,0,0,14,0,0,5,12,3,5,16,1,0,0,22,78,0,2,0,0,2,1,26,144,2,5,28,70,5,162,8,61,1,564,7,0,3,0,18,14,2,66,10,1,0,0,0,3,5,8,126,6,29,111,53,0,18,25,117,10,3,4,219,1,3,22,23,0,5,1,30,1,1,19,47,70,41,206,16,8,24,29,8,8,11,41,5,46,0,102,3,21,5,0,9,7,205,15,8,1,7,57,0,1,14,1,0,5,73,9,2,47,9,9,14,36,53,14,490,2,13,31,5,2,0,16,16,29,4,16,0,9,3,11,4,8,8,12,6,0,10,2,1,21,53,23,2,24,95,1,116,6,3,1,19,321,0,11,68,85,11,1,1,802,211,8,177,5,4,0,21,61,7,9,8,3,4,152,10,0,21,6,35,4,2,463,18,19,3,8,54,2,1,151,8,3,24,3,3210,20,21,27,2,2,114,2,8,6,1,0,4,8,3,123,50,7,124,34,10,30,17,2,41,11,3,0,1,10,6,1,13,47,7,106,14,3,16,17,23,13,8,0,0,6,21,3,14,1,23,5,7,1,11,2,54,9,8,34,1,0,4,258,81,24,20,37,23,328,4,188,36,33,0,34,4,22,16,138,29,56,1,9,2,13,4,15,31,36,17,8,16,71,23,2,2,13,4,352,0,13,9,11,25,161,4,34,9,27,2,3,14,289,6,0,1,0,34,22,14,28,21,13,19,40,8,0,3,5,19,21,0,12,22,2,1,19,1,156,37,1,3,2,0,1,2,0,4,289,2,69,0,3,32,4,285,7,5,50,2,36,0,8,3,28,8,0,44,2,0,1738,280,3,20,3,8,49,7,20,16,1,3,6,4,0,1,40,15,3,2,2,2,104,7,2,28,23,26,2,2,0,0,2,10,4,14,1,0,5859,19,2,15,45,13,6,5,0,37,0,6,14,22,13,1,40,23,18,5,23,24,42,3,31,8,13,1,7,2,9,9,2,6,14,31,7,16,104,31,1,9,6,0,17,2,8,7,3,23,18,17,84,13,18,48,2,13,0,8,61,30,0,15,4,5,0,1,7,5,15,0,2,1280,0,4,1,93,4,7,0,0,12,17,10,1,1,22,5,1,0,5,9,169,6,327,15,7,12,432,17,81,2,8,13,9,3,205,0,3,0,3,19,3,7,10,1,7,20,9,1441,55,3,54,8,202,3,0,2,17,6,69,179,1,3,53,0,3,3,29,8,23,21,27,3,41,5,4,7,47,25,117,11,19,0,1,10,9,70,2,35,20,1,38,7,0,1,17,0,3,11,29,6,8,3,17,81,3,4,15,85,2,2,65,9,3,10,0,278,2,18,4,8,0,4,1,10,1,14,35,17,0,26,0,357,7,0,44,8,19,1,2,3,9,32,8,16,8,11,43,4,3,36,18,29,0,6629,2,62,148,195,2,2,7,136,11,17,1,5,3,2,731,3,0,3,0,118,5,63,14,18,118,1,17,0,13,13,3,43,3931,5,1127,2,31,16,341,16,37,7,1,11,6,69,6,2,1,6,2,7,25,17,83,3,7,14,0,3,39,3,4,12,0,68,2,33,19,26,6,15,21,13,13,383,12,6,3,33,4,0,5,130,10,3,4,13,7,21,0,7,18,70,3,1,6,9,923,2,2,2,4,21,1,45,20,3,12,3,12,0,2,0,13,1,7,67,1,12,12,20,1,58,92,46,5,0,1,9,8,1,15,8,1,6,9,4,1,39,9,2,7,14,3,13,179,17,16,16,625,8,197,1,10,2,17882,5,5,1,4,4,38,1,1,13,3,14,30,20,10,26,106,52,0,5,3,221,12,16,8,10,1,1,6,2,4,18,11,13,49,95,6,0,319,3,2,7,3,45,40,29,15,16,54,1,31,54,70,1,20,5,1,1492,1,479,82,9,5,901,0,2,36,37,0,1,14,9,5,54,21,3,17,19,10,134,9,2,3,11,3,9,13,30,0,37,29,6,2,45,589,0,0,8,11,3,25,2175,0,112,18,7,6,6,36,18,0,10,20,0,0,11,10,518,12,65,15,3,244,14,18,21,3,8,8,6,25,5,1,5,1,2,3,2,1,9,19,10,16,302,0,4,31,27,9,5,7,1,0,37,186,22,2,7,0,0,35,10,0,5,6,1,5,67,14,40,1,13,8,4,4,9,12,112,3,0,0,3,1,56,8,19,5,6,2,5,0,8,11,1,122,2,6,7,17,99,9,0,7,16,36,8,3,16,1,6,3,73,102,166,6,1,14,12,28,5,4,16,32,1633,4,26,20,2,6,16,4,5,2,6,25,0,1,93,1,7,6,47,2,1,4,6,30,27,0,19,2,17,10,22,1,5,2,108,10,6,8,3,33,0,0,2,1,8,0,5,10,1,4,4,3,4,8,9,2,16,32,17,87,1,6,137,16,0,41,1,4,419,11,56,22,0,20,2,11,36,3,2,46,13587,14,13,7,19,1,72,15,2,0,2,17,5,5,31,1,67,174,7,1,5,45,17,1,3,0,1,0,23,8,33,45,1,2,46,2,92,18,1017,0,12,1,0,44,2980,0,0,2,2,0,1,2,4,2,14,8,3,1883,9,2,1,2,27,2,3,2,41,6,35,552,0,3,2,13,0,9,5,1,6,27,60,1531,1,10,4,5,6,18,31,0,110,4,0,0,1,9,10,4,1,5,2,1,66,1,4,13,3,103,18,19,3,2,18,0,7,5,6,9,11,3,11,167,10,1,15,28,418,7,283,4,1,1,0,32,8,0,0,135,2,6,11,13,19,75,3,9,1,4,4,16,33,71,2,1,2,27,51,20,42,14,3,5,420,98,2,27,9,11,4,0,0,1,2,6,6,7,2,5,72,15,25,2,9,4,15,15,21,6,15,7,10,6,40,42,2,36,34,1,1,10,1,0,70,716,1,15,13,2,8,8,1,25,17,3,17,9,0,2,7,5,4,0,4,9,0,2,1,1,4,0,18,7,2,7,5,0,2,8,0,3,8,4,16,74,0,4,26,9,0,4,6,78,2,2,6,6,3,15,423,15,59,0,72,14,9,797,7,1,753,57,7,14,26,5,0,6,3,0,79,104,744,5,3,10,34,9,56,41,3,33,3,23,19,0,3,90,8,4,0,145,23,17,15,36,15,4,166,2,0,2,4,1,3,4,1,4,0,31,1,13,2,19,17,0,4,12,27,16,16,25,207,9,8,14,19,2,3,2,4,52,0,11,205,235,4,3,0,3,2,5,14,1057,5,2,31,4,20,204,2,40,17,1532,12,0,42,2,5,7,2,9,23,383,18,9,8,8,9,9,8,2,1,12,0,11,198,13,6,10,46,19,219,646,5,15,2,1,3,0,0,10,15,11,45,9,5,0,3,10,1,21,4,7,9,14,1,2,1,0,2,24,24,0,37,7,10,2,2,12,7,4,1,3,22,11,5,19,10,9,5,1,3,1,0,18,16,1,0,10,23,1,0,29,29,88,0,1,2,10,10,42,9,1,2,8,6,10,0,12,585,12614,4,10,0,5,0,52,2,7,4,80,21,0,6,21,1,2,11,22,10,3,14,4,28,13,8,5,12,48,4,7,0,5,1,6,1,1,14,36,84,14,0,16,14,6,7,1,28,4,14,0,37,1,17,2,1490,236,1,10,21,5,5,29,2,11,8,29,4,14,1,213,3,13,2,21,7,3,11,1,12,0,0,9,32,35,10,2,1,5,1,2,13,9,1,192,21,12,1,4,5,1,1,5,0,12,6,6,4,226,6,2,6,138,16,59,11,6,7,5,8,37,0,2069,10,24,2,3,24,12,7,18,33,1,825,2,4,31,0,0,19,2,289,65,6,0,179,9,4,536,11,248,404,2,2,4,56,5,15,0,23,38,5,57,0,2,166,5,988,3,7,7,32,12,3,13,0,0,65,5,0,8,6,10,4,3,25,3,2,7,8,17,2,15,1,2,570,0,5,1,2,57,17,3,41,9,14,124,45,16,3,73,2,52,675,1,0,21,7,8,1,13,201,0,6,22,22,206,153,0,2,27,35,28,3,7,3,319,26,0,4,3,1,3,20,526,27,65,63,1,2,1,60,0,19,1,0,3,1,9,5,1,1,2,2,49,0,2,7,3,61,271,7,1,0,6,0,8,3,2,296,66,37,1,75,18,44,0,0,33,19,49,65,0,3,38,10,7,11,5,4,28,14,12,8,2,5,3,505,8,196,1,1,7,0,39,1,4,2,47,6,3,5,90,53,6,4,8,8,18,7,8,5,1,2,2,23,10,19,2,2,3,33,586,21,0,5,13,9,12,47,3609,6,2,15,140,10,97,2,17,33,76,24,1,2,13,4,2,8,5,14,8,12,22,10,9,2,6,4,4,11,5,4,47,1,34,2,15,61,3,9,50,8,3,7,21,709,0,9,3,2,14,8,7,6,6,5,73,3,11,2,38,337,8,24,0,4,0,10,7,3,40,76,2,352,146,2,403,0,33,16,1206,5,13,4,2,12,0,1,32,1,8,6,71,12,0,2,10,2,0,13,2,1,3,1,2,0,82,0,68,62,100,1,14,2,11,14,7,15,20,5,24,3,117,0,4,6,9,4,14,144,1,13,0,4,15,2,6,0,15,77,11,498,20,12,11,1,6,0,4,0,0,11,3,26,39,11,4,54,14,3,3,27,0,12,0,0,2,4,2,1,0,4,9,4,2,35,1,2,2,71,5,11,7,3,30,245,6,16,2,0,4,25,22,4817,3,21,20,12,9,0,3,25,11,0,4,497,3,12,89,7,43,0,7,11,22,9,3,6,1,174,16,6,6,0,20,2,8,0,13,7,319,14,7,10,6,1,221,0,42,1,2,45,22,71,13,282,1,18,8,0,22,9,6,12,1,5,227,18,203,0,6,4,15,8,46,2,47,47,12,0,30,0,7,2,39,55,0,2,18,0,10,3,6,19,25,1,17,36,0,2,7,0,1,1,21,2,2,4,23,25,0,3,5,6,15,1049,52,42,26,6,7,0,6,155,7,16,17,6,1,32,164,39,0,3,35,4,30,0,5,8,0,32,3,47,18,26,8,34,38,0,1,22,4,3,2,3,12,2,3,4,6,2,81,8,1,4,355,12,0,2,16,11,1,14,14228,2,4,16,9,13,20,7,14,10,8,21,5,80,2,1,21,17,10,36,128,16,17,6,2,0,8,2,1,14,26,7,31,24,0,0,27,0,19,4,8,6,2,2,239,139,22,18,2,9,17,1,39,6,69,49,1,0,5,21,271,2,12,33,0,25,2,37,10,12,20,24,6,7,2,154,35,0,0,60,0,7,0,15,0,21,29,6,3,0,2,19,1,4,0,0,0,7,29,107,1,66,1,0,12,153,2,7,48,0,28,0,5,31,0,2,7,21,4,1,18,272,15,6,26,5,11,1,70,69,0,7,328,5,16,8,450,39,10,25,1,43,11,19,3,4,5,5,46,7,11,2,320,18,1,80,13,15,32,2,19,9,49,2,6,24,3,22,1,177,0,12,25,25,1,5,15,13,73,0,11,2,16,0,39,0,2,0,23,3,18,0,6,1,21,3,0,16,6,33,10,2,0,1,1,26,21,8,4,11,6,0,26,0,2,4,17,33,23,23,517,1,149,4,3,12,6,58,0,11,5,5,292,41,3,702,2,6,19,30,21,1,1151,2,12,17,0,11,3,3,14,7,58,2,27,2,2,2,220,223,5,3963,18,15,0,1,18,33,251,2,0,5,12,1,11,35,22,1,3,2,24,20,13,0,0,9,82,0,0,12,4,2,55,152,1,45,17,132,64,16,15,0,0,2,6,4,27,18,0,2,1,0,29,0,3,16,50,24,6,39,232,7,1107,3,12,1,5,1,1,8,1,0,10,5,11,8,2,92,16,10,7,34,0,20,16,15,2,1,8,0,0,117,807,23,11,10,21,39,46,188,0,2,2,1,0,112,8,287,2,617,2,2,0,201,14,0,114,14,9,33,26,2,835,12,17,0,3,6,27,25,27,32,21,1,0,13,24,305,5,5,1,12,21,6,9,0,4,7,5,30,17,2,0,2,18,0,3,88,0,7,2,0,2,32,13,2,2,231,8,4,0,1,2,1,77,62,8,3,6,12,3,6,3,4,10,0,0,0,1,28,6,9,10,12,9,27,5,1,6,157,92,63,1,1,4,3,6,1,0,0,6,35,4,1,0,19,7,4,5,0,4,1,3,17,5,1,65,2,12,1,8,30,10,25,31,14,0,9,3,7,23,2,5,2,16,1,14,1,2,0,1,13,8,17,1,0,11,11,0,51,15,12,1,1,0,57,0,459,18,0,6,13,3,4,2,8,9,7,3,0,15,12,3,1,4,14,17,3,16,26,7,5,21,196,119,35,18,5,6,17,585,6,2,2,28,37,1,7,3,0,2,3,16,1,569,43,17,2,26,210,0,24,1,2,14,34,20,80,9,12,1,0,898,27,13,3,0,261,2,3,16,31,0,8,1,30,5,1,26,49,26,0,19,5,1,5,74,3,117,13,0,5,2,10,0,340,0,10,0,9,43,2,15,3,2,4,109,2,23,5,4,3,15,18,0,11,2,19,9,1,2,7,2,10,2,4,12,229,3,14,9,8,2,5,9,173,3,12,13901,0,7,37,4,95,10,0,87,55,0,9,0,46,11,1,2,9,11,2,690,31,7,4,4,20,3,0,1,1,3,7,4,2,0,7,7,16,3,4,86,397,5,6,184,3,4,21,4,0,1,2,1,1,30,0,30,22,17,9,2,6,10,21,9,8,4,16,1,11,1,14,2,4,22,17,3,45,26,15,18,11,12,0,14,27,10,228,55,12,1,366,3,7,96,0,13,30,5,10,23,31,8,164,16,25,1,17,6,18,0,4,3,0,7,16,1,8,1,1,10,266,62,12,7,0,35,0,0,0,2,1429,4,6,2,7,8,30,9,2,72,30,1,10,5,1,7,28,551,11,3,6,14,66,0,0,103,3,128,1,11,5,5,8,17,0,13,4,42,25,84,2,5,4,0,0,1,3,19,1,26,62,11,11,18,1,3,7,6,49,29,15,12,1,30,19,16,53,7,0,0,13,2,18,29,1,1,14,7,2,9,4,2,2,4,37,76,7,15,1,9,3,3,0,14,1,14,0,9,0,14,4,5,9,21,5,7,5,6,7,7,5,3,34,27,8,31,6,3,9,2,0,8,9,1,42,8,13,27,8,17,6,17,16,7,0,0,3,3,27,75,26,59,1,5,4,0,34,2,3,9,0,1,10,18,27,13,5,22,370,2,39,36,125,67,1,0,0,5,9,3,3,19,5,24,4,1,0,17,8,12,10,4,2,1,13,17,9,0,13,2,5,8,5,23,11,5,4,0,18,19,14,7,5,10,30,4,3,4,9,12,9,21,7,2,1,58,8,0,72,3,14,3,14,57,11,6,5,55,23,381,32,31,92,38,4,11,8,7,4,12,0,97,5,15,0,1,9,4,2,12,5,19,31,1,10,25,39,2,0,7,12,57,2,47,7,2,3,143,3,5,10,2,6,8,12,17,8,2,9,1,0,8,6,12,34,8,1,24,9,2,94,2,5,6,219,25,12,13,3,23,14,5,1,25,1,3,39,18,12,9,14,15,3,25,1,0,4,12,13,11,248,23,9,20,51,3,10,259,1,24,8,10,8,57,6,9,3,2,17,7,9,2,0,8,13,1,8,4,21,21,12,0,5,23,3,11,13,19,12,11,0,0,7,3,5,86,12,56,3,14,11,40,4214,4,4,0,63,0,2,59,9,56,4,22,106,2,0,1,7,0,14,38,1,5,7,3,5,9,24,5,7,39,13,0,40,5,1,2,4,0,7,9,5,12,26,13,1,2,25,20,13,0,0,4,5,5,6,19,13,71,5,34,0,10,9,4,2,44,15,8,9,12,4,38,17,0,9,53,13,85,16,1,0,11,15,16,33,0,10,6,46,5,0,11,12,7,812,20,4,16,100,15,22,22,9,1,24,8,16,33,6,4,10,63,2,80,1,29,2,9,10,3,7,7,5,1,21,61,14,3,3,43,9,14,218,3,10,166,7,24,10,30,8,0,10,17,0,24,15,16,79,68,7,16,2,26,9,19,3,108,4,1,15,19,3,52,14,3,3,173,8,3,12,3,0,19,85,3,38,0,2,10,5,1,0,16,179,2,10,13,22,12,4,15,27,11,18,0,20,20,0,9,31,3,142,0,1,0,0,64,1,715,1,15,2,25,0,8,33,9,0,1,4,0,15,13,8,1,2,3,80,7,18,27,2,3,133,8,17,0,1,0,0,4,18,0,5,16,5,10,5,10,16,7,16,111,19,15,8,14,1,87,10,3,4,0,9,0,33,121,1,1,16,15,9,3,4,26,27,40,3,4,4,14,25,423,1,1,1,38,0,34,1,18,0,1,179,43,16,61,11,14,5,1,2,14,0,3,4,0,14,1,4,7,8,7,61,28,6,22,1,74,11,0,1,15,5,33,672,18,0,16,17,5,8,9,6,1,5,30,13,29,137,55,12,6,6,12,1,11,0,6,12,40,111,2,27,6,5,4,0,15,2,5,0,15,6,2,37,6,32,1,0,9,31,24,118,3,1,17,1,1,2,3,1,13,3,9,175,7,4,5,4,0,1,6,13,15,21,23,8,1,35,16,17,1,17,56,9,12,2,21,9,0,10,2,18,21,1,4,70,12,26,5,3,15,4,1,1,18,0,0,12,0,13,118,9,1,7,0,79,3,3,2,48,3,81,22,12,1,8,6,11,5,4,76,1,54,1,6,65,6,140,2,14,1124,126,63,8,4,52,2,7,1,66,5,16,18,5,3,5,1,8,32,2,8,3,0,2,5,1,8,30,9,64,5,8,81,165,5,2,3,13,2,11,1,7,8,24,2,13,2,3,1,4,7,39,13,23,5,93,26,60,44,1,13,13,12,6,7,27,11,9,0,4,0,14,3,2,1,2,2,37,0,8,17,21,3,26,37,19,3,1,20,0,7,131,5,9,18,50,3,11,12,24,57,0,4,2,31,1,1,57,6,5,29,11,10,6,1,35,0,5,3,0,53,17,0,1,3,68,0,11,13,115,4,13,70,2,6,26,1,78,2,121,10,12,1,76,3,1,1,2,17,2,3,3,5,24,28,2,1,0,4,16,5,21,75,2,30,4,2,0,69,8,1,3,2,3,3,38,8,8,0,56,3,11,8,15,23,1,1,82,5,3,10,62,24,25,4,0,3,24,0,0,17,13,0,0,53,3,2,8,14,0,8,34,5,5,11,39,6,20,4,30,16,62,43,15,0,0,8,1,9,3,27,219,3,0,13,10,5,2,3,25,19,3,12,3,55,21,4,2,14,3,32,15,40,17,6,4,26,5,1,19,74,23,6,7,92,53,5,29,86,0,255,11,7,5,1,2,6,27,2,10,8,17,6,16,5,21,4,8,16,1,1,16,12,4,16,0,4,17,2,4,148,6,5,11,8,4,8,20,22,11,0,53,4,109,45,13,1,23,1,20,0,10,6,19,68,41,4,16,13,32,20,9,0,37,3,19,1,99,10,150,55,9,18,5,41,1,3,1,6,7,17,19,4,53,7,1,0,4,5,2,6,296,1,0,1,1,34,2,2,0,112,1,388,32,0,154,310,18,6,42,0,8,6,12,3,64,29,2,2,132,0,14,0,2,3,0,0,5,1,27,14,16,3,17,15,140,4,31,33,1,0,3,11,34,41,10,21,34,267,68,2,1,21,12,8,3,0,64,12,13,46,1,7,0,6,3,237,3,1,8,63,3,27,11,124,2,3,2,0,20,3,3,4,16,4,3,1,3,6,5,18,0,0,10,18,7,3,6,0,10,0,2,1,15,14,8,2,38,31,1,40,4,7,2,1,7,7,18,5,173,3,10,1,2,11,22,1,1,12,13,18,1,114,1,3,38,0,11,2,5,8,7,0,2,244,0,15,1,1,1,7,17,7,11,6,6,17,6,1,24,43,14,0,15,62,13,0,13,3,253,0,13,0,13,4,2,0,0,2,48,1,10,3,23,0,34,13,30,44,18,4,2,30,12,0,7,32,14,5,4,19,3,3,4,18,21,11,5,11,0,5,14,82,13,6,7,7,18,8,21,37,6,2,0,4,1,58,5,5,4,7,163,147,1,18,2,0,4,1,2,2,0,10,5,11,6,10,2,48,0,10,64,10,4,4,23,1,48,36,0,1,5,0,12,9,26,211,48,2,88,11,7,1,10,24,2,10,28,4,8,10,15,15,13,2,2,68,0,4,0,2,125,55,6,10,5,2,18,3,34,11,7,18,6,34,2,50,16,0,44,4,0,0,13,3,23,2,6,5,2,7,16,9,16,6,6,1,5,22,1,1,0,46,10,0,15,3,7,7,720,3,7,1,1,6,5,1,1,1,2,25,10,148,3,0,15,3,0,5,26,102,5,9,2,5,16,26,18,11,15,3,1,0,2,7,2,1,11,31,0,5,6,1,8,1,3,11,6,219,10,32,49,5,8,9,39,0,6,5,195,6,19,50,126,18,6,5,1,24,8,21,9,54,16,3,32,3,5,7,6,10,3,38,10,12,10,3,146,3,17,15,0,0,4,4,19,0,3,7,53,0,5,66,12,8,39,15,33,14,28,7,1,1,4,24,3,2,16,38,27,1,17,3,2,66,556,6,7,5,4,16,26,22,5,6,17,1,1,15,4,21,9,25,12,21,2,2,8,1,8,21,5,4,1,53,1,0,77,0,2,30,1083,22,0,46,5,91,5,5,8,7,13,2,54,0,5,21,0,1,42,54,5,2,17,12,2,34,28,3,18,22,19,6,47,4,0,2,23,21,3,6,10,17,113,8,1,3,11,3,0,3,5,11,1,1,1,11,23,1,3,6,6,2,1,8,0,0,7,4,37,8,16,72,10,3,7,8,12,1,8,10,2,5,1,2,7,4,29,1,16,11,1,2,0,46,9,6,7,9,39,9,0,11,34,6,5,8,13,0,10,14,3,2,0,5,1,11,7,56,22,21,26,76,11,2,52,65,19,8,1,2,1,0,9,3,26,323,19,22,1,12,19,1,1,3,13,13,21,55,165,17,3,2,0,8,3,325,7,9,3,10,11,7,12,6,6,59,2,34,1,7,11,1,3,8,11,7,0,6,1,3,8,0,1,34,26,20,29,0,5,7,1,1,5,175,28,30,14,11,2,3,12,5,15,1,4,1,18,2,116,54,0,6,76,8,5,16,85,14,9,8,5,12,2,4,4,4,19,4,35,3,39,1,4,77,6,10,3,5,263,0,6,60,10,10,51,59,34,23,345,13,5,5,5,35,23,45,1,10,29,27,4,24,45,17,1,0,478,10,96,40,4,63,5,18,4,22,20,1,21,3,6,1,6,12,5,11,2,8,194,19,2,0,4
6457,6,21331,6082,4593,361,5736,322,379,5622,15989,795,15331,11600,417,10170,8348,1929,14024,857,1948,133,78,13081,13635,1094,3816,12006,15253,8438,3186,791,11042,4894,11214,639,4429,4323,2387,3764,5109,6443,1925,29320,15208,3132,3331,12573,6172,4444,6772,900,1807,787,100,13124,573,1097,1580,3652,4880,100,1770,290,15609,218,12452,1653,447,1322,2536,2224,2366,980,16783,1324,28662,901,4786,3919,11152,7696,1391,5047,92,12487,3378,1145,6951,6851,3644,136,461,5254,6469,3282,1808,2630,7322,2521,431,611,5927,4831,21,13506,30271,747,1390,308,888,3843,408,1393,1236,1074,116,1017,1308,517,15527,621,142,1664,38837,1215,149,7942,574,69,4082,11719,8120,6746,5397,1969,6656,3158,17565,5542,289,178,680,727,605,3297,1464,1876,9928,59,3337,1954,6767,3726,4560,369,16,754,5237,13238,8762,15425,871,16655,1197,1249,815,3018,16454,1822,9735,2854,10760,1747,360,1117,3912,3922,17753,268,8015,1186,6711,8077,25668,9189,556,1537,8479,7130,10674,582,6339,2138,1892,61,4175,188,3076,243,288,379,3889,1399,1406,44835,2665,5371,1971,6472,2327,3327,15585,255,4202,3300,3878,2144,3701,748,219,1762,171,2420,1894,379,1058,219,20252,7211,365,15824,487,183,834,8357,8793,21041,1597,9372,10007,589,9494,9966,0,1670,672,1038,240,2408,15731,21618,13023,214,1569,4510,2359,862,1295,421,6773,8358,10802,11311,1654,9425,120,16161,2150,4848,3853,1938,6838,7396,5556,926,2589,765,18037,3071,230,1959,4954,1309,1155,2238,4403,10287,1741,73,331,3284,633,872,3165,168,3193,6640,2270,2867,3329,10711,283,9701,581,932,1848,1033,1347,2666,2121,3498,12057,553,7359,8823,24371,4945,994,607,1099,3018,263,2310,2941,1793,39399,22213,15193,277,1737,40174,2723,780,6183,8489,1474,113,2376,0,1337,17,1167,205,4278,2112,662,5218,2642,294,2273,1351,29,6899,12119,1854,257,751,584,22830,229,260,14173,40,154,284,4189,476,1719,492,1653,1010,533,270,450,318,17779,4079,1358,144,2282,12587,7743,9257,4572,3477,1564,10604,16792,1807,107,14765,23988,2935,1891,3822,4436,2846,915,828,251,650,76,1185,3274,5310,866,185,185,2168,288,5298,5553,2734,26,1353,2723,5308,3242,2151,4818,880,4718,23467,2488,629,1743,2178,51,9115,1350,10429,32,2694,2322,9415,10470,7790,27570,373,254,894,18342,6882,188,15704,9584,7656,1413,378,9314,8537,11909,1410,298,13354,10668,2075,63,11502,278,489,2898,3534,575,1158,3379,251,66,2595,100,625,1902,7401,7079,7496,4714,284,3973,4524,4145,175,11641,6229,593,7904,1384,256,3509,7881,3550,4278,281,2289,11305,3437,3742,13837,80,3805,1123,4717,5611,383,3851,702,8107,5214,6036,6307,5060,8341,3860,1841,11008,1037,16705,1166,5500,16205,1869,4576,15,686,230,468,6365,831,3662,202,14157,1811,9546,78,9252,10739,16343,1349,47,9036,1791,4338,25201,65,17898,697,26035,11632,3223,432,10910,1606,918,308,1157,150,1034,10,28245,145,662,1160,7614,3184,87,7905,6208,1393,285,921,3735,564,2715,8151,861,4837,1031,6115,2307,2415,2314,8699,898,454,5466,1518,4717,6393,6424,4685,7578,1910,201,7017,83,2103,7620,9587,900,1443,1226,947,9580,3039,519,799,10587,452,6441,9066,11149,256,324,1189,3401,4,1331,19120,2168,32,949,717,1770,189,68,418,4736,5356,213,16999,4729,1634,15995,1073,960,2583,25320,10383,4578,5962,8288,12741,4398,18454,36800,2495,1458,828,1194,263,873,437,6814,24184,5856,2871,13833,495,74,277,7703,460,1054,787,872,2082,2645,229,1165,40833,7200,1455,12412,5019,175,6760,2092,15984,10380,3860,27103,3395,8896,4126,21690,22623,520,9906,17120,560,10300,1724,2292,207,12356,4144,270,317,16879,20395,569,1064,40307,7945,62,0,1592,7436,638,2584,12996,311,261,177,11776,5155,379,999,17560,16405,1740,6254,5283,1462,12038,4241,3332,11181,859,1411,4007,977,11899,150,240,80,422,528,2106,6626,7208,397,1852,319,1363,15090,6667,6694,30,11327,39490,18960,2146,29869,886,25564,4489,5564,2771,5034,4965,31,317,6259,61526,13736,1409,30558,326,16114,8843,16905,2101,5072,1674,8003,896,6291,16200,193,1103,1006,5886,22712,3479,8207,112,314,34938,6802,1597,3399,236,442,15197,1166,2493,896,91,13423,310,62,9379,2015,217,364,1510,1119,528,6068,305,57563,4645,23150,1516,625,2922,3608,765,1360,609,8978,1012,61813,7584,650,530,25052,6318,1575,11520,2259,9969,10938,9601,2132,498,3491,1053,8374,22102,1213,5695,35010,4880,322,208,940,3746,3794,459,2748,2585,9324,2767,137,4440,80,93,30546,3215,9257,6244,8772,6612,988,8724,97,3667,8597,19018,1372,1900,13263,4334,8290,2427,12912,3701,708,31014,516,7986,1346,12344,320,4159,169,15681,41,1244,2929,991,12241,4381,515,1096,1410,9,273,27920,998,2516,20935,4747,5323,3530,19342,3198,670,4308,17027,3855,6047,4025,61,5863,3033,508,1899,4596,1397,36258,1662,9558,79,4296,14516,2406,286,14601,2585,538,5389,2176,9481,46855,50,4574,15825,8252,811,19490,8038,273,5098,290,24268,1031,1337,2616,1863,10626,3378,909,573,295,3778,9096,864,1678,11742,202,9288,1032,9,15089,9639,1569,16553,230,5818,213,780,6719,30403,2561,14251,25227,499,10640,737,9906,2433,11075,7504,7050,20844,13518,2258,1165,105,208,1885,7215,861,53,1806,3011,9414,36,41038,506,56,4643,1256,2188,8751,365,8189,2290,7379,15,11106,2553,945,2331,1382,319,21430,14183,20426,89,30028,23894,175,216,1440,391,10536,16992,303,880,2638,804,3753,2465,4837,424,2001,4026,2956,5878,2828,108,1500,704,315,15747,3164,1014,16809,4406,5181,3990,12238,1860,1327,3753,767,1821,14745,476,84,1401,7786,343,1532,117,15650,7193,376,204,6250,3440,107,1160,11324,8536,4676,2525,203,13337,16721,6956,109,639,11107,697,3137,17094,27314,969,2994,69,722,549,2665,427,3889,597,1415,6238,166,68,8,1953,8724,36,70,4256,1019,24287,1850,284,1726,9125,1073,1537,1477,617,2329,263,47,1992,3413,1479,222,24774,13494,19277,4504,1063,3116,2793,11269,22,607,842,598,7188,6172,2018,40411,1684,8577,1294,4357,250,515,71,11298,3419,4883,499,24878,4307,23,3625,6443,5013,313,1508,2114,14715,2554,6888,123,18916,7277,830,11707,671,8156,871,5141,2565,596,8268,819,2407,1240,30,4611,25110,27116,652,11179,137,12543,12297,4889,142,5461,117,5460,10922,1025,222,3891,1073,386,11387,3400,250,4852,4406,978,800,9334,72,830,2480,29681,1888,3837,24170,10923,18758,41676,738,4014,296,4551,1581,16617,112,6501,1970,4833,1719,4412,351,47,14326,14335,11909,10768,7700,23,329,17934,12842,61,667,6235,18,2057,9617,11644,14579,3627,89,8841,1019,828,21609,8532,1241,7546,5737,5727,45118,10110,2901,31066,2885,10903,11937,1260,18438,5414,13967,1006,1246,6955,2365,84,7084,56,253,395,150,3154,866,784,2287,2114,629,266,22199,6400,3557,1005,62,2819,1896,1270,4390,2509,3371,3985,7378,714,23355,8365,2055,17733,224,17065,1477,2711,136,26375,4015,856,1096,7871,18190,2203,2591,526,362,15853,852,19615,14683,1197,2625,10839,1662,4489,6381,548,1500,1247,324,4578,21860,7260,3256,6848,9655,14548,15997,537,3871,2086,2132,561,6860,2134,4417,8724,11843,11644,9952,1002,9388,2722,1598,20982,4408,31,667,7787,12182,1916,5123,231,7,270,12646,11499,817,1689,4517,15681,4987,26586,2744,4065,2561,359,2164,2728,7939,7205,646,2742,21768,19012,760,3013,1266,8216,6911,1351,1068,1494,4191,1098,34447,1105,15586,29233,1636,4390,4781,15205,22663,197,405,984,8157,397,1089,114,8317,155,7311,2083,38,1835,23,5683,2938,11184,654,4359,33,2473,3012,4453,702,634,444,2320,6604,4124,528,1282,2036,8025,8655,3807,12695,729,3293,5459,3733,2540,26254,17819,1981,4963,14177,17919,159,5256,650,257,1670,6201,3460,22500,516,2190,16127,2342,2963,96,5497,70,1960,127,4349,9065,4333,254,6052,8697,61,6239,8635,7562,6412,12917,3050,8913,7900,867,2296,10952,483,3137,3376,814,37,437,1142,8105,695,640,6865,1727,967,1322,19260,4965,25345,3169,461,558,585,114,23339,17,6467,1117,1520,22993,1457,9086,887,170,2413,3100,3839,947,6978,5623,1019,3736,32279,4567,1192,1431,646,794,3466,137,5388,2151,1385,6264,416,649,4172,3871,46421,27665,297,14078,827,3811,602,784,161,10448,1245,1829,23935,1733,61,5517,18255,7135,1923,13705,2327,40,219,64,12190,1305,9320,17297,1181,27,723,90,1960,3377,5067,484,2618,2064,1342,8904,970,190,56462,10624,598,32978,1832,3033,2289,6713,5547,3438,55,451,59,2751,6131,27584,238,1565,803,844,931,2582,14033,18709,8608,5265,1980,1619,8190,520,247,2771,2748,566,14511,1047,1018,271,160,53072,25313,1087,0,2253,1919,51,127,2185,1682,3789,9655,3830,4262,1694,3741,13547,1316,374,11293,8918,21347,97,287,885,2984,2475,30611,788,24089,269,3455,616,10631,150,2008,242,1182,369,1219,1443,12261,413,26038,6529,7309,3588,7718,5,17971,2551,262,4340,12486,2260,71,25113,757,5090,977,2371,435,707,1309,1297,217,4410,10075,4329,3261,28977,3263,7814,948,4314,1137,240,216,2575,8456,4146,733,3023,6719,2970,2249,4411,2158,12,211,13291,442,255,122,10254,524,13399,1742,100,17101,5521,581,2083,1920,5213,7961,11588,1369,668,3159,456,1326,13941,63689,630,4076,2656,215,6350,15739,3216,8984,740,151,3085,14735,561,1195,6580,2607,7962,1940,6052,37168,519,322,29725,3040,459,3816,1457,1304,18280,1156,3725,673,1489,43471,2273,315,5166,137,11,35005,678,624,1172,1373,831,1682,510,700,2559,177,8413,4765,5726,1142,16635,8369,6325,2837,75,2123,342,7363,3402,394,253,19528,10311,29,2266,25312,17393,79,157,348,685,16,438,678,45,213,209,141,77,1132,17729,5643,1606,10504,5486,2756,3580,25766,19117,7266,35,344,16510,6347,1502,20618,20190,993,1717,431,4318,1955,1555,2725,7737,4028,21105,4723,5463,812,1846,18838,509,5997,13939,16101,5711,3479,21188,4112,324,12661,11866,821,22,2095,621,679,1316,1,4168,6761,25016,5708,467,10871,2630,164,8567,11277,6801,66,5656,1302,214,36244,519,3841,2601,6236,25992,799,105,9131,196,7718,457,863,3539,3463,8832,7433,60073,1841,2450,522,3635,598,10144,378,3718,2933,6547,12814,10615,772,4145,24579,106,247,4284,19930,11892,744,665,4093,194,7893,5692,221,121,7948,22902,158,0,2922,6826,2493,4094,2012,506,1140,23,388,2183,7831,67,6181,15772,3752,336,1464,37388,6157,2433,24,20,6793,1961,220,188,5542,3764,310,4806,1134,8085,2789,3825,117,12782,5511,652,682,11142,1343,7741,1072,5138,3909,2098,5688,2120,1151,6461,1309,68,554,3977,105,909,595,1220,51343,11268,2408,4055,21760,1040,8048,3922,10858,119,638,2624,932,3926,1669,4525,1779,467,17845,102,1589,11785,2250,92,2246,5801,7136,5225,14,1625,449,594,4390,908,30,133,94,3006,1885,8521,59,7815,4285,8076,22880,22233,493,104,1285,654,1649,9825,4241,8091,205,2255,2690,1368,5518,1988,2856,4655,1136,3841,604,362,10340,22895,18989,2113,291,3254,5770,4859,149,4808,3667,1352,427,1709,7385,8684,6082,290,2105,16933,2318,1570,22604,63,41021,30912,3722,948,820,3389,664,22091,1832,4784,1755,8236,2534,551,12828,1529,4148,3454,12624,22,5992,61,6407,867,1406,11586,8188,82,842,2941,1066,162,10952,30682,12007,22384,1081,329,2746,950,2647,922,976,1564,445,1442,1933,8372,5569,19569,3359,15536,3661,18798,132,11958,1282,241,1126,4879,7856,594,4928,683,121,13001,2176,3155,91,12391,633,19568,3744,1081,959,43,2311,11250,20,13028,27346,41471,1551,6772,4924,6378,2879,1250,33856,265,9610,1492,112,50477,2737,5543,697,2943,9951,17175,7574,95,22338,6862,1141,2935,578,5763,1449,76,136,563,8378,657,5202,3020,295,5960,474,4778,450,1796,68,19022,107,2648,5066,12808,196,3620,753,797,294,215,1026,92,3515,247,512,241,479,4237,20232,416,7715,50,11478,2549,60457,1850,13851,5093,1215,4064,7681,1315,246,71,4455,1186,2551,50,9195,7531,29961,43406,10639,542,2150,857,21498,4181,6817,3353,772,2289,1560,277,2,11203,1541,288,4294,391,681,27492,20430,1984,28139,5975,2988,7836,4139,10967,7797,1412,3341,6638,4832,1175,22347,445,1022,299,4459,732,1735,22692,251,1853,1112,29,3411,1154,6984,5525,21649,376,7149,3771,7259,2482,33978,11862,511,1794,5648,139,4710,3442,2092,90,407,4152,10579,6941,4999,2267,724,4205,1591,177,326,7706,1398,46190,412,681,90,8561,1039,118,12336,305,1323,50,14846,1710,17,14243,78,12229,3157,8352,4723,6795,12683,11,582,49,57,4128,13479,771,4457,343,10157,577,1345,11490,239,3056,13589,2074,3053,626,4690,7631,551,780,3085,5545,574,145,12055,12439,14002,7944,6226,18787,16474,34951,22957,189,5549,58,7858,8086,122,555,10792,1500,3042,9490,5142,2693,467,8869,2573,9186,8023,12640,1247,7589,5886,86,13765,20947,229,4686,28301,2799,17103,5772,443,1135,5367,11045,6724,8950,153,1549,2002,3381,5859,2347,2999,2049,454,1804,722,3947,230,2302,379,5985,3904,19925,473,9589,14966,6275,1386,25143,6211,629,1405,410,8367,1339,2930,873,259,540,30,527,127,1176,14,8315,9496,416,27856,9063,4934,11618,2393,727,20,3197,6675,33,2677,3186,224,10455,363,1455,3361,1345,296,18240,5126,4729,1152,172,5366,599,3030,8965,9863,14438,282,11338,850,871,1668,543,720,3479,675,3170,10566,7073,273,55,4360,3979,534,601,2003,2280,489,1962,6101,3928,18451,224,167,2096,796,4792,669,770,426,13191,140,4833,2830,1479,893,1337,87,905,8596,604,2,3151,888,1066,14330,1746,2332,1275,54275,66,6900,2126,9616,306,2065,3689,15041,9645,346,482,260,6016,467,638,291,912,6522,8918,3265,14989,2,1771,437,7156,2351,3628,4963,9220,691,652,6942,5019,5251,1707,20835,3450,7893,28494,372,2850,4714,2065,60,13748,375,3920,4035,7573,3591,1524,6926,839,226,129,992,1006,7547,4658,6251,2186,56,784,17905,73,15757,533,3057,2021,3230,3208,621,1051,9812,1270,20961,19821,3435,2235,1125,3008,3422,21377,4568,65738,6792,9642,2107,43020,258,11246,616,169,1734,1061,16559,25,949,2079,4712,915,539,745,14,415,1157,6573,233,6510,3441,722,381,2780,4750,5024,2041,84,6874,19206,4072,657,366,5333,471,1227,28943,1522,7983,2677,2247,3416,5164,2355,5184,2314,3021,98,209,44460,102,2568,14731,2918,45785,179,2224,527,438,2214,1481,1448,581,255,1699,13547,630,1224,43020,1001,31269,497,70,369,9234,228,1079,206,1864,68,1006,12793,21188,7,2675,4128,3631,5971,351,19295,5375,102,1366,554,10514,5,6409,4068,4951,1458,1280,113,14718,2890,2075,4065,1144,5520,799,3610,6244,1693,6166,46,61,18319,238,15044,1215,3560,7655,861,1657,16706,14160,6441,1923,485,6325,8448,2250,4940,1307,237,21444,2505,72,1298,2297,1321,867,1462,632,5429,197,1753,167,11135,5753,14527,760,3241,408,1988,41,3051,3159,3966,46,8619,5575,428,3546,13312,517,13722,547,4648,215,3896,714,1012,114,9974,5160,3649,0,932,94,1900,111,2594,599,1065,274,27002,3362,9094,293,3943,2639,10976,1642,746,115,58929,4103,926,938,25704,1223,761,5785,21,4428,2471,513,5175,184,4125,7496,1822,948,186,2178,3410,2443,9106,12151,768,2444,1297,7785,1387,134,524,40693,27568,9312,8248,21222,6794,3118,0,1525,945,1064,8707,28332,52,14762,147,900,1966,4341,1823,123,2221,2923,1695,1382,4661,3236,2610,5237,2411,127,5937,101,28909,2894,219,78,500,3245,198,2305,14539,49,2901,1049,1266,312,11693,7650,1429,2619,81,9954,2584,64448,1851,35512,512,5476,4939,9848,6132,5908,29080,85,14011,9214,1333,114,2455,196,10466,29742,420,24135,11943,4354,6433,1694,1649,4848,1270,5819,1383,3940,19883,613,2407,1887,3521,1225,25975,5247,5869,474,7296,140,852,289,6245,1588,2051,1704,2229,141,1042,1725,16,8661,1652,8642,1602,5391,7755,18319,170,14318,1582,7709,16992,3068,5497,2554,9047,2738,27336,35399,2358,245,10582,1057,6503,23605,3673,18697,280,37,1326,194,302,15045,221,10610,3455,4395,1627,20812,1472,1625,4800,1122,2291,5548,11449,288,1689,14015,550,6144,3011,5167,668,2429,435,3706,4849,30064,5490,1336,8545,5785,943,5634,4912,1802,7602,346,32571,299,93,493,8377,1564,2455,2995,4856,804,1657,15307,4820,7422,535,2635,5974,11672,3496,204,338,277,28,2917,480,1605,21,10619,17696,21762,135,940,1829,1293,958,9453,6773,34857,11095,316,2592,4136,189,301,10508,5644,31,15241,18118,4193,19361,8979,866,28,3207,891,1425,1452,1,7565,10936,15733,2672,5165,941,1433,231,11120,4253,1198,2087,718,14156,6311,5136,2515,729,248,242,14266,10552,14295,2906,1221,360,439,1731,11613,3364,6176,16494,3313,11559,4456,2370,1396,3717,4075,899,1470,12829,11878,1914,889,1511,229,2439,5398,1816,68,248,5390,1570,38994,1330,1178,223,7311,4555,3297,3334,869,8,236,4465,499,10063,325,26890,106,3018,4645,1609,2819,465,7471,2982,383,4970,399,22988,4835,17976,1556,2098,41245,1107,4152,156,2199,9901,982,4062,1998,1255,3857,315,2094,7869,1874,613,12524,8860,1814,15352,5978,900,4488,74,6130,2792,450,623,580,766,12744,9791,780,870,3513,24134,1337,20666,5020,315,2805,31290,9257,1814,901,10050,13658,998,1169,596,17640,1083,1094,3910,2628,4792,16950,3897,322,10104,308,1508,6572,9924,700,175,2068,13452,2045,1011,6007,443,161,251,8642,12922,7492,15855,7553,3026,2154,3344,564,1820,317,764,2602,13992,4697,17890,259,12488,9727,9720,10,4997,5618,8167,75,2079,1551,517,3433,4915,243,1603,587,7541,2464,445,12100,11407,3388,11733,625,290,3634,2055,13616,14149,25,4698,1000,836,1404,5734,6193,1032,3583,28827,15260,4874,776,460,195,9593,2029,3754,5141,957,11476,0,3725,846,259,19934,1121,615,99,149,10147,453,827,24907,2762,2479,508,5372,615,36022,5397,2813,4766,8797,28223,4404,65,247,13905,2377,26577,72,1584,1477,145,10843,2676,333,2495,15937,702,10630,7218,7176,1356,3977,1791,2723,19019,10140,20534,1632,5812,1235,136,420,284,1289,6934,4410,2985,226,4406,15016,876,7515,333,1924,88,997,2557,32664,22694,303,270,158,32037,15407,2753,19282,18130,2881,2514,10,0,939,11170,3988,1738,1210,18418,249,262,3247,2105,6983,3893,108,172,788,2075,411,35353,5061,1065,9492,10562,334,191,663,14700,2809,247,808,11843,335,8,18672,6264,334,2325,150,657,3552,10644,784,8434,1023,8241,2274,227,1110,1755,319,4839,1601,39441,1376,3103,788,382,26,226,882,1854,34916,3245,1449,107,23761,464,6874,8342,3880,2082,16075,11709,7287,608,2619,10344,114,7295,19,84,2975,3020,4134,19611,13406,24957,1744,203,17322,68389,193,2637,1350,4935,86,744,1759,1314,26916,4460,5469,13689,3764,12304,312,16161,791,13652,66,4894,876,1880,16420,4890,504,198,2306,14134,970,3458,618,4117,1990,219,16804,35217,6033,817,12361,1810,22070,4096,876,45466,3917,154,3518,32739,168,600,1514,3421,460,10175,86,14475,6867,591,634,65,7,7848,42287,38,476,110,3215,40819,143,1468,79,596,17592,567,3569,4063,10463,26487,964,498,1742,3372,708,366,219,1883,6946,1843,117,4026,136,3061,3320,1512,920,787,6927,276,944,2049,4494,0,2122,621,2525,817,659,960,1215,29254,8610,937,1919,3703,4673,1968,471,1329,1144,129,6242,1798,19889,565,7870,355,4020,799,3905,1653,583,3825,4244,140,2808,8236,20073,4497,162,919,5208,177,1205,1418,787,7373,72,356,1103,479,6083,5289,5415,6785,2489,1040,509,776,61,6343,915,4887,13445,3211,743,6030,276,2391,518,26296,17529,14831,874,56,1342,3275,18368,857,11362,5550,2833,405,431,367,2203,1992,923,0,10651,5799,4553,5216,160,7705,2056,3069,6937,62,2817,675,1259,86,8493,23607,5019,815,13794,90,15010,587,189,2750,1257,787,7700,1883,1390,12916,33825,128,566,14549,20035,5281,3708,1417,26,4264,977,9591,841,104,789,5990,6468,5218,10816,1990,1811,2373,1306,12306,1667,1052,7025,1734,1059,2200,5422,1207,3120,26072,302,6959,4829,4799,46168,8833,1808,2312,9338,4624,1747,2474,142,2893,859,7911,2336,2634,776,658,878,4770,9751,170,523,517,53,4084,4370,244,3139,1544,2348,8704,663,224,120,6001,11796,858,6375,1854,23931,14857,667,1047,6026,12755,2568,2972,19836,6960,9080,79365,6063,43359,60531,990,2272,32,762,3162,403,282,3622,1756,193,631,8833,88,4982,965,2523,54,131,3152,1348,474,3188,3155,1409,680,10357,565,12949,2671,3150,1364,2666,1785,10,538,2171,10919,318,13860,2113,500,274,17202,1639,9128,40,1187,16581,43,6485,6056,613,5299,11174,3965,2714,2255,832,5268,6438,4434,10668,16885,17630,3768,8139,516,9413,2499,16407,3344,759,14487,1220,763,375,62,10567,1347,799,975,1015,11731,15974,2292,2139,5223,94,1198,2265,739,5008,20394,3185,9169,12201,17781,358,3714,20846,15308,10252,2522,1761,290,4617,580,537,2198,908,1445,5596,11246,13472,8680,1516,2190,9737,9854,17364,767,8069,167,41334,0,660,16287,1673,5969,16082,181,9990,10353,36649,3742,10580,8446,889,486,715,2836,396,579,879,11765,1098,722,5271,889,119,1691,4193,2648,3358,2363,1121,194,10564,12052,9932,336,42,2605,14252,808,3553,20,1933,584,2783,80,896,3327,2617,1091,53,2657,725,634,4292,179,4973,1716,11077,6903,3926,418,3304,4743,6,213,4435,867,34868,892,3909,201,1459,12408,37,18136,30429,1143,6677,10221,2975,914,3940,19757,2731,4527,8397,6923,2115,3316,6565,123,4965,978,2930,4420,1084,648,3366,5974,2647,105,2637,170,6307,2629,507,150,587,17777,7766,5744,5502,12604,974,914,67,3946,6662,1364,5949,529,3459,3486,22340,9198,11384,1316,524,2848,410,9084,2169,2598,6559,887,2193,270,799,155,317,1428,589,12756,3020,6383,2426,2137,2889,25168,6860,20243,64,1820,404,429,290,8156,18360,1384,29,3374,877,13278,4569,582,20944,54,2749,130,2677,3019,1349,13066,106,219,2898,756,440,897,22889,846,877,355,7039,10670,450,12069,190,21245,1808,214,6410,14392,4051,28319,12453,2722,30031,3967,10669,1395,15353,3173,52747,8046,1996,2609,6263,14429,4817,15414,1197,812,748,9454,6806,4760,13664,3562,918,4863,1507,474,788,8685,91,688,1157,661,868,7651,51,4028,2655,2037,2348,6411,2493,195,10655,10190,6887,218,22101,11633,13488,189,1224,574,53,717,609,19191,8229,3674,8064,18,4002,31134,3294,2718,1258,32933,365,374,2602,14894,554,8035,1421,430,17160,3033,3581,90,8654,447,882,8070,18262,6563,3181,136,4711,1240,1923,7529,1474,1288,12567,7631,8582,363,1243,5152,3376,1639,4117,1612,3792,531,3563,45,1302,373,49,7102,63,25688,233,5955,40920,202,825,733,7457,15819,25007,575,429,3251,6983,16254,26298,11140,10270,2561,3109,222,459,332,17227,14,819,2914,1448,2220,11565,111,7364,533,23427,4365,21659,108,3004,3006,12,1005,20144,689,345,6367,6785,398,9233,3947,3888,6808,24505,2320,18678,2419,3024,1281,153,3321,10422,3409,10360,1576,8189,3781,6219,2024,164,3660,80,2130,2911,8874,1504,299,6238,8846,2983,518,6489,2259,7169,2410,12060,18752,15329,910,3878,6539,14633,18541,1781,18118,2988,3297,1478,90,9964,499,20,10619,2010,7921,123,2807,206,25148,1409,8992,561,212,392,170,4198,26104,1514,3366,4951,11083,485,2344,2522,3862,22109,1538,7168,75,601,11783,99,24984,1293,2174,2532,986,4184,119,4558,1600,8090,786,136,10342,8860,3762,16851,3435,4069,30,2128,579,213,379,5421,923,10304,6413,57,1455,29614,2063,1464,2467,13166,21,761,5936,11337,41358,1679,11219,3558,7693,1990,1209,13883,86,390,3191,329,25151,2190,4393,65,2824,2161,42,11163,517,2611,323,433,941,604,6643,1517,9215,5372,27253,13464,16505,1372,152,7994,9843,27728,24,97,952,7956,3045,6902,17313,2120,12645,2312,2609,817,2841,5463,4085,1092,759,10501,115,59,9663,1152,1489,858,1341,768,22,2808,22801,5956,1362,3386,7656,13212,9462,10266,9149,2239,3094,4769,15321,13682,79,10813,2106,25216,3892,2298,16482,1590,7001,21281,531,13863,15183,3882,87,5035,4438,1753,5532,29880,3511,1165,5416,5029,14322,2798,2077,11944,2349,1546,4807,952,9555,42,593,340,11619,2568,20167,1536,15688,11437,119,1218,187,1732,10613,5844,10029,4780,2935,1140,3582,11699,5738,12,17,2162,5882,2594,974,655,994,21809,6993,144,392,441,426,27090,1009,9371,858,3167,151,60336,6803,1440,11950,619,629,3035,27528,719,6089,64,1613,9594,17752,9189,1243,11,12897,6796,3224,379,1241,8361,3233,4926,2826,87,4458,289,11791,0,3092,2791,15547,2041,10,351,3065,2282,5407,470,38,1666,1393,5246,4660,580,7675,19201,5895,960,2451,2424,3129,11648,8752,232,7128,356,1295,285,1649,1085,12956,3073,2215,917,4925,21321,1165,1385,4879,6954,27695,6915,860,3016,915,8033,1536,573,1154,1778,3801,19772,892,513,809,206,5880,2347,3307,897,1665,3789,3762,4739,20592,725,1357,1602,287,3758,33581,298,651,236,497,2049,31135,18741,5,3030,2795,1306,6450,14443,142,3469,474,4307,7212,2499,922,749,2770,6076,9972,73,754,4784,203,1015,280,816,2258,1007,11739,163,27452,1224,8185,10499,740,292,4107,891,85,816,19367,2024,2271,6938,1950,464,1949,9786,2155,2505,413,2955,1244,489,3497,361,2018,3155,1797,4258,9363,6817,4668,1653,2890,3712,165,6191,2537,1052,20522,9011,8183,47,6984,19897,341,1439,1332,1850,24,241,14965,352,2208,8029,11133,0,6389,50,13582,3457,795,441,6339,559,12131,8008,3812,164,5627,3920,306,181,7350,4001,172,880,2912,141,1225,15750,4261,19,2109,4009,1996,8050,12821,95,1061,1538,356,633,1172,312,26407,201,254,679,416,2828,19577,9431,3850,295,1128,178,50,336,765,1272,1451,7395,633,784,194,6498,96,1408,1548,13925,3407,19153,1659,8429,62,1628,244,2044,11740,53,320,1710,1207,192,2043,1559,4026,8316,18809,10039,3075,1292,17789,3598,11947,11374,1891,660,752,2183,10645,2283,1501,1576,3512,342,97,418,1558,318,344,4142,395,7662,2072,2186,70,2070,6607,841,372,2569,539,5210,5943,3350,1329,2909,62,2337,732,1781,14952,502,511,5033,3759,7939,710,2021,1150,1404,5981,5805,617,204,1066,1925,1060,565,37877,21,48,7344,10669,706,1306,2621,895,590,1607,12959,214,216,1650,64,5682,23097,12951,6316,4076,2866,3064,121,12957,491,1860,10389,11582,356,30725,21350,803,152,10452,1013,1050,2856,14647,2044,1875,12264,718,340,8408,29600,33068,5102,4309,3684,4277,141,10185,20067,11285,891,1489,295,1917,24,1448,13556,5053,1248,6223,6313,1016,12,969,88,353,1309,4894,7070,483,1246,715,1599,2995,11715,3471,304,791,125,174,4859,1085,6082,1367,1582,201,1393,1426,3696,21,1829,1857,59,7638,14495,2105,15063,1155,37,658,499,11535,2535,4444,205,31670,914,4970,1858,73,131,530,4302,29,133,14819,1754,6434,22997,3456,970,359,3374,49,3708,3316,20225,4452,1072,2764,239,439,1492,2151,1904,1156,1320,430,24527,497,1122,14396,277,982,7088,3282,5264,539,2191,10005,8685,15087,39551,897,2088,140,15263,27,8754,11132,29484,11458,4464,5758,11448,868,4157,4460,168,7275,5952,5309,1663,861,1088,3255,727,3506,2775,10972,2095,2717,4704,8696,9864,277,3200,127,3598,4933,14358,2672,5821,356,18217,4504,1696,9323,137,1586,1311,183,1767,735,3429,271,1868,14212,254,22854,334,15746,6254,12614,4201,544,2227,15165,6355,16640,12458,14465,91,9656,296,1912,2859,177,1438,10197,74,7876,2836,2681,8,711,2418,439,5677,2714,279,7461,1174,12874,6720,1166,3465,786,5645,1908,6641,22574,306,5244,5744,8281,867,22167,98,9424,4079,27118,422,1133,3337,4512,37507,2333,488,281,464,1343,732,1019,9931,4171,911,358,131,8003,21354,559,298,4019,297,12831,734,10002,1394,617,14394,6,20108,923,486,224,11473,72,3034,3515,487,14069,93,8098,1031,8618,13175,13410,10093,1146,395,867,14234,3463,156,243,5874,69,815,3133,18008,775,129,254,3402,5067,53,392,280,233,7210,5354,3935,435,4438,2917,5856,4012,4752,6825,5306,4236,1556,52,5845,126,113,9599,2291,9807,293,2733,13102,18033,2690,3273,23586,1825,753,4792,12584,7279,13200,10944,2333,3790,2390,147,6001,2561,9563,8653,106,20883,40,10771,27576,681,3865,1082,194,546,1057,5394,4875,460,641,18466,6845,7148,249,14979,721,1243,1476,18,10586,196,16523,1315,1771,19875,32902,323,3611,3518,13157,5199,325,2740,6805,6601,1099,8078,7460,1193,14309,9988,3301,148,3317,2842,43,576,589,1480,1311,899,1619,436,3680,29,223,6852,23087,706,32628,12003,525,804,2624,244,54,428,1957,5868,19,1275,21,166,13192,4740,6465,5564,2536,6588,2589,227,876,16505,5339,436,7505,787,6322,17650,8672,450,14044,326,2173,185,1508,288,345,215,830,2761,3378,4613,2037,90,4275,4715,11239,10493,1970,6286,156,1328,533,1664,270,11402,1235,3411,845,3577,223,932,5086,6334,3972,397,234,3219,10939,3611,4558,3105,1158,1681,32221,280,426,562,6163,17426,3852,8063,195,2444,402,379,4474,11374,213,693,2425,4276,13147,196,308,4282,4102,943,22210,7067,318,5667,985,2894,3558,3031,421,9329,4892,796,14025,755,164,9077,3076,17631,1907,613,6821,21696,52,7607,9861,2204,20836,300,12870,3226,30406,736,15675,10151,4843,9908,15866,12381,1315,18948,7842,8163,426,9971,246,1623,10685,176,9245,2657,905,14323,17405,5736,290,146,227,13829,3324,1891,1494,7811,610,1845,1639,194,2388,1322,11721,7669,4050,1105,88,5542,6020,2711,5506,1579,403,8220,1761,3887,2341,4675,1019,1870,6566,38,11722,17303,9316,1852,3693,16254,149,4870,594,337,8138,2924,962,765,3086,41,14515,4842,3150,2706,12987,5705,36023,3042,12,271,664,2196,507,2637,2278,4653,4892,215,2123,18760,3190,22671,3901,5447,5936,1013,4924,303,421,3793,3757,279,16028,18249,13784,8427,23399,9794,86,13428,11151,20645,3844,7640,1481,11703,10229,169,1746,4323,5965,396,578,1023,417,2293,322,743,16638,19833,11447,1522,916,8555,263,241,1644,5317,1890,108,3357,6280,37,7527,2726,1095,3167,1914,2254,6623,3379,438,133,6449,8925,95,2747,7419,7,403,492,183,18544,19176,7376,2183,1287,636,1249,2459,6198,687,3136,2294,1996,99,167,1777,16174,13199,1089,6223,592,5502,4512,876,17533,3635,358,5080,15402,365,2819,4279,24291,7891,5853,5068,129,212,2271,4594,133,16705,4734,704,3454,3353,5172,16821,498,2209,591,907,6603,752,24773,89,84,143,9921,31754,22093,2244,1872,19757,585,21,2490,4825,134,202,5339,3340,3312,2,2435,828,2885,2206,315,1671,1401,18310,5578,0,201,837,12196,757,96,6052,3021,6141,2138,1009,62,206,3635,21922,873,2753,13999,16523,7164,66,1188,11734,8568,2858,38,702,38,4324,620,1576,3445,11,19794,7706,6850,1324,1192,12088,4086,2102,1322,826,8149,18066,27510,2813,257,13647,6019,957,6782,167,8696,1157,7263,18410,2751,12815,653,60162,4635,2470,927,30447,538,468,1349,8753,1160,747,19,7604,5528,6183,7547,1256,11619,6332,2183,4185,8000,3983,11020,13547,74,11019,5833,19709,235,28761,17573,53353,2394,1068,14006,7843,819,4150,8012,235,3993,8790,11440,2379,3616,227,9557,1100,1104,579,853,2809,135,6338,1305,483,7952,6557,8864,1359,592,390,6134,10557,2370,3877,2202,1317,1822,22389,80,2788,20534,109,1897,170,4043,13291,1786,743,1382,22097,15219,19235,15404,2516,30,11812,755,919,4306,560,294,5590,419,5018,7004,15142,1109,651,1047,10566,805,7195,517,12037,3870,2595,27617,222,65,3803,8267,30314,6742,305,2463,627,1212,238,1383,21322,1809,11670,7053,151,21803,16316,1799,8598,90,3483,907,14068,969,828,15242,1150,1041,5808,1500,3001,1437,19680,620,7845,4228,1469,752,4097,866,1023,1983,1500,426,2893,6967,1542,1344,923,15378,6606,4997,178,283,1298,642,206,14467,892,8773,332,3371,2458,26602,2373,17098,4701,13769,2855,88,12480,5454,27953,1381,1644,349,146,5720,25,734,13853,4169,21323,6936,1114,1097,1278,10477,3764,3544,1156,154,18821,644,3230,6473,89,30743,475,22898,877,2059,2240,8840,29,71,3951,7032,7438,6158,3900,10844,14799,524,11214,788,1705,681,53,9331,40,262,3076,8396,84,301,9429,2060,831,16049,15388,41719,13790,3344,315,4200,7865,159,685,951,14574,11531,6,2474,545,688,5128,1333,5681,50,2381,2304,512,592,12194,5231,5351,540,139,2053,2638,297,1051,636,12071,6160,7062,6006,9471,6486,7828,1166,117,859,1450,4932,2207,19839,2258,9595,264,829,10345,1705,1,933,20890,2151,2073,7094,2811,4655,32168,4716,2464,4380,1949,14,19420,9050,1400,4179,104,128,84,12813,835,1394,1485,1692,196,0,1448,941,672,267,768,10445,2465,5103,22224,2469,27663,402,2485,6051,96,1108,3368,2223,14893,13327,6507,23190,14679,14681,614,210,659,1999,14936,78,10302,210,22968,19895,11588,2660,8047,4962,8473,2272,579,371,13092,1822,251,3640,4448,21312,220,1564,3,102,202,39,112,2322,4355,452,28374,233,4753,2160,1016,5604,2091,417,16455,12315,9489,4613,619,2899,1088,4268,743,4012,10673,7261,32227,3503,1571,4891,8278,981,1442,1130,942,1459,2583,4960,2385,2997,119,13276,84,13215,364,4201,526,24604,385,2418,166,1142,1480,98,6849,12281,18461,1880,1573,1515,398,970,2668,2510,9525,4243,1171,2611,1152,995,1206,1104,10975,1606,1380,3183,2828,15977,1228,5349,1955,8121,1589,10242,10225,2186,3387,593,1120,6325,4047,1834,483,11087,7253,2752,667,10243,16890,8057,1346,536,15205,7132,27,1062,528,644,479,29838,1912,157,1650,18924,15,196,8794,10515,2184,202,13293,945,70,7333,24195,361,1708,4123,19584,599,12015,1257,551,243,5331,1548,654,512,16782,466,2966,1686,12167,47868,285,1936,1935,4541,192,498,507,711,2018,12831,95,5932,31017,11563,2053,1945,239,7919,6620,27098,5702,453,712,47,2682,6766,4251,40477,659,1613,1735,2701,325,24553,1605,305,1107,4096,9564,2621,4,15815,267,235,208,2607,1951,11248,30696,3699,1802,16712,541,6041,6916,13463,108,9813,6779,7123,111,2869,489,465,1678,4643,5105,145,535,20877,11663,5396,1436,154,230,202,11624,201,412,3220,14751,164,3379,17613,596,989,2133,178,8849,7332,3211,12937,363,4111,458,19692,2217,459,4777,3553,257,4421,57237,739,4157,3744,259,21499,10908,15388,19,2658,1579,2016,7974,4160,3270,1052,1332,2643,935,258,14736,824,1050,259,111,2753,517,20162,2824,8162,4996,1177,5923,14566,3968,1624,20300,1355,7448,4108,2893,1878,5194,6358,11746,8609,1127,3973,1972,1133,3605,6360,2981,10335,1881,225,1223,8868,7524,2995,6840,5365,16034,3114,1800,119,901,13458,1634,316,1314,3212,11617,879,3073,21296,8170,392,2535,4579,10298,35409,785,264,4705,3007,3546,545,3902,786,1001,1377,18230,8287,1654,7844,6448,14961,231,2897,494,647,16123,1419,910,3007,7815,89,1840,1227,3955,6359,2008,1323,154,2266,19544,1670,17146,1719,2579,446,3390,117,3529,5991,70,4380,1978,2756,21436,9532,9473,260,195,1871,4743,15029,378,532,476,623,155,35784,12471,1088,11480,6712,4566,17911,1420,1923,431,25297,4794,374,56,6034,2314,13087,223,1754,7692,687,12312,46776,3319,11621,6766,105,2236,1629,5907,425,1873,945,203,20699,1028,648,566,5390,621,45266,1794,282,758,2236,680,676,353,1130,334,5675,1161,3091,563,12646,5576,5993,811,820,198,362,347,20207,4812,2717,1249,4821,136,1380,138,24060,642,2238,946,382,6249,36246,9493,1365,2323,282,9078,10,1469,565,2039,1324,12486,3512,13499,8483,3794,2281,1665,2244,33431,37,916,80,1178,3202,1448,856,121,2299,1281,18187,2269,1687,12548,351,1554,5745,19,2823,1324,6024,38117,64,1809,4405,326,674,5289,450,11338,849,153,1870,9537,2525,520,28266,58,8161,46349,6491,4453,34,6078,9312,6068,15279,7623,20149,969,572,555,9236,10161,502,27757,2502,878,1711,880,415,2995,10667,9811,396,3593,13400,1636,4686,535,2727,537,5526,524,405,662,9508,7356,4111,560,1139,5050,640,4753,1069,5739,2983,1841,1217,1200,2167,1325,123,18003,578,1433,5575,1137,543,214,740,7102,14038,6505,7256,508,19,5085,39127,1510,6347,1233,39,928,11755,3946,23,259,122,4989,1649,10884,10548,1050,2396,1897,3469,714,1927,601,263,112,860,4500,2210,1069,4256,147,1410,20,95,9,16838,10753,14496,4847,190,5448,119,4416,11860,7354,2759,12283,3731,3917,1175,1248,2685,14803,1998,2690,463,8029,904,5520,10462,11,2349,1754,1062,12384,7280,2588,389,9232,392,597,162,90,36711,21467,5533,10423,39,3431,8149,1012,218,24150,15063,6162,44,819,297,21832,94,2786,4994,838,5215,3276,13605,211,1181,914,23,2577,618,724,3343,190,196,1789,1507,1711,20189,71,467,2126,2321,16843,1581,709,4624,368,50,919,3764,55,907,485,19098,1612,2555,154,464,2713,7820,6406,2269,9981,6803,812,5546,418,749,25501,2209,4733,846,9466,8461,4151,10249,1512,5455,265,6168,2132,7117,4870,2845,1939,13514,917,937,420,2082,7454,1124,6435,297,10236,9601,1597,1050,1437,996,1717,3054,8295,871,795,2200,1321,8177,1599,4608,14551,6825,38662,3452,1429,35101,541,14027,1780,1014,19958,0,1173,21470,27,7616,299,1021,2348,16098,3381,349,34515,351,516,3403,981,1224,970,7706,25471,1432,194,1094,10125,28227,286,34,457,3372,6690,61290,2946,150,5572,1012,16840,14551,29,12518,14145,279,10832,2175,12735,6095,6974,5428,7394,6770,15741,1407,7916,1227,5790,12787,1366,7233,220,23410,6925,1214,4807,6871,1679,19551,4118,23537,7900,29912,375,1353,34431,58,1167,477,606,1530,9965,8463,1502,297,2321,791,37721,1374,1822,3967,255,1644,1723,1120,903,12735,23,129,3700,14654,2081,29448,3196,14611,10069,3921,12960,33,865,16289,12095,1804,1704,412,3268,13352,3004,548,90,2801,7090,2149,535,25653,9029,1537,1777,12632,82,5912,407,88,18270,399,1,17482,327,58,53,1834,2748,11992,9558,14735,6645,346,100,2810,17767,32757,1111,769,5314,10925,327,314,538,6458,8010,544,7088,3005,7118,2432,14176,1630,1773,6055,796,38,418,4041,5258,4865,1578,2260,1642,2160,1894,2209,298,169,419,1779,44287,4074,85,969,2664,6382,222,4391,1235,1695,23789,3140,211,173,21053,4415,15249,2042,585,2439,6635,5619,19325,27814,1772,7373,12097,325,1755,4107,8641,4654,10266,2582,1530,6,534,487,9600,6343,2507,2809,2791,11551,692,2225,1495,19946,20184,287,953,4257,3095,631,1720,14186,4210,23076,441,188,3618,362,1060,28641,14027,40264,6256,11014,39116,6565,1273,3009,219,97,886,2164,3312,942,83,5690,6734,4931,1465,27943,19157,8677,3684,3295,4965,685,4132,4647,51,414,702,224,21735,1325,52,960,5044,9036,1906,3030,822,3425,706,1101,5330,971,2076,1041,4174,6134,10508,1683,119,8961,4724,5399,7933,958,22101,11108,326,178,11364,50913,6859,7525,16171,24308,326,1161,22679,122,2757,258,288,1400,133,6066,10601,2712,1850,157,1413,4630,484,6357,3053,882,1725,46350,1137,8207,8434,1326,2202,192,1557,2756,5056,6874,10846,4207,9043,3039,330,3926,4886,103,5792,104,12994,43,8858,5026,5757,8362,11132,1015,31333,3597,674,6619,810,495,76,56745,2119,305,425,303,73,4594,4429,2,1015,1306,804,322,1649,595,564,786,5269,5813,5136,1768,1020,8892,238,76594,21962,21994,26806,877,11869,1620,2330,10366,2474,6860,537,24774,7200,4417,2132,11464,5976,47,9258,86,7129,3477,289,2331,9035,3739,4160,6795,873,16275,315,2321,2978,6023,6364,21203,1091,2742,4134,4338,1739,2725,400,8080,364,11128,441,2117,4173,906,259,95,2067,89,192,3499,667,44830,8764,308,2520,1368,17231,817,1538,792,1698,4830,360,5922,529,384,839,16868,3948,27846,2932,10015,24634,165,1048,11992,1013,319,6086,12777,7252,28,9136,10289,1659,1749,6619,3831,17,10223,9537,325,1017,355,46,2109,12011,5796,2160,1117,1008,3154,1282,845,6254,22651,2792,13364,621,517,3337,131,642,13655,33,166,302,396,7351,724,24582,6768,4778,2851,778,315,532,7,1712,196,2253,2821,11062,4337,2028,679,2427,6178,934,622,911,2402,135,598,16814,4890,10996,8521,4877,8395,6479,70,916,9056,21563,10117,429,14622,561,8964,970,613,1939,11660,210,355,1194,9012,3942,19297,585,259,4037,2639,3501,616,6844,3249,1006,3280,852,1671,579,13273,2673,15998,189,246,5975,11550,473,3748,469,1028,248,16517,14168,1954,443,1487,97,447,4237,681,4035,1635,2108,831,203,113,2483,2747,14531,8162,2343,7618,2039,6294,18,23253,2480,2343,676,147,9255,1844,7,11057,472,1654,3375,106,189,1011,274,4684,1613,94,1453,291,3437,2513,11408,1779,16,1764,9467,23110,770,16131,3669,3508,673,9707,23,720,28,1919,459,103,1663,3495,10446,2519,2180,19397,10669,19032,4007,10889,6678,384,1113,774,623,34,19625,409,2120,9170,20936,3468,3339,16957,1263,10891,1101,747,1627,96,464,2136,305,8573,1194,7133,427,8372,13626,2954,313,39662,13214,31537,5677,4582,10609,6809,6772,279,2239,1210,6344,5897,48,1325,1178,1484,1532,4241,702,777,3620,2827,61,13118,1103,4121,2762,5233,334,18669,27722,524,160,16587,242,955,26242,828,1712,403,7648,645,4473,1438,7343,975,20629,688,1553,155,107,344,1229,5767,19666,360,2533,2402,5097,1899,166,1129,3907,43460,991,10905,6380,24975,3531,2236,6368,12674,29403,55191,507,3030,1877,298,2394,1110,124,1239,664,153,8335,574,482,14489,7064,2811,452,1693,502,722,6538,234,3706,3451,9299,11100,4838,16,14294,9673,483,10105,689,1186,22,128,3154,1118,698,1941,61,4196,6070,3311,7828,14818,364,699,969,221,1401,5026,1998,1670,3894,4281,3946,1300,965,8057,1624,1044,7219,14,5357,3873,5334,4101,1564,2459,143,86,4640,39258,3049,2203,2322,11434,111,5399,7739,4861,99,2336,2115,650,46311,3825,17070,2613,15167,9103,18575,7815,818,1463,5781,2633,10429,2823,16540,1523,154,2000,17397,9232,67009,4632,555,4831,1060,1097,1116,739,76,726,20262,449,236,827,2044,31518,151,9185,5027,1942,9999,4237,0,79,1071,29418,5883,1491,2373,10598,2271,1024,18224,13189,6788,2961,8547,18707,8049,2133,15331,290,4194,5217,2366,7822,18450,4273,1469,16799,1932,2186,552,4688,633,2731,880,2718,1989,818,2629,40653,2541,8637,10357,16575,555,3689,3835,518,2720,20064,2800,1248,1348,12134,1406,285,1550,9229,26621,1006,1003,4365,791,6366,10073,3392,956,4284,1157,5233,260,2163,15223,53506,207,3065,1218,412,9668,3120,1134,4953,556,9328,483,970,454,377,24308,215,4088,5488,1611,1907,2340,32914,1832,1202,269,256,11033,2340,8646,9644,11966,2017,2597,259,3273,8770,13668,328,1956,2792,598,2155,346,756,4184,14177,332,3020,329,714,2400,3596,131,4885,218,769,1089,2529,787,2183,1148,465,71,317,2929,345,6444,5432,414,1286,2621,832,23345,195,5642,16107,5787,326,13397,25874,8130,22487,178,124,1600,1054,3217,2464,1871,329,148,32,560,18129,947,1608,11675,3333,19836,1853,5532,930,1635,1499,2707,394,231,781,2509,2462,121,2561,39342,2722,9231,14883,21666,37,1314,165,1689,2884,13007,1870,41,3762,1099,3390,2334,766,6590,1342,14383,4183,371,1955,480,18763,11454,22061,2608,1437,898,5166,8955,11436,3535,1030,2185,542,747,2508,4214,2170,3693,5524,3454,2011,3452,47797,2558,796,1210,126,3867,1315,52,6103,52,7781,13849,46107,84,62,706,3472,354,659,3434,13974,9377,3447,265,2495,539,1021,17255,3472,2004,7065,6200,343,105,1900,9748,934,18080,50,36,434,1039,2908,3346,601,9852,1938,751,793,913,1630,2537,8445,5717,3242,22,927,861,123,6201,17450,10618,1527,507,11412,3614,140,649,30,350,167,2719,86,8303,21338,1676,561,1924,22954,32685,31,9366,13398,6829,3133,680,3881,13233,37,1407,4697,4273,8225,8294,607,2122,2153,2024,3140,22875,2421,676,3978,1384,6720,7173,1812,1783,13425,852,1054,2689,8984,1687,17156,5057,9333,9379,8517,2876,7808,1027,2531,87,1982,6735,3120,1804,1346,227,698,6919,12371,23736,54,2984,13836,2282,4215,11041,8262,7388,474,1829,1253,462,1556,46,351,6327,1850,1359,2734,1697,1064,763,1855,6515,265,5692,682,117,263,1145,2219,9758,372,11864,30544,3377,14646,536,29,165,3813,1605,643,19822,6763,16623,1139,704,4476,14229,8191,1772,501,5853,1096,387,2746,807,17405,355,1710,443,5488,253,13886,21289,3946,34605,3334,2,4991,6336,2774,1591,935,10390,2393,15480,14278,59,29968,3054,8068,977,58,132,3037,7669,1526,13184,7608,21290,18445,39,10166,14806,4384,16573,15497,2212,14569,11338,1731,65,5130,3738,7565,1020,1360,84,5284,2933,2087,1795,1859,32773,200,927,877,308,628,1912,459,783,8065,339,25862,15318,6408,1975,2930,3029,1321,616,150,3668,1159,5781,12080,1088,20061,3605,1342,348,6034,728,8644,5117,19629,19229,1108,4551,1476,7317,16948,430,4126,2630,1830,6684,19435,352,4980,5111,527,13056,10667,4985,2293,209,1999,18583,9950,6295,1860,5093,1794,7028,21403,2989,2366,7283,1696,1154,863,10636,13782,240,1603,767,5381,911,364,5575,1104,1918,3098,1184,2313,1683,7191,4862,3206,5064,2521,4229,39821,584,840,734,11549,3989,15415,3114,2289,21066,2820,4274,42792,8727,1512,539,163,4060,856,2290,17755,8,32491,8719,13375,2620,3746,9837,9454,4574,6803,3011,161,7339,2903,5966,105,82,6427,1608,3988,2668,10366,7195,4795,874,21397,131,750,11307,3533,2810,10210,776,3650,2169,501,4430,5196,6634,1257,18709,1980,6352,110,8990,1742,4033,4368,7303,4260,320,1848,224,4424,2540,8053,898,1534,78,1197,7342,6067,11077,4737,1161,18713,1988,2130,7611,16,596,33,1426,1317,3445,5800,4333,25640,697,1785,188,585,2560,1591,1720,6450,117,662,3314,2981,8260,2127,9283,610,10030,7904,90,7343,1218,3984,580,1508,8154,3704,2005,872,222,5016,15151,11244,1003,7845,2549,3087,7507,36536,6128,48,188,18442,1777,1722,947,8318,1388,4642,1417,499,1784,0,3883,8877,1197,272,355,45,2091,4907,9562,3801,7955,1878,2799,6722,3922,5462,326,4208,7598,14152,5031,7918,252,16298,10073,1994,19560,19778,1673,1213,1039,583,3244,811,1436,228,9458,483,641,832,10054,3811,11094,9868,1309,4839,296,2550,580,410,867,3482,1748,3140,4217,74,251,818,173,1618,10204,26304,361,2297,1494,12816,2475,764,3202,9774,13341,1687,9756,2296,1474,5731,2816,1474,1265,4225,424,80,781,728,547,2453,2156,580,39284,1502,13725,7464,12129,818,4080,984,5589,1144,23986,599,898,1628,14709,3321,3442,1091,262,292,29,98,14338,2323,1392,1146,81,11954,30734,1599,3316,25109,10398,18,354,4265,3970,22212,478,6489,471,11563,456,198,755,266,9323,3308,5769,616,438,552,3078,621,4924,5399,27,883,1979,45,6788,12607,1320,2942,7883,870,220,9017,7,832,1658,18,1249,7910,324,414,30235,3547,14145,5162,714,16911,4634,6137,4617,12135,513,1719,1367,1337,1850,247,15,5288,469,2643,5615,2152,82,647,6581,3362,11740,19704,3630,886,8291,3035,23866,219,440,6295,3591,4849,6412,854,3013,186,3632,621,6244,1920,7883,231,29506,2254,2784,3814,6848,1276,17069,2858,5984,7158,470,2630,281,405,8611,334,94,578,118,346,7077,1517,6039,7184,5071,1513,407,917,6478,5136,9469,13750,2153,948,34,6376,6021,10435,1285,6616,13240,1869,7315,1396,125,1205,3134,8440,1446,535,504,4992,4559,2650,526,3804,13485,7715,1236,412,19815,15556,291,4981,355,1830,4021,3163,1058,93,0,2711,31,20964,648,3026,20470,44,2668,173,3694,2096,203,15639,430,2741,3373,3006,434,1295,4901,41313,1609,2566,18059,0,4312,12457,16277,1565,5711,1563,910,2971,11179,4026,8744,9136,1917,223,1695,26426,1554,12714,5584,1002,2208,11214,970,140,1018,313,6652,23759,15983,28076,4583,3483,3421,2835,907,1755,775,20667,363,23525,5532,862,9722,353,13230,6426,6782,112,405,4299,18861,4133,454,2265,1082,1426,74,2920,1873,2547,583,2573,1146,14299,6823,300,5822,4707,5798,316,600,422,3,1125,31924,245,40031,146,27656,1659,95,1766,12564,5824,992,3265,5079,416,1886,1206,4225,936,2519,6498,2537,3615,252,881,14398,1336,42,4715,7354,17977,13744,700,8012,17865,2033,13658,309,4855,16541,8162,1631,1126,601,7236,2843,393,2152,481,3933,372,11824,22832,1020,6394,30823,30319,637,77,23868,9197,1149,16346,7849,640,6385,126,3073,249,92,963,1145,6452,1255,34148,42976,1154,13954,15411,6837,10003,1197,218,366,1231,738,2831,2630,253,774,1522,4854,4491,46,4777,6178,12107,629,471,35954,743,584,571,8477,2980,126,4997,24279,10115,1394,7181,76,7669,10816,35,2318,728,232,2505,5093,6823,1311,5120,4562,5617,698,5534,7376,3182,2799,116,11064,16910,2351,41570,104,1459,35717,2662,2766,549,4399,993,79,14832,1762,4209,964,1253,34317,17959,526,300,7828,349,4229,609,3568,897,1842,2348,137,29001,2036,19446,8568,13770,453,5184,833,1517,5664,745,2733,1582,1816,12040,3332,1633,5463,17155,1982,343,68,20632,17690,3060,1904,1102,4635,2177,13134,7710,1618,6893,421,11018,7003,8959,7602,11342,347,1330,11054,3277,1110,881,3337,3825,686,21289,0,1391,5703,1606,4552,79,14196,10078,8623,3609,5573,1336,15198,14220,23918,6395,960,12920,1233,13301,32158,618,952,9366,23190,12321,1240,2085,17,383,546,840,8981,13819,3426,2267,2296,10341,1651,803,8964,407,959,9080,18041,8818,6822,2107,2800,2926,5669,2116,4943,4650,2376,11948,1233,4497,836,1773,419,294,3815,2892,819,15053,127,28918,10861,2303,5,157,5254,216,225,4187,1487,132,4398,14444,2000,2875,4706,8666,713,6681,3818,433,944,2966,1266,20828,327,5503,991,194,4040,1337,1446,6321,15140,2042,6969,24600,345,4511,30937,1417,3487,638,2005,1027,7955,6901,15204,1911,21678,1512,440,468,510,1221,178,7970,10579,8145,3796,155,3540,8785,3750,258,388,41,5139,1856,4024,1231,6616,5955,882,4529,1443,5777,6865,362,1305,6226,1152,9952,25219,21093,14503,6411,919,6546,229,163,24122,526,206,71,7227,3946,6060,216,1042,1270,7190,359,2184,16577,2480,5780,3567,90,631,2336,2521,1385,19671,10489,2739,7852,4516,6479,4413,275,725,2076,461,22891,1294,1518,5673,5059,6352,2749,1166,13316,3387,5019,1756,2427,17349,3834,30704,415,171,20846,1399,18358,1759,11393,2682,1038,11555,27358,2381,313,4243,912,16489,379,1957,7552,3529,300,491,2111,1406,528,297,160,2295,711,769,3935,3510,2339,50,648,2410,24590,83,642,77,816,12565,588,6990,10497,15619,1853,2867,1877,42,328,5007,19477,36759,524,23693,8652,1227,440,31525,3449,13,1905,408,412,1153,9625,7938,3072,1245,7650,3524,6361,9169,3228,2255,301,2848,1023,29466,248,6423,264,2627,4813,397,864,31123,4762,4,4119,530,7640,865,357,2681,532,11900,4908,1604,20934,1298,4557,1388,1029,1565,3006,251,15420,199,19841,35758,216,108,2365,15283,1533,2239,429,5083,891,1605,246,4919,8131,137,1973,1081,162,14286,9778,753,2024,17878,277,2175,2464,1203,16947,666,29382,753,101,1280,8859,1895,416,11653,2480,13311,20163,14760,1616,460,2701,7150,1,11491,492,1622,14772,7595,2056,11014,485,4219,1797,6292,2749,142,478,14094,2270,528,1681,293,431,28039,6138,588,260,55,308,9056,4439,6599,6960,18932,91,450,4,4680,4242,2387,2348,1693,3391,12785,481,145,356,106,352,1272,521,13814,3296,238,926,12886,5282,8272,4325,4589,24069,806,10876,2839,1504,1225,113,8001,421,7213,837,376,4599,1002,3714,14261,17528,637,3283,354,564,2901,1045,1138,10383,3080,5068,492,7882,449,9627,813,2556,4817,712,2113,10293,14316,261,54,3359,7389,6849,1713,488,1466,886,1753,1873,14929,3431,63,9788,111,1812,266,394,1487,11324,71,2509,1035,9740,2525,123,12146,933,488,8439,650,410,340,1305,695,1239,30626,2145,6296,40301,747,4248,335,10545,370,382,68,9153,329,7026,146,1229,10037,401,702,1179,9862,671,3447,644,18376,10514,106,3900,482,4887,5168,1403,3355,64,584,2903,260,4147,328,5,725,3374,4899,501,1368,2958,5051,345,11972,5361,9622,716,3957,1516,11110,7994,1500,7022,4781,1021,754,17,2393,435,12273,22335,10927,4134,7144,660,25300,27079,3540,2178,4364,1472,132,397,1326,7864,1365,4042,13646,1610,1243,16836,3145,2956,235,153,68,872,1027,1567,791,29015,8687,56,42807,625,2331,411,800,3781,1807,825,27118,4788,2467,1432,9247,1978,30955,18334,946,11335,11399,720,25712,9273,2956,21,6276,79,11297,164,5218,993,91,2804,612,9418,5616,27,30391,141,14000,1229,12186,18758,1902,3659,5035,2860,697,14460,3532,503,1110,887,5650,2443,16113,5614,3929,13757,3995,7416,244,18493,5061,3867,1111,23968,1471,348,729,1609,1560,855,8594,8762,2286,760,817,2769,7679,11478,1515,772,5353,4754,977,9284,589,9071,1409,1197,11201,8105,33732,10132,448,13286,19291,27404,3186,978,3504,7647,1184,20613,277,19440,2526,115,10198,7570,1886,18043,5509,8526,1438,1531,280,6286,5017,5006,2296,4284,510,2030,12410,12479,21157,5015,634,4999,558,55,359,21174,187,1484,2764,2087,3487,2161,1692,3577,687,719,2443,8045,7114,6143,19970,1327,5352,56765,789,6017,4907,42,4661,2262,33392,1533,1472,7614,262,4885,1826,170,5834,1132,74,2040,623,2257,14097,4670,3778,1725,4923,395,1290,12451,8307,21803,3354,2327,8989,14479,800,551,61,2320,1303,3177,383,892,108,13183,445,400,5155,4961,960,4206,8458,293,11253,977,246,3367,300,1183,23,6424,1831,3434,2976,9675,338,11163,41,700,981,592,60004,668,236,1659,3096,473,4790,621,543,281,5429,403,105,33680,6280,2412,394,311,4963,2286,9714,6034,25364,5546,271,1248,305,19634,1772,4417,21946,907,4684,676,939,4769,76,3668,20,1415,698,1410,19251,20669,911,19685,5837,47458,9733,89,7262,4453,976,293,51,4390,4703,6401,13784,608,14829,1522,20139,4163,11267,6301,19062,21140,2127,41526,1037,2,603,475,19385,1711,5286,4974,8766,1647,1435,4742,1062,1199,1437,5622,6130,9733,7099,5280,1220,667,338,58,1485,3230,1,390,2606,8594,828,13346,1870,17,541,24,7371,1691,9280,596,5363,205,7933,4658,5538,1047,542,14069,1260,413,80,587,5554,4304,2091,616,3426,1712,6460,30795,161,2703,2192,1962,11943,2894,3283,11198,710,2615,11840,1248,283,144,6638,14434,371,2993,168,19896,4126,2009,1083,366,12537,3171,2878,664,137,159,7911,9660,122,25292,598,11055,479,70662,1237,945,1683,4499,27731,9584,1840,30683,4569,212,5733,65,6781,1548,2168,107,91,3651,5013,48715,5320,22553,2903,4447,3249,1960,156,1129,11457,58,1813,176,382,25497,7518,15546,12014,2008,2267,8180,1240,6113,9137,1653,1335,4094,4308,15195,386,2331,27,5086,2342,328,19149,42,512,1981,298,3958,254,336,5368,4430,1182,3878,5411,7121,16915,545,3016,65417,6594,20391,462,4562,182,7723,1409,1990,11066,758,463,11622,1350,91,852,409,158,319,4000,10975,16893,4852,235,475,3028,13039,666,854,16946,65,397,1885,18441,330,861,587,650,1516,2673,5670,64,2678,6876,1853,3330,1450,11420,3166,182,1744,137,9979,666,3886,28,3499,2430,2884,6,30368,9,31731,874,5117,3154,6567,6339,10363,4802,20,3852,798,1673,1743,4462,7979,372,256,22694,12618,504,794,3208,3991,2039,3538,16,875,512,3013,1584,3985,1394,532,0,3096,663,8974,19911,2894,4885,453,8384,7388,7589,1082,2576,220,3,9174,39967,2479,3092,596,8389,2309,930,1219,2230,6180,949,2,839,6286,2193,292,3130,2363,4132,258,2388,1937,1569,11320,180,340,46,2359,1935,5542,76,3354,789,320,1051,623,8126,1843,7000,80,5786,11610,13359,1690,11941,402,110,12699,117,904,3914,8424,13937,11836,1281,14770,1370,454,865,497,14084,15766,3664,2514,2731,8770,555,87,4640,216,10901,394,10934,976,1582,8527,1762,3590,1530,1246,6929,1940,10282,6079,765,1943,59,299,810,2374,4523,21133,7002,7809,2252,1562,47406,14165,3025,9033,3179,5086,3840,400,32892,1043,3375,293,1114,490,5761,3624,1285,8157,40179,2403,60838,3700,208,1871,2133,507,17750,6261,8011,2171,3725,4653,469,1515,18914,693,674,3338,84,209,519,1470,144,2131,9290,8898,2468,3501,510,5373,1554,395,1203,135,7761,8143,10006,16061,90,316,2617,107,10870,162,203,534,389,22178,4862,8088,1598,294,211,4207,1296,1242,3639,1923,206,371,13,4032,4419,138,3793,6535,489,950,9342,3238,6409,938,7269,9828,161,181,5753,15550,1238,4899,362,3720,5596,10901,146,3270,3532,23842,880,13467,9031,4672,254,93,698,43,411,2584,304,2041,4397,16992,4232,1120,3233,43599,697,19539,18201,2803,1349,9078,7670,1737,1290,2173,7697,20,1473,175,187,1924,3138,4140,673,456,101,1249,1586,860,2438,7286,1886,6989,766,1598,1029,1747,14,2458,4819,6307,1605,21902,10463,5,11632,1454,18538,3000,192,19,5613,25817,7344,291,8192,3147,1047,16199,2383,4579,340,264,9431,7279,20113,1183,1233,4494,258,2983,38,12928,19747,30911,2486,286,325,3289,1888,6588,139,3418,2030,167,268,1082,1482,10390,438,300,966,8008,5224,146,12498,34,11353,349,2797,3516,509,3312,26279,715,3334,2934,2946,6312,17574,163,6883,3580,15283,130,2559,9134,3072,53,17548,1287,8662,168,2380,4098,1184,1259,914,2428,2397,3587,750,1236,28369,2270,1889,858,1746,9742,1640,2138,12536,858,13,2775,5890,779,10428,1478,325,888,2322,33740,435,333,84,567,3835,561,18019,9276,313,2581,10834,7288,15977,359,9322,6021,4032,13008,16746,39167,1010,1051,9048,1626,1906,8244,9495,4214,22485,54,19357,146,2931,37213,8224,7235,49,8563,8933,12252,2968,3577,302,677,16846,24,18,11500,17669,3414,5205,15212,4153,1990,22950,191,138,3364,25435,15355,1204,48,288,25865,4309,4505,24,15179,7404,5683,3361,13790,3472,4640,19224,2311,2083,2238,1847,643,23943,114,11218,2465,2075,3980,134,60386,3762,3182,3287,6202,1919,14,4193,1123,1643,3469,875,12111,23456,253,45,0,62,7629,3256,2354,1513,3677,4488,12955,53,7267,163,12861,1856,236,2805,26,7538,6898,8300,582,624,9485,8239,1914,8069,10213,856,45191,2761,4450,11723,3854,6579,1284,4558,6793,346,25812,16545,7642,169,26105,16199,2639,1007,222,16935,8821,3085,383,12593,2661,2342,1964,11344,4674,10136,885,4789,2893,661,934,5615,1831,11600,144,4907,2763,9472,777,894,348,3884,1,4110,10834,17019,10155,18786,9990,7028,2650,1290,1038,982,1856,30001,5677,890,649,2213,9170,1503,1227,15674,365,9249,3072,5987,410,5432,37254,1370,1923,229,12730,139,163,21,108,4918,1028,5977,7423,305,169,7368,45,6510,26901,2531,12950,3042,2049,479,14033,1342,5533,98,492,12787,1930,6897,277,928,1589,6565,233,1758,10234,1143,17685,1374,622,936,10508,192,980,6358,860,279,33,26260,1224,15700,1929,23984,1306,5126,10945,6999,24152,111,779,393,20503,3052,896,187,2272,6250,6133,313,100,13665,12762,9650,3194,12747,1411,7420,1920,770,11852,928,1760,835,14278,3754,2131,510,6219,14131,17301,2750,413,408,22806,104,9429,26506,1879,6153,776,590,18797,10238,751,1015,2755,3280,9451,727,20360,2056,1816,5808,19,112,606,174,5341,2143,2753,2805,399,5122,16019,6289,2346,2521,5481,5909,11799,5264,152,4501,1525,2984,3148,2086,2614,296,144,47560,1168,1240,6916,11287,5044,460,15521,987,12440,8354,6600,1853,2723,5027,1534,8330,0,4579,147,321,224,7263,414,8552,66,19642,3567,2356,1627,1,837,3449,282,2,48,17,100,948,1040,35994,86,10864,28,6881,1816,702,446,2016,4077,5785,605,8682,2469,4831,165,12857,17020,29,7863,2086,7138,28,5522,2725,704,19119,183,1370,529,2867,1339,728,445,15208,6310,10947,184,971,1180,164,16136,107,7443,724,10605,78,347,4590,3043,3519,1401,6456,2608,227,13005,11248,1237,7882,3651,115,2464,2312,16315,38345,514,1189,3341,1375,370,3514,5288,3073,433,2817,4312,2701,2005,20079,5735,34038,2206,15931,15177,2609,523,267,7732,9292,3744,468,2509,1724,7373,302,35383,2404,5821,2938,3012,314,344,1904,1547,13189,3669,6302,2248,797,955,1858,6001,17180,21109,1598,4525,7631,5143,25768,22254,122,255,17676,632,10213,15951,6815,10058,11823,893,12019,2709,451,6812,1812,2574,122,6628,21446,5451,15486,34488,669,460,245,748,31446,3303,1251,83,292,99,2878,22410,4158,2587,39077,11309,1964,742,1147,1605,10349,53,4660,1344,1281,17909,758,10262,172,79,695,1706,2341,9373,806,2471,782,12328,26324,550,688,10283,429,1740,1939,10345,16882,2053,8963,6020,3953,16819,559,466,1354,10877,161,194,2434,13303,19682,3982,1615,320,86,4294,3760,8786,695,21277,5969,355,1216,1392,2345,1764,6264,1622,1603,7932,16967,3452,1168,9311,1286,12881,13866,4960,179,4874,1819,4568,1915,25984,5909,1358,480,567,12709,870,4556,1391,3028,1595,11648,6269,1229,11309,23715,4438,7767,12172,3517,569,1726,8551,7892,217,6811,23065,377,2045,955,565,10271,1190,345,4960,290,17443,1418,98,59,47927,2267,4832,1275,19123,1013,4291,5337,657,34794,374,10,150,211,15161,7194,1367,8703,4520,990,1266,5177,547,2902,178,8836,118,7301,295,7071,6604,1426,12584,3471,8471,4876,581,18008,21274,2743,3108,120,7427,523,822,938,1411,13045,598,13485,5952,2519,2939,6397,975,3064,656,343,803,7630,7351,4445,1623,2786,9541,10357,1056,1568,1187,3222,3570,7531,5224,4436,1555,1000,56590,64,7704,14919,2067,394,2248,2181,6561,2891,17843,426,260,561,3748,4023,13391,563,116,2432,1146,1821,994,2391,344,1280,4249,386,3725,4841,1869,1223,529,1631,1766,689,262,615,4391,1629,8114,3809,1044,3854,3824,1546,1710,686,539,1972,1405,28016,2225,1025,31604,6418,983,899,4355,5470,925,16646,129,8572,15968,124,4434,1442,10495,5539,2609,9026,17252,6296,13184,1885,1182,2755,21525,135,6971,1393,312,325,3423,2393,7570,1822,15471,5615,3594,1044,40596,349,3068,7688,1533,7620,3735,354,651,81,749,20506,169,18591,27496,12189,2800,22,2314,51,3456,831,1716,3149,2203,631,1070,384,102,2257,6041,2034,9515,21,2066,1242,3059,8572,17087,1776,200,1582,7441,1055,26933,2024,180,758,2955,509,1083,256,42727,3107,1263,2107,18815,8691,245,5040,17388,377,8987,20091,27369,1679,834,2146,201,1086,6794,781,8966,2931,17388,615,3303,15447,3451,4531,758,973,21329,5701,1933,797,915,2212,15005,36476,1756,1895,31,13359,1197,2311,2410,462,569,3239,4994,2136,348,16494,14557,2659,3112,14294,36,4095,10155,523,205,12655,6334,6154,234,822,20158,301,256,7564,159,79,7423,3,1061,69,2308,1772,18310,704,1234,79,821,5936,7360,240,31272,1927,898,4365,106,310,9258,841,765,7171,3663,3263,13479,7648,25740,910,6360,141,3096,0,1226,4804,510,1039,397,7783,505,8925,4851,11162,848,1167,433,539,1416,6152,2301,4625,1366,14895,874,583,4404,4659,3101,77,284,4538,390,2246,16390,322,4669,273,978,15325,989,783,4042,395,14894,3137,4107,2688,268,805,2702,4693,7832,6669,20553,1142,4473,18215,19456,680,8164,32,93,1202,1088,1148,17919,798,545,7367,10590,6296,6017,33407,7609,2008,16867,4581,2933,30996,3859,2457,283,1272,113,10075,26,5032,2427,218,5633,8290,2855,35321,642,691,723,11450,9130,9462,1164,508,940,283,1192,696,25032,1280,3442,4862,4053,3669,5263,1584,4099,2720,4501,1701,537,28360,2555,9051,15646,5621,1896,33,5713,268,12635,8405,2005,2906,2563,6157,3385,524,5727,17196,862,86,5932,8049,1208,683,8131,6281,599,11673,172,163,1001,16374,548,1114,1525,97,329,148,2625,4926,624,929,2663,231,245,410,2987,5282,2569,627,15339,4425,6293,5179,2966,57,19203,1438,6198,337,71,4627,3129,257,8163,2517,6232,9576,20890,466,9883,6994,6308,3607,524,13719,520,10060,2,1128,452,2317,1164,512,5588,6972,134,871,1111,8774,392,8184,797,832,99,779,19498,1761,158,163,21130,2556,1359,655,4889,3485,1616,6134,806,898,4540,8427,3315,6831,8481,4062,7291,885,204,1348,14160,9324,2326,4199,4751,11097,7460,881,763,2624,880,787,77,9026,245,9495,3768,50768,22183,7,2732,3837,354,0,9265,8322,9462,2362,15927,152,9037,488,96,2739,3347,6436,1596,3101,1316,9651,2917,6067,16822,1104,5969,1556,3052,289,514,5745,1707,5537,3273,32,1544,2327,1639,61904,17426,625,35,3290,5127,66,42167,5482,3362,2421,683,12683,2122,3284,716,1144,2550,960,1073,1933,201,1558,2468,1353,3,15191,1066,3798,5694,2668,539,1146,17805,223,1473,10227,31,13342,697,9,11038,5175,377,10854,624,857,861,2227,31381,19,250,960,294,8053,311,1406,17019,636,231,18083,3752,10598,30626,764,17336,602,14743,246,21304,3731,15324,5299,996,414,20973,13195,13303,1290,405,1849,884,1673,33644,192,253,2900,3608,24,7001,5117,11665,625,1083,7087,211,48494,1485,5645,17161,2293,10392,2552,35415,1033,8353,3293,12985,1547,520,16,22,342,10453,1289,4706,585,24057,3032,1102,4277,1859,6315,318,7869,1179,229,51,90,895,7260,12343,3155,319,546,4383,385,757,4771,7219,642,16022,10214,218,61834,36374,7242,15287,33809,7012,8047,396,209,541,980,8501,3929,1851,6150,9079,31394,537,183,8011,3102,10942,2,8758,1370,253,28734,2905,334,295,4814,499,10246,8229,436,442,111,974,5735,36997,1744,3782,354,12093,8962,5815,27006,446,2056,29965,624,396,8061,26470,3952,147,3089,151,2564,3752,794,662,476,2387,3450,5206,14288,652,1035,202,2062,10501,555,170,170,1281,3836,559,9450,4092,1979,85,1175,359,19053,289,2315,35,4757,14230,35305,10732,8425,1642,4954,687,3277,5450,36215,395,10380,728,636,418,1075,5662,981,16190,677,21219,6717,3393,1082,115,4405,5461,18870,28605,483,3065,13968,6976,11698,11437,1025,547,53,12287,1981,1737,2599,2224,7041,42,2095,148,2259,655,16729,239,333,976,177,3655,886,313,69,10627,184,12010,2691,16159,5577,453,1100,4487,10282,532,4125,2071,867,2978,4841,2253,5701,12191,11957,9965,6491,28288,1582,140,9844,4134,4980,1730,5218,531,5929,1391,8106,87,1702,816,2780,13802,200,456,1058,15430,1152,9157,8590,1230,407,115,1618,15407,804,2462,1483,466,1978,1140,1490,19687,6749,10227,4819,6984,313,282,435,5186,3699,195,1640,14304,108,82,165,1650,5156,1382,133,1060,2976,8336,18347,229,20623,113,27,2299,1887,9325,8603,3533,19594,12067,2314,3232,158,7885,525,4559,1603,370,316,684,20783,16952,582,68,13105,2777,2657,1243,3343,75,8648,26618,8003,2188,5828,8340,143,1180,616,323,834,2529,5974,6751,1336,3774,11745,7222,1324,79,1127,9552,3311,35,5191,277,12032,351,10659,387,1325,980,4597,2491,4123,3048,36703,5550,1514,2188,8912,1846,17971,64,1065,1361,327,55,2642,0,14692,12502,4549,8326,254,10483,1027,2235,31,14011,1189,6355,353,7860,263,1571,7134,2107,304,98,8452,446,3632,14057,12375,1849,15134,13566,418,1690,11163,2378,1920,2585,46,819,6985,5837,206,234,850,4939,4029,160,325,5004,1057,12046,9657,14850,206,9275,2589,1905,12064,3129,13806,23925,197,2865,2056,1460,3141,9960,2732,825,644,64,659,297,2335,11128,2996,13833,15514,4363,5973,331,2529,17010,3400,5150,4231,9667,17730,1141,109,1298,673,1239,2673,3564,94,11807,6078,1968,89,1023,306,1057,4962,2943,274,5132,2386,4559,5102,218,6503,4604,15664,7970,4423,1740,1044,3376,5468,2898,4578,12383,5735,3274,19818,16,1952,4231,1427,15826,125,7216,10743,918,7842,332,904,10193,2091,14002,329,1570,15437,9818,313,9657,9572,2314,1464,15923,1675,2979,193,5608,596,2040,6258,5251,3555,4334,9171,5763,288,3464,36621,2372,13912,44420,13166,1833,2214,341,5978,4757,1590,8137,88,1541,746,186,8226,1406,1335,2339,12482,9228,921,934,4055,25,25091,28537,10719,3876,187,640,13858,16824,9250,4257,1120,7845,1309,310,4555,3102,270,3286,14563,2983,5831,1698,5653,4648,4228,12320,88,5399,2078,28,3357,132,888,23820,404,24,20352,1910,4886,1581,2332,143,1344,3270,12545,447,5596,1723,2411,18718,5030,1915,14120,11105,2235,21811,3183,1144,2687,2483,76,2777,2861,12164,155,3733,4499,4192,41206,478,1463,674,7854,6997,1148,813,997,3,1737,10559,240,2049,19946,150,1197,5336,14683,396,79,29340,19318,1732,795,3283,38938,863,12789,427,2062,1503,1766,638,16310,8162,3177,10808,27926,23352,7241,3638,4374,48,2733,3742,1633,6562,4858,771,23071,62733,24120,20888,92,7436,514,3733,10121,7304,2496,731,2409,1249,581,3358,705,66,4894,492,1312,451,3125,24511,920,4384,3557,302,1652,3146,9320,1,18877,23785,1104,5931,13270,1207,29897,489,5024,383,4650,1036,3746,10272,173,1518,23711,139,4480,5834,3059,251,3823,9638,3896,8978,965,691,11213,82,4943,837,6974,12352,6308,25405,1132,3352,63,8433,3759,16851,9832,24287,64,4728,10780,2607,779,8480,3784,4436,269,12238,779,12878,1162,16,21,1861,1710,1139,5768,7564,528,1506,1385,11827,1347,9246,3788,1370,689,1793,3341,483,18901,6409,37714,146,17132,1506,3080,1840,446,6097,4349,5,9717,5080,1867,1000,12697,1965,1703,11707,1178,16434,1198,2131,1177,6957,561,23389,15602,456,1207,1794,27174,2208,1334,866,30,1705,13764,2320,1256,17532,2535,712,2439,771,24757,2684,19478,4493,7247,13311,645,9677,550,5343,397,2505,2852,12867,278,2378,788,17326,10099,4007,1399,6308,175,1250,1405,11340,1338,477,935,8201,8862,7016,323,8100,194,13522,19236,2146,5169,1342,1698,339,13830,4051,6603,8194,3362,870,1722,411,4358,2280,837,5166,2379,16918,65537,11195,1729,4864,5450,2293,566,485,444,1024,5,6989,2527,2573,745,3565,17423,4146,281,8536,78,31384,1152,864,769,1033,4556,70,520,3371,9704,922,550,5432,992,465,910,323,1964,837,18572,2522,9388,1921,64,4909,2582,2642,37,2286,2176,2607,6667,9626,6845,1051,2779,8390,1265,14387,645,6832,5711,12237,687,12952,4096,3597,964,9993,1277,2266,2564,29644,2765,815,5091,2578,6231,2868,5972,11437,208,1855,124,294,4897,3031,3930,15880,602,2143,862,2525,197,129,7240,6643,8394,1401,9048,3805,122,10156,1,45112,5304,4433,6854,87,251,4319,6577,13673,984,3435,7402,5346,1091,3122,6673,1186,1697,4596,735,1283,1064,315,4969,940,226,410,136,3251,15902,1223,1779,72,358,1134,13914,4682,9499,5144,11168,8519,18779,165,5260,959,6391,14855,249,305,603,9256,3832,2113,3209,667,143,1047,16308,17298,1410,1992,1405,3139,897,5474,262,4876,1196,17493,512,1985,1920,873,1578,6645,5911,2490,10250,446,2,1796,1085,3239,5113,3296,23969,398,19355,715,16184,2817,2547,2715,5396,11741,4078,65,2656,1731,7561,5466,289,2832,5049,23400,8042,9310,5723,43172,1765,8182,625,3898,12364,6639,2119,1434,15877,479,757,1905,1661,2330,9925,98,4388,4444,740,9600,1147,3621,3674,336,3157,3299,5830,482,5853,376,1623,1188,11891,17454,23544,766,10240,3841,70,3321,4824,709,2990,35366,280,7,1214,4568,141,14029,3381,6343,2517,5183,452,18626,59,1475,27841,825,2355,90,867,19247,1462,50,421,9830,5577,859,3528,12188,3667,16837,166,6211,2991,7,345,240,162,3175,333,5654,28981,24925,2373,15514,1461,809,3205,114,724,116,314,267,0,15000,12443,1857,15476,6648,993,9892,2069,47,18495,2272,94,5372,1411,464,7434,925,6981,25097,1223,7018,1967,523,20313,12204,668,1478,85,39969,5509,9865,854,430,473,2631,385,56672,1392,2766,1983,4720,7104,4804,2234,11146,450,2648,6342,4519,347,192,7410,20041,1822,665,11420,15740,22,358,14543,552,201,6015,78,274,15183,3070,3702,270,17057,8600,4272,9903,3651,550,46,18489,768,1744,30,890,133,9362,1394,5400,8671,805,3386,3806,10224,1471,45808,580,8530,1430,5091,1197,3542,1531,512,17252,241,1074,1850,1063,1765,540,14489,254,13274,23,20977,1390,40042,1085,12275,1662,365,1000,15218,3739,2573,8298,6943,2634,926,4374,4078,33281,1802,13734,4206,345,13667,387,524,1707,1964,375,595,847,1019,1641,86,629,23,4534,3954,580,657,437,684,9,208,5974,6329,34398,434,13,3315,1400,4646,73,5260,16051,6766,30934,20904,363,30171,11812,5961,1440,593,17887,7444,5188,633,2483,6846,5227,2079,6623,1155,21610,216,10101,187,2203,957,538,1989,1771,2490,12376,263,403,840,372,1006,458,8575,91,148,12553,5291,194,682,1517,14198,93,15901,9174,1768,1713,9696,5488,419,5384,475,967,1732,630,583,14237,9348,10499,2835,266,4936,913,18084,4291,7516,17375,1621,6406,3745,33651,4970,3935,1405,2486,36945,5327,3211,148,37239,418,7703,5045,36988,205,264,3229,21322,3894,3967,11169,4793,254,37859,1378,13760,5020,3293,2274,311,5899,1622,737,1883,4923,975,77,648,1399,37,291,1267,884,1092,3889,1318,28406,3024,5797,11037,66,1415,13909,594,5833,4272,2617,3623,1244,178,5548,146,1981,147,2495,7511,303,2194,22343,6986,4790,10176,676,2085,3623,347,2677,678,7959,6681,453,22194,677,4094,25410,38608,28769,5199,426,2022,8951,5209,181,22298,4447,5070,10015,2603,462,2288,5451,5533,4506,116,1418,3129,3810,7148,1039,582,2196,12445,17823,1540,4703,435,6640,32,25,6038,5923,4105,18049,1387,400,12,49912,28087,1415,6589,3181,162,42342,208,858,6454,18056,18701,8711,1469,2211,5595,545,17437,289,4745,3303,9192,4745,919,9497,3429,4529,1263,150,1037,4190,28866,13543,7218,4983,11893,288,1274,10340,398,3022,12413,4347,605,18088,236,1060,3161,12634,29167,2867,5084,237,2225,1204,8708,1917,820,2485,1687,319,6659,12287,5150,2882,5649,656,7548,208,5215,1122,1437,158,678,557,3196,77,2492,942,94,1048,24151,2566,13,11,10096,589,192,13,156,2617,20990,663,2588,975,5955,1818,1059,5777,26286,19820,5626,19199,4003,738,25640,3979,4696,6149,1244,2921,2130,2124,4328,17357,336,584,1115,9565,6787,237,107,3299,424,4357,1980,9812,690,903,4289,15695,18178,13435,5389,62,148,2451,504,816,12095,1363,1083,1096,6735,12224,947,78,30,9568,221,9499,1519,944,6221,7495,1738,743,8179,316,201,43507,2591,13900,3449,887,93,21179,4181,4159,2415,703,501,4,23174,2820,2670,271,25,7193,2655,92,1005,5149,6605,10416,3994,109,0,5086,58877,14271,2353,5442,922,5744,3256,25173,4591,599,642,35518,2849,2824,751,9034,1388,8696,353,1085,4585,935,636,14441,1013,2098,2273,34,255,1177,1929,5243,5629,662,823,116,20244,2074,3920,320,11210,21166,5354,11088,20960,3127,195,1870,212,5867,21045,8896,8,1064,8975,2258,17456,1893,207,11257,190,4976,1110,7331,2907,3244,3239,13135,1323,4881,6868,29491,24168,11543,5850,1366,19250,16392,608,1505,9993,20929,9011,1033,21905,922,45041,6262,12642,996,13559,3138,4883,834,13761,178,3813,263,2141,5653,487,384,5738,1801,1147,23529,1355,1195,4653,38,398,922,21559,444,2119,253,945,12050,2019,201,7925,10995,5809,726,2781,1881,14468,2095,15838,8951,6293,2956,16759,735,7836,6140,2425,519,1657,117,5182,6840,223,1496,1088,15926,20,2716,7256,617,3036,312,2436,16180,6984,100,1070,9876,6601,5547,16842,15783,15546,6988,4575,1192,1982,5097,3420,7977,894,2943,763,1760,75,16753,1169,3792,5027,2868,6248,4248,20307,2323,1233,2636,22687,1398,796,23236,20546,7107,11736,8345,1097,2650,9394,53,125,3305,1349,989,2712,3659,18240,18999,17823,4881,582,2195,6138,727,93,8920,3238,66,537,1585,10675,3427,319,3699,908,2094,724,249,554,1807,5502,4560,3430,5220,5947,4429,15,747,51,576,15020,5512,771,3204,9332,1350,470,120,443,3688,1154,8219,148,2291,1317,8247,9674,15359,1843,1020,19,4954,1422,2634,319,1534,788,1619,661,7969,31331,34,6672,910,12227,7923,2232,5943,1832,203,3119,87,13522,81507,2266,11926,2057,9839,3296,1812,13089,2263,4073,870,4948,1101,4716,6515,7931,5004,9131,144,221,19707,2297,32,2204,19030,5865,1631,18764,7370,8200,3530,1038,24849,11043,24602,497,1111,882,3841,462,509,1240,6750,267,612,0,28289,1637,1859,1005,10711,6167,1544,763,23837,383,1401,12221,4021,1658,2378,187,4263,862,4162,22121,12466,3019,1020,6606,10977,15722,69,1483,12338,7745,671,43676,56,11651,3445,3005,794,7802,491,2895,7331,6194,5385,30829,12930,587,1046,5397,923,567,10455,2275,2980,1113,6914,3028,2079,1067,12753,9268,285,47452,373,606,23889,33356,640,928,2886,1313,35,20692,1826,445,1770,15427,3474,370,5093,4888,3224,16968,512,2490,244,1425,4928,514,5771,825,826,8221,6286,2941,20698,17360,4763,928,16809,684,765,19414,299,3617,3363,19,11411,3528,1128,7034,718,1125,329,3022,1529,5178,16520,15846,3071,1397,1201,9145,2296,20236,14584,7716,1379,17433,41557,129,10440,206,140,3261,27183,1126,23262,248,987,8797,1075,92,2791,663,1911,249,152,3479,1218,1239,19150,1622,2930,4435,9230,3640,1930,461,46846,21114,84,6087,61,2989,18884,10628,6182,3681,3400,1185,31513,214,3071,1521,96,296,30550,4043,28530,2758,26961,5238,910,6166,9862,5591,3320,1485,926,1356,8746,8457,1569,6154,625,792,3601,521,12,1501,207,1047,6222,656,2259,116,3510,6483,1610,22552,732,4310,222,14,2402,21417,3325,309,709,33,3377,38,469,996,3319,8,4835,13796,600,629,366,498,737,1790,7607,1300,4621,387,13766,1718,12312,21849,442,1507,3636,368,352,7449,438,821,12085,46,6185,8024,12624,3627,569,9183,79,16901,84,11131,11638,1620,8612,395,2243,6082,5396,1097,5342,930,12302,5020,2159,8958,94,1984,5127,2482,2340,2109,1464,7542,284,220,43,199,5699,3532,744,4808,802,41390,1333,517,1997,1019,34639,10824,1368,2246,150,54,958,2606,5324,5313,9588,1293,7724,16499,1067,3317,13,169,6948,811,5817,1623,4573,1990,15183,1353,3025,12791,3645,3694,2078,627,105,20910,7219,908,2024,915,989,12359,13069,1371,757,40290,2841,217,2357,755,529,10895,5885,14291,2390,4492,5945,639,29738,32,1944,7021,2270,5722,1147,3429,1355,7532,1055,22279,1501,4594,193,12747,7433,4057,683,11265,21064,2074,7979,14111,994,45,1176,703,7802,17606,698,6550,5654,29,16,1977,1855,403,17,2995,748,1347,11232,15252,1118,1801,3056,8473,358,16898,322,968,1352,7224,17102,2265,1706,9120,2867,1718,26205,64,22318,1153,12217,1935,3272,8533,6,3326,2088,3147,36,1109,3397,1584,7315,12520,2032,1974,2770,20986,1577,4521,2219,637,4519,633,5347,5539,241,2284,11901,2671,313,1881,4608,5687,21919,1034,7814,12347,1327,1140,260,383,332,2331,215,710,3159,35,2112,7310,5115,3836,11574,28516,203,276,2097,6462,12094,15277,12563,278,593,35361,1378,4658,6701,1460,3761,2702,322,64,11133,6890,181,42504,209,11976,1229,1040,3452,1237,13002,76,2807,1083,4082,709,5512,1892,10941,1133,168,2507,1456,2000,3470,3109,12293,7238,6548,10534,8285,1941,7307,32770,1825,67,1404,2421,11902,568,1777,9140,11854,3281,1866,4699,2325,1545,10425,476,701,2473,7155,259,231,1723,6806,1146,1177,4797,530,1041,1138,2670,166,1840,4681,886,4771,29931,3768,1588,11829,2435,5349,105,6684,6738,5235,230,2866,41,814,1016,1633,7099,1505,3674,3135,152,12691,13008,12455,29192,88,3281,11262,10397,14808,3616,10742,1451,3620,19588,2613,866,394,1577,988,4382,3025,4671,4795,682,1263,29,2153,400,854,602,841,1360,88,52,4115,7499,1353,10383,8486,2526,9270,459,3006,3178,2470,1656,427,3743,1218,4979,5744,658,12216,1255,1775,6217,3866,5834,741,21397,4411,512,40,6254,471,1158,2634,3805,741,12739,1936,10370,122,1294,2321,2503,260,37121,7502,3405,661,1181,2259,11024,5355,24479,247,4693,1287,837,7158,489,5114,8104,3492,16965,5350,4508,30527,1824,578,1616,17118,243,248,1316,204,1728,488,6512,11616,3381,5599,996,11522,4968,159,1272,14515,226,7937,2760,13779,14909,3928,160,4172,334,9670,34,67,2722,6731,10565,4621,1019,6755,529,21073,1312,1709,180,6115,6469,10565,17588,93,9069,9041,3645,6472,5711,6499,2349,7989,711,4585,3193,11078,28,2282,2203,4458,429,5755,9816,6199,838,944,261,1461,40,3,327,352,7845,308,1121,4990,4698,58,7223,90,2013,2809,4300,7782,4745,488,4157,183,165,4603,318,409,507,2703,55,4562,1509,581,15,226,116,16871,102,1600,425,5,563,1498,7003,26971,852,145,4262,30015,6427,4238,1860,22799,129,1796,1390,240,1212,936,16911,12088,1195,23230,5042,864,94,241,471,2681,4628,2532,77,4864,10652,21040,17620,64,12544,9971,29918,2490,1268,96,767,30,1088,4170,14720,1279,2463,564,11711,218,724,11101,18859,29787,13668,5420,9495,5129,5857,7108,1502,2056,4961,4014,4043,22918,178,12357,377,12948,748,240,2632,3381,2564,8121,8100,1383,2116,21191,92,129,2009,20,53,1043,2900,3745,317,11634,2750,5610,4583,5088,21953,4369,25562,1235,6212,14260,1829,2466,1070,2167,3032,8997,607,11695,755,4673,4181,3614,2554,4638,490,5863,3106,68,5293,577,690,7396,6473,13396,1293,9669,25890,685,33829,618,645,2085,8949,7010,219,11346,12172,22202,1907,2169,1168,11061,31029,6871,23717,1698,1844,196,12180,16528,3444,7035,4340,392,177,11856,8351,959,8181,909,7317,1786,1288,167,7031,6557,1065,2872,25289,743,238,22776,3996,306,16225,1010,27,12292,13077,8663,1317,1247,1218,638,5764,1511,142,738,2150,10118,322,2204,8907,3681,25449,13458,2656,8543,4945,529,4570,8326,758,555,56,8111,1230,896,9928,11241,558,31377,4459,2027,8463,10295,912,7212,2150,348,338,486,8576,2431,2813,1158,2299,3264,2414,52,6942,2053,20309,3965,1483,5090,36,278,701,60916,26246,12219,8552,14856,6312,3984,598,24202,2671,6773,250,18206,958,15551,8127,2113,16639,8719,194,5591,692,3753,1297,17486,8624,16030,3874,5674,7113,18197,8858,601,1227,2178,710,28430,1457,3042,2740,5749,6544,3561,3383,6717,2426,6057,3738,360,5821,4295,1882,402,1205,49,9424,9906,8660,8393,7088,443,10998,10236,3996,742,3114,102,12475,10764,87,8120,11887,927,215,3548,434,51579,12661,1275,1706,2182,1570,214,661,300,943,59698,892,7767,12,406,13822,497,38907,4131,627,26494,1246,18303,1894,4112,3102,9129,1980,5,4141,1686,59,9381,8587,810,4893,794,7895,14050,936,14758,8159,1689,1061,3546,1942,575,513,19481,16437,571,493,745,642,23988,182,2130,15694,12991,4771,1804,431,79,125,395,537,8470,9412,703,922,0,6953,147,5750,18643,6587,4570,851,340,16527,53,1024,3814,6571,2835,414,19600,8460,12205,525,7687,9281,1120,828,1864,2684,5601,807,4694,2283,8068,4765,1679,525,10158,8923,5095,3851,24945,2679,341,2952,3291,633,5899,131,1794,1823,2203,10944,831,6676,27818,3705,5742,17375,402,3390,88,2545,8301,7437,62,9174,805,5376,466,310,1911,3854,6872,874,2456,28614,111,856,1902,34719,5079,1158,18,33,3622,5652,1545,254,308,8833,3083,48,419,4460,3417,25330,820,3949,6404,2834,4383,18815,9413,24871,1553,3036,2512,4405,2969,29857,2,153,152,858,7645,1278,1627,1161,312,3476,10353,3576,368,25193,1088,6281,1206,2969,316,706,1516,2919,1234,26678,26127,540,1076,3401,15,326,710,8566,1873,3262,15469,7065,1547,23774,1075,815,4142,13959,11479,25299,6564,10426,224,375,3437,13114,30941,1223,13762,7447,1008,15149,3906,64,229,13871,290,196,7772,7590,3415,2610,409,5908,24143,1353,463,6877,15466,1815,1932,17673,4387,1106,6255,407,44932,4466,16428,2109,1649,40,310,174,3954,290,5659,14319,7393,1715,13803,315,895,1458,375,15342,2898,8730,148,3277,979,1608,6948,2863,10967,2967,1175,7489,1766,5637,23678,4083,11157,801,16,3363,9582,1154,44180,1907,78,3410,31270,7131,1380,108,962,483,1160,1830,472,617,1510,5,26274,2336,2059,3087,8359,10107,84,3547,10,3558,8158,758,5420,660,2310,5012,72,14315,4701,26981,2646,10640,417,629,6096,1868,16759,4098,143,543,473,1142,2531,15080,3750,9884,3471,5152,4109,108,2810,9854,3356,3079,6231,364,16941,385,15393,7678,7454,1700,6859,13024,5329,7492,72388,5539,6007,2880,11463,1467,428,899,4971,2524,856,1635,19047,5881,9560,5,5322,5876,37468,3390,1116,907,2047,325,1373,329,446,1959,5608,208,17028,5399,2452,7154,625,2137,10,151,465,10424,270,8026,28212,178,794,5220,3885,183,18845,20261,6564,1502,519,285,4457,1005,1398,6857,4531,108,1499,1615,670,63,18955,3586,1908,3543,1179,451,5593,12408,4614,4057,7218,34281,2438,4703,405,8170,244,0,2938,1817,951,3317,3180,5803,791,296,7825,5177,5722,2973,1762,35,9328,14868,23466,23,821,77,9682,6463,1405,693,8236,369,254,805,2069,2445,2227,1513,5208,16700,34449,3796,864,74,257,167,6614,2159,22188,14963,10596,5367,1159,11720,1235,7280,22375,12437,247,11344,3028,82,142,306,16394,35744,5997,1745,415,278,298,13955,4289,204,125,2760,5585,465,29434,13033,1458,9662,4922,7155,13400,3192,2473,356,1382,497,1264,5420,17394,17,12438,4196,420,1309,22644,10,159,961,5767,3039,2539,5284,408,63,8911,4492,2639,867,1905,21891,20022,141,1034,6505,173,98,3012,4176,760,3330,28446,6107,2028,4731,1973,4426,6057,3218,1762,1283,4225,4834,3089,243,3201,133,1063,771,1716,122,2698,6795,4622,8370,30052,287,716,8024,12171,2794,5453,5296,1522,84,5898,28859,12182,458,3889,20,434,6814,4468,237,1334,3752,209,864,13937,3622,19264,223,7995,2403,5361,370,4027,2630,33589,5537,2145,104,1755,245,24972,5247,6307,3439,1425,209,974,637,1060,5744,360,39028,3155,1169,1856,16923,38679,8023,815,1182,7834,20383,1473,1825,5380,748,2936,877,23255,20428,16994,1755,263,7307,7743,10047,3493,5415,5954,2811,58,3287,8761,16472,962,3723,7836,1058,962,1453,1972,9187,747,261,7366,317,5675,1543,433,906,1401,1172,1373,10499,5382,237,9865,1107,3329,4752,8654,384,7842,1558,19547,5234,1330,4882,5627,1561,342,94,2051,198,738,815,161,2801,229,2999,1134,3569,4190,3461,2026,695,11447,18611,6804,13830,342,1675,41678,11643,275,13458,2486,2346,27822,2971,24119,9345,122,10309,1432,1468,16987,7051,942,22298,3,10934,10287,1841,8732,89,6865,6921,385,735,1921,8523,997,1396,4795,144,709,41514,9199,388,1644,2730,2412,896,853,290,456,59,9851,5883,13878,966,325,1897,8737,38,1968,7096,189,373,5696,2477,1496,17326,278,38,96,31,2841,573,141,955,683,1978,11211,3306,936,8980,3430,165,711,871,968,1202,1273,2486,6416,3615,14782,536,31,793,257,6305,73,1561,3384,4409,2492,12431,19941,328,600,7266,803,3806,3419,6649,5012,806,9322,484,67,95,601,1927,4680,1591,907,3335,252,209,976,717,1462,2314,1218,22067,3834,8896,1397,14,16035,191,1238,3222,1142,408,5889,967,2582,16773,1103,535,10065,1572,44357,1630,6854,1385,485,981,126,7583,1458,133,355,1533,2142,1143,3648,3661,8210,15734,943,3022,633,986,676,8392,6243,12396,1755,65,650,5702,22279,2642,12954,5385,892,423,43205,9744,3341,2182,965,6039,3885,276,32,1611,397,2919,1654,6300,901,1725,8062,5711,19763,1128,4556,546,4500,4623,1910,3882,1009,88,1739,5594,16511,8823,75,13679,13282,579,1436,4173,2375,30,23788,1798,87,9894,3102,1273,2095,3577,509,12297,8503,2468,5536,834,378,203,3078,1981,418,264,2149,4697,110,664,1584,1750,1905,294,13779,1720,1144,2178,1866,209,225,702,94,582,3263,1717,5363,25988,182,139,4935,8660,231,672,1317,4886,1642,538,3263,577,988,6055,43094,2867,13251,3059,9083,5106,2152,509,960,781,9862,29764,5110,43,6759,1232,1356,1336,1466,203,26740,20364,7577,696,291,9357,13770,5859,17551,14692,728,15067,3021,4974,8026,108,530,30832,5458,366,54,6917,13996,8508,112,3668,9930,738,8080,368,134,162,1096,206,61,2678,620,973,87,12743,46,13284,300,13456,3657,1041,746,13029,1674,3066,9787,8456,27118,7157,5008,4707,6100,560,4613,54,3518,19490,97,4053,44351,32539,3384,2172,207,3192,292,2744,10619,17168,2366,1026,14900,1908,709,9472,1548,2081,1878,170,2493,74,24087,216,1958,6525,616,1647,5619,988,11708,3994,3868,8346,2859,514,4764,359,286,4754,271,5668,31131,5316,679,9351,16533,6993,15840,11986,2160,6997,1056,1572,1347,318,34,2447,3214,313,14375,5728,1528,24,435,10981,332,10605,2534,773,2645,3957,2422,231,995,237,1298,3553,962,12,7574,1732,6821,2385,312,1628,3752,2590,97,802,6908,4072,1279,2810,2681,511,1308,1053,171,258,19,5724,4955,292,35,3391,7541,966,287,10153,15405,7143,235,421,2356,1245,7844,4143,4343,257,736,8062,5118,3706,369,4512,18640,0,968,400,1251,3006,62,17293,945,1732,2847,27270,14592,359,1702,14161,2432,260,8416,6818,3953,370,8621,3899,18708,8651,997,1331,5058,137,2034,4651,921,1402,50,1562,552,431,4158,11196,24188,2093,480,7431,5435,2491,5809,1504,11127,1598,1483,269,16410,238,4479,2820,294,32336,932,1685,8398,1507,265,5578,568,3561,8624,9085,924,5623,1161,28573,581,3168,1239,3106,911,464,6238,920,6334,726,58,6596,3463,11373,4262,111,1735,3808,127,756,4267,4573,916,4717,21404,8510,227,1935,4706,825,1146,936,4,6889,510,9645,3135,33870,1557,2023,1270,20521,6477,23955,7144,3580,2911,1312,1383,12234,19,57,6918,7441,901,959,12627,8572,1819,7618,11026,1108,4987,2187,1210,7976,188,312,10067,114,60054,19247,209,154,34999,2363,1234,1931,6099,26611,167,1392,1262,4055,13477,2474,6180,291,1880,4414,1301,21683,216,3292,43554,4631,7398,1801,4879,1094,2500,5100,2307,10757,429,864,26647,1092,211,3198,1572,2960,1192,1000,908,750,1115,1261,1427,3697,764,5675,163,501,659,362,6489,1308,877,3691,10558,1321,9751,6615,8681,34004,15637,5067,1411,10892,3229,16091,10208,471,651,12327,689,8757,2661,1429,5637,84,1248,9040,5144,47115,9271,520,1037,10266,12238,7799,552,2442,7131,23626,8259,1761,1098,867,393,625,5294,15899,14554,18898,15610,839,1431,254,18213,87,8193,155,20,2114,688,2481,1437,738,359,1874,1246,23004,324,1762,268,1642,27613,61051,618,2496,240,3809,132,687,787,247,34661,25479,14598,1084,28806,10741,2420,215,149,14714,4987,14456,12494,749,188,18059,1294,22,3684,4508,2454,19357,6601,5921,3911,3941,1703,3634,26026,4548,43052,379,136,3998,99,14672,2433,2266,593,7512,1797,2158,771,11082,10611,2272,562,2871,4149,14676,6858,2438,1331,484,1539,421,13191,4065,9154,129,2588,912,13810,9016,14403,304,1048,2932,7080,2364,10062,68,5563,603,6875,27961,1492,788,67,9403,2827,34364,10782,449,974,5018,1883,631,7776,2051,3985,3033,1830,7049,4362,2493,64,888,1796,1258,3496,1256,916,19661,632,16356,1233,10624,15265,503,1054,17879,3207,199,3653,13294,68,483,8068,1226,453,3492,1605,8809,5887,478,5329,16107,2785,5681,1799,9364,301,2546,12094,397,1362,392,4637,932,410,11087,25356,1062,5312,35240,1887,366,384,9381,3168,1236,1077,4661,969,4370,2405,454,663,11817,87,2143,3010,6813,2771,17,545,3857,1605,454,6219,587,2362,2472,167,1075,567,25483,167,31112,21677,25920,878,3889,1771,7187,4162,2142,8932,4634,3250,11425,2448,34211,254,2536,3300,3633,1192,3624,918,238,7691,42,1600,4818,1649,2647,486,8718,13571,4076,41757,3966,3006,6611,355,3096,631,2615,1105,6,2897,2463,8441,7075,4731,219,28619,3859,1018,3749,9566,103,4701,263,18,1281,922,203,184,35,4658,2686,5825,1200,128,533,195,1070,15967,4113,917,1621,277,8608,3669,4012,8844,4595,140,2735,5699,9759,63,1958,5815,6274,4694,4069,155,2980,12865,5621,107,428,14339,260,4272,706,859,18343,312,1091,2543,3948,3208,1608,2189,778,20076,14038,5868,1634,25,7867,1815,1049,226,6313,3067,1077,3351,1171,6800,441,341,34441,88,18088,747,498,11536,9196,17368,2683,35668,651,11695,6869,843,2053,4774,3089,1579,204,269,378,5340,18064,62,2396,2742,7707,2287,15120,1587,17153,21492,8990,246,1673,127,5836,946,2240,22940,365,123,5059,141,6204,3616,3737,3953,8038,871,6536,18005,646,1175,5792,15,210,25,6707,462,602,341,11984,1482,62,1423,7306,2515,9320,17229,23028,5221,7008,2709,2092,301,2258,38740,4279,11581,4886,2549,1109,9380,4120,12873,29,772,11665,1529,7235,4,2090,1790,659,14247,3712,16016,4982,18661,1216,11485,16808,366,147,7740,870,713,1390,38,3009,548,794,929,2265,954,15070,3563,4,2566,3287,4185,864,600,6616,4717,1528,4744,2,418,1772,4134,3925,6155,3373,807,5146,6156,3156,11384,3291,9810,1762,40,6649,6763,4869,9556,28446,3728,16754,2795,1171,2388,1577,865,257,1455,18368,2896,886,2796,305,263,3793,168,12244,1630,1524,1728,722,967,5506,1285,11404,13408,39,3521,10152,884,20370,1525,24147,23151,211,155,2327,11261,46945,1450,5963,5824,126,5692,1254,23548,5667,11502,8362,8931,445,4616,892,41002,8836,34,12,23465,452,2833,356,4868,175,7432,10674,1320,913,26,1999,6846,1176,3303,315,368,1182,2637,5940,3180,1175,12436,188,646,2496,18094,98,1099,19025,769,6561,157,1483,16417,1150,1402,2231,10461,2516,153,7038,21185,6745,2550,694,2925,4633,482,28028,21100,267,2277,7563,1734,6741,4050,1373,20231,7864,5329,1204,24337,4483,10459,170,1819,882,2744,19909,6476,6548,386,9893,10597,448,32728,7803,6249,5940,1048,3626,2751,12847,331,1577,14423,1146,14052,783,49169,533,11389,13705,9380,328,1442,14390,3983,8209,266,6460,1516,3525,105,4691,208,490,457,6533,497,4388,33,1711,175,9064,2595,566,3219,1153,10492,3078,216,553,748,214,3374,9406,6381,1515,5091,3387,209,10853,908,3748,198,14379,8520,8705,16796,488,2852,12419,2884,1349,6248,1193,8118,1125,10753,1764,1473,952,22025,1196,13846,2949,997,10173,3821,15824,2594,7,3500,10421,4661,372,3199,804,742,4893,3221,18650,417,19992,775,327,361,1164,38177,6189,9,14206,2332,103,612,296,2469,5440,896,107,1995,8788,433,1930,10937,12392,2462,3514,1129,11765,6391,10537,125,461,4004,26793,2156,347,2973,4361,2614,24670,41626,1151,15582,547,2294,25218,5082,2555,107,277,1556,1090,5946,465,1091,432,780,1469,963,13004,1410,992,10271,15133,15189,4197,14147,3926,4143,7570,885,2148,291,4917,622,932,5331,511,70,6669,3909,639,564,2975,19620,8493,1939,3503,21994,40,13241,6115,7387,2182,486,2805,76,427,20945,1755,12284,6324,2585,13656,19177,5973,37632,635,2017,1522,117,34,20993,1404,43,1988,52567,2441,1713,60,24057,5131,375,13107,5569,3917,10762,13696,6061,14282,2939,3328,139,2376,2031,16998,5506,12572,6493,9947,428,182,5315,8802,54955,1156,4620,1515,4625,8619,577,439,310,4137,2010,427,9688,10852,805,117,1084,6186,132,2203,4868,48,4723,200,292,1190,4081,7984,1790,819,8919,1679,1459,863,507,1787,394,16209,15670,2152,1884,1446,2974,1160,2999,1550,3741,5037,70,4,86,409,6165,2135,8673,3203,4412,4771,4573,1105,288,1712,12838,1251,8282,1016,1198,6362,1337,4254,596,1819,752,1326,10393,1194,109,95,10350,1815,3124,1237,303,615,643,1026,5745,1144,323,24865,1004,4023,1158,3943,12236,3552,10178,17853,4718,119,828,1007,811,8103,430,1310,260,1395,702,5217,194,478,402,267,5056,2940,6300,3909,280,8629,4497,45,14983,1927,19564,593,1387,196,2714,69,787,9057,76,953,1638,659,3506,1332,5106,3313,1989,1298,55,4193,4384,1830,694,863,6119,2646,1418,11904,7367,2191,2886,4556,32872,27253,16372,4978,458,2439,4673,939,3445,856,238,3771,18235,69,3716,438,138,375,2186,3964,1036,1708,6849,1972,1660,11069,11480,253,3279,390,2274,6780,10284,9545,6900,2219,7686,985,558,370,11148,2742,633,707,29654,1625,1783,7752,12054,387,1244,191,11326,1237,195,12741,14806,16650,64,8869,1468,840,1121,23769,968,13532,4566,343,3478,4351,10796,163,37918,575,6251,16,1349,12223,589,3295,1042,1554,1510,8191,222,6092,608,1046,3581,4187,6413,1731,605,4879,15368,2393,195,1681,2425,670,4692,916,4133,4647,14240,1211,9696,1711,5596,259,2462,2061,24787,2563,9689,2,564,4473,10492,2084,10973,9691,221,13596,19417,205,382,937,22529,2579,431,1796,2241,6657,195,14171,7007,761,806,1859,9771,557,1690,625,3125,2636,1289,4541,563,215,2671,2373,8638,1195,1205,791,17903,1954,923,31928,5221,2461,9085,8149,375,947,1445,229,388,1806,308,10147,6083,8277,1488,2729,6359,5933,9916,2291,2949,380,8215,533,3615,1316,2408,973,605,9529,7390,566,7774,7264,748,4323,5220,2622,205,6338,10990,10650,10174,8944,6453,501,873,1851,4726,4399,342,15034,15207,2781,6086,5166,3780,3140,9151,3250,8567,570,12915,3174,11649,112,1133,3231,33,800,3102,783,7038,445,1746,3792,4173,30069,1954,5472,410,21020,43,112,482,765,43289,926,2438,1342,1268,9226,409,2156,466,3905,6789,2641,2864,1348,406,2356,11014,1075,5371,9,1388,4329,7951,458,1172,50626,237,48278,846,562,1066,502,1262,4214,31,3232,1776,6679,3712,50929,152,971,433,52,463,1172,610,2107,428,18536,29366,6382,4026,3861,1477,2102,4591,5165,21913,3118,4967,3103,258,10634,7458,9750,8,134,26,87,6350,1376,7474,10271,977,2446,5863,3427,718,7640,2678,202,399,556,14600,18814,8350,2,685,2360,2098,468,203,3237,1005,4033,198,437,136,10972,1443,1552,6395,6799,1026,1101,2304,1840,1110,2403,243,807,9111,16485,633,1268,6,3307,7871,164,442,1416,3923,909,15818,8548,6171,8776,7907,1548,598,9496,2444,1266,52,160,884,160,4271,28204,9194,26156,426,823,1284,184,13004,925,2259,1839,780,196,369,10830,15397,7921,2812,3536,85267,660,16207,3001,11398,43608,828,78,357,1439,767,538,1615,6420,3939,9086,2505,287,896,5590,2040,4071,3753,1555,2133,553,6319,1187,2147,267,6256,1081,941,9013,2346,21347,1632,3692,1727,531,12849,6639,5800,1701,2517,2574,21934,129,226,1293,4476,2159,5822,5307,904,742,208,4625,3029,53,29575,1735,9640,2900,920,31543,5414,3190,657,5322,3506,17958,15734,21770,11040,14079,1906,3271,2185,2739,338,3125,763,8368,2270,3405,639,516,1324,126,578,11361,7643,4995,22965,284,1221,15231,7314,777,971,3916,801,14833,501,4191,2236,257,1257,406,535,1304,3936,820,834,1360,5134,3445,815,424,3990,859,327,1138,6120,2910,9365,3683,102,4813,2565,768,18497,398,605,2320,35359,10412,3543,1450,1894,9520,5519,2498,2432,3031,234,464,12176,13324,2179,143,3949,11394,439,0,244,236,489,1347,5540,1775,55906,17643,325,4937,23554,776,7074,20864,469,8836,14,3775,4784,0,2295,5587,464,1460,5955,3787,5801,351,99,2712,8403,1394,2980,393,4023,3624,6378,193,1420,11286,927,3715,5490,10728,3421,1393,393,236,2324,605,1984,29666,4653,16767,265,3817,2318,18551,145240,978,830,79,32739,441,445,18361,6552,17838,2090,12580,41263,398,491,497,2273,61,2368,9836,398,3072,2529,1035,1349,5196,9958,4371,2816,8231,2937,425,16359,1303,160,1848,1257,383,3225,3171,6287,3805,6133,3234,742,997,7497,837,4078,151,68,1238,2630,4286,1093,2340,5517,17657,4468,9987,400,2840,2395,333,397,18644,1628,6212,9637,4815,3877,21760,6659,3,8318,995,4078,32161,8349,1509,635,2130,4971,749,5371,44,3831,1543,3753,1750,91,2959,2473,2849,9728,7536,1297,5317,12757,1739,9969,6242,7978,525,4720,1305,4727,13540,2006,2586,1650,8429,574,24075,1505,16287,1101,4322,6611,565,698,332,2342,2915,6045,11115,6372,74,1170,6,5294,1918,6286,1124,2204,43863,6544,8225,3,6263,1708,546,4543,3748,614,6976,8400,2661,36927,7635,390,7699,1446,7621,5699,9680,451,15619,3798,738,4308,3540,153,23995,3904,196,831,27630,8268,1216,2362,1346,1330,5337,32783,164,11386,75,1510,874,1198,124,345,6001,7544,780,2155,754,2021,6621,8516,5283,11375,6163,12010,342,1133,1400,110,4206,6603,3218,1902,548,291,356,45,6078,317,30175,121,884,944,10060,161,1767,14317,2548,553,187,880,116,8008,4576,4625,139,1892,988,15727,1296,844,200,250,294,5610,6579,1093,321,87,1068,350,1941,10332,139,1021,12038,1533,2004,2506,1815,9000,3609,7433,8601,2409,2035,7128,10477,1543,25117,4339,2656,626,90,1578,1191,12984,23154,580,509,5088,2179,1482,707,1611,11407,5812,14522,437,2517,4281,8211,14549,2503,98,1231,194,20597,823,23924,493,9189,481,489,84213,6998,10042,416,3311,3047,330,1219,527,6304,695,596,2217,687,5127,483,3684,2031,2088,2155,4154,12701,2066,4346,32,23327,2588,320,520,4600,553,12254,733,3199,312,2143,7392,1428,1612,2308,2082,569,4370,4838,7484,17224,21729,3099,4360,745,1663,13,458,3788,361,3331,10384,6076,47699,537,12321,4618,1764,625,183,1090,1226,335,636,7889,1795,574,2968,4359,24341,589,38,6471,23159,4559,41885,2452,204,12213,754,2769,1556,1264,312,5534,132,3483,197,1649,484,538,729,40,562,789,5845,5799,3133,12469,1,629,25206,7171,3300,117,5574,25364,4231,7500,2336,8357,5136,102,4486,809,193,12079,427,1904,26850,2599,11193,514,746,11423,2526,1887,342,3384,1642,1796,1793,298,2707,513,3438,1181,1149,118,20848,2657,498,798,1,352,15737,8700,3384,349,5249,1171,8126,1123,1267,29621,604,12252,869,4185,15510,829,4,1004,1581,6,17804,26059,2105,3010,32708,3998,4587,337,3508,3527,10495,3596,1249,1005,2831,915,2888,7773,254,2304,394,53,359,1447,1152,4060,10052,9045,36542,1637,2647,30617,38352,5258,1316,1350,3741,468,741,232,1780,4776,12975,981,1684,478,170,1177,480,7801,8341,2290,3426,970,1486,8506,29315,8154,1507,4708,14994,2197,990,2843,11550,8293,9553,1040,643,711,6285,992,1297,199,196,183,7744,1133,55,5306,3733,1005,5084,18149,5169,2965,377,14554,296,3353,57404,817,6868,8438,21676,2660,615,7677,20241,11837,372,268,2628,19568,250,385,22868,1687,2033,10551,1655,5491,1364,129,5415,341,1137,914,168,9421,6482,173,325,121,5379,1007,9113,10135,21230,3001,4045,33380,144,1937,5045,611,15966,560,29925,2085,2535,1620,21590,1008,406,1294,1226,3774,974,1103,416,728,9039,11029,717,884,174,572,3375,3153,4389,12990,561,5926,3840,887,902,17067,1864,116,2821,369,799,1406,17371,7598,2812,1334,22680,2035,2142,5857,6629,4933,137,243,10680,2101,3011,2963,10330,3,9626,323,164,1356,5772,299,54,9304,4538,785,136,22129,3007,373,5762,2660,97,992,9988,3642,1735,4534,9588,2526,5499,919,124,5322,28886,23344,5804,176,341,7168,240,2191,898,3741,252,1059,218,6665,4949,511,893,1824,1656,16738,1648,3167,1746,16242,4372,3261,372,11575,1265,15878,9854,9717,4515,1325,808,4075,2306,455,3966,8971,7160,2379,606,16241,22784,2755,1244,14959,985,1188,2663,5422,1577,949,154,1025,3668,1121,1887,116,5152,4551,5940,241,3730,1101,1562,8685,251,771,6367,7441,867,2577,484,4730,4764,266,2596,36160,5370,976,3431,5714,1006,2288,8405,466,3004,511,12007,405,36295,9320,4646,1706,11898,255,8201,477,10414,1622,5079,21946,8631,1446,18470,618,7984,9039,2587,66,14366,447,1648,151,34625,2703,53998,3808,836,3440,3288,15186,431,102,500,2990,2555,10077,7696,1072,22729,1484,67,380,469,432,1119,3464,88226,84,399,2045,317,7668,2035,5244,437,31550,461,71622,12458,1293,36468,80190,8309,1205,8250,75,1967,4116,3065,1191,13378,16151,748,1105,41404,169,5705,122,12,725,1550,728,1093,2635,25422,4829,4993,3384,11945,2440,4485,1789,9057,16242,487,426,1183,627,15741,12023,1583,22977,12244,18114,10354,306,165,3790,6594,1125,2570,17,18794,8155,3962,18203,593,580,202,3674,4536,3656,342,110,1594,15755,2379,6628,2272,28812,796,1074,1140,980,7447,2633,786,470,7302,1292,754,1003,582,1582,3368,4984,551,688,1829,12799,1499,421,1032,289,3672,213,355,291,2256,3724,1112,256,19532,1850,595,2449,1337,5212,2281,1244,4032,6627,1534,740,4021,1465,6904,636,341,14237,9886,450,214,5435,5303,3554,128,29883,772,581,10450,304,1341,436,1331,7800,1718,761,2561,5365,1038,3647,780,209,258,5134,6309,6731,2824,5439,3322,10441,1984,656,5860,10115,5080,178,5669,20,4997,246,7141,1797,11,758,5780,2392,4549,2384,795,163,163,1153,5297,1797,2148,1171,2851,844,14626,676,14949,16333,6488,771,635,18876,725,679,2131,11665,9565,3916,1502,9244,1487,288,3400,5960,11840,3431,677,797,495,1862,1877,15461,4989,727,2124,1226,12859,8180,10294,11255,647,1160,749,162,3001,7965,1248,1241,1866,1329,65965,33288,121,3058,1621,35,2446,139,1185,392,187,5943,631,1669,2455,2266,386,11333,624,4799,27712,3109,3001,5762,9417,127,19045,11560,1035,601,1343,965,2392,7855,2684,43446,16630,903,38486,5319,3876,815,4397,18134,303,4077,21925,629,1763,856,3865,2089,6957,367,987,36781,47,1406,67,281,49203,17,2824,2836,4593,463,7780,1309,4660,3578,779,6541,580,10282,1262,16261,3875,646,6292,1230,79,1526,2449,1361,5764,723,1133,1863,550,2898,9527,2750,3310,5356,1220,23,2432,1012,1884,1198,153,9136,7900,238,2902,2449,1078,9216,13932,369,679,514,450,1376,1948,446,1337,724,181,3385,4507,41200,884,486,9919,1052,67,930,2455,1508,738,3491,494,3692,9205,6372,1815,1839,5865,641,484,87,644,1754,1176,88,5333,19699,153,1865,1122,728,1205,750,511,2248,1690,7544,49,14177,5281,5,2153,6829,11514,371,1042,1969,2956,968,11464,13838,54248,6601,1291,2956,1151,5815,2774,8747,2554,21746,25448,3558,2163,2451,2142,18,4829,1445,571,7804,10352,8153,261,1696,59716,446,8813,11864,75,36,927,1021,9062,276,1299,2310,8736,103,1479,25907,3956,3057,14489,6131,13277,5971,7229,947,3,180,1680,3326,609,7460,5441,3732,4415,2543,6541,1051,264,12277,14181,1869,907,4073,3853,446,15126,3229,1430,1794,962,1316,1650,7749,931,7870,565,10514,4863,9133,287,368,3208,801,3089,3367,2810,3656,1084,1927,1750,975,1032,548,1613,5354,31974,7242,1089,14382,2409,11136,337,1969,2731,2275,1495,739,6364,1612,885,6131,49,347,19056,10664,289,160,2177,7031,502,9529,11315,3361,9145,6293,6712,2389,14610,1628,243,422,8379,18302,596,5015,3704,4225,30956,3768,1309,222,101,725,144,1955,384,5972,963,250,38,5399,4616,100,595,745,1211,403,60,1417,152,84,1995,1121,12214,1958,1641,24400,401,1929,2582,1477,5012,1711,3478,3754,1051,815,419,1256,1508,625,6295,194,4869,7719,874,267,51,23047,1325,2127,2805,1655,20897,4358,615,4145,17044,4444,2742,1504,13149,1630,3037,1846,1046,328,1361,2322,34,6840,4475,12362,10021,17160,2649,3844,2182,1903,25342,18323,9040,2831,623,450,899,372,1968,905,15390,79314,11488,149,245,7875,10373,270,500,794,4038,6560,9067,17943,53429,2276,1705,2153,354,2121,2327,48903,5810,999,2472,628,8878,1107,7703,4825,5887,15020,472,15052,458,4722,1432,304,1305,1630,3817,2670,502,1774,692,356,2892,66,190,6891,19056,14094,11260,24,1332,3169,512,1184,2011,48681,4050,11104,8087,6840,686,710,2806,391,6525,850,535,566,8297,995,32757,12868,41,2092,8881,7716,1014,3981,4669,2862,934,949,2020,5212,2334,2377,2897,1678,7619,2342,8085,189,9012,644,1941,12879,1347,5623,454,5179,24350,92,3605,12910,2723,6189,31836,12976,23311,12909,19691,9057,2062,10,129,18469,15459,2011,609,942,16028,3529,2632,7344,3437,5413,1552,22,80496,5017,21046,13893,1475,9820,2623,8303,1362,6468,7581,961,1993,617,2429,387,2235,3793,1413,6277,3425,10311,34461,5148,1751,310,3599
2,97,18,5,31,105,1,10,93,9,0,15,1,0,266,19,1,13,0,16,641,291,32,0,0,22,0,41,0,150,348,0,390,5,411,19,71,27,4,20,104,4,5,54,217,92,101,1,6,2,42,30,29,640,2104,0,130,31,98,16,394,32,50,271,0,0,2,38,377,41,0,509,54,215,538,54,0,17,105,34,2,1,458,698,199,0,12,1135,12,0,100,10,195,0,0,2,4,1207,1,22,105,6,18,19,12,70,0,26,8,3,20,787,136,5,22,792,362,166,0,37,29,371,162,265,332,137,187,0,1085,12,101,4,10,22,1,228,2,105,0,47,2095,85,0,57,263,139,35,0,24,13,61,92,135,1,3179,8,0,8,613,3,508,6,18,2,12,128,14,521,0,3116,47,0,476,4,1191,1377,114,1077,214,89,3,16,16,73,0,17,45,325,4,18,18,681,7,0,13,0,16,382,160,117,0,229,4195,64,79,0,373,3,21,10763,23,12,0,0,5,10,187,377,10,0,179,59,4,9,18,10,115,12,0,0,0,0,0,65,60,1,3,0,469,47,3,781,58,10,0,1,227,15,0,19,1,5,0,85,147,50,4004,379,50,154,0,20,19,1,770,25,50,1,0,123,1,27,1007,2,9,6,107,49,0,9,275,22,2,20,26,10,12,2,48,2158,173,20,675,38,16,1439,170,8,3,4,90,107,69,1,11,2752,7,286,162,522,43,51,0,0,43,0,0,19,276,0,11,300,141,45,4,172,231,0,236,10,2,0,226,75,369,2,95,97,67,0,47,0,4,222,207,64,6,6,1,0,99,861,180,19,1,423,157,361,167,0,748,1908,1,1240,934,255,1,239,1311,34,1797,12,73,137,1921,0,77,594,450,53,40,1,1,3,2,903,0,3,551,114,124,14,2,10,73,86,0,843,87,64,8,0,6,15,5,3,97,521,31,148,104,0,59,0,0,15,29,23,113,393,20,23,37,23,1,222,1773,119,32,0,29,3,1046,1891,5,0,0,24,0,149,280,0,4,0,220,2,0,9,4,5,170,0,4,0,1239,0,61,2,0,2,356,92,1,111,9,1090,61,1839,1,5,38,7,296,1,13,3,3,69,10,0,364,60,4,19,68,7,424,0,232,0,111,24,0,22,0,40,225,2,77,0,63,0,106,42,6,1882,1,1,4,1,101,10,4,574,3,64,5,305,1,8,233,0,31,74,102,127,0,0,26,2595,0,2,984,237,0,4,10,1281,0,0,631,72,0,290,1,96,0,0,101,63,3,3,75,113,423,498,90,0,0,148,6,31,68,15,24,21,6,38,59,19,1162,42,9,0,22,8,919,0,34,136,1,13,73,28,4,1238,9,77,194,198,13,0,1343,150,0,0,3,27,0,2188,550,427,0,0,0,52,0,73,744,65,1,0,7,1,25,228,8,1,19,200,0,0,132,290,49,1963,14,1,1849,7,97,110,0,6,57,32,1,465,0,0,1,9,3,23,2,589,3,462,107,1341,5,2,4,0,28,19,0,355,480,16,10,0,853,12,23,76,1,1256,1,115,592,525,2,16,6,1022,2,2,437,11,0,0,2,0,0,1,19,2,121,860,23,66,9,141,6,0,0,1390,1,0,733,36,0,31,0,0,64,851,13,77,1,39,297,2009,0,30,14,1804,8,23,0,3,0,26,27,75,213,2,1925,223,4,37,0,411,568,0,0,1430,0,0,7,186,48,86,28,3,8930,4,862,3,32,2,0,7,14,24,2990,119,2736,811,0,1063,441,23,0,7,27,0,39,0,7,0,169,2,14,123,23,3,5,191,61,1291,0,22,0,24,69,1365,0,0,151,11,1,1307,175,37,25,338,43,3,45,30,22,55,266,56,91,3,531,4,1202,2,9,0,113,1435,222,12,26,418,491,204,81,0,3,771,7,0,6,323,57,98,10,119,2,261,4301,24,23,4,0,682,6,1,86,122,155,453,43,3,55,2,69,0,1260,237,103,976,4,0,9,1,1,4,1,703,4,2337,251,0,0,85,52,2,6,3,38,1,1,0,0,112,1245,12,1,842,14,868,8,105,104,1931,665,1,3,470,8,99,1,0,2,389,75,4,22,11,139,0,520,0,12,11,95,138,404,6,17,44,848,19,0,7,0,43,1,235,6,0,31,21,0,10,50,1587,26,22,34,995,46,22,2,18,4,7,712,5,285,43,2,66,223,86,7,12,16,81,2,0,218,292,459,1,2,4,260,4,3,14,28,6,55,8,85,63,880,577,0,6,0,17,1177,1,1,2,34,9,3,762,0,43,749,64,135,3,1,1239,451,1829,18,0,1369,50,1050,1,3,2729,12,7,149,3,72,2,21,0,2722,8,60,2869,0,1,2,28,1412,0,0,196,149,39,13,1,6,13,1527,0,1291,5,49,339,196,857,5,63,62,6,31,38,200,1068,10,85,193,0,2452,26,4,2,1001,201,17,188,626,4,0,577,21,4,80,1251,298,33,143,35,244,3,13,258,23,0,0,3,114,553,27,1,4,0,785,0,1948,116,3,0,164,5,93,51,32,6,443,4,5207,29,327,493,525,0,7,5,450,31,20,0,0,3,2547,9,2,841,833,13,27,679,6,2,1,2719,23,23,5,3,0,0,1,24,49,0,581,34,208,79,0,45,132,0,59,4,253,0,2713,1351,365,6,17,1,386,0,0,214,2,0,61,0,972,166,4,16,90,53,0,19,0,0,46,2,92,25,431,893,3,861,79,1,9,8,0,0,19,1,67,59,2,12,158,27,0,45,5,576,252,39,97,58,4,122,61,111,93,0,0,20,133,349,40,772,58,9,0,0,1,32,0,32,169,0,54,2,281,13,0,867,187,2,189,26,0,0,1,7,11,52,93,0,3,239,574,0,31,23,4,2,4,4,0,24,45,340,2,8,4,15,1122,2,0,14,431,55,49,4,419,99,0,4,251,21,2,0,0,156,572,17,138,147,2175,26,110,2786,2116,20,53,26,2,39,171,1716,16,101,59,349,4,21,36,475,0,15,4,180,74,35,85,18,94,38,67,0,230,0,154,26,1,2,39,630,1238,348,120,0,137,0,40,4,313,238,0,1,1158,1785,5,2,1,13,26,9,9,1,0,830,161,4,721,1148,0,1,10,2,0,1,0,55,4,443,18,0,12,1,729,2,0,1,74,0,15,3,2,1,7,1394,0,1,20,0,19,685,19,0,57,2428,10,157,21,18,0,13,405,6,42,202,18,0,2,2672,12,389,2,35,105,0,35,44,0,0,1,17,440,461,3,835,109,887,6,361,0,465,146,16,92,42,1776,3,0,463,9,4,509,75,11,24,328,30,1,1,84,141,0,1,38,1,1,16,156,6,2602,81,0,0,1223,3,389,0,4,107,627,592,0,7,22,329,735,491,15,801,7191,66,147,2134,213,3,1,0,0,28,0,7,68,8,5,1,0,1,139,345,8,0,7,0,105,132,149,51,0,119,26,34,79,116,0,393,0,28,0,13,0,0,1371,240,3054,0,0,87,7,25,42,0,45,61,3639,0,0,0,70,660,71,42,119,16,41,144,136,0,1,4,0,0,32,137,1,2,1,0,1097,5,13,0,714,0,306,0,39,53,203,1,36,15,0,221,174,33,30,5,98,1,15,9,0,1415,0,580,13,21,12,237,1031,0,3,5,79,1409,8,2669,31,0,0,77,0,3,459,0,332,0,34,68,53,98,1054,313,786,338,4,0,955,568,19,188,2,41,11,12,2,1,16,2036,24,1452,1478,101,0,123,0,131,84,180,165,12,0,26,0,155,63,130,406,9,28,172,6,4,5,974,69,0,229,350,0,50,0,190,65,1817,2,992,0,159,0,577,7,8,0,224,17,0,40,322,39,2,0,1397,0,6754,11,347,0,0,0,1,28,27,0,37,113,1,1099,0,66,4,0,1,994,96,1404,0,0,10,60,9,6,126,4,0,33,990,5,871,2,0,164,235,3,0,543,4,2,122,2033,0,161,23,86,0,72,0,253,0,1,1,42,86,332,164,29,0,1951,123,24,85,57,7,0,2,18,718,3,0,1,337,83,182,208,0,84,116,1349,0,0,5,12,0,0,119,0,1,10,0,9,11,0,0,0,36,489,96,0,2,13,67,190,516,1,437,1,2,750,68,32,4,0,121,0,14,11,0,4,247,8,48,103,913,14,0,21,44,196,740,1,9,159,12,13,0,44,42,771,6,127,53,126,548,207,150,4950,0,72,2,99,13,2,4,1,87,4,0,143,157,320,1,22,1,0,0,234,54,3,15,3,212,0,0,43,18,19,75,1,20,4,2817,16,1,0,6,11,10,74,294,33,24,73,220,1299,1852,99,96,81,4,2,2,0,335,1,0,2,1,1,351,229,443,15,125,0,36,3,26,3,5925,730,1,0,2081,0,9,76,106,0,859,30,0,108,17,507,3084,0,2,0,4,290,0,6,0,0,1,13,0,62,3,0,184,685,241,18,0,0,28,171,383,2,2,77,0,284,0,21,8,0,237,2165,47,1,86,4,534,22,1,1,2742,289,7,0,6,110,96,41,27,0,195,1,1,0,3,7,620,1203,28,501,0,16,55,577,2,1,168,32,28,17,174,2,69,289,8,9,105,256,3,494,1297,282,332,25,16,172,24,0,30,16,16,0,919,334,10,35,3804,113,104,67,64,18,0,0,0,308,221,68,93,4,25,90,3059,15,124,468,3028,40,143,21,652,34,3,0,2,528,323,52,7,300,251,112,220,931,3,9,24,93,120,3,0,44,7,5,17,0,35,151,0,75,0,15,224,328,356,5,2,0,13,14,42,88,9,2,2,6,263,109,500,86,92,0,635,231,0,193,22,324,26,41,0,81,13,0,81,4,82,37,2,4235,52,0,159,2092,13,1,76,2,2,0,502,402,7,312,101,5,0,2,0,394,1240,0,3,45,297,1258,14,27,327,25,106,46,10,58,0,17,0,6,0,171,78,264,319,595,0,24,27,38,2,39,55,66,0,0,2,14,2,17,244,133,0,8,0,0,0,419,54,26,16,68,90,0,16,135,0,16,1,12,10,17,31,25,36,439,13,0,66,169,15,137,3,0,792,891,1846,0,74,5,47,0,9,0,5,0,43,2641,7,117,390,18,0,19,438,595,34,4,346,348,34,1,241,932,385,111,28,0,3,3,15,11,167,144,181,0,3779,46,0,1,574,231,63,511,3,67,209,0,429,3,4,2,85,11,275,143,36,20,2,436,117,0,4,0,0,125,5,10,4,4,602,36,563,0,574,94,0,0,44,0,258,635,46,6,26,1,459,22,210,64,52,406,0,116,44,65,444,19,115,0,37,0,13,0,21,3,7,1442,1,508,61,263,3283,0,20,1059,26,210,50,0,0,0,124,0,97,352,47,233,0,9,64,1468,104,278,15,57,150,3,62,17,12,0,1478,244,0,802,0,18,1,1,3,1,0,1016,530,40,93,0,86,8,68,0,485,584,4,185,0,73,0,115,143,162,0,140,676,399,82,21,1229,66,23,17,1,12,4,0,1,0,61,34,108,0,16,428,7,0,65,51,44,11,17,954,16,159,0,0,0,0,14,35,341,12,1,771,0,0,64,0,1,0,8,3,1225,10,3954,1,0,1,587,6,36,1,48,2939,510,2318,12,0,97,8,85,38,0,48,2,1,1,259,17,1,2,16,23,13,0,0,194,38,37,860,30,2007,182,246,47,6,230,34,0,3,0,17,56,1084,0,2,53,1302,11,63,0,56,185,1,490,291,1,6,0,121,386,101,0,229,6,32,2,23,1,290,33,16,112,569,101,13,0,12,0,76,2,3,65,3,1500,35,188,35,2,27,11,360,3,181,0,340,20,77,0,140,33,25,46,16,2713,11,23,192,126,1,385,133,2,103,30,13,29,395,491,2,1514,3,83,1,0,1336,17,1,0,705,13,144,60,39,3,50,121,382,0,39,19,0,0,60,0,0,2,63,0,104,8,15,126,3,14,1,2,0,0,25,43,2,12,595,38,166,28,0,164,47,74,3,15,56,1,522,81,0,23,3,34,0,28,5,157,24,319,0,135,37,5,201,131,2,151,0,0,1,382,50,114,11,0,114,0,1,31,7,0,626,235,0,301,17,624,2,403,27,65,3,0,75,645,39,6,65,0,239,1,7,17,451,0,0,4,15,438,6,0,22,44,14,1,1,589,0,10,28,42,106,0,20,2871,1,945,189,86,50,136,186,76,0,54,0,372,552,0,3,0,22,993,0,27,253,5581,6,746,0,57,0,234,131,141,2,66,181,532,1,14,6,8,3,437,95,17,95,26,362,0,0,73,32,20,2,0,19,0,17,327,41,29,0,14,25,40,23,0,3889,0,25,165,0,326,0,0,279,3,1398,71,1,205,43,1,2,12,2,0,13,9,55,184,0,1209,0,12,5,111,39,8,1115,0,1030,40,386,195,809,1,128,0,18,6,133,2494,9,0,570,2,15,9,48,430,36,0,204,0,80,8,170,170,2128,69,1118,56,124,113,0,56,227,13,90,130,123,119,1306,6,9,1,5,0,2,1,138,0,136,0,1,95,666,0,4,27,810,318,151,18,117,0,888,73,197,85,1545,226,0,27,3,126,0,196,24,52,17,409,650,29,0,0,2,8,1,0,18,0,650,1006,3,41,0,0,0,566,2313,26,2515,0,0,27,13,980,49,67,7594,819,6,42,33,0,169,0,5,25,0,1176,0,0,0,10,0,30,41,17,1129,30,10,1719,0,220,4,1036,3,725,0,285,9,2,0,7,89,6,26,2,8,42,240,68,122,12,57,2,0,2,0,0,19,32,6,389,37,202,3,0,312,3,837,117,22,7,19,374,197,16,69,95,178,20,553,0,333,25,24,11,39,1,6,299,569,138,2,24,3,12,122,79,84,0,9,4,82,0,8,0,2,1887,0,0,1,26,30,472,3,464,217,14,561,0,2,23,11,177,0,0,0,38,58,2,81,0,20,5,94,0,1,7,21,75,5,1,23,103,4,107,0,0,210,0,295,175,113,159,0,1,238,0,468,538,250,46,8,0,1,0,0,22,1,16,0,80,0,3,0,5,22,0,309,11,97,199,80,1690,1,347,58,0,189,160,8957,4,10,0,11,0,355,4,3,245,1218,0,7,0,1,0,1,0,10,93,323,0,21,0,24,0,17,2,4,14,5828,0,9,0,0,10,187,535,12,0,46,3,5,1308,1592,182,8,2,118,8,3,38,97,17,1108,32,24,1,40,1,30,19,35,3,616,39,8,0,2,1312,0,9,812,42,34,207,315,425,0,10,375,58,482,4,95,0,28,0,0,35,0,147,98,0,2,0,0,13,11,1,0,44,3,163,1605,122,24,0,3,1,1,27,0,1,173,577,16,110,7,329,3,41,844,209,48,323,418,649,1,20,0,3,7,387,25,2,0,58,2487,44,12,383,0,0,315,2556,0,0,39,76,18,30,1,36,3,26,131,0,15,160,2196,145,642,120,25,14,67,2,0,34,209,1,348,12,0,137,0,311,2,3,67,77,46,66,651,44,1,112,1,2,198,519,8,6,0,75,821,35,0,14,23,0,1944,3,1,3,63,76,0,0,196,12,4668,1,827,46,28,173,0,0,4,0,2,5,22,0,0,0,225,12,22,0,124,2,6,119,67,140,9,45,3,0,30,0,1002,2,29,3,472,11,7,264,1,0,129,41,52,0,492,12,43,46,0,37,35,20,53,2,0,7,550,0,45,110,22,166,1,3,704,0,0,1784,9,869,0,316,2,3,2,51,1,0,12,0,93,46,215,0,8,193,3,18,26,9,3,150,0,1392,82,1001,465,11,5,509,0,0,66,3,301,0,218,38,41,0,1,184,20,94,10,14,0,117,278,0,2,483,0,16,2,115,64,101,0,0,0,1,59,15,4,1888,1997,2,5,2338,6,11,49,10,0,95,3,124,1,0,126,412,1,42,102,5,65,651,1,322,134,1,2,32,1,218,0,54,381,191,21,86,10,8,978,69,3,91,12,535,550,323,247,1125,859,540,712,0,0,418,8,27,130,0,0,453,1850,152,121,231,1,0,356,34,3,336,0,8,47,114,489,5,220,1289,178,13,10,410,21,0,50,8,11,187,0,202,9,5,0,158,496,8,8,101,100,12,1,3,415,107,1,223,460,7,22,25,485,42,47,534,95,1070,1155,547,90,105,0,19,596,394,0,0,0,0,478,3,17,21,10,80,4,1821,528,339,34,1,195,1,622,48,0,629,10,5,1185,3,0,0,9,30,0,362,82,9,215,10,43,0,2140,2,10,68,0,899,15,1427,1358,0,5,14,1,35,3,16,0,49,16,1,207,263,0,1439,0,105,378,4,46,1,15,76,36,36,0,15,1572,274,1,2,206,11,240,84,19,695,180,383,172,0,0,0,6,589,1153,1,106,1577,4,0,0,91,30,67,162,0,0,0,35,0,14,93,123,107,5,51,6,3,158,16,2,308,15,165,0,1,364,40,0,8,0,2,0,63,1,217,0,46,9,8,151,219,0,0,23,1,0,107,0,22,26,4,84,9,18,121,767,15,0,1,1,5,515,0,49,785,23,99,23,1,5,2,0,31,300,796,0,1,0,43,3,1,73,61,2,473,539,7,1,54,10,91,1,226,4,684,0,0,25,18,16,89,1,9,470,246,0,11,19,285,3,0,4,1204,9,138,16,74,22,41,45,292,6,0,49,493,110,260,5,13,10,1628,26,509,55,42,382,0,49,19,4,39,0,0,0,0,2,48,12,6,0,64,214,2,1,191,28,0,511,6,37,3,0,0,34,158,0,34,38,296,45,0,164,319,17,0,74,171,17,494,487,107,25,17,1,0,0,75,4,3,21,1,1,99,550,1516,0,237,124,32,1,206,1,798,38,2,0,519,2591,1020,18,1,116,8,52,385,135,124,2,7,146,654,6921,134,1,6,0,0,39,3,29,0,98,0,2,6,1,238,9,179,622,14,67,152,61,24,0,0,26,3,5,610,316,13,184,106,7,21,187,0,5,4752,467,117,2,0,756,10,888,374,0,15,0,1,237,108,4,7,18,9098,2,1,0,0,1893,5,344,5,0,209,9,6,9,0,91,20,1,0,152,65,1,16,174,0,1,180,67,0,0,7,227,17,45,607,237,185,13,28,65,3289,1,6,68,2,232,0,0,0,5,0,0,1841,0,12,397,1871,58,23,49,0,746,0,254,554,188,68,52,1,124,101,308,3,131,64,1168,1587,64,0,0,33,2202,188,5,385,2,0,196,9,2,229,8,8,0,7,2,112,40,58,27,0,752,18,258,7,12,536,9,26,25,101,2,231,22,2,1086,137,179,0,2,19,370,7,3,57,220,0,831,271,0,0,399,5,22,0,0,16,97,23,407,394,2,8,168,30,587,347,1,112,653,5252,169,38,3,44,4,38,20,1,17,0,0,136,374,68,15,292,0,0,78,247,13,698,0,24,775,1,0,298,101,55,71,15,3,455,173,3,8,142,524,0,332,0,63,1,5,520,0,29,5,22,153,1,10,1,0,39,31,46,0,41,1131,28,281,0,135,0,99,26,0,2,3,221,2915,79,0,1177,0,0,46,157,3,17,660,197,11,124,143,1,58,610,0,156,13,93,118,3,15,5,0,0,1,0,250,0,384,4,59,26,412,69,24,500,0,0,28,27,0,24,1,0,73,87,0,202,0,3,1,2,5,2998,189,0,0,106,277,10,6,150,17,0,12,84,0,68,82,1,11,0,123,1,4,10,271,93,44,28,4,43,36,11,149,5,33,162,57,56,0,257,0,1385,0,0,132,2390,658,2,13,0,595,215,65,5,0,0,2,0,460,68,32,181,95,0,194,771,20,77,3,0,215,30,1,0,6,0,37,0,0,161,147,0,752,142,1,10,14,55,993,5,680,0,25,46,59,132,63,522,1,0,0,303,462,0,92,31,743,0,1125,647,14,6,50,153,137,0,3,147,48,1,2,8,4,3,0,4,0,559,62,1,0,143,0,0,67,16,0,402,2416,119,2,23,1,362,279,487,0,5,6,53,96,445,52,1,0,336,5,2,10,238,610,0,0,411,66,0,304,84,0,0,19,144,54,37,304,4,225,216,14,1,1,19,39,4,139,0,8,4,910,23,943,28,0,41,272,0,2,941,9,1,38,118,8,2,0,599,4,29,0,1,1,7,5,4,435,37,334,1,60,121,0,748,4,531,23,16,175,7,232,49,5,37,0,3,2416,65,13,0,376,4,1887,41,377,0,0,2,479,37,3,0,115,73,77,0,1,50,143,2,101,3,0,151,467,0,298,577,5,525,44,0,87,3089,5,27,0,55,5,495,9,221,6,1,4,0,365,0,0,0,31,3,148,0,693,21,0,86,43,5,158,18,0,4,119,20,161,145,18,0,0,1,0,4,0,860,14,13,800,169,33,80,0,358,11,3,3,0,3,71,3,0,11,2,204,0,8,54,2,27,5,0,35,1,97,38,0,53,0,5,1564,497,399,0,1220,29,14,60,109,0,2,23,456,10,124,0,1,816,2,148,94,139,0,111,4,248,23,16,2,13,481,85,1,503,10,401,10,0,19,597,113,156,321,1002,474,0,35,61,2,4,96,256,19,57,8,87,607,101,37,43,1,19,0,3,5,0,56,12,11,1,2,504,2,110,76,198,16,14,0,168,94,8,28,3,37,50,233,4,41,98,181,65,330,0,84,344,33,31,79,0,49,0,2,805,1,31,261,35,5,150,0,10,0,517,162,15,744,9,0,59,82,2658,0,1288,0,0,244,355,114,194,206,31,274,498,50,55,126,31,65,1465,0,3,0,284,762,13,119,12,2,0,47,0,1,0,1,110,12,118,7,4,570,498,451,142,19,22,49,0,515,17,443,34,4,4089,720,342,0,378,0,2498,0,142,34,881,4,3,9,607,0,172,448,3,32,258,0,25,9,10,1,370,0,0,126,2,0,219,0,271,4,0,130,0,5,0,13,2,0,728,1,17,0,3,182,287,47,0,383,71,0,7,84,749,7,14,149,0,0,72,4,1292,70,32,0,0,68,1,145,1,12,2,0,715,2,398,1088,11,6,0,38,181,22,137,0,503,0,3,24,67,183,0,1836,247,390,104,37,0,0,6,14,24,60,133,29,78,3,0,1849,7,0,0,17,0,61,2,0,64,31,1,0,7,2,0,0,194,26,22,8,320,16,14,60,0,104,1467,23,0,0,11,661,1,51,49,693,373,149,50,262,0,218,1,7,137,1,18,71,363,22,14,1,0,898,18,1205,144,37,0,82,95,13,3,861,149,70,262,18,2,0,343,0,1,2,0,11,1030,54,7,51,20,0,575,113,51,25,0,0,75,45,38,1068,108,22,2176,0,109,49,114,0,4,0,1260,4,1,78,17,1,229,59,18,1,71,1,988,0,0,15,1536,0,691,0,48,3,186,23,12,138,0,212,0,10,2,13,26,86,175,50,13,7,0,7,0,235,92,199,19,0,39,33,223,31,188,0,2,0,11,388,89,453,7,12,0,140,90,564,79,7,0,19,3,152,453,19,845,2,0,52,35,0,156,1,6,463,114,290,272,81,264,7,15,3,15,0,27,122,118,859,11,20,1,4,56,1,0,438,21,0,880,77,438,617,0,379,268,35,801,16,0,0,1,93,304,1,5,0,0,11,480,398,2,686,38,4,0,5,3,0,0,342,178,314,24,38,0,1,8,28,1589,3,626,12,244,0,78,93,3040,1,26,238,22,0,625,35,0,2,22,381,0,32,6,0,207,74,704,775,30,12,140,129,75,15,59,1,118,0,36,2,190,94,1,2,111,0,4,0,1021,0,582,178,130,19,1,17,19,3,8,4,0,127,0,11,0,163,112,0,1,18,12,39,15,0,10,4,0,0,215,0,0,0,12,6,0,0,1,0,2379,278,32,9,0,13,368,747,264,125,57,12,11,52,6,373,3,26,0,24,0,3,509,2,288,24,33,5,2,61,0,46,2037,140,7,800,1016,0,56,0,272,3,4,0,1,15,238,190,56,2,25,0,0,372,49,0,480,35,12,80,0,13,413,1,660,5,323,62,2,1,0,502,0,569,15,3,2,2,6,2,783,539,3,0,12,3,123,0,67,37,30,364,50,34,0,15,69,11,556,5,1,5,0,2,7,0,34,0,29,1,183,0,852,401,4,1690,0,98,0,697,29,65,5,177,26,0,0,0,16,0,172,44,0,347,37,122,5,5,0,6,0,100,2,132,4,0,0,523,27,253,92,40,0,6,206,2,71,0,38,24,125,83,378,36,0,103,225,122,4,0,19,18,4,55,0,3,187,49,3,672,393,34,4,0,42,41,183,126,49,0,0,63,145,52,262,16,0,0,224,743,7,555,87,41,0,124,0,4,50,1521,1986,198,1184,29,26,5,3,33,19,2316,265,16,15,9,28,52,0,80,0,27,696,2,3,10,856,5,323,10,0,2,6,40,169,222,1,27,10,28,1,34,0,76,899,1167,20,2,5,6,133,7,1373,359,38,0,243,28,29,295,0,0,79,0,32,2689,2,37,176,0,362,6,0,21,0,3,4,2515,2,1266,21,6,10,0,1197,13,3,0,0,102,74,8,2,188,1,15,1009,810,1,4,34,89,2,0,128,3,1,2,1,148,388,249,5,21,4,127,45,0,0,4,25,2,30,2,6,1307,194,14,520,192,2,1281,121,123,0,0,0,1,0,2,0,3,1,43,71,1110,6,0,47,30,1,23,0,233,1,2,38,60,34,11,171,1,26,2402,6,7,397,220,36,816,1,0,1,13,4,3,0,3,63,25,213,87,0,190,115,16,9,303,5,0,1,0,43,3,0,17,8,0,2065,0,43,176,407,1,4,7,1,279,92,20,0,0,15,0,9,6,14,511,25,0,547,121,0,2,185,34,235,0,1673,0,0,8,15,0,16,185,983,0,0,224,13,26,772,29,5,62,13,178,0,3,63,5,1,22,32,129,205,23,2,15,97,100,0,3,30,0,40,66,400,1999,0,713,48,106,224,410,1510,28,5,131,150,2337,7,4,5,378,1,5,989,41,0,22,1,6,0,40,1,148,34,0,155,15,996,0,138,350,30,96,1,1,345,92,363,10,93,56,37,0,486,1609,0,0,0,327,80,0,41,102,9,0,10,0,0,79,394,1,0,373,51,4,179,382,6,4,5,0,0,0,3,11,235,0,0,0,737,163,328,46,22,143,779,9,0,1,15,2,0,4,3,13,418,231,72,18,35,72,40,155,2,2,0,101,2378,250,55,664,1,430,0,1,0,21,141,0,0,2,0,0,100,12,79,1,11,1,1036,0,15,0,31,0,120,261,0,10,1,338,430,0,5,259,9,2219,0,67,47,102,0,0,1,1,608,0,73,0,1466,0,5,8,4,59,0,1743,142,20,16,968,1,8,168,238,1,305,0,55,447,0,0,17,650,36,402,1952,9,1,15,6,240,70,0,6,272,0,1479,5,15,0,27,23,2,106,0,228,8,6,8,286,20,5,4,2,0,137,20,3,1040,111,0,228,3,2,2540,1,9,9,1,98,49,0,144,1,111,14,11,23,0,0,5,112,2,0,4,34,90,90,8,135,7,1,19,4,3,203,44,104,290,1,0,1,37,0,144,1,1945,202,24,24,415,38,85,1,228,4,5,1356,534,131,549,47,5,5,0,965,3647,1552,27,17,1,12,2,1584,178,607,458,1996,0,0,1014,703,3,129,0,140,0,53,0,4,363,111,39,0,8,168,1933,850,24,7,15,3,21,37,51,200,279,0,0,4,23,90,18,16,3,5,2,533,0,783,4,103,220,0,31,0,494,0,0,21,819,105,0,2,916,213,203,281,197,67,25,0,1340,2831,2,6,246,0,2,13,110,2,2026,1,4,309,3,7,0,0,1565,1,38,296,18,18,42,0,41,0,320,137,1673,4,683,1,3,654,72,90,1,70,485,944,5,131,9050,17,31,7,351,20,759,151,153,98,2,106,20,34,20,0,0,1,328,92,31,0,375,37,1,374,3,10,3072,45,55,85,94,3,369,256,38,129,9,236,42,47,39,3,226,1366,0,23,0,0,48,17,0,53,4,0,21,29,4,389,0,554,43,6,10,1,0,4,0,0,1,0,346,51,1,0,0,0,89,1,0,10,389,0,133,0,3,207,159,98,169,590,41,5,10,4929,272,21,109,210,6,829,111,0,49,1,341,0,36,0,49,0,0,0,12,78,22,61,372,20,100,185,5,1,0,81,63,108,0,6,2989,69,1067,23,157,397,75,126,1,383,0,151,5,6,29,10,0,227,725,97,9,141,0,0,10,0,12,90,6,1000,16,258,25,304,9,39,1,56,833,67,188,1,3746,36,259,0,4,32,5,393,4,2,0,9,2569,0,589,353,1,204,27,576,51,284,11,5,1,9,13,152,403,0,7,110,89,17,1939,946,0,317,56,15,0,324,227,0,7,47,0,21,480,0,0,359,349,2,436,0,456,7,50,14,10,20,3,120,125,4,522,462,1965,2,0,10,1,0,99,1403,252,346,345,27,2,362,5,0,1,0,40,285,54,0,0,1,160,53,161,75,13,28,0,67,4,43,1,235,4,45,102,585,65,4,37,106,7,1,0,139,43,11,242,0,6,295,0,444,0,29,5,670,18,78,4,133,0,71,184,0,3,156,636,771,0,1,5840,73,99,272,168,2,1648,86,388,19,1,0,0,0,0,81,1,1,1,1736,7,176,1,22,8,0,41,58,1440,155,839,27,6,1,7,74,1,5,1023,212,29,43,449,0,14,0,5,627,22,436,152,9,3,86,1480,213,23,24,1,9,3,9,30,1,0,7,58,2,0,2,4209,114,0,33,1,0,0,34,28,14,708,80,30,385,0,168,233,74,1,135,29,0,53,3,117,14,39,0,0,965,341,1,19,6947,542,9,0,1,5,15,1,45,0,300,0,0,1,512,268,4,152,689,1023,3,0,67,0,54,2,517,106,2,321,41,132,298,0,4,0,4,32,0,5,3,71,0,9,0,90,183,273,287,488,411,109,1512,1,1,160,4,5,0,0,13,754,250,213,1720,0,2091,87,351,431,571,1,0,175,4,798,54,56,61,13,36,140,3,38,96,80,3030,0,159,1396,2,375,2,2,26,1,2,6,2,194,0,615,0,43,239,38,318,1341,37,847,109,0,22,0,0,0,150,3,987,211,57,4,28,21,2,4,55,765,7,0,168,6,0,0,1,855,3,13,462,2,0,0,0,1,31,4,4,0,0,0,0,384,0,128,217,36,19,128,16,3,1,0,59,5,153,4,0,197,50,277,58,113,20,96,27,110,256,0,23,36,5,4,354,38,99,29,1,178,0,354,7,0,50,16,0,137,16,111,185,13,30,15,93,2,33,6,5,1,555,13,4,6,160,0,69,0,29,133,167,17,12,910,64,10,5,9,273,2,20,8,6,1098,1,4,280,11,905,6,98,6,106,4,219,0,2,27,1512,1965,0,50,5,851,20,174,2,142,0,134,31,76,0,9,7,3,16,55,414,2493,11,7,22,3,268,28,5,0,108,8,12,325,0,0,6,0,54,324,4,43,11,1,0,77,608,49,269,241,897,70,227,36,31,83,92,17,146,0,123,0,36,3,5,16,0,3,15,11,107,265,1,125,44,15,49,17,2826,21,13,20,41,215,4712,145,13,0,0,0,4,295,0,3,217,59,2,0,5385,139,2405,0,68,49,1,56,5,1,189,261,0,5,4,196,738,130,11,0,2062,55,110,88,11,9,86,63,7,159,13,4868,178,3,525,21,21,2,26,3,0,0,1275,517,0,28,203,10,47,2,0,2,402,622,87,12,168,4,665,27,128,0,154,93,0,1,0,202,33,151,125,1442,36,92,2,0,231,20,0,3,307,18,16,2,13,131,771,0,97,0,135,884,16,233,31,0,2,0,312,25,118,1,4,1239,0,104,1093,38,626,31,69,8,0,0,328,8,269,13,116,3,34,23,0,0,0,0,0,1,2,731,8,5,221,0,0,302,30,2,27,157,329,174,0,23,497,91,703,0,1141,72,957,6,215,49,130,255,3,175,1,8,725,6,4,328,0,56,3,1,75,74,2,8,1,0,32,2089,1852,1,48,19,404,0,25,0,6698,5,10,0,0,2,0,0,40,16,0,390,1,8,2,10,1,11,1229,167,295,157,0,849,21,14,242,54,21,0,171,0,0,305,0,2,38,0,8,57,0,1,0,0,25,0,9,1,428,134,3,5,228,3,1077,30,3,2,602,0,24,0,253,8,29,2,0,601,0,1441,0,1,12,6,383,1,0,29,0,0,5,0,0,107,3,0,48,158,2,41,0,79,707,19,3,5,88,3479,69,138,0,189,10,3,19,1445,963,765,50,1448,27,595,38,0,251,1,671,206,1013,287,0,1,0,1,49,0,354,7,4,31,1,47,87,904,78,184,0,22,11,0,52,2,1,0,0,5,2,423,3,14,35,2,1,12,0,0,52,177,96,6,34,14,2829,1,0,697,18,0,21,15,105,7,219,102,1196,14,417,50,208,0,13,31,86,3,7,0,19,1,0,2,196,0,101,46,29,0,174,24,427,5,115,17,265,1,0,12,125,28,8,16,108,10,0,0,43,30,0,422,0,0,10,39,0,6,184,8,1015,901,0,2,17,261,17,1,16,8,0,0,125,203,1,0,6,0,0,310,2,543,0,30,13,0,7154,3,0,77,592,435,246,10,530,0,178,12,44,32,457,1,49,1,309,29,394,0,446,0,29,0,506,0,80,1,23,21,0,44,2,0,46,129,2,702,1,1048,34,4,0,28,9,11,4,126,6,41,38,0,95,178,469,0,5,0,305,240,24,2637,42,0,38,220,133,1501,19,1,3514,713,0,61,9,15,87,8,15,852,0,1,165,683,2410,20,0,0,26,1,0,1,560,282,1,0,152,37,1,2014,2,42,3323,346,42,327,14,33,89,2,952,117,378,0,4,0,18,0,2,18,52,0,236,9,3,1879,126,33,11,1271,55,85,44,227,582,613,760,784,3,1097,142,254,0,548,20,2002,4,4,54,0,777,0,20,1,5,0,261,2,0,437,580,2,81,0,0,1,4,50,2,0,0,25,131,4,234,0,0,548,1,345,0,17,0,10,25,318,474,0,57,12,3,137,1,311,964,348,8,0,175,210,115,57,16,11,20,2,0,6,649,21,126,409,3,18,6,397,9,113,32,65,20,26,69,38,67,79,19,659,45,38,0,3,0,0,10,2,5,21,9,1,0,107,213,10,50,1,0,24,355,0,9,26,8,1,45,0,4,23,3,38,0,130,8,40,64,39,81,641,387,0,1,5,738,354,1,13,63,52,332,102,385,3,1196,36,569,54,282,345,25,144,222,5,139,78,277,157,39,49,5,13,138,0,96,46,229,1,74,276,38,1148,4,283,10,2,1,1147,31,360,12,587,258,184,76,47,1829,108,2,6,41,114,0,0,1,0,48,0,523,15,1262,19,61,68,135,51,625,245,33,3,2,296,130,0,29,7,85,1109,17,41,500,441,0,487,0,382,11,34,3,133,10,0,732,0,15,821,0,201,995,98,49,4,16,140,67,2,1,20,0,0,0,0,572,12,840,0,2,873,26,0,3,9,71,0,8,7,468,0,74,2,6,14,88,1,421,1,3,518,762,10,0,36,184,3,25,2019,0,366,0,0,0,133,17,1797,140,1034,3,57,4029,1221,10,131,11,25,0,350,21,3,23,0,400,25,330,0,501,1,238,9,0,8,20,2,0,0,107,5,33,1369,0,167,1095,19,473,877,6,92,361,1,1,6,468,0,126,88,8,31,0,9,16,2,538,37,55,4,224,1,17,8,268,1,0,0,4,11,555,2,112,82,5,3,41,54,8,121,388,2,2,0,1,3,159,83,6,71,49,589,1037,0,18,1044,4,12,1,1181,780,0,36,0,11,27,86,0,524,377,2,460,180,101,12,71,0,25,94,11,0,2,5,4,3,2,289,5,0,1,7,906,99,0,0,33,66,8,1,0,170,31,809,11,372,149,0,1,244,11,151,0,0,0,2,133,533,0,0,78,144,0,0,728,52,142,9,23,4,2,1,91,0,26,19,40,0,33,1,34,935,2,0,9,291,0,95,87,162,0,142,18,54,76,254,33,2,0,2,0,1,0,0,28,11,3,32,0,0,136,259,0,0,673,32,6,8,9,2700,100,835,9,60,58,426,0,0,3,250,16,12,82,2,169,0,228,2,1,3254,1326,30,0,356,180,0,0,12,64,1319,4,777,1218,1784,0,2,8,373,666,21,227,7,0,1,170,3,0,4,7,188,0,1804,120,769,58,17,3,80,18,468,16,343,5,238,165,0,2,488,17,2,5,5,164,568,10,188,2,16,555,10,108,1521,51,134,1083,0,252,56,41,2,63,178,2,56,343,72,162,461,0,899,452,202,1,0,3,7,460,448,131,0,0,0,84,0,4,1951,4,978,542,72,21,2,90,167,6,0,67,2,1301,0,16,0,26,13,74,364,43,0,147,154,4,0,4,0,85,0,16,340,27,187,0,7,0,102,58,41,115,5,226,306,3,9,844,1746,0,42,8,335,1,55,631,5,1,2793,1462,1374,20,5,286,359,346,34,914,8,0,3,0,46,123,2,37,5,14,0,1736,8,887,45,517,25,143,0,1,292,493,0,1816,0,815,2,515,384,127,2,297,60,90,0,63,0,174,2771,0,148,283,29,1,0,79,44,158,7,2,0,103,27,0,5,148,77,0,282,77,11,411,0,7,59,7,1,1,0,0,0,325,0,19,459,3,32,0,127,261,16,32,0,153,46,310,105,30,0,40,0,103,0,3,0,0,0,3,80,0,28,0,52,0,87,130,2,1,51,2,2,0,435,2072,34,514,2,3,83,49,6,9,8,11,0,1,0,5,0,2,27,19,93,12,29,16,118,2,13,1,576,20,5,37,50,0,2,198,163,281,90,1,40,2,0,196,3,0,5,4,60,2,867,5,32,44,4,1,0,172,0,45,0,122,464,4,83,1383,229,1497,369,146,474,38,17,2,0,0,0,29,0,19,0,29,4,0,485,11,1,162,0,5,416,0,0,20,818,534,178,17,3,2107,2,93,0,1,84,2,6,4,4,4,59,2,0,10,1,39,147,3,39,33,0,0,0,16,8,528,0,190,0,62,24,261,56,866,244,1,70,0,7,171,98,11,0,0,1886,4,0,129,5,212,7335,48,6955,746,79,15,257,21,0,12,7,438,3,0,0,11,682,81,5,0,4,0,1122,0,7,95,2,0,3,266,198,116,0,5,2,1,2,19,0,0,103,34,1,89,2,1215,2,3,839,16,170,0,28,298,6,11,91,439,35,1703,2,2,3,11,77,56,145,0,51,1053,650,0,205,7,33,0,4,18,9,0,26,11,13,32,10,3518,35,0,0,40,2,8,11,1252,8,5,1,706,813,0,457,7,7,1178,0,0,1,22,0,0,9,39,2358,2,134,0,0,2,0,2,1621,17,585,15,250,1,7,55,5,19,15,0,196,3,38,0,6987,201,1,68,122,4,2,0,780,21,487,762,0,1,25,30,256,4,211,5,3,1021,1,6,25,2,141,18,56,0,384,45,13,324,21,321,362,6,27,56,441,40,6,134,2,9,3,2,1079,1,0,61,856,183,0,9,12,174,138,13,3,0,12,27,43,404,1,3,15,1,178,4,11,58,750,2,43,17,475,0,54,5,0,756,1002,0,363,79,153,2,1,224,3,903,38,7,23,0,0,94,78,7,0,2,243,0,63,1,4,7,3,184,3,655,199,28,7,0,6,63,2323,0,19,53,0,0,5,3,199,5,58,86,332,2,720,9,26,0,47,3,64,2220,11,0,47,5,179,6,113,0,36,3,4,412,2,699,243,11,0,8,779,4,73,736,54,58,0,26,29,68,3,0,508,0,53,1277,27,15,0,0,1,0,10,114,0,216,0,142,15,380,55,37,0,35,15,2273,52,61,2,118,163,0,0,0,50,143,3,355,967,5,163,2,231,533,234,95,41,599,21,103,1,118,28,54,2,16,0,1,47,233,94,31,306,601,3,1106,441,0,252,55,478,0,239,2,1278,88,7,0,18,1161,125,93,8,0,8,27,137,6,1990,0,61,2379,992,35,659,11,3,29,27,85,6,0,30,0,436,681,4,40,1,68,1369,35,225,1,1,65,14,0,2890,452,5,341,3,31,0,15,3,7,4,0,0,1,5,10,48,2991,502,340,1,1,411,0,0,1367,0,48,23,140,68,24,0,23,85,14,1,4,1305,5,118,0,40,23,1053,53,0,51,7,25,971,20,10,0,5,0,55,12,337,50,26,8,11,5,271,2,1,0,71,54,346,2,139,5,104,1,0,89,898,0,1084,4,4,267,8,3,10,90,523,3,218,3,1,18,274,0,78,0,35,48,1,0,1225,1,1,11,114,0,5,7,124,73,111,0,83,1830,2722,0,5,0,4,320,3482,4,437,219,85,75,2,3,158,0,55,3,166,18,591,14,228,8,5,0,31,5,73,0,0,0,9,436,637,0,0,350,102,2258,877,4,502,14,4,2,7,4,37,0,5,1,1,15,51,1,2,599,4,146,10,90,1,0,1,1365,7,0,0,9,601,8,3,1081,1010,394,3693,26,464,1,10,19,124,3,836,684,0,1971,3,0,54,81,15,8,34,18,558,16,0,7,193,690,58,1645,74,146,34,23,26,263,2,0,233,0,0,0,35,773,0,8,0,0,1,33,0,985,36,682,308,173,9,2262,621,0,0,333,0,0,1,0,3094,255,271,126,26,0,144,726,0,4,12,5,19,9,0,1,5,64,465,1539,23,1,16,146,18,76,0,1,9,26,8,891,130,553,568,572,1115,86,7,0,101,284,12,0,337,403,6,3,13,753,1,0,3,0,1686,179,0,110,39,0,29,0,0,1,161,8,1856,6,0,2,182,49,0,87,1453,3,19,133,8,0,90,0,7,0,11,30,128,0,6,232,5,2,0,3018,35,2,6,24,122,0,662,39,72,0,0,192,1131,1203,4,620,0,8,168,17,419,65,4,0,4,0,2,136,3,2920,4122,2,7,20,816,0,0,475,40,348,4021,1038,2,11,4,3,1808,25,0,3,0,7,0,1604,1034,0,0,1699,53,5,0,219,288,0,279,0,1149,172,3401,7,347,14,77,263,144,115,7,0,934,685,0,22,1,43,5,2,717,83,2,46,8,0,153,14,24,1,479,30,21,19,394,3,153,3728,5,26,3,518,5,1716,371,1,701,294,22,268,87,14,0,0,150,32,138,42,91,9,17,0,239,571,2873,1379,13,45,253,4,3,12,3,0,1076,36,14,367,128,248,1,73,759,3,7,499,0,46,151,361,197,50,126,2,22,29,12,0,2624,11,0,28,0,127,7,13,60,67,52,7,0,33,1,246,0,362,3,12,29,132,3,0,0,0,70,16,241,326,31,399,180,250,323,4,208,811,122,2,9,1,218,1,2034,0,0,508,546,32,20,59,296,0,62,163,62,3,0,6,3,11,9,0,60,1,3,20,3009,134,21,1,438,3,244,0,0,6,7,526,0,1,35,0,293,0,147,21,1,0,10,560,0,67,22,21,0,763,37,0,1,72,1679,302,0,0,1,112,4,14,5,48,175,138,36,0,258,360,213,20,0,30,1,103,0,52,41,88,59,10,0,1,0,1253,0,4,60,187,2,181,3,693,12,0,4,13,237,65,97,12,4,1,38,478,76,925,19,119,0,71,47,668,19,34,104,4,0,146,0,354,1046,12,1032,162,6,1067,1,330,92,0,717,0,812,701,944,289,88,0,0,0,0,229,773,31,4,232,64,0,12,0,421,2,29,2328,20,68,106,531,61,0,674,13,0,232,706,25,38,1,0,0,12,98,0,2,23,4,2,221,2,0,0,39,249,39,0,0,249,157,1,1,0,16,3,605,2,55,24,90,509,55,0,0,23,607,1253,567,52,19,258,7,139,1053,0,4,0,2,27,29,27,0,0,1,0,0,200,13,649,503,195,0,127,0,2,1791,0,22,45,4155,1,381,1,589,13,1,136,0,45,396,23,0,314,196,186,1,616,6,934,126,3,21,46,242,808,703,124,254,449,2,13,17,25,19,430,9,0,1,12,124,178,1,22,50,0,16,2,0,14,395,8,3481,14,53,4,23,85,3,2004,437,3,387,132,18,196,0,6,8,305,598,0,16,0,0,2268,0,75,715,1506,779,0,9,184,283,551,9,246,2,20,435,239,0,60,9,366,0,1,2,60,1158,26,260,0,2008,0,0,87,5,23,90,61,373,154,266,33,0,38,0,0,4,55,176,3,0,7,302,87,239,0,1351,7,30,14,6,11,149,0,0,50,1,71,1139,116,1015,2,2,0,4,315,2671,0,31,570,36,478,293,846,345,2,2,723,178,2,1780,138,2,2,33,222,13,114,52,83,105,79,0,43,52,0,106,213,25,87,160,3,165,0,3,63,259,0,32,0,2,5,1,0,757,0,3,65,9,1,184,116,3,1,150,396,1,306,0,34,1,19,140,2,731,2,2,1,4,495,269,18,2,216,1,33,8,10,35,3,7,25,0,3,0,0,0,13,11,42,0,180,780,0,0,118,323,7,323,145,0,128,15,6,2,4,5,12,6,2,12,46,112,19,50,3,4,1,0,173,5,0,0,66,5,171,4,202,0,84,0,54,806,8,101,0,0,8,213,3,691,1616,0,0,29,200,29,798,63,2,0,0,14,15,542,0,127,0,0,6189,695,638,7,15,38,42,26,18,27,36,0,677,12,4,21,30,1,19,1,41,102,5,0,10,911,46,12,46,4,38,276,125,21,130,148,18,0,0,21,7,6958,65,337,2205,2,157,7,121,57,12,0,97,558,0,439,184,17,395,1045,0,6,0,3,0,3,36,11,0,0,0,44,695,270,140,85,131,267,657,11,7,0,1025,10,5,60,554,23,0,471,85,128,0,104,3,1256,2,347,207,2164,271,0,0,14,112,684,14,44,0,19,2,1,164,469,1366,4,200,942,4,114,66,162,1281,0,1299,47,82,0,1,53,0,1,24,0,2,0,31,3,46,5,5,137,3,1,15,550,120,94,2,944,0,12,200,9,3,0,9,69,1560,11,0,2671,0,24,206,1465,0,805,257,202,1874,84,521,35,73,1,0,102,539,42,77,270,0,3,168,12,400,1,1,74,103,219,0,954,1,134,0,20,8,0,0,66,70,136,318,0,85,67,1141,0,2,45,82,109,57,6,1,0,381,1091,166,21,1,16,5,1,628,234,0,1474,600,295,15,4,12,317,8,5,62,142,3306,540,12,13,0,6,363,234,0,4,0,2,62,3,2,194,0,6,0,15,1,3,149,0,1,100,78,91,16,830,2,384,58,17,1,60,2,55,2,259,0,1013,653,30,1,344,10,589,76,4,0,1,4,23,35,2,4,1,0,5,1,209,189,195,362,286,0,51,6,305,6,248,15,243,1155,8,1341,719,203,58,10,8,0,16,4,0,214,0,22,0,188,0,1,1,157,173,1,38,250,71,110,538,0,0,219,126,634,7,5,25,115,78,21,0,85,1641,6,48,370,75,23,86,1,361,70,20,112,271,21,639,36,1,13,432,0,0,141,40,314,2,9,11,126,0,353,0,365,35,4,0,5,1,622,0,4,0,2,16,20,14,0,13,16,0,35,1,1,11,0,361,0,61,165,1,0,0,487,20,384,36,2532,0,0,12,20,8,0,12,8,318,0,11,87,325,1,185,17,104,34,142,1,0,6,2866,135,192,1,0,35,72,186,9,17,346,10,53,0,51,218,235,1,8,75,0,136,0,1,19,294,149,212,1723,1310,212,4,61,6,50,49,6,0,1322,0,1402,10,0,243,0,63,25,36,38,186,0,50,45,10,27,0,0,21,3,1603,8,64,15,307,67,0,30,15,8,309,2,887,0,3892,862,0,219,1,22,94,0,11,20,1758,2,3,5,2,0,121,94,2,4,0,0,3,4588,8,453,110,176,13,3153,84,22,1698,432,0,0,3,96,0,24,753,3,38,55,0,27,1,6,19,0,32,0,0,1707,432,137,0,0,208,0,2,16,0,3,17,2,757,75,90,85,179,1949,23,3,1,1,83,1295,286,150,2,2325,62,1939,25,6,20,29,401,9,52,11,25,178,0,22,103,700,0,2,1,0,37,0,120,53,15,2550,1,50,11,2,116,1180,137,13,59,4199,64,611,1,6,35,70,0,241,76,4,0,194,1842,97,56,0,1529,15,1549,483,0,0,4,115,0,0,57,3,0,80,9,35,0,1873,716,1146,16,0,2,3,6,39,0,60,210,1,1219,220,17,53,701,121,1,8,15,51,2,55,0,133,98,7,148,0,0,4,1,56,0,477,48,78,189,38,1,362,0,0,1822,555,3,0,976,262,0,22,0,66,0,522,0,11,204,0,0,0,2,0,10,261,1,0,124,106,10,1407,0,3,87,11,0,0,0,0,62,249,6,30,6,9,28,7,66,16,0,87,11,53,1,743,0,104,114,4,5,545,27,0,1,488,5,323,0,454,1,0,8,407,6,33,37,14,0,1625,160,293,34,202,30,0,72,38,139,92,0,78,14,448,17,45,147,17,0,0,0,24,8,78,54,12,6,2,1902,5,10,24,0,69,1,3,3,14,2,0,961,8,0,42,219,2,3,1,0,217,0,1703,2,0,60,0,28,525,0,23,11,44,661,11,53,0,174,0,151,0,246,0,93,111,0,0,5,6,301,2,34,191,152,9,36,12,0,4,13,4,35,994,5,14,151,159,23,249,0,85,3,50,6,14,163,104,57,0,4,8,2,0,39,9,24,731,1,2,0,5,13,999,16,0,0,26,91,46,54,239,11,30,31,116,379,394,5,270,355,0,1,1353,8,5,22,933,107,68,11,18,501,10,4,0,10,430,295,0,49,438,2589,1,0,6,161,1,1,2,182,10,5,1,103,72,70,824,105,5,1,9,1,226,203,935,336,41,14,3,47,4,18,154,0,407,475,20,62,0,2,0,11,23,2,7,0,2436,327,390,231,403,0,1,208,41,39,12,238,70,1,279,0,27,0,451,47,0,0,39,548,0,806,94,431,67,0,84,66,3,1212,4,1,83,12,2,1,205,47,31,1126,1,79,5,2,809,2,847,16,22,1004,621,21,49,1,1,24,5,36,53,1092,21,155,4,68,0,0,0,175,0,0,462,0,256,0,94,8,0,46,5,145,19,40,64,39,24,376,425,2,1609,0,13,34,146,1157,113,1,0,334,56,63,590,238,0,961,409,582,12,0,0,167,2055,52,22,245,2,7,34,2,170,3522,0,19,1791,361,42,31,1,48,8,53,30,2,174,112,358,45,0,21,245,20,56,8,0,9,1,5,16,0,0,6,118,100,4,25,0,161,0,1708,357,0,7,8,2,0,0,79,0,41,16,9,28,111,100,18,372,4,2,14,193,758,1477,20,35,3,69,86,11,694,0,0,703,3,602,0,0,92,1,0,0,0,5,14,1,36,449,442,97,192,7,0,397,1,23,160,0,2,95,0,8,423,30,198,25,3,0,0,2,1770,0,14,0,8,700,7,2,1,291,92,326,4,505,223,1,126,4,0,1077,327,561,70,152,867,0,566,0,10,2,47,508,415,2,13,1,3,249,121,30,9,80,10,2,60,7,972,884,30,27,0,45,0,20,1,0,1,753,26,435,2,5,6,4,7,3,83,5,20,0,178,310,1,248,69,363,3,119,0,0,280,41,1769,78,4,3,800,18,0,5,0,0,1,0,7,536,7,4,5,26,1,106,1,1,514,28,16,2,509,6,0,1,0,1083,0,436,81,310,0,1,0,450,128,26,0,0,0,37,1,1,3108,6,61,619,76,282,160,770,233,910,27,0,276,506,22,2158,634,12,17,17,11,172,2,165,10,5,53,5,78,2,2,3143,3,11,2,75,238,4,26,1784,3,259,19,1,1,264,69,30,17,31,7,0,234,0,802,2123,17,90,80,27,2,46,55,3,2,0,609,2,4,242,10,325,0,29,798,135,6,0,2,71,32,698,0,170,0,189,46,1811,0,0,2,7,0,13,3,0,1110,68,71,6,1,657,2,0,80,212,66,167,0,38,6,12,510,0,28,0,847,0,1,9,87,2,456,0,7,0,0,1048,31,0,356,0,145,25,130,0,23,21,74,82,1,0,4,1,6,290,688,1,122,11,0,1,6,141,10,0,0,0,0,0,25,341,0,626,826,955,0,6,86,51,3,0,117,5775,157,182,0,19,1,3,15,13,3,49,403,2235,83,284,15,2,38,0,594,16,403,0,1,413,393,39,135,8,110,0,12,3,274,5,28,32,17,0,94,9,17,40,781,60,2,6,0,21,15,198,100,124,859,1166,154,6,178,117,535,0,118,510,1332,2,367,33,34,224,200,718,0,2,59,5,6,1018,66,0,95,104,0,261,0,0,0,2,349,4,1,142,0,4,61,13,69,897,43,0,114,1,1,2,463,81,13,0,307,273,205,55,99,8,470,6,13,9,32,29,131,12,0,0,86,0,0,48,0,32,20,3,0,1,2,371,16,4,56,450,14,416,9,5,204,0,228,66,233,8,2,0,99,5,146,0,2,0,2,411,4849,45,1,1302,12,52,7,15,19,2,0,73,0,0,209,158,0,5,458,13,2196,80,3802,0,47,1,69,0,3,57,0,51,19,122,20,0,669,157,148,0,0,5,0,4,83,76,0,2964,6,0,52,99,153,19,133,366,0,5,722,471,9,45,1,11,310,308,18,2,0,12,376,0,9,2935,7,0,0,0,0,38,506,278,140,32,11,1262,123,1385,0,9,0,13,35,460,18,480,225,342,34,109,14,1,0,12,0,0,108,13,1,20,0,63,5,53,0,0,0,1862,0,0,17,225,0,8,942,356,62,19,0,19,0,36,719,722,357,29,122,131,69,7,2,0,16,2,0,69,3,759,79,0,2,6,2,123,24,32,1936,1,45,59,0,1,769,2619,75,5,8,63,0,0,20,3,4442,3,83,1936,0,1,7,17,0,0,236,7,380,0,6,13,4,59,16,372,9,106,5,18,0,6,7,123,0,530,80,15,0,9,41,229,2,37,74,804,371,0,0,1207,81,135,1,236,11,15,90,124,279,77,34,501,8,0,0,57,244,6,228,0,1,3,148,923,157,4,54,210,0,21,2007,47,3,0,3,0,9,122,10,970,20,1455,57,304,0,1,649,57,404,3,0,1,398,1223,3,154,851,9,28,14,36,0,259,145,45,784,138,5,293,21,42,167,481,2,615,1,2257,29,0,0,1,1,10,18,233,0,22,42,2,0,73,0,174,2,87,1050,66,2,15,0,0,1250,43,148,111,57,4,4,379,942,568,0,631,5,67,1,43,33,0,2741,29,10,0,86,14,0,5,0,165,6,345,1,0,9,3449,885,1,0,90,196,50,63,43,1339,11,521,39,110,361,11,153,0,15,846,0,0,5,2,1,2,308,1,101,0,56,0,0,1,9,9,1,66,195,20,14,3,10,165,336,736,0,14,1,17,0,789,0,40,0,0,294,34,0,1,0,0,111,0,3235,237,1,239,4,1,109,443,130,2377,3,93,1,0,38,31,7,114,890,0,14,895,1761,2,210,39,8,487,2,0,30,75,0,61,0,47,603,3,0,0,0,1002,17,144,2,0,0,94,776,746,5,10,11,0,50,35,287,0,0,0,7,17,186,4,1954,0,7,1,2498,276,212,429,31,0,0,160,472,74,156,2,0,46,805,0,0,1336,2,11,4,11,31,3,12,0,86,0,9,0,366,360,1017,86,9,0,2490,7,11,0,40,146,23,27,25,73,1,1709,0,724,103,606,5,11,8,342,1588,61,29,23,71,72,131,14,20,285,844,0,78,0,1,5,16,48,0,4,164,0,40,109,0,16,0,2613,621,11,25,0,11,56,0,1356,0,0,154,82,119,0,16,4,155,475,537,0,12,25,8,1,11,49,0,0,2,213,3,0,2,94,1,0,53,650,141,38,906,5,42,2351,286,778,18,354,2,67,15,3281,1,565,354,198,0,36,1,0,1,7,7,426,11,299,0,854,52,0,31,0,0,0,0,0,47,96,1553,1850,0,102,5,7,1750,156,42,6,824,53,399,0,114,27,479,148,7,0,1,0,1544,11,0,11,1,0,80,15,89,1,171,415,114,59,15,6,2,128,43,23,1,13,20,535,86,0,77,12,3114,1,32,2,62,0,0,99,0,8,8,1101,3,16,15,63,47,77,1129,0,1,1,0,95,198,460,0,2,0,21,0,71,73,6,13,78,691,0,0,0,1670,1813,6,34,3,6,1,0,494,1,0,0,33,0,47,172,3,188,104,2,2,92,0,212,148,746,450,28,0,103,1433,1,419,787,14,1468,0,0,0,521,72,8,0,29,0,705,470,75,12,0,198,146,0,3,67,0,38,5,245,58,5,15,19,67,7,1,563,1955,2,86,6,243,28,256,79,0,17,27,4,299,84,2,3,2810,761,130,47,12,0,5,0,0,4,292,34,1827,384,290,0,77,1,501,52,68,40,351,2,0,4,12,0,0,17,12,713,130,64,42,0,427,28,0,175,0,0,30,3,23,48,18,647,199,331,0,178,0,96,9,57,256,9,494,156,22,1,110,3,0,4,499,8,4,13,0,0,350,2,1,1123,48,107,7,81,1,1,377,0,744,3,293,218,2,40,7,0,15,1289,318,4,1625,3,0,94,327,1006,296,427,22,20,23,17,45,1,0,11,4,106,111,2,3,2,84,104,0,86,2,380,293,2,0,223,45,1149,3380,4,0,0,2,4,6,4,0,0,0,19,11,26,0,69,8,29,284,2,6,0,58,11,167,309,626,17,29,171,1,619,4380,0,182,203,20,542,46,0,0,0,0,9,0,338,2,3,209,190,34,174,1,131,8,31,165,11,3,15,1,0,27,2321,747,57,5,22,237,29,18,0,1016,5,1562,2,6,0,4,116,2683,142,18,287,1685,271,1121,0,17,56,38,1,43,0,19,169,12,67,0,0,0,2,0,248,183,4,0,0,4,60,0,1833,4,183,7,1868,8,0,29,0,11,0,28,35,0,449,1,0,1166,47,97,0,900,1,2,0,144,41,2,128,63,0,1,0,644,43,2140,171,0,39,27,103,9,19,45,4,70,728,30,331,46,330,2,15,13,223,0,0,841,0,9,0,11,64,13,254,5,6715,0,1,18,1,2,1,111,1,0,310,0,294,6,2862,1,0,2449,0,147,28,212,73,157,4,5,249,36,0,1,225,6,87,0,3763,28,80,16,11,7,0,50,0,3,2,1,448,5,3,6,35,60,8,14,2161,92,95,369,7,1112,5,61,0,87,0,35,789,105,90,255,2,0,36,2,59,2,0,0,17,76,0,198,2,145,15,6,243,113,0,886,165,6,6,16,3,2,15,0,165,369,1,2808,5,57,126,0,5,58,4089,6,780,1,4992,1,95,0,345,10,2,33,112,1,523,21,9,0,700,55,8,242,215,218,0,489,16,0,167,50,355,4,34,1,0,1922,21,0,40,25,3,27,2,748,18,1,12,19,1475,17,517,182,1,38,70,3203,6,40,2,0,0,7,79,31,89,1924,5554,1,11,137,115,0,9,15,171,6,137,346,0,312,1357,0,4811,0,108,0,0,0,1,1,15,1707,534,4,36,8,133,10,0,2,45,2095,116,13,7,12,254,6,1,59,30,3,112,131,387,0,2,44,53,1,240,0,26,0,3,1,231,103,0,11,717,0,8,48,15,115,4,1971,167,15,470,0,0,1,0,9,10,16,148,1351,71,51,73,25,70,42,34,8,4,361,97,2,344,2,721,150,208,9,32,746,15,3,30,96,512,4,0,401,408,174,164,3353,3,15,14,325,168,0,494,0,2,153,91,49,36,43,5,526,14,0,91,23,17,18,130,0,806,37,44,3710,0,1,155,690,29,351,2,1893,0,31,0,53,39,345,104,199,621,0,2,129,20,0,27,36,193,8,799,646,0,107,53,79,307,8,843,0,0,0,1,6,0,289,579,13,1,5,134,44,30,26,1088,1,14,1497,3,499,21,2,1,161,0,102,2305,0,12,0,0,121,53,0,388,7,2,0,313,42,0,4,2,614,70,62,0,250,308,419,2462,0,10,75,2,4,16,1092,9,10,152,77,165,264,40,0,49,53,3199,1,1600,351,70,61,331,14,4,290,0,3,0,21,9,0,25,0,14,121,5,312,0,33,9,4,16,1,553,1,957,5,39,26,19,264,7,1,0,4,3,0,0,7,34,1,0,24,95,164,0,0,2306,21,42,2,0,26,2035,2,69,1,196,128,0,372,12,7,147,122,14,2,1,0,1,0,0,131,2,32,574,6,1,1278,173,0,1,0,439,51,553,0,0,10,0,13,583,2,10,242,0,148,902,44,72,2,1434,67,25,1,9,63,66,143,115,5,535,42,39,133,1372,648,42,392,118,9,110,125,8,300,0,485,3,58,23,70,43,349,0,60,4,5,4,0,855,0,144,51,3,273,77,139,63,74,31,160,5,0,1,90,246,631,4,649,2024,0,94,0,0,348,286,919,63,52,187,0,540,3,62,0,3,0,97,5,519,486,91,174,33,154,1,11,145,143,7,0,563,975,72,7,168,39,112,793,39,321,35,2376,0,0,1,5,43,13,0,2,109,1065,422,6,1089,2,6,26,621,12,247,78,2,72,38,113,23,198,0,38,560,6,124,4,0,83,11,88,292,983,5,4,21,0,9,778,1686,176,2,10,216,150,9,151,4,8,0,32,52,35,2138,0,11,0,92,286,0,410,0,33,1,159,1319,169,0,1084,64,112,0,0,23,27,0,100,1078,0,429,111,30,10,0,1,0,313,195,542,4,0,0,0,0,1058,2,0,3,910,1133,0,15,0,24,46,17,2,231,0,277,72,62,0,456,36,922,78,37,658,46,1,3,330,1298,31,28,152,0,377,78,6,5,0,425,49,5,6,1,1,10,71,2,42,373,75,0,81,38,142,754,0,0,0,30,6,114,40,0,43,14,263,15,5,3,1,4,448,327,19,194,9,170,322,0,951,0,9,0,461,361,14,7,22,108,0,66,151,0,59,16,14,12,0,562,3,2,11,94,13,4,418,27,864,180,0,285,606,148,190,100,6,2240,3,0,526,20,3,95,51,32,40,456,112,50,48,3896,9,1,200,204,217,90,0,28,0,0,21,66,15,47,264,53,89,8,201,0,0,28,0,0,0,75,1139,19,178,5,152,126,8,76,2,162,1489,14,0,626,1,235,111,20,15,1,0,0,422,31,119,12,2,546,42,186,0,11,119,13,2,59,157,0,31,0,31,63,516,1650,0,764,0,5,14,0,0,74,1,40,68,5,2218,45,101,1098,32,10,0,8,17,503,306,1290,0,0,6,3,9,247,441,0,2,1,0,0,206,315,118,14,192,7,0,2,0,157,0,1,237,390,759,91,0,10,0,15,0,8,19,67,0,0,23,11,0,0,8,641,50,1,1377,6,255,0,1096,2,224,0,0,6,0,306,12,2,0,0,4,0,300,0,12,8,0,1,2,11,0,56,22,0,8,97,7,14,159,25,480,7,0,20,54,56,0,515,2402,946,1,3,84,155,2,136,266,0,11,6,76,5,186,0,1022,125,30,468,2,493,0,20,2,22,71,398,5,0,3,14,4,123,0,192,12,0,40,0,0,13,0,3,41,325,0,0,1471,19,85,61,44,53,11,1109,234,11,14,3,481,226,0,0,0,0,121,37,9,0,2,27,47,2265,2,0,0,13,85,38,0,317,27,1759,1,42,3,158,104,1,41,869,6,329,1,4,420,0,0,169,26,0,132,61,0,0,71,9,296,0,0,29,367,1,177,226,424,148,0,0,21,5,242,3,1174,0,325,6,230,92,3,168,9,4,316,134,8,116,13,6,0,17,10,145,149,3,0,289,5,54,3,279,3,0,149,58,14,6,0,2,93,164,462,0,644,13,174,2398,3,324,1353,38,0,0,20,50,434,527,362,858,6,10,3,136,96,205,1,292,677,4,14,3212,0,1,11,10,14,0,1,4,39,1358,37,0,2,5,7,25,303,81,12,192,167,9,0,0,128,749,0,8,0,904,3,62,173,0,100,1,27,109,11,0,60,2,358,176,6,0,7,914,3,124,47,794,0,645,29,0,66,1,0,0,13,1938,27,1109,647,25,0,0,0,2,36,1279,38,14,47,1,11,119,180,141,26,0,2,0,13,112,61,0,0,343,0,121,181,2,47,0,0,569,8,458,303,75,3,0,28,0,0,180,101,0,403,0,60,0,384,0,7,1268,0,7,181,2,752,6,9,114,24,102,534,0,3,1,0,0,1,836,7,75,31,313,0,418,348,63,13,0,4,0,16,0,0,6,46,30,88,3,330,0,63,7,37,1948,2,273,3,1852,1047,4065,18,4,4899,0,2,21,14,0,351,0,3,88,90,12,2,2,17,10,57,1064,163,1458,4,7,0,12,53,170,7,5,0,19,55,832,433,0,2,8,3,203,39,4,0,159,3,2582,0,2,301,3,7,172,114,1,1,367,1,11,167,29,4,5,0,35,0,4,0,0,9,3,5,0,121,29,668,4,19,249,7,51,157,119,442,8,0,0,33,9,32,54,3,154,301,0,0,0,20,0,52,400,0,0,70,32,17,0,6,0,0,41,912,3,53,46,2,28,34,0,349,45,8,1435,4,118,3,32,0,1,15,8,1,0,311,175,92,0,261,86,1,19,64,0,6,6,470,235,100,18,22,0,2079,23,2,1,1,289,83,4079,55,7,2,4,2,6,169,213,0,260,475,1083,49,904,6,0,62,6,14,77,7657,3,9,11,96,12,2,3,0,31,27,51,0,10,2,823,2460,0,197,0,0,7,25,0,24,444,96,2,0,12,18,2,0,38,0,7,0,69,1,10,76,1,0,27,0,38,745,551,23,28,0,0,217,877,134,378,0,113,0,117,16,2,19,510,23,52,2,0,191,30,64,391,5,0,25,162,128,485,0,367,88,120,0,18,477,1,12,176,13,95,1876,240,3,110,193,167,3,66,25,3,8,0,3,26,86,3,241,37,425,0,2,12,13,5183,0,0,60,0,503,12,23,1,0,720,7,0,12,88,712,347,3,14,11,2,0,407,10,0,535,2,1686,10,211,820,175,300,43,181,0,66,29,0,117,15,2,43,0,1,562,101,19,203,223,17,12,42,10,6833,13,7,614,1,321,328,60,0,9,14,1,0,4,10,16,2,94,5,6,2093,317,0,110,1430,1,10,36,3,0,14,32,0,331,299,13,33,220,11,2,10,127,93,21,168,0,98,140,451,8,2,47,16,195,5,42,0,205,1,0,11,6,20,55,1,4,15,2,1,1593,46,39,861,151,0,18,5,1235,272,3,29,60,115,0,0,201,540,50,4,1,37,27,33,148,5,135,496,185,1,64,35,0,57,2,199,0,0,0,0,4,348,552,0,231,5,6,1,763,74,4,0,106,25,647,0,83,0,106,36,8,3,2,2,15,47,198,4,19,13,713,40,0,7,5,1391,2,0,668,74,0,0,81,110,28,9,183,160,30,0,3,28,0,0,23,1,129,1,194,0,2,4,166,0,71,31,3,1589,427,824,18,2,42,10,139,1,95,293,58,857,568,110,6,0,3,9,5,0,17,633,12,17,54,0,119,0,2,1,14,231,0,2,109,538,16,1,4,104,27,13,50,0,192,9,0,4,878,0,402,96,2,99,56,0,165,317,468,93,11,516,70,70,556,108,842,350,211,4,1831,3,6,7,2,579,10,11,0,412,5,12,51,114,2316,0,449,27,9,0,146,7,90,703,194,0,4,0,1483,34,8,7,11,33,0,1482,548,49,3,42,68,881,903,38,5,17,89,717,10,56,37,1,45,123,59,67,142,1,0,7,219,43,1,262,4,3,0,491,121,64,6,28,105,30,0,19,0,502,1120,0,6,324,45,0,0,2,201,3,29,22,135,116,32,6,1,3,1,591,1,226,916,0,14,420,1034,0,2,0,7,0,128,2,99,1444,3,68,7,10,812,0,279,1,309,23,0,9,0,692,1171,30,401,239,281,8,1,42,3,304,667,0,362,76,0,244,79,114,1,0,61,326,0,447,1,346,119,1,247,330,15,15,2,114,0,858,5,1364,680,3,0,0,217,7,5,98,2,44,14,6,16,6,196,132,0,74,182,26,3,151,48,1,32,0,26,0,140,0,188,9,0,1,27,106,1,6,180,1,741,67,15,27,7,27,102,21,5,68,1,447,160,2,79,3,74,3033,564,132,448,0,2019,2,7,20,8,1473,97,0,0,33,227,720,1,0,0,61,0,38,0,8,37,112,1174,4,1,6,0,5,596,315,2,198,50,4,27,0,27,41,2,67,65,5,5,0,12,62,117,0,657,111,1,6,345,35,18,0,6,0,2,0,1,1,598,6,399,124,4,9,253,13,7,68,1,219,2,5,4,6,25,79,0,0,113,9,163,0,154,110,156,1,476,55,1600,3,1,146,1,32,4842,3,3,0,21,1,2014,844,2,48,2,1376,13,58,9,15,9,0,218,43,54,55,3988,404,38,44,321,0,802,200,24,0,0,0,26,1,719,21,44,1787,16,5,0,107,3,153,2,87,17,58,0,0,9,0,29,8,0,1,1,112,2,112,726,12,33,11,96,275,106,89,381,246,0,7,0,5,117,0,23,329,13,13,220,4,276,0,604,0,1,1853,214,0,56,2679,68,91,286,273,150,758,0,1,6,6,59,665,3,19,2480,5,8,15,11,199,1,80,0,3,13,1971,9,3,27,0,0,3,4,0,3035,160,38,1,7,349,595,145,12,8,70,0,20,12,136,17,17,516,96,825,0,0,24,56,6,3,0,20,2,1,1,574,0,47,7,18,0,0,0,24,13,0,2,1632,8,305,202,1833,402,2,0,5,400,29,0,24,0,0,455,1,13,15,0,30,4,48,0,9,875,2455,0,0,0,1349,215,0,7,83,1,39,1,7,4,175,51,480,107,212,0,127,17,0,72,87,3,28,7,0,7,3,2,0,0,559,101,20,0,144,24,0,715,5,1628,0,1055,301,55,161,0,313,0,6,555,854,411,11,1,1,0,0,243,6,82,479,6,0,44,50,197,255,18,577,0,636,174,0,80,1745,19,73,8,0,31,0,0,0,213,83,70,1452,7,119,26,3,180,8,0,270,2,72,3,8,15,0,10,17,278,50,2966,5,113,730,0,21,10,394,4,6,2,484,1,88,9,72,20,144,120,16,121,62,5,1,43,10,0,37,0,2,242,115,0,44,7,112,7,1,2,27,0,34,15,1,211,5,295,150,9,1,1,2,136,0,157,1828,145,186,0,164,4,0,35,88,488,13,456,5,36,228,142,6,37,251,1290,1,11,22,41,15,6,0,112,0,5,33,24,0,2,0,533,42,12,9,76,0,49,303,1007,327,44,20,2,430,515,238,79,405,0,54,285,0,17,0,19,381,1034,6,397,2,0,15,15,39,1,2,39,7,76,42,1,1,141,0,0,128,186,0,36,4,2,3,271,791,45,0,3,3181,1,13,792,0,318,28,260,78,304,1285,958,1,0,0,361,1076,350,12,68,5,0,7,299,0,1,4191,60,27,0,47,2,710,16,73,168,26,0,39,1,15,3,44,2,1,0,183,0,0,23,1,31,0,116,39,168,25,4,20,42,0,0,30,1,2,3,15,0,34,0,0,44,93,98,0,1579,260,0,239,3,656,28,0,74,825,672,0,9,4101,0,107,5,1,85,19,51,24,35,7,1,0,76,0,28,0,8,6,140,72,4,450,1,64,0,0,585,59,78,1,0,1746,2,0,1,0,25,194,7,9,7,4867,216,159,0,405,4,13,1309,91,0,75,27,209,62,4,434,4,12,415,148,45,21,3,216,11,4,0,9,18,1,7,0,1,1700,67,4,0,35,260,119,2,28,521,3,55,38,0,92,1,1,197,0,2,80,3,175,37,3,3,5,0,0,0,16,144,185,56,98,395,30,618,568,14,175,5,2225,3,6,2,484,88,46,76,0,0,5548,63,6,0,1307,0,361,702,171,0,3,24,2,780,434,0,844,74,1,3,33,4,197,1,10,0,0,114,205,6,0,12,0,18,12,17,48,224,129,8,0,7,51,0,1,4,47,0,482,743,8,7,1,22,0,14,256,0,511,13,0,0,0,3,170,442,0,2172,0,639,141,4,0,697,817,15,32,319,2,84,4,40,0,17,364,12,9,4,0,6,33,222,123,2,5,3,0,37,8,8,66,534,0,0,171,158,38,26,5,0,0,53,85,19,0,15,52,0,0,41,827,354,108,0,4,53,0,8,0,7,351,0,85,25,203,69,20,68,8,1,30,16,377,435,0,78,22,130,21,5,4,21,0,1348,249,0,1,0,9,80,2,0,13,4,5612,300,18,99,669,58,0,714,494,5,105,7,0,16,70,10,110,28,2,2,0,3454,1121,1,2,108,821,522,0,59,0,1,11,333,2242,15,22,12,153,0,61,6,23,0,0,1,107,555,1,5,270,39,2,50,49,180,0,0,1,2271,1259,5,0,5,142,1,1303,29,0,6,4,60,38,43,1,2,364,340,10,0,104,458,5,70,3,39,4,674,179,74,0,869,7,26,4,0,6,0,2,3,0,325,2,11,178,4,15,0,2230,17,31,735,600,448,12,123,45,78,0,14,6,21,2873,180,9,1,273,0,1391,79,4,11,393,19,15,69,0,6,1,39,1529,0,145,4,4,33,1168,0,0,0,4,12,9,619,1,76,139,213,457,308,3270,82,117,183,0,0,26,627,98,10,1,30,92,610,2,630,5,7,3,125,1536,102,0,48,2,5,0,0,23,50,538,8,0,40,4,470,1,0,0,15,213,34,3,5,4,0,66,1109,46,0,247,202,399,5,0,95,60,0,19,170,44,16,72,3,62,94,279,1,0,0,5,14,837,99,30,45,4,1,0,167,95,235,55,61,58,20,86,21,71,43,0,12,91,10,231,0,9,1,3,28,0,1,964,12,430,0,1,112,75,3,65,332,1,0,0,18,2,2,130,105,416,14,607,29,108,0,0,64,40,107,14,212,301,22,4898,178,5,8,0,3,688,903,1159,566,307,13,23,3,77,82,0,61,58,2,32,17,1,0,0,275,28,20,116,5,11,19,25,8,11,17,15,3083,4,0,130,155,53,423,6,5,98,0,1419,0,230,751,59,3,388,378,133,0,0,1,9,15,16,101,1352,15,1,6,0,782,155,403,6,1,204,424,58,29,570,1335,965,35,152,156,3,39,5,28,53,1096,0,52,31,274,1372,22,86,46,382,434,40,3,429,27,37,0,6,116,0,33,7,3,0,20,4,14,0,0,14,0,240,95,25,0,7,0,1017,19,144,37,85,267,34,1,0,12,229,0,39,660,455,16,1435,0,43,220,25,732,805,1029,8,33,0,0,7,124,33,1,6,317,0,7,566,294,77,335,691,1,7,270,0,81,1020,1,668,0,12,11,226,0,0,103,1,1,0,7,0,2,126,34,71,0,21,0,153,31,0,116,1,616,297,0,167,168,1,1,1082,74,0,171,0,1,22,319,65,0,27,0,0,617,0,7,13,1277,5,0,2,110,19,60,35,32,3,60,1860,37,163,420,22,79,86,0,0,28,0,0,0,18,269,0,99,205,240,5,2984,1037,25,30,540,574,0,2,66,42,179,210,165,129,136,113,34,81,160,55,0,256,0,7,15,1,95,1169,19,38,629,69,12,13,417,58,77,0,2,14,1951,8,10,53,11,726,99,6,1,135,1968,5,4,214,940,1,71,1039,2,2,199,32,122,2,56,158,99,86,31,0,113,854,27,11,235,1,9,79,142,0,5,122,120,20,10,204,91,0,106,811,53,20,1,0,2,860,1,477,87,0,170,321,198,618,250,496,26,0,0,18,431,4,9,51,413,9,20,2786,150,184,106,131,10,940,0,0,167,17,0,656,118,135,66,57,15,8,271,1152,161,0,5,2,156,298,1376,17,23,366,26,128,81,3,0,14,49,344,0,485,498,702,24,11,142,0,0,14,196,23,282,11,7,114,27,1,99,2,59,0,0,245,7,0,4,1,5,67,3940,1043,8,1,275,0,90,5,87,74,1,159,327,272,4,1369,0,1326,2502,4,14,9,64,260,84,0,101,126,6054,89,83,0,1,0,0,31,0,16,41,105,28,337,2,565,151,0,435,1,40,8,0,17,3711,2911,3,29,6,6,92,19,0,1,570,17,52,3,117,49,0,34,8,33,17,19,128,115,1912,305,0,0,238,118,4,0,67,84,2,2,0,1,1,32,6,2,106,2,2,386,307,0,1157,1,245,697,0,228,80,0,41,0,0,0,0,0,2,575,109,3,0,0,1,150,279,9,568,762,6,0,28,0,0,200,76,70,4,141,94,106,1825,15,366,10,490,51,1055,93,0,0,29,181,638,541,6,0,63,2,474,6,40,3,498,63,1116,1,1245,93,0,0,2,602,57,7,438,157,0,1343,144,6,96,0,88,113,11,0,10,11,13,0,658,69,0,3624,29,4,16,1115,0,3,0,4,263,10,0,87,112,0,1,1826,46,2,125,0,0,15,15,38,0,287,0,44,2,9,2,418,0,0,212,2,310,116,350,152,6,0,1,205,0,0,708,0,433,4,0,136,32,1,10,3,258,833,3,382,42,122,116,2,65,32,235,257,754,112,253,1145,132,1,681,4,16,2,0,214,8,0,0,1473,76,1,0,98,46,56,0,23,10,0,1,276,0,0,0,10,11,17,0,1042,4,16,43,242,776,38,14,3,31,113,0,0,139,0,3799,35,86,5,10,10,4,336,10,83,8,2,331,120,485,2,18,147,224,16,69,152,4,0,34,84,108,1281,0,0,3,0,16,2,38,6,1241,289,4,28,8,23,40,3,28,209,2515,16,6,48,36,17,0,191,9,314,363,11,1340,95,412,10,26,14,0,1459,0,6,187,6,379,19,441,6,7,529,1,0,12,2157,0,20,265,0,49,0,53,0,162,713,69,230,1996,0,0,27,2,11,0,480,0,255,0,26,33,79,171,2,1,4985,121,25,1089,1139,28,37,0,284,3,21,13,16,26,195,0,78,180,250,0,133,5,89,190,0,183,743,25,4,331,32,7,15,0,2,9,11,94,20,19,594,12,50,46,0,293,1,6,126,348,0,18,4,993,11,4,150,0,37,0,0,12,295,17,0,6,487,5,119,0,0,2563,0,130,16,9,6,80,0,0,2,0,0,155,8,1,5,2126,441,13,60,0,2,528,3,36,17,0,1,43,0,0,9,71,3,89,267,158,3,494,0,1441,3,0,129,86,9,102,2,0,25,0,1,474,129,9,191,0,51,6,13,309,343,1720,0,0,97,0,14,32,48,0,1260,51,2212,0,10,21,36,0,1114,216,29,345,883,1,8,55,73,0,23,183,4,34,83,84,0,1,0,0,27,127,1251,7,44,169,2292,609,0,31,220,5,6,36,0,1692,6,4,8,11,18,6,73,219,0,135,6,0,387,27,490,544,5,541,645,1419,4,25,7,846,189,425,377,56,11,1,3,77,19,274,240,303,0,6,13,31,1177,0,1,241,7,980,0,0,858,41,28,17,87,128,0,5,45,0,2720,1,0,7,0,36,1715,5,87,0,2,156,0,0,19,872,33,4,3,648,6,70,129,0,3,3,39,73,42,57,106,77,43,0,12,0,399,90,14,1,429,36,18,15,1,379,211,85,119,3,87,10,491,2,21,0,3,0,140,1163,9,20,2,5,956,19,0,172,12,11,0,0,34,0,157,0,0,218,150,8,351,1,2,7,88,57,0,6,608,0,151,0,2,272,6,64,0,551,519,34,177,1,1778,9,3688,0,2,0,98,513,316,614,1,24,735,406,20,12,1,260,32,0,44,328,85,42,0,1,53,9,2,36,0,38,92,1551,2650,106,239,0,0,8,442,78,1,569,0,0,48,764,29,0,96,0,0,591,52,55,0,0,415,14,240,2,247,1322,0,1,0,1,44,129,0,369,0,715,0,12,2,14,116,2322,5308,773,27,10,6,33,7,1452,82,624,20,22,23,0,0,110,87,290,19,0,16,12,1237,6,3,2068,12,2,27,62,7,20,3,312,13,284,358,102,1,234,540,4,34,219,5,0,69,26,35,0,121,1,90,599,280,264,4,3,0,0,1245,33,13,1,1,418,313,6,24,0,12,2,115,55,0,659,52,71,33,130,25,27,4,272,66,0,106,170,1534,0,42,1,7,0,63,30,4,37,199,23,230,28,13,0,0,2,4,249,2,0,1,0,419,289,168,483,2,0,61,0,1788,0,66,13,257,0,33,56,1,0,8,1,7,40,0,11,137,0,2,61,0,15,13,4,3,32,61,11,289,20,16,848,7,30,3,17,0,83,585,2,267,28,1,0,171,48,3,345,0,0,509,25,28,624,385,9,2,21,803,0,11,135,0,2294,26,0,1,3,16,795,8,2202,962,13,63,40,0,55,178,255,15,3,401,1286,6,951,274,52,15,323,168,1,50,0,5,0,595,1208,155,63,1388,127,40,6,141,181,41,3,107,268,119,1897,108,7,0,41,0,287,0,96,1635,40,18,2,92,68,1,1147,0,0,1111,12,3,1674,16,384,2001,76,2,188,218,446,171,105,7,1,8,42,2,7,498,1,12,4,16,1205,273,9,81,0,0,1,9,700,0,208,72,5,92,57,120,204,0,891,42,131,247,11,4,2403,1,4,0,1,13,50,0,1,0,138,0,0,0,264,157,168,0,0,0,32,165,15,65,0,42,42,0,33,7,85,1,30,233,32,375,2434,390,1,53,0,3284,760,2841,222,0,1,455,69,0,0,486,20,0,0,1244,13,0,0,20,734,150,1,1,685,2,32,113,38,143,5,715,100,625,10,0,0,196,0,136,1,1,58,0,1809,1153,193,0,178,124,17,2,14,188,710,991,53,512,0,0,1,132,17,3,3,16,0,84,581,7,0,1919,191,7,32,94,204,48,0,7,14,0,26,6,17,145,0,34,85,7,0,11,4,65,0,73,2003,26,29,12,2,0,0,2023,184,691,34,2796,64,1801,159,21,17,296,11,44,164,11,7,436,50,0,263,655,85,0,3,1829,23,69,313,1,0,5,353,0,562,5,6114,47,82,22,9,25,5,764,0,198,6,68,41,274,0,7,235,8,13,94,43,1,2,0,372,2,48,18,2,130,6,423,23,70,1,44,12,0,159,1,0,87,4,60,0,8,2,199,2,509,0,117,3987,325,43,291,0,2592,186,78,35,1934,21,106,0,3,1112,28,95,0,745,142,19,90,0,2,3108,23,451,0,0,249,163,0,2,0,1604,5,23,1,6399,0,9011,0,10,84,6500,2,334,2393,17,1101,20,235,18,2094,0,2,0,404,81,386,209,90,269,102,202,0,0,0,1022,306,0,11933,4984,10974,1421,8884,5375,32,11,422,1,279,5,631,0,1151,65,44,0,0,265,3,296,318,0,0,1421,0,2021,1,90,1,0,585,0,43,1704,0,917,0,5,10,0,2957,0,557,102,28,214,22,2,40,0,8,750,3,5,142,6,27,1,2416,2955,26,0,14,4,4668,0,0,2,2288,207,1,1644,1,23,3,21,932,6422,1051,4,27,8795,527,0,0,5,0,275,2,5967,1,26,59,3,5,0,45,1,1552,4,7,1,0,1,90,0,2038,357,974,1864,4643,4010,102,2,2,4243,4,6,1,0,28,477,5,0,5,233,922,245,27,192,0,7,0,0,390,619,27,2,0,236,710,2591,1204,1212,48,0,0,406,3,186,1,1,105,45,205,10,20,0,1692,43,1861,1238,0,0,1,58,11,1182,2575,244,1526,823,4,36,20,651,3393,794,404,9,550,361,87,0,10,355,5,2356,14,0,0,45,35,0,150,9,1,1441,39,267,1419,20,0,955,2,128,6340,2430,0,7597,21,63,0,0,8,1335,0,77,1029,2405,0,433,3443,13,616,519,6,32,154,1,0,897,10,137,3,41,2385,531,0,0,518,898,4,67,160,905,114,1,1,0,0,0,11,710,1175,5806,13873,198,18,1532,167,119,0,0,2,0,1098,57,0,1106,6679,2804,4,481,9,2766,41,158,15,0,97,1,0,7399,21,0,0,12,0,160,0,23,17,644,1,0,624,200,15193,69,147,648,49,362,51,13,9814,52,7,0,0,0,60,3,565,381,1190,1331,3612,5541,349,3911,208,6,0,131,0,0,0,19,719,7102,20,10,2892,202,0,120,340,2,17,0,0,101,1355,3,3352,0,0,0,1318,7043,0,11,0,6,14,54,354,1,11,1,6351,517,0,5,424,28,1,4,2,927,0,0,1684,1,692,0,2109,859,48,2,0,6241,106,0,137,6240,1325,43,120,14,0,3454,0,3883,0,270,775,338,0,1,7,198,2177,66,0,192,84,1,0,89,21,23,0,5803,0,10,42,0,70,9786,25,26,2,362,0,586,0,222,0,1125,11695,289,0,0,4,0,41,0,233,1683,6399,19,3,1380,57,286,99,4,0,0,1725,147,2,2,4209,0,6,0,0,543,60,41,1,5,39,0,8219,1245,4,62,1694,42,0,20,836,3027,2,39,2164,969,674,32,0,237,0,0,1553,120,1,2,5363,0,379,22,706,3,413,7,3700,1,231,38,0,0,10,11,21377,771,23,1,6178,1180,289,300,679,0,0,76,223,0,4,0,1,0,2,0,3,0,0,27,5,104,689,1,15,118,169,0,0,4780,109,1238,689,25,168,3,81,1421,2291,0,0,3,2,0,2538,290,35,0,28,1765,0,42,1,0,13,0,3092,1352,2695,5491,3,3163,0,0,9,0,3,2,0,1,13,2544,1,589,20,131,85,692,89,0,1501,0,1,0,1872,0,39,0,305,86,13520,5138,0,33,0,4,648,0,57,0,1553,1,354,120,2732,16,0,21,14,2,29,0,156,8,0,25,3,10,197,0,310,248,211,68,5615,15,11831,0,5,5,24,2,0,8,2161,0,1877,1,12958,1,5,18,5,10,1,13,35,92,76,16,0,127,53,0,0,5,9,136,119,4782,162,17,249,2,883,0,1,43,0,18,40,1,2,2862,2,1044,2,4,948,180,190,2031,1461,303,571,0,0,554,890,2993,0,4,655,0,1722,0,0,7,1,1188,5,35,76,0,67,352,13,0,1804,427,4,3835,0,1,975,5527,2,261,46,952,1,2021,393,21,50,47,1896,314,32,125,0,4,31,108,297,87,617,4,771,30,21,99,0,160,16,4,0,3516,140,1965,64,0,3,319,997,50,1,8,1783,30,0,16,506,0,26,0,126,1230,27,0,44,12,0,0,45,745,3,2008,115,0,569,15304,1,4811,8234,10,0,36,8,10,0,1,498,0,23,6,0,235,7,477,1,386,3883,0,8506,149,0,89,0,141,1055,2561,0,191,754,5846,1,1331,63,959,7,274,0,0,90,4237,28,0,1,8360,0,577,1203,10,1481,817,0,399,0,0,0,8,1,0,141,56,36,3,13,1,0,0,2,9,279,32,1,806,115,170,13,117,1,2896,0,535,35,0,3521,424,199,8,231,627,0,302,92,57,0,39,1388,0,0,251,8,396,1071,0,12,3928,1,4,8687,10,4,20,0,22,12,77,20,0,182,87,219,1,34,80,7,3017,0,1111,64,1,2,1,8,0,45,11,1507,22,30,2239,0,6422,1,15,1011,0,22,208,1365,2284,498,1071,2261,126,76,0,2225,9,254,2121,122,1586,134,12,0,154,1177,1385,0,171,52,23,0,0,26,4,1,765,0,583,0,1,5,133,1000,188,2,1,7,65,49,1,0,18,0,117,72,271,1327,2,3274,28,48,1,0,850,118,0,8430,426,21,5021,53,19,0,0,9,169,0,0,9,20,0,523,8,19,1695,0,1980,3,0,3,1948,4186,30,517,27,5,2166,46,1968,2,6,0,817,0,38,854,0,0,0,3856,66,162,0,2,887,83,0,1567,24,0,0,1,169,2131,220,11,773,750,1,0,124,645,0,3,0,1601,149,0,2,0,1973,26,175,0,3301,0,0,0,4026,41,71,393,3451,91,0,11050,19,902,4,5515,38,11155,0,970,6,75,0,15591,0,76,5,52,86,1050,1,8,0,0,0,1824,284,0,4,217,579,368,0,1986,2,3089,1,0,0,23,0,0,1,637,33,1509,491,176,0,735,481,2,34,90,0,51,1699,3,2713,0,3,74,10490,0,0,11,3,1027,2905,0,1,5,446,53,12,32,12,6150,2,420,35,700,13,0,73,0,0,8,3,142,0,4709,0,1590,14,0,46,14048,165,40,34,1,5,187,0,4,448,842,7,111,4,2,2957,279,1,7,3263,16,0,161,78,26,454,0,35,0,264,1058,0,104,11,1920,32,44,512,795,2271,419,397,3909,0,821,105,8,0,0,3,41,0,1647,371,9,5649,983,127,142,6,340,6,16,0,1,885,8,255,3247,0,1,5489,5,0,17,2,2,3566,15,1,0,57,0,0,181,5,2652,1,0,3173,2001,1652,16,7,1743,48,57,591,25,0,0,6,208,1,0,0,28,499,0,0,241,0,153,0,0,1079,55,39,73,0,75,3948,6,266,800,218,1571,3,22,0,3,564,6,2,0,387,55,4,2840,720,0,3,0,5,48,0,2,4,24,36,184,0,0,106,4815,6978,55,125,0,0,48,196,2,7,6571,28,275,9351,0,85,44,99,18,436,88,385,1,91,492,0,0,26,339,0,853,6,3288,1,4,1544,414,0,392,65,186,11,75,1181,0,4138,70,11,766,7,14,1678,36,10,0,1534,150,328,0,156,10,1263,1172,0,267,118,204,548,99,15076,1,1,4105,0,54,47,20,2000,1,285,2523,20,148,9,70,412,161,1519,2313,0,818,1216,2237,164,0,113,0,25,27,0,82,6,11,0,0,0,1458,372,12,1,460,0,5284,468,6,2,0,1,78,3,104,0,72,516,28,10,70,168,0,6787,50,0,0,217,1837,26,13,0,1,0,11,19,2082,2,33,123,94,1,104,0,15,0,667,0,130,30,2239,0,736,1,91,2311,89,311,439,1,1333,73,0,0,0,0,30,76,160,0,36,798,0,55,287,0,47,1910,0,1,1050,165,120,24,0,2240,114,0,2,618,111,0,400,0,1,3,1296,0,30,46,27,2,52,87,601,1,0,1,2,3971,846,523,21,0,0,75,6,18,0,6,14456,3,0,0,47,113,99,8,0,26,48,12,838,388,499,1,0,0,0,2968,9,0,144,156,4481,0,1346,8,0,3,105,179,1,20,1398,1356,0,0,5883,61,5214,0,32,0,130,331,12,0,1008,0,4,37,1292,1,164,0,0,0,3853,6,4354,2655,83,0,217,461,490,3,330,683,1678,0,853,10,354,323,29,117,10,10410,4,1,0,186,3,5703,11,203,919,2388,10,2,1,1368,81,3410,9130,123,1196,0,9744,0,223,103,0,69,0,15,0,480,10,3646,37,0,2600,29,579,11183,0,0,0,488,0,1727,21,1310,11,6,0,0,5,0,0,318,29,5000,84,18,679,564,757,218,259,1034,1341,0,59,2,1,149,0,0,8,3,473,369,46,3628,0,245,7245,3030,3096,4739,121,2,2425,0,3,8,0,33,13734,1,903,636,2,628,343,1199,4,0,151,13887,2,0,2,775,279,59,1308,13935,0,35,16,1570,101,1286,5,25,60,67,1,7,37,8982,17,42,66,3,13191,21,882,14,497,494,6,0,1888,1,25,154,47,0,149,2,31,12,2,0,4,18,1,162,812,55,0,338,139,374,2903,0,2,18,53,1,230,3,1371,5065,3,6,0,2470,6,0,43,1,953,226,9988,92,0,0,294,0,15,3,31,4888,13,185,2996,1,13,2390,37,9,18,0,9,753,5,104,0,0,554,2,174,47,0,6851,645,274,0,477,89,165,1455,0,209,184,1,1233,578,4,0,0,279,10,4,3,223,35,0,1716,1016,43,217,1,10,251,1,4737,0,1548,1239,3,11,31,4047,143,20,24,0,141,0,0,2415,250,6429,0,0,13,0,691,423,0,4,551,0,567,736,2499,1,189,75,0,774,112,2388,230,41,31,6310,855,2,0,5,10,1,19,0,1,12,134,80,2,10
2,0,7,1,0,0,3,0,1,1,6,0,6,1,0,1,21,1,8,1,1,0,0,0,7,1,39,6,7,3,0,0,8,0,5,2,1,4,0,0,0,0,3,43,4,0,3,9,2,0,5,0,0,0,2,4,1,1,0,2,2,0,1,0,6,0,3,0,0,0,1,1,0,1,4,0,12,0,0,1,2,3,0,5,1,2,1,0,2,10,4,1,0,2,73,2,8,0,59,2,0,0,4,6,0,3,134,2,3,1,0,1,0,2,0,2,0,1,1,0,5,0,1,0,20,0,0,1,1,0,4,3,0,1,1,1,2,2,2,1,0,0,1,0,0,4,0,0,11,0,0,1,5,2,3,0,0,1,8,4,2,3,2,3,0,2,1,0,5,1,2,18,7,0,0,1,9,4,114,1,6,0,3,6,61,1,2,0,3,3,8,0,0,0,3,0,1,0,3,0,0,0,5,2,2,54,0,1,0,2,0,1,3,0,2,3,103,0,3,0,2,3,0,0,0,1,0,0,17,12,0,3,100,2,0,4,1,53,0,4,5,0,10,0,1139,1,1,3,2,1,6,3,12,0,0,0,1,3,0,2,3,0,2,3,1,0,0,7,0,2,3,0,1,2,0,0,1,2,3,0,0,0,1,0,2,4,0,8,0,0,0,0,0,0,12,1,2,2,0,4,3,2,0,19,0,6,0,1,1,0,0,0,1,0,6,2,21,3,0,0,0,0,0,2,2,0,26,12,6,1,3,42,1,0,2,1,1,0,0,1237,0,1,0,0,3,1,1,1,1,0,5,0,0,0,5,0,0,0,0,6,0,2,6,0,0,0,2,0,2,1,0,0,18,0,4,212,104,1,2,1,0,10,6,2,0,0,0,57,16,0,0,4,5,0,0,1,91,0,1,0,0,0,0,0,5,2,8,1,1,1,1,2,4,0,0,0,4,0,5,1,8,1,3,8,4,0,1,0,0,2,3,0,0,1,0,0,48,6,148,0,0,47,6,9,0,8,4,1,0,1,10,20,8,1,0,4,5,2,0,5,0,0,10,1,0,2,0,0,0,3,1,0,1,4,9,5,1,3,0,0,2,1,7,1,1,2,1,0,1,0,0,0,0,3,8,4,0,17,0,0,1,15,2,1,5,0,0,0,1,4,0,13,3,0,1,0,6,0,4,21,1,0,0,0,0,0,6,58,3,0,89,0,5,0,4,1,25,2,0,13,2,2,10,0,4,1,4,2,0,0,4,2,0,1,1,0,0,4,16,1,0,1,2,1,0,5,1,0,0,0,1,0,2,6,3,10,1,139,3,4,2,4,1,0,0,0,2,5,2,1,8,0,0,1,0,0,5,5,2,1,0,2,2,27,2,1,11,3,2,5,6,0,0,2,0,0,2,3,2,0,4,0,1,0,0,0,1,1,0,4,3,0,20,0,3,1,7,2,0,1,5,8,2,3,13,0,4,1,1,0,0,0,0,12,14,4,28,0,0,0,0,16,1,1,1,2,338,1,1,81,16,1,20,0,0,5,0,2,2,0,11,2,3,24,12,4,1,4,8,0,13,3,0,0,2,4,0,0,38,13,0,2,60,1,453,4504,0,2,3,1,8,2,0,0,9,6,0,2,7,8,148,7,39,3,2,2,7,4,2,0,0,0,6,0,2,118,1,3,2,3,1,0,0,0,2,4,4,2,0,4,17,8,1,15,3,9,2,0,4,5,0,1,1,0,35,5,1,8,0,28,4,4,5,2,1,2,1,0,5,0,1,0,23,10,2,46,0,3,112,5,0,1,0,0,8,0,1,1,2,3,0,0,1,0,1,0,7,2,2,3,1,189,1,18,1,0,1,3,2,0,0,5,1,26,2,0,0,22,5,3,8,1,1,3,6,1,2,3,0,1,52,0,33,12,1,0,0,1,13,0,0,0,4,24,0,0,1,1,1,23,0,7,0,2,0,2,7,5,0,20,5,0,0,5,2,3,3,10,1,2,34,3,5,1,4,0,2,1,2,1,1,1,2,3,3,1,0,0,0,43,4,1,1,10,2,0,0,8,2,0,3,4,1,1,4,0,2,1,1,3,8,2,22,0,8,0,5,1,2,0,2,1,3,0,0,1,32,0,0,5,2,5,1,1,1,0,0,5,0,0,1,1,4,2,1,0,0,3,4,1,2,3,0,2,0,0,3,3,1,2,0,1,0,1,2,9,5,2,15,5,2,0,5,0,3,2,0,8,7,1,0,0,0,16,81,0,0,0,0,4,0,19,1,0,4,0,3,5,1,6,0,8,0,36,2,0,0,3,1,18,9,17,0,18,7,0,0,1,0,2,9,0,0,245,0,0,0,0,0,1,1,0,3,1,1,1,3,1,4,0,0,5,3,3,7,5,0,0,0,0,0,10,0,1,0,2,2,1,0,5,3,0,0,4,1,0,0,7,2,1,16,0,5,4,0,0,0,53,0,0,7,16,0,4,1,0,0,1,0,3,2,1,3,48,0,122,3,3,0,0,2,2,9,3,0,0,6,1,0,2,6,2,1,0,1,1,0,1,5,5,9,5,0,0,1,31,0,0,0,0,19,0,1,48,0,141,0,1,0,0,0,4,4,14,2,17,40,0,6,7,1,1,0,2,8,0,18,0,8,2,0,2,1,3,1,0,2,1,12,1,2,0,0,3,10,6,0,54,0,9,6,1,0,1,165,2,4,1,0,8,0,0,2,1,1,1,3,27,0,1,0,0,2,14,2,3,10,4,6,21,0,1,0,14,0,3,0,1,0,4,0,2,0,0,9,11,5,6,32,0,0,12,3,0,0,0,0,4,1,3,2,2,0,1,2,0,31,4,1,2,2,4,26,4,2,40,2,2,2,0,32,1,7,0,4,4,12,0,2,10,0,0,0,1,0,0,1,0,1,2,5,1,1,0,0,0,0,2,1,0,1,2,12,0,12,5,1,5,2,15,1,0,0,7,2,6,0,2,5,0,0,2,0,6,0,13,10,910,3,10,1,1,0,0,1,2,0,8,2,0,2,7,17,3,19,0,1,2,2,0,1,0,16,4,3,5,24,0,5,2,1,5,8,0,0,0,4,1,5,0,0,0,82,13,0,0,2,13,6,14,0,5,1,0,0,2,9,4,0,1,7,4,0,1,0,7,1,0,0,1,1,0,14,1,2,40,3,2,17,2,6,143,0,0,1,0,0,0,21,0,1,14,0,18,0,0,5,168,39,1,0,2,1,8,0,0,0,1,1,2,0,1,2,0,2,1,5,4,0,2,2,1,22,25,3,5,3,6,1,4,0,0,0,1,3,11,0,1,5,0,1,0,2,0,2,0,2,3,46,0,0,4,0,2,5,4,23,0,2,14,0,0,2,6,0,0,1,0,0,0,1,3,0,1,4,2,257,0,8,3,18,25,0,1,0,532,10,0,4,0,0,4,0,26,0,0,1,42,0,1,6,0,0,2,49,2,0,1,2,1,0,25,2,0,9,6,1,0,4,5,66,12,0,27,3,49,1,0,0,2,0,3,24,0,0,6,12,3,1,15,3,0,0,2,14,0,3,12,0,0,0,0,2,2,0,0,0,0,0,4,1,2,109,1,0,7,0,1,1,3,42,2,0,0,0,0,1,9,0,0,2,4,0,4,6,1,3,2,1,2,2,4,0,6,1,1,72,1,0,0,0,41,16,1,2260,1,2,0,0,0,2,4,4,3,1,0,1,326,1,2,5,2,20,0,0,0,4,1,11,0,5,1,2,0,4,0,0,310,1,0,2,0,13,2,13,2,4,3,30,9,10,5,0,1,2,2,0,6,0,7,3,4,0,0,1,0,0,8,16,2,1,12,4,4,0,4,0,0,0,1,3,15,6,2,3,58,4,0,6,1,1,30,0,0,0,8,1,41,0,1,22,0,2,0,1,1,2,16,0,1,1,0,1,3,117,2,0,0,1,6,8,0,4,0,0,8,7,0,1,3,9,2,5,2,33,0,0,6,0,247,1,0,14,3,38,3,0,0,41,5,0,0,0,0,13,0,0,0,0,0,0,1,1,10,0,2,2,1,0,3,2,1,0,0,1,4,1,0,0,0,9,6,0,0,13,17,0,0,1,0,0,0,1,0,0,0,3,0,1,8,1,6,3,0,1,2,16,7,1,1,0,11,1,2,6,6,0,0,0,6,4,0,0,4,1,7,2,5,0,0,7,0,8,1,4,6,0,4,2,0,2,4,0,0,1,0,0,0,1,7,1,4,3,0,11,0,0,4,5,4,0,0,0,0,22,2,1,43,3,8,1,4,13,0,1,0,0,2,0,2,2,39,0,0,0,2,7,41,0,1,1,2,11,4,2,0,4,0,0,1,8,7,0,0,3,1,2,2,1,0,1,1,0,4305,0,5,2,1,1,0,0,0,2,0,4,0,12,64,0,1,1,13,8,1,0,0,3,0,434,2,5,1,0,3,0,265,0,4,0,5,3,0,0,2,0,0,0,0,3,2,6,1,1,4,1,0,0,2,0,1,0,1,41,2,3,2,6,0,5,2,2,0,2,1,0,0,0,0,0,0,3,952,33,5,0,1,3,7,1,5,0,2,1,0,2,1,0,0,0,1,1,2,0,1,2,7,6,8,0,0,0,0,0,1,0,2,0,0,3,0,1,2,14,2,0,0,0,621,6,22,4,2,0,1,2,0,728,1,4,2,0,1,2,8,3,1,1,103,0,1,8,0,13,6,0,0,1,4,1,24,0,10,129,2,1,0,2,2,2,1,40,0,3,0,2,0,3,3,5,0,0,1,1,0,3,29,12,4,2,0,56,0,0,1,3,5,0,0,0,1,4,8,1,7,2,2,1,4,0,0,0,1,2,2,2,0,0,10,0,0,0,2,1,3,2,6,0,0,0,10,0,36,9,27,1,6,2,8,1,0,7,0,0,0,0,226,2,0,0,1,1,12,1,0,5,4,0,0,2,8,111,0,0,0,5,0,2,1,0,0,0,6,3,1,0,10,8,1,1,2,0,0,0,0,6,0,0,0,1,2,1,0,0,1,56,0,1,0,2,0,29,1,3,6,0,5,7,0,0,0,1,0,1,0,5,0,4,32,6,0,0,1,15,14,1,1,0,0,6,0,2353,9,2,0,5,0,10,5,8,1,16,1,3,7,3,2,126,0,1,3,9,15,45,0,0,0,5,0,2,10,0,2,0,0,1,0,2,3,8,1,3,1,6,1,5,9,0,0,1,2,78,1,3,0,0,0,18,14,5,0,0,9,0,1,0,6,1,20,0,1,1,2,1,1,3,0,0,2,6,1,0,126,0,3,0,2,0,1,5,500,0,0,0,0,107,2,4,0,2,1,1,10,0,51,4,1,3,0,1,1,0,1,1,1,4,0,3,4,21,2,0,7,3,14,36,0,2,0,52,1,1,0,2,2,2,9,8,0,1,1,6,25,5,3,5,3,3,1,14,3,0,0,167,0,22,2,0,0,1,7,3,7,0,0,1,1,3,1,1,0,0,0,0,1,0,1,0,4,1,9,0,7,9,1,1,9,2,0,2,0,3,0,2,0,0,0,0,1,0,1,0,2,2,0,10,23,21,6,0,0,0,20,1,1,4,2,0,7,0,2,2,4,0,8,0,6,0,0,1,1,0,4,0,9,0,12,1,3,0,15,0,0,0,28,3,0,0,0,0,1,8,0,0,1,0,1,2,2,6,0,0,6,2,5,2,2,0,5,0,1,1,8,0,1,0,0,2,1,0,0,4,1,22,1,2,0,98,0,2,0,11,0,4,10,3,55,0,0,1,9,1,0,3,1,3,8,3,18,0,45,1,40,4,1,0,50,2,0,2,4,1,1,10,1,12,34,0,1,2,0,0,4,0,2,1,2,1,1,1,1,0,0,0,0,18,2,0,1,498,0,25,1,7,0,62,0,1,1,1,2,0,5,5,14,3,2,2,3,2,12,1,33,3,5,0,55,0,4,0,0,0,0,9,0,1,0,6,0,3,0,0,1,1,5,2,4,0,0,0,265,80,1,2,0,4,41,3,1,0,0,1,0,8,10,1,1,10,16,2,0,2,0,1,0,0,27,0,4,11,6,134,0,2,0,1,5,0,0,2,1,0,8,0,1,41,2,8,0,0,0,5,1,0,0,19,0,2,7,11,0,1,0,0,1,0,7,1,0,2,0,0,0,5,15,2,0,1,0,3,1,0,3,0,1,0,4,0,0,2,0,0,14,0,5,0,2,6,1,0,4,3,2,4,0,4,0,2,0,0,0,81,3,2,11,1,1,0,0,2,3,0,2,0,6,9,1,1,0,1,1,2,1,0,0,0,1,2,1,1,1,0,3,1,1,0,4,0,2,0,2,0,0,1,0,0,4,0,2,1,0,0,4,0,95,2,4,3,3,1,141,0,40,6,2,2,12,0,0,4,0,2,3,1,34,0,1,5,4,0,0,1,4,0,1,4,1,1,4,1,0,0,0,19,132,11,4,10,2,1,719,0,0,1,3,73,1,5,0,2,1,0,2,0,1,4,0,0,0,0,0,0,4,0,8,0,22,0,0,0,1,13,115,5,23,489,1,1,0,0,4,5,0,1,0,2,0,170,3,21,0,4,0,2,2,2,7,0,1,7,2,0,2,0,1,9,0,24,75,1,1,1,1,1,6,6,0,2,18,0,0,1,1,2,13,2,0,1,4,0,0,0,7,0,69,0,2,0,1,0,0,1,1,1,0,2,5,5,0,8,0,4,5,16,3,1,4,0,7,23,2,4,5,0,2,13,2,5,0,0,1,0,5,6,0,1,1,27,8,13,3,1,0,0,295,0,2,4,0,5,0,1,3,0,3,0,2,1,4,17,1,0,9,1,0,0,0,99,2,2,20,1,0,2,5,2,1,0,11,48,3,15,1,5,0,66,2,11,0,0,531,0,0,3,1,0,0,177,12,19,59,1,2,1,1,8,3,20,15,0,2,4,0,0,16,2,0,1,52,1,9,5,0,0,43,0,3,2,0,4,5,14,1,3,44,0,2,4,1,0,0,0,27,2,0,2,0,0,1,2,5,3,25,0,1,0,2,9,3,4,2,1,4,2,2,1,1,5,0,2,38,6,0,0,2,2,0,2,0,0,0,3,1,16,0,0,0,1,4,0,0,0,0,0,1,0,1,7,11,1,1,3,0,6,2,0,2,0,0,0,9,2,3,1,4,19,1,3,0,1,3,0,2,0,0,1,0,1,6,0,0,5,1,0,13,0,0,13,0,6,3,2,0,2,0,4,4,0,0,140,6,0,9,1,17,1,8,0,1,0,3,4,2,6,1,10,2,0,14,1,1,49,0,1,8,0,2,61,51,1,0,0,2,0,1,13,0,0,0,1,3,3,3,11,1,0,1,1,1,0,0,5,28,0,6,0,3,2,4,0,2,9,5,0,1,0,1,2,0,1,1,0,55,1,0,4,1,0,5,1,15,6,2,4,4,0,0,0,0,0,1,3,0,1,2,2,2,0,0,0,5,0,2,6,0,2,7,1,0,0,13,1,0,1,1,5,0,0,25,0,0,112,5,1,15,5,0,2,3,12,0,0,0,0,4,27,0,2,0,1,5,0,3,2,4,0,4,0,0,2,0,0,0,8,6,5,1,14,1,131,0,0,0,2,8,0,0,2,5,0,2,0,6,0,1,0,239,5,0,0,0,21,12,261,22,9,42,0,0,497,1,2,1,0,1,10,0,245,8,0,1,0,0,0,131,3,0,15,1,1,2,11,0,0,0,10,1,0,1,6,0,0,8,1,2,10,0,0,1,0,0,0,4,31,3,0,1,0,0,4,4,17,0,0,0,2,0,0,4,1,20,3,1,0,10,0,3,1,3,1,4,79,2,2,1,1,0,2,522,1,1,2,0,3,7,27,0,0,2,23,1,2,0,1,0,0,165,0,5,2,2,8,1,2,0,12,1,5,0,3,0,1,2,3,0,1,4,5,19,2,0,0,0,0,10,18,1,0,5,2,16,2,1,158,1,0,3,26,1,1,180,0,0,4,0,6,2,0,0,0,0,3,27,0,2,1,5,18,1,2,0,0,23,0,0,6,1,13,0,0,0,2,2,0,1,0,1,0,0,29,0,1,6,0,115,0,2,2,2,0,1,30831,2,0,0,0,0,0,1,9,1,1,1,1,0,1,0,1,0,1,1,0,8,0,8,0,0,0,0,0,0,1,0,0,1,4,4,2,0,0,1,0,0,0,6,17,0,3,0,0,4,1,4,3,0,0,2,0,0,1,0,2,4,4,0,0,0,1,1,8,10,5,0,0,1,0,8,1,5,34,2,292,1,0,0,1,2,0,4,1,3,2,0,4,1,1,61,0,4,0,0,0,0,47,3,0,4,0,5,0,0,1,0,0,2,2,1,3,15,18,0,32,11,2,5,0,0,1,0,10,1,0,1,0,0,0,8,1,1,0,1,3,2,2,2,0,1,47,0,0,1,13,1,4,2,7,35,10,1,0,4,5,1,3,0,0,1,1,2,3,1,0,1,2,1,0,0,1,0,0,2,0,0,0,0,3,1,0,214,22,0,0,2,0,12,5,1,1,8,17,1,1,8,3,17,176,1,20,59,0,1,1552,4,3,0,0,2,1,0,0,12,0,2,1,0,1,0,0,8,1,1,21,2,1,3,0,7,14,1,0,1,4,0,0,2,6,0,7,1,1,1,27,1,1,0,1,1,0,3,1,0,1,2,1,6,2,1,6,7,0,7,2,7,2,2,0,12,2,13,3,5,4,3,0,2,0,5,0,0,1,0,1,2,0,2,4,0,0,0,0,1,9,0,3,4,3,0,4,4,3,7,0,4,0,2,3,0,0,6,3,0,4,3,5,6,7,5,1,7,0,0,0,32,4448,0,5,0,4,23,0,10,2,14,2,2,6,0,0,106,0,0,0,135,3,0,1,7,0,0,1,2,0,2,0,2,1,6,4,10,0,0,2,6,1,4,0,0,0,0,0,1,1,0,3,1786,1,0,1,1,0,12,0,6,3,2,0,1,0,0,0,2,0,11,0,0,0,2,4,0,8,14,1,0,7,1,0,1,4,1,2,2,0,2,17,0,0,3,1,6,2,0,0,2,2,5,0,5,1,2,1,0,0,151,4,6,0,2,9,1,0,0,2,3,1,0,2,2,1,7,4,6,2,0,0,0,3,1,1,2,0,0,2,1,0,0,0,0,2,4,1,0,0,1,24,0,11,0,1,2,1,0,72,27,0,0,2,0,124,1,0,9,414,4,3,3,3,3,4,0,0,3,8,2,1,16,0,0,0,0,3,1,38,0,22,0,0,1,7,2,15,3,0,1,1,7,1,3,0,25,3,30,0,4,4,1,7,1,3,0,4,15,4,16,2,0,4,3,0,0,4,0,0,1,0,0,26,0,1,1,2,1,9,2,80,4,2,3,0,12,8,7,0,1,0,0,1,0,4,1,1,1,227,3,14,131,0,1,23,0,7,1,7,0,3,0,0,38,0,1,0,7,0,1,2,8,6,0,51,1,0,0,7,1,0,2,5,4,3,0,5,0,1,2,5,3,0,3,0,0,0,0,5,0,26,0,1,16,0,0,0,7,6,27,1,6,0,0,7,18,6,1,2,2,1,1,1,11,0,0,2,2,1,6,0,3,0,47,0,18,0,17,0,2,1,14,0,0,26,0,0,2,6,6,1,16,0,6,0,2,2,0,1,4,1,3,0,36,0,2,0,0,2,0,0,0,1,0,0,3,1,0,0,2,1,4,1,3,7,4,0,7,2,5,22,0,14,18,2,1,0,3,2,0,0,0,3,0,0,0,18,4,1,0,0,1,1,0,115,2,1,4,5,0,1,0,17,10,1,1,0,0,14,0,9,0,0,0,2,5,0,0,1,4,0,0,3,23,0,5,0,2,0,1,1,1,0,2,1,0,5,1,2,35,0,1,0,5,5,1,1,1,39,6,4,0,7,4,1,21,0,0,0,1,8,3,5,0,5,0,0,1,0,0,0,1,0,0,3,1,2,6,3,3,5,0,0,34,66,11,0,0,0,13,1,0,15,2,145,0,0,2,1,20,21,1,0,18,0,0,5,1,0,37,0,0,1,3,13,7,2,5,5,2,0,1,5,3,1,23,8,1,1,1,1,14,3,1,10,2,1,8,0,5,9,0,0,0,1,0,0,15,2,0,10,1,13,0,2,5,3,0,3,0,22,0,1,1,11,10,25,0,6,6,0,0,2,0,8,1,3,5,0,0,0,6,1,0,643,0,1,2,0,0,0,11,3,3,0,0,0,17,0,5,0,0,0,29,5,0,7,0,1,0,14,2,9,1,0,3,8,8,0,0,8,0,2,1,0,3,2,1,3,0,1,0,4,11,1,2,4,14,0,1,1,1,0,0,0,1,1,1,4,1,33,8,1,1,2,0,2,3,3,0,3,1,0,0,0,0,5,1,3,0,0,9,0,2,0,3,8,11,0,2,2,11,0,0,1,0,0,34,2,0,0,1,3,2,1,0,6,0,0,4,14,0,0,2,0,1,16,0,2,3,96,2,29,24,0,4,1,0,3,7,0,0,0,0,0,1,2,0,6,3,7,0,0,1,1,0,0,42,0,0,3,0,15,0,1,1,0,0,2,0,0,2,12,1,3,2,2,1,0,1,2,7,0,3,1,0,14,0,30,2,1,2,4,3,0,1,10,5,1,8,0,0,5,6,1,0,3,9,0,0,4,0,0,0,5,0,0,37,1,4,1,0,2,0,0,2,10,0,29,143,1,1,2,11,0,0,0,4,0,0,0,0,2,105,9,0,3,3,3,2,6,178,2,55,1,0,2,0,13,3,0,0,1,7,9,2,3,0,0,1,0,0,1,0,1,0,0,0,1,0,0,0,1,98,92,11,0,16,0,0,0,1,2,116,0,1,0,1,4,64,0,2,28,4,0,3,16,0,7,6,3,0,0,2,1,2,1,2,1,0,0,1,0,93,0,0,0,4,0,0,2,0,2,0,0,15,0,6,2,1,3,1,0,1,1,0,2,93,0,2,1,2,1,0,1,1,3,9,0,0,0,0,0,0,233,0,506,2,7,274,0,2,0,0,0,2,0,0,1,0,8,55,1,11,1,0,1,0,6,2,1,3,2,0,11,19,13,0,8,0,0,1,5,0,3,2,0,0,1,17,59,2,0,0,2,0,7,2,7,0,0,0,2,1095,1,5,2,2,1,9,0,0,4,0,3,7,1,5,1,0,2,0,65,5,1,1,2,0,70,2,9,1,0,1,0,1,43,1,0,0,0,0,0,32,2,15,0,1,2,1,0,75,3,0,9,1,3,0,0,0,1,0,0,0,5,0,2,11,62,0,1,1,0,0,1,2,6,0,0,0,0,0,0,0,0,1,2,9,1,0,4,0,0,1,19,5,0,1,6,4,2,10,1,0,0,4,1,5,4,15,8,1,1,6,2,1,1,0,2,0,1,2,0,2,0,0,1,1,5,0,0,0,7,3,0,2,0,1,3,11,1,0,0,26,1,0,46,0,2,1,1,3,1,2,0,1,12,0,22,0,4,2,6,0,1,1,3,1,26,6,16,2,5,1,0,5,0,0,2,1,1,0,1,0,0,2,1,5,1,0,188,0,4,9,3,1,1,1,0,10,5,0,2,35,24,0,7,1,1,1,10,0,2,3,0,75,0,0,0,0,0,0,1,22,4,0,1,0,3,11,109,0,1,0,4,0,7,1,0,14,0,5,0,0,0,2,0,1,1,1,8,0,4,5,7,6,3,3,0,0,1,4,37,81,1,1,89,0,0,6,0,1283,9,0,3,1,0,0,0,4,2,47,0,1,1,1,2,2,3,0,8,0,0,1,199,0,4,1,6,1,3,9,12,2,1,6,2,1,3,7,4,7,1,62,35,2,0,2,18,2,3,0,8,0,3,15,1,0,1,181,0,0,3,2,0,1,6,3,0,0,17,1,1,2,0,4,0,10,0,2,1,25,0,1,1,21,10,0,2,4,3,0,2,9,0,21,3,11,153,3,0,0,1,0,0,0,1,2,0,4,0,1,1,10,0,24,3,0,0,1,0,2,0,0,16,0,4,0,5,19,2,22,1,2,1,2,2,19,5,1,0,5,0,0,1,2,0,4,0,1,0,1,0,0,0,3,0,1,0,3,4,0,0,0,4,2,7,0,2,0,2,0,0,0,2,2,1,0,0,2,0,0,0,0,3,2,2,0,2,0,1,22,1,0,0,2,7,2,4,0,3,0,2,2,13,0,2,6,0,2,0,0,97,2,3,8,5,1,2,0,1,27,1,65,6,0,1,1,1,0,7,3,12,1,1,8,52,310,2,5,1,24,0,5,3,11,0,3,12,2,4,3,6,1,9,4,1,0,1,0,2,6,0,12,3,3,5,4,6,0,21,0,7,0,0,0,7,0,1,1,1,1,1,3,1,15,1,0,3,19,0,1,0,0,1,0,6,4,2,0,1,15,0,6,30,0,1,1,9,0,1,0,4,2,2,0,0,2,0,6,3,2,0,3,2,29,5,0,0,0,1,2,2,3,2,1,0,0,10,0,29,0,0,1,1,4,0,0,3,0,0,3,3,5,3,9,10,0,6,3,5,0,3,0,3,3,0,0,0,1,0,1,1,0,1,0,5,4,8,16,0,0,2,4,0,0,3,29,0,3,0,0,56,23,0,2,0,2,1,1,0,0,8,1,0,0,41,0,1,0,0,5,8,3,0,1,0,2,1,24,0,2,0,0,0,0,0,2,23,1,4,0,19,9,1,13,0,0,0,43,0,9,0,11,8,0,1,0,0,0,1,0,7,1,0,3,0,0,9,0,3,0,1,0,0,3,0,0,0,0,200,2,0,1,6,1,0,1,1,0,0,36,1,0,0,4,0,0,0,1,0,3,6,0,1,0,0,12,0,0,2,66,83,3,0,0,1,2,11,0,1,1,3,7,0,33,1,3,0,0,1,0,3,3,2,3,0,2,1,2,4,0,6,2,0,0,0,0,98,48,1,0,6,0,1,6,0,2,2,1,8,3,3,0,71,1,75,0,11,0,2,2,6,0,0,0,3,2,10,2,2,4,3,0,3,4,30,3,4,0,6,1,5,1,6,11,24,2,1,13,2,0,2,2,0,0,0,7,1,1,1,9,0,0,5,4,8,0,5,1,1,5,4,6,1,2,0,0,1,1,1,0,3,1,25,1,0,11,0,129,0,3,7,4,0,3,7,6,9,6,2,0,8,1,1,3,0,0,3,0,7,2,6,3,0,1,6,0,9,4,1,0,0,21,0,0,2,2,8,3,0,2,1,0,0,0,15,0,4,22,0,14,7,0,5,143,1,0,4,0,0,11,1,1,14,0,1,0,9,0,1,0,0,0,2,0,0,0,8,0,3,6,0,2,0,4,0,7,1,0,0,0,0,29,0,4,0,1,2,11,7,5,2,6,4,0,3,3,38,2,1,1,0,6,0,0,2,16,17,0,0,1,0,1,6,5,0,0,8,1,2,3,0,32,0,19,0,0,7,1,0,0,2,4,0,2,1,1,78,0,8,2,0,2,0,1,0,0,0,1,0,0,36,0,4,17,2,33,1,1,0,3,5,0,4,0,7,2,0,453,0,0,1,0,0,1,1,2,0,0,4,0,3,0,0,0,4,0,0,0,4,12,1,2,5,4,1,0,0,2,1,0,1,4,2,15,0,0,18,1,0,1,10,1,1,2,0,7,8,3,0,3,1,0,6,20,1,7,0,0,0,4,0,3,0,1,2,1272,1,1,0,0,0,15,3,0,7,6,9,0,0,4,0,0,3,0,3,6,2,191,1,2,0,1,0,2,1,83,6,0,6,4,9,6,10,3,2,5,0,1,5,3,0,1,2,8,0,1,0,2,0,0,0,0,3,0,27,1,164,0,0,1,4,48,4,8,0,2,0,2,0,1,1,1,6,28,31,1,0,21,4,0,0,1,1,0,4,6,0,0,0,7,0,5,0,5,2,3,0,0,0,1,2,0,0,4,25,2,0,0,0,0,0,2,3,0,0,0,1,0,0,0,0,1,0,6,2,3,2,13,0,0,21,10,11,0,45,0,0,3,1,0,2,8,4,1,1,6,7,1,3,0,9,2,0,1,0,0,0,26,0,2,1,11,0,1,3,2,2,0,2,1,117,0,5,0,2,10,6,0,4,2,1,0,3,3,1,1,25,0,4,0,31,17,0,2,1,2,0,1,0,0,0,7,1,3,31,10,0,1,0,0,131,12,2,0,2,0,0,5,0,18,7,1,2,2,0,7,1,0,2,0,5,1,0,6,2,0,0,1,2,0,5,3,3,6,0,4,3,12,0,9,1,0,0,61,0,0,181,0,1,0,0,27,4,5,2,1,0,0,14,0,0,3,6,0,1,32,0,0,2,0,0,5,3,0,1,2,1,8,4,0,0,3,0,0,59,0,2,0,1,7,7,18,2,0,0,1,1,1,2,0,1,1,0,1,11,1,2,0,1,1,0,10,1,6,0,1,2,20,2,1,3,1,1,1,1,0,2,2,4,6,0,0,0,0,2,6,1,15,1,0,0,13,2,2,21,5,14,2,0,0,131,11,0,0,1,6,4,0,1,14,10,1,1,1,5,15,0,0,127,3,8,0,3,0,0,0,50,1,2,1,4,3,0,4,1,1,11,0,1,0,6,0,11,0,1,5,1,0,127,5,8,0,4,0,2,1,2,0,0,1,1,1,3,2,9,4,4,0,0,0,1,2,21,0,0,4,0,2,23,2,9,0,1,3,0,4,0,14,3,0,0,1,3,14,2,1,15,1,9,38,2,4,4,0,6,0,1,0,1,0,1,9,1,0,1,5,0,48,0,1,0,7,1,2,0,3,0,2,0,0,0,3,6,2,2,99,0,1,0,6,6,0,0,0,0,0,0,15,1,7,1,0,1,40,5,1,0,0,4,0,2,0,3,2,4,1,1,15,2,0,2,8,17,1,0,0,1,1,0,0,0,1,0,3,2,1,2,2,3,0,0,2,0,0,32,0,1,46,0,1,2,0,4,1,0,2,5,1,0,12,0,2,10,4,2,0,2,2,0,6,3,5,0,0,0,0,5,0,12,1,0,1,0,0,5,3,5,0,1,4,0,1,2,1,0,1,0,0,0,6,0,4,1,0,0,1,1,0,8,2,3,0,0,4,0,0,7,1,2,4,0,0,0,5,0,3,2,2,1,0,2,81,0,0,0,0,0,23,3,1,0,0,0,2,2,1,76,0,4,6,0,0,0,0,2,1,1,0,0,5,0,0,2,492,0,9,3,1,3,1,2,0,0,0,0,1,2,1,0,0,0,0,6,0,0,0,1,0,3,20,3007,0,0,4,7,3,1,0,1,43,3,0,0,26,16,0,1,0,1,4,2,0,34,4,0,0,3,0,14,1,1,2,0,3,0,4,1,0,1,0,4,2,0,0,0,0,1,1,0,5,1,0,0,1,3,0,0,6,0,15,1,1,0,1,0,4,2,2,0,1,1,3,4,0,10,3,1,2,0,0,13,0,5,0,3,4,0,10,0,1,0,2,0,3,0,0,0,2,1,1,2,1,10,0,3,0,3,2,0,1,0,5,1,3,139,0,1,2,0,6,0,4,9,3,32,1,0,31,1,5,1,0,10,4963,0,591,1975,18,203,0,1,7,5,48,15,0,0,1,0,2,0,3,8,0,0,1,2,18,0,2,2,1,2,112,1,0,1,2,32,1,0,11,6,0,4,1,6,0,6,1,23,1,1,1,2,1,1,8,2,54,0,32,8,0,4,2,1,7,13,30,4,146,0,0,11,1,0,0,1,2,2,3,2,0,2,2,16,0,0,1,0,1,2,181,0,21,2,0,2,6,0,56,0,1,1,0,3,0,2,49,5,0,1,0,2,11,4,3,1,3,5,1,0,8,3,0,1,5,0,0,0,0,3,1,0,8,0,0,0,2,19,3,3,5,1,203,137,3,10,10,1,0,1,2,0,0,1,3,7,0,9,1,5,1,4,0,0,1,0,0,0,0,0,4,1,0,0,25,1,0,0,0,0,0,129,1,2,2,0,2,0,4,0,0,18,2,1,0,5,2,21,3,0,0,6,4,5,97,8,12,4,0,3,1,2,5,9,1,1,1,1,0,2,9,1,1,3,1,4,4,0,12,12,0,0,1,0,0,1,3,0,13,1,0,6,0,0,7,9,165,0,18,26,5,0,2,0,0,0,3,0,0,0,1,1,4,0,18,6,2,2,2,1,0,0,3,0,2,1,1,19,2,0,0,0,2,177,0,1,2,0,0,1,1,0,10,2,18,4,1,0,2,3,6,3,31,1,2,1,1,4,15,65,5,7,3,11,0,8,0,1,0,1,4,1,1,3,0,12,0,5,1,0,3,2,1,2,36,0,1,3,116,1,0,1,0,1,6,5,1,2,100,0,1,0,1,3,0,2,0,8,1,1,2,7,2,13,3,0,2,1,1,1,63,0,2,0,2,0,0,2,3628,0,0,0,1,0,2,5,1,47,4,3,2,0,5,0,51,16,8,7,0,5,1,142,58,0,1,242,7,3,2,4,5,2,1,3,0,2,5,0,0,3,0,0,1,0,9,0,2,0,64,1,8,0,41,6,0,0,5,0,7,0,10,0,0,0,0,0,1,6,0,0,2,4,11,6,1,1,0,2,1,0,0,2,2,0,5,0,0,0,2,1,27,1,5,4,0,1,4,2,1,4,3,1,0,0,77,0,0,1,2,0,12,6,0,1,0,2,1,14,2,1,0,1,2,0,5,11,16,0,6,0,0,0,0,5,9,0,0,0,1,3,1,21,0,1,1,0,0,0,0,1,2,1,0,3,1,0,0,0,0,1,0,1,0,0,0,8,1,4,21,5,1,14,1,0,2,8,1,1,3,1,2,1,0,1,5,0,0,0,0,1,12,0,0,1,0,1,1,1,4,1,3,2,2,0,3,0,20,0,0,5,3,0,0,1,1,0,10,15,2,0,0,0,0,5,0,1,1,1,2,0,0,2,4,6,4,1,25,3,5,0,8,1,0,1,0,5,0,1,3,0,1,0,2,1,1,1,0,3,0,0,1,2,3,3,0,0,2,2,22,2,4,0,1,0,6,0,1,0,1,0,0,5,3,19,0,1,10,9,9,1,11,3,12,1,0,346,1,9,0,0,2,4,4,3,7,1,0,5,1,33,0,3,0,1,13,0,1,0,6,7,3,210,17,2,72,10,0,4,0,1,0,1,0,3,1,0,2,1,6,0,4,0,0,3,0,0,3,0,2,2,4,0,6,18,3,0,3,0,2,19,1,20,37,13,0,0,1,0,0,13,1,0,0,0,0,2,2,4,0,0,0,3,15,0,0,0,26,2,8,1,8,12,0,2,3,7,48,0,3,0,1,0,1,0,0,0,0,0,0,0,4,0,0,1,0,0,0,4,3,2,2,3,3,0,0,8,2,2,18,2,1,0,0,3,0,2,2,1,0,3,0,7,3,0,0,1,0,1,3,2,0,1,1,4,0,0,1,0,2,1,500,1,3,3,1,0,0,0,594,2,11,2,2,2,5,0,1,2,1,1,5,1,0,19,0,8,3,108,3,11,3,0,0,4,1,2,2,9,1,0,2,6,1,37,4,2,3,0,1,0,0,0,1,3,0,0,2,1,20,0,2,1,0,3,186,2870,0,1,13,2,0,3,10,2,1,3,2,4,6,4,8,3,0,17,0,0,5,1,4,4,0,0,6,0,0,1,21,0,0,1,1,0,1,0,26,2,3,2,15,1,2,9,12,5,6,1,0,2,18,0,0,0,0,12,0,0,2,0,5,2,6,0,8,0,5,0,2,3,19,2,1,0,0,10,1,0,2,0,7,0,0,268,0,5,1,2,3,0,0,1,12,0,1,0,0,0,3,1,9,1,1,2,0,1,0,4,1,0,3,0,0,0,0,2,21,0,2,0,0,2,5,0,3,0,0,2,1,0,2,0,0,0,1,1,0,7,0,0,3,1,0,12,0,3,5,2,1,3,5,3,22,0,0,1,12,2,2,0,0,45,0,0,24,0,1,3,4,9,1,23,0,0,0,1,1,0,2,3,15,0,1,24,3,2,2,7,0,26,0,0,4,1,0,0,1,0,1,1,0,2,0,3,0,0,1,0,15,0,8,2,2,0,4,4,11,1,0,0,0,0,41,8,1,3,6,2,0,2,36,1,1,0,0,1,1,0,7,0,1,2,34,0,0,0,0,0,2,2,5,1,4,0,1,1,1,2,1,0,3,1,0,115,0,5,3,0,0,1,0,0,0,1,0,4,0,2,1,0,24,2,5,2,7,0,0,0,1,3,3,6,1,0,2,2,0,0,0,1,0,0,0,4,4,1,0,1,28,13,0,5,6,12,2,0,6,5,107,1,0,2,4,2,0,0,0,3,0,10,2,0,0,0,5,19,0,24,9,0,1,2,3,0,6,0,6,3,0,1,4,1,21,1,0,7,1,1,4,0,0,4,7,9,2,59,7,4,3,7,3,4,0,4,0,0,4,0,9,2,0,0,0,1,0,0,0,4,0,2,0,0,1,0,0,49,0,5,27,8,6,0,0,0,1,3,2,11,5,13,0,1,4,6,3,0,1,3,1,0,0,1,12,0,0,0,3,0,1,3,1,21,1,3726,7,1,0,1,3,1,1,11,8,0,32,0,4,0,0,1,0,7,1,5,3,13,7,0,4,7,2,2,5,5,4,14,0,0,3,1,6,1,0,152,114,4,6,0,2,11,2,198,2,0,0,0,0,1,7,0,16,8,4,0,0,0,45,2,0,1,0,3,6,0,7,2,1,1,5,0,4,1,18,2,0,3,11,1,3,2,0,0,116,44,18,0,36,1,0,5,9,2,3,0,1,1,3,0,1,4,3,137,4,0,4,1,2,9,0,1,2,0,0,17,4,0,2,12,0,1,0,0,55,2,7,0,10,2,0,4,272,21,0,0,7,1,5,1,42,9,59,0,33,3,0,0,0,3,0,1,11,0,39,5,2,2,1,2,7,0,2,1,0,1,3,0,2,0,2,1,1,5,2,0,2,2,18,0,0,5,5,1,4,1,1,0,0,6,2,0,0,4,1,3,0,2,1,1,83,5,3,0,1,0,3,1,1,1,1,0,0,4,11,4,0,1,3,2,0,5,0,0,0,2,3,3,1,4,6,1,0,0,1,0,0,2,8,0,0,0,1,4,3,1,1,2,6,0,1,1,4,0,0,3,2,1,2,0,3,4,14,0,2,0,0,0,16,1,0,1,4,1,0,0,1,0,1,3,0,0,1135,3,5,1,0,0,0,3,0,5,1,1,1,2,11,1,11,0,0,1,8,0,5,0,10,0,2,9,11,1,0,0,0,1,2,1,0,4,1,2,2,0,0,12,12,0,3,0,1,1,0,0,1,1,1,2,87,0,0,0,0,3,14,2,2,2,6,3,0,1,1,1,0,1,1,1,1,190,2,0,5,0,0,0,1,0,0,5,0,25,0,7,7,6,0,0,0,3,0,10,1,0,4,5,0,0,0,0,0,0,0,5,0,0,0,0,50,18,2,4,83,2,0,1,0,0,7,1,5,0,3,0,2,0,0,7,0,0,0,0,2,6,2,1,2,97,0,1,0,8,12,2,0,0,3,0,5,0,1,0,0,0,2,0,1,17,168,6,3,1,5,3,38,0,7,0,1,2,22,1,0,0,0,1,0,7,0,0,2,1,141,3,10,1,0,6,0,10,1,2,2,2,1,2,0,1,21,0,0,2,0,2,0,26,1,2,0,20,0,7,0,2,4,0,1,0,1,8,0,0,16,0,0,3,2,0,1,0,0,0,0,4,2,4,6,0,1,0,27,3,8,0,1,1,2,8,0,0,2,2,1,0,0,0,5,2,2,3,2,3,3,5,1,5,72,0,1,3,1,3,1,0,1,2986,0,0,8,2,0,34,0,1,0,1,0,0,7,0,2,3,1,1,166,3,23,4,2,3,4360,1,4,3,0,2,3,0,1,7,2,2,15,4,0,1,15,0,1,0,0,0,1,1,0,0,1,3,9,12,9,0,0,3,2,0,0,0,2,1,56,2,1,3,3,7,4,9,0,1,0,20,1,0,1,1,0,0,2,0,2,1,1,0,100,6,0,1,1,5,0,0,0,0,1,5,0,21,2,11,0,0,71,7,2,4,1,2,1,3,1,3,2,1,2,1,0,0,0,8,0,0,1,2,59,8,1,1,4,0,6,1,4,6,3,0,0,1,0,7,0,4,0,2,1,0,9,1,0,136,13,1,1,11,3,3,4,4,0,80,0,1,0,0,0,0,3,0,20,23,0,6,4,8,4,0,0,0,3,0,33,0,0,1,2,0,2,11,2,1,5,0,0,83,0,0,1,3,2,0,2,13,2,0,4,0,2,3,0,0,5,0,1,2,56,0,1,1,5,0,1,0,2,2,0,8,14,0,11,0,0,13,0,2,186,0,5,5,4,2,1,0,0,166,5,0,0,10,0,1,0,1,1,2,0,0,4,2,9,3,6,0,4,0,0,2,0,1,0,2,3,1,0,0,7,1,2,0,1,20,0,2,0,0,0,3,4,5,5,0,1,5,2,4,24,0,1,3,2,0,0,1,2,0,5,7213,1,3,0,2,0,4,4,1,127,6,0,11,2,9,1,37,1,1,9,25,0,1,2,60,6,0,5,0,61,1,1,5,4,2,1,0,3,0,0,3,0,0,3,10,2,2,5,1,4,3,0,2,7,1,64,0,0,5,4,0,0,0,5,5,2,0,5,2,2,0,0,1,1,0,14,1,0,2,2,0,1,37,3,1,2,3,0,1,2,0,2,0,2,0,0,3,0,1,1,4,0,2,8,1,1,39,2,0,0,1,2,4,2,5,0,6,1,2,0,0,0,0,0,3,5,13,48,3,2,68,0,0,1,2,3,0,1,5,2,0,2,0,1,5,1,8,3,1,1,6,8,3,2,0,1,0,0,5,0,0,0,1,2,0,0,0,0,0,1,1,63,1,36,1,0,2,0,4,0,4,0,3,3,2,4,42,0,1,0,5,36,0,1,1,2,0,0,0,4,1,1,1,51,20,0,21,0,0,9,0,18,1,1,1,6,77,9,2,2,9,0,6,0,33,11,0,3,0,1,1,0,203,591,0,3,0,1,0,2,0,3,5,2,0,0,0,1,9,1,3,9,8,1,0,1,0,0,2,2,14,0,94,4,1,0,41,4,0,0,1,1,0,16,5,1,1,0,0,0,2,0,2,0,1,0,28,0,2,1,0,2,0,1,49,1,936,0,6,4,0,0,1,1,2,1,1,48,1,0,3,1,0,3,2,5,513,8,16,0,0,0,9,0,0,2,2,1,2,0,3,3,1,0,0,0,2,11,0,1,8,0,0,0,0,99,8,13,0,0,16,4,0,23,8,0,36,5,6,0,1,2,1,1,5,0,0,7,32,0,1,0,0,2,1,0,0,0,20,48,2,1,0,0,10,1,1,0,0,1,6,2,15,0,11,0,1,0,0,4,85,57,4,10,4,1,0,11,2,0,0,0,1,1,0,2,7,1,6,0,6,7,0,6,4,3,0,1,3,0,13,0,0,3,0,1,8,12,1,1,3,0,15,3,0,0,0,1,1,0,1,4,112,4,3,0,0,10,5,0,1741,0,44,16,2,0,0,1,2,1,9,0,0,2,0,2,0,0,2,2,0,200,0,4,1,1,3,0,0,78,0,1,0,0,1,1,35,0,2,31,1,5,0,1,0,3,0,60,0,0,0,0,3,0,1,0,0,4,6,0,46,4,0,1,0,3,0,0,6,1,0,61,0,1,222,0,0,1,2,1,0,3,2,1,4,1,6,1,1,0,4,2,41,0,2,7,0,0,3,2,1,21,7,3,3,0,24,12,0,2,1,1,0,0,0,0,1,2,3,0,0,5,0,1,2,0,0,0,0,1,0,12,4,0,60,0,4,0,1,1,3,0,22,0,2,1,0,1,51,3,1,14,6,0,6,109,0,0,0,0,47,0,6,1,0,1,0,7,4,1,105,1,11,6,3,7,0,1,1,0,0,4,1,0,0,3,1,1,8,1,0,3,1,4,0,45,1,1,0,22,0,1,103,23,0,0,9,3,1,281,44,1,0,2,3,3,1,0,1,0,0,0,2,1,6,1,9,13,0,5,11,12,2,0,1,4,2,7,0,14,2,2,9,3,0,11,2,3,0,2,0,18,2,5,0,0,0,0,2,1,2,1,1,1,0,0,0,9,0,2,2,0,5,1,1,17,1,0,2,1,1,6,11,1,4,53,0,4,3,0,0,2,5,0,1,4,0,1,0,0,1,1,1,1,1,25,92,0,0,3,0,1,2,5,11,5,15,4,18,5,0,0,0,2,0,0,1,0,87,31,1,0,45,4,0,4,0,0,8,0,1,0,0,0,0,3,0,3,0,4,0,2,0,10,1,0,33,0,0,0,2,0,5,0,0,0,5,0,0,20,0,1,1,0,6,3,1,0,10,0,0,1,0,9,1,3,6,2,3,0,1,2,0,0,0,2,0,2,1,4,0,19,0,59,3,0,3,0,4,0,0,2,0,8,12,0,8,1,9,2,5,2,22,14,1,19,2,0,243,0,66,1,0,4,2,2,1,0,0,0,0,32,3,6,25,3,0,0,2,0,1,1,0,0,3,3,1,4,2,1,172,2,3,1,0,0,2,0,1,1,2,0,0,27,1,0,0,2,3,1,2,0,0,1,1,35,0,1,0,1,5,0,1,24,2,5,1,3,0,0,2,4,3,0,0,10,0,0,0,0,9,0,10,1,1,0,11,5,0,8,0,1,2,312,0,1,0,1,10,5,0,24,5,0,3,0,11,1,0,0,0,3,1,11,4,23,0,2,3,0,0,1,4,0,0,1,0,20,2,2,6,0,0,1,0,4,11,0,2,10,0,26,0,0,2,2,1,0,7,0,0,0,0,3,3,0,3,1,2,1,59,4,37,0,0,37,0,14,1,2,0,2,0,1,18,1,0,4,2,0,0,75,0,0,0,4,9,3,0,0,5,12,3,0,8,2,1,3,3,0,0,2,0,0,2,4,0,0,4,0,0,1,5,0,0,1,0,2,0,0,0,4,2,18,0,19,0,14,1,4,1,1,3,2,1,0,0,0,0,0,2,5,0,1,11,4,0,0,0,3,0,3,432,0,1,2,0,1,4,7,4496,1,0,4,20,0,0,1,1,1,3,0,0,1,0,4,27,2,10,2,7,0,1,0,1,1,0,0,0,137,2,0,9,3,4,0,3,4,0,2,0,4,0,1,0,4,1,2,4,2,1,1,10,0,6,0,0,5,81,1,2,0,0,6,0,116,0,1,0,2,0,4,0,0,1,0,5,9,1,2,6,11,1,0,2,0,9,0,2,1,0,0,2,68,1,1,6,0,1,5,1,63,0,0,0,83,13,17,2,24,1,5,28,10,18,3,2,2,2,0,12,0,2,1,0,0,4,4,0,20,17,1,74,1,1,1,0,0,11,3,6,4,6,36,0,5,48,0,2,1,0,0,0,4,0,0,0,1,4,4,1,4,3,0,1,1,1,6,2,4,0,1,0,0,2,0,0,0,1,3,1,1,1,0,0,0,0,0,3,0,1,1,236,1,0,0,1,1,0,1,5,1,1,0,3,6,0,0,2,2,1,2,0,4,6,3,0,1,0,11,0,18,3,7,0,0,0,170,2,1,0,1,2,11,6,3,3,125,0,6,2,0,1,3,0,0,2,2,4,0,1,1,0,1,1,1,1,0,0,0,2,5,6,2,0,0,0,8,0,1,0,0,3,2,2,6,5,0,2,3,15,4,0,0,3,8,2,0,2,25,5,13,0,41,0,0,4,7,53,1,27,2,0,13,1,1,8,4,3,43,0,0,9,0,0,2,3,0,32,0,0,3,93,353,0,6,0,0,2,0,0,4,0,0,0,1,78,0,0,0,5,2,4,0,0,0,1,0,0,8,0,0,8,0,9,1,0,1,1,0,0,1,3,0,38,4,25,0,0,0,1,4,2,2,6,0,0,1,1,2,6,0,0,1,4,78,0,2,1,0,0,1,15,0,1,8,16,2,4,0,3,12,3,3,10,20,2,0,10,3,1,1,2,5,18,1,5,2,3,22,1,4,14,3,4,3,0,0,0,0,2,0,0,4,4,1,6,10,1,1,15,82,0,0,14,4,0,0,0,5,6,0,0,9,8,6,3,4,1,4,10,1,0,0,1,1,13,0,9,0,1,1,0,23,2,0,1,2,6,0,5,0,2,0,5,2,7,0,0,504,0,2,0,1,1,1,18,3,0,1,0,11,4,0,2,477,7,5,5,2,3,3,3,1,3,6,0,19,1,0,6,0,1,44,2,2,1,9,3,3,1,5,91,3,2,0,10,0,2,0,2,2,1,2,8,2,8,1,0,1,1,0,4,0,3,0,2,1,3,0,0,0,3,3855,6,5,7,2,3,3,75,1,0,0,0,0,5,4,0,0,6,3,0,0,7,3,5,0,48,0,6,22,0,1,2,117,0,1,0,0,4,0,2,1,0,0,5,0,2,8,4,13,0,0,1,7,1,1,0,1,4,2,2,0,1,1,4,0,0,6,0,5,1,0,0,10,0,9,4,3,544,0,11,2,46,0,7,1,3,2,2,11,0,1,1,12,1,1,1,1,4,1,0,0,9,3,6,3,3,8,9,219,0,9,1,1,2,8,2,1,2,4,5,1,0,0,0,21,0,1,19,0,8,1,0,7,2,1,2,0,2,2,0,0,1,2,3,0,0,3,0,1,3,0,0,1,0,2,5,10,3,1,2,2,1,0,1,0,0,52,2,2,0,0,26,0,0,2,4,1,0,6,0,7,7,3,0,0,1,1,3,0,0,0,0,0,0,0,2,0,23,4,0,7,3,0,6,0,4175,0,0,0,1,4,16,0,6,0,2,1,0,2,1,1,2,0,10,0,0,257,2,6,513,29,1,2,0,2,0,1,66,0,0,0,0,89,4,1,5,2,9,0,0,1,0,16,0,3,1,3,0,1,0,2,2,0,4,4,0,2,3,0,2,1,0,3,0,7,9,2,0,0,10,0,0,4,0,0,1,3,0,3,23,1,18,2,1117,2,4,1,0,19,62,2,1,1,9,20,0,24,0,18,1,2,0,0,2,0,11,2,4,2,0,0,0,2,4,9,4,2,1,1,11,8,0,0,10,0,4,1,7,10,8,0,2,0,0,4,0,1,0,1,10,0,3,13,0,0,0,0,11,5,0,0,0,1,27,7,1,0,15,4,1,1,1,0,3,0,0,1,0,10,0,0,0,0,0,1,0,1,3,0,0,2,14,0,0,0,0,2,1,4,9,0,2,2,3,25,0,2,1,4,0,0,1,0,6,7,0,0,3,4,2,2,0,3,4,0,3,0,2,1,2,2,2,20,8,605,0,9,0,12,11,3,0,3,1,2,0,17,2,1,1,0,2,0,11,0,0,0,4,1,2,2,43,0,0,2,1,2,0,2,8,0,2,5,1,0,0,0,1,0,0,2,0,23,0,0,0,194,1,0,1,15,0,3,1,1,86,1,0,2,0,10,1,1,9,4,3,2,5,0,0,0,2,0,72,0,2,1,0,8,0,5,5,1,5,10,17,1,0,0,0,1,454,9,5,2,7,0,2,0,4,166,1,1,1,1,138,3,1,1,1,6,0,1,0,1,3,2,4,0,6,6,0,26,0,3,2,0,1,1,0,1,1,4,2,1,1,0,2,17,0,793,0,0,3,1,0,0,0,2,0,9,1,1,2,0,0,0,1,4,0,4,2,5,3,1,1,2,1,3,1,1,2,1,12,0,0,12,0,1,3,0,1,0,28,0,4,2,9,6,1,5,1,8,2,14,4,4,2,0,3,6,0,6,0,5,1,0,0,29,0,4,0,1,0,34,1,1,5,0,3,5,0,0,0,133,17,1,14,10,6,6,0,0,0,1,0,1,2,0,0,0,0,1,1,1,0,10,0,0,1,0,0,77,0,1,2,4,0,33,0,1,0,2,2,1,0,47,1,0,4,5,6,0,30,10,2,1,10,21,2,1,0,0,0,54,0,9,1,9,0,2,14,2,3,0,0,8,1,12,0,0,1,3,35,1,2,0,0,0,2,0,3,0,1,2,3,1,7,6,2,0,2,0,2,12,0,0,2,2,81,1,0,6,1,0,1,0,72,10,0,0,0,0,1,10,1,0,0,0,2,5,8,9,1,2,0,1,0,6,1,0,3,4,25,5,33,18,1,5,1,0,0,0,1,2,10,4,0,1,1,76,5,1,61,0,1,1,1,1,2,0,13,1,0,0,1,0,0,0,6,0,4,6,30,1,28,1,2,0,0,1,1,2,2,1,0,0,0,2,0,3,6,10,1,14,6,3,0,3,1,0,2,1,2,6,0,4,2,5,7,7,13,9,0,5,0,1,9,0,0,0,3,1,5,0,1,4,167,1,0,0,14,2,0,0,26,3,5,1,8,1,0,0,15,7,138,5,1,2,4,1,2,7,0,1,0,1,2,1,5,8,4,3,0,2,0,16,5,0,0,1,2,1,3,0,9,0,0,16,0,9,2,0,3,0,4,1,2,1,8,0,3,24,0,0,0,2,1,0,0,1,1,0,0,1,2,1,0,15,2,1,1,8,0,2,1,2,0,0,1,2,0,7,0,3,53,2,0,6,2,4,0,0,2,0,3,3671,1,805,2,3,0,5,2,1,2,1,52,1,4,0,0,0,0,22,0,0,0,6,2,2,0,0,5,1,28,3,1,0,6,2,1,6,4,11,2,4,0,5,11,2,10,3,2,1,1,0,0,1,0,2,2,0,3,1,33,6,1,6,2,1,380,0,2,3,2,8,0,1,0,1,132,1,7,0,1,0,4,0,3,1,2,9,3,2,0,0,3,2,2,0,106,2,14,1,52,7,0,0,33,1,0,11,8,0,0,0,14,1,2,0,0,0,0,1,0,0,1,0,0,0,3,2,2,11,0,1,0,13,0,0,0,0,10,0,0,2,4,1,14,0,0,0,0,8,0,0,1,0,2,0,0,9,1,2,7,6,3,12,0,7,0,5,229,12,2,17,0,1,1,9,4,6,3,0,1,0,4,13,1,1,2,0,0,8,0,0,0,487,2,0,50,0,1,2,1,2,45,8,0,1,0,108,0,0,1,0,0,4,0,0,0,15,3,0,0,0,1,1,2,2,1,0,0,0,3,1,0,0,0,4,2,0,1,0,2,1,3,0,25,18,4,2,16,5,7,0,0,2,0,4,11,3,8,6,28,6,0,4,0,3,0,3,2,0,14,2,0,0,2,0,10,1,0,1,0,1,2,24,4,0,1,4,0,5,3,0,1,16,0,0,3,12,1,0,2,0,0,2,0,0,1,0,0,4,8,3,1,0,1,6,0,0,0,5,0,0,3,3,1,0,0,0,9,0,0,510,1,15,24,1,8,0,1,3,0,0,11,1,31,1,2,0,1,1,0,13,2,4,3,1,0,0,0,2,6,4,0,2,1,6,9,4,2,0,1,8,1,1,2,2,2,0,1,1,0,2,11,0,0,1,0,5,0,0,0,7,0,4,4,3,54,0,0,0,1,0,2,4,1,2,0,0,1,2,12,9,28,7,0,0,22,1,1,7,5,1,5,2,4,0,2,0,1,9,0,1,3,2,0,2,5,0,0,0,0,23,0,1,3,0,1,2,0,11,12,6,1,6,0,1,1,3,7,0,1,14,0,0,0,0,2,0,0,0,1,9,3,0,16,0,0,1,3,4,23,0,15,2,4,1,0,2,1,2,3,3,0,0,13,2,2,0,4,0,1,0,5,0,1,72,4,2,0,0,1,0,1,0,1,0,3,7,0,1,8,5,1,0,0,2,2,0,23,0,6,0,6,3,0,1,2,26,1,1,34,10,0,0,1,0,19,1,1,1,0,0,3,7420,3,5,4,5,3,14,0,0,1,10,1,32,3,2,0,0,4,1,0,1,2,1,1,18,3,1,12,4,0,74,1,4,0,8,0,0,3,4,2,1,1,1,19,1,0,0,0,1,2,10,0,6,3,0,3,3,15,0,0,0,1,0,6,4,0,0,3,0,1,0,0,2,2,4,5,2,2,0,3,4,2,6,1,4,14,0,1,2,2,2,1,103,26,5,5,1,1,35,0,72,2,1,0,5,1,2,1,0,4,1,30,0,3,0,0,1,0,2,2,11,3,1,17,0,0,4,2,3,225,6,5,0,1,0,4,9,1,2,2,2,10,80,0,2,6,2,3,13,0,0,301,4,0,1,0,3,3,3,0,3,17,2,13,0,6,24,12,0,1,2,1,0,1,13,0,3,1,0,4,0,3,1,0,0,2,0,1,0,32,31,1,0,0,0,1,5,6,0,1,97,0,3,1,3,2,0,106,2,49,1,73,1,4,1,0,1,1,0,1,0,0,6,1,0,8,1,1,1,2,0,1,1,3,0,5,0,0,2,2,0,3,7,0,24,1,0,6,0,0,1,9,6,0,7,0,1,29,1,22,1,16,2,0,0,1,0,2,11,0,1,10,2,0,2,7,0,0,22,8,0,3,29,22,0,10,0,1,0,1,0,5,3,1,8,127,3,5,1,0,0,1,8,3,1,3,0,18,89,13,2,0,3,0,1,6,3,0,1,3,0,0,2,3,0,0,0,0,4,0,12,16,1,1,0,1,1,3,2565,3,26,0,0,2,0,50,0,31,0,2,0,1,4,0,0,31,1,1,4,0,3,3,11,3,0,0,0,0,3,3,0,2,8,2,5,5,19,0,2,3,14,5,96,0,0,6,0,0,3,0,35,0,9,0,14,0,1,1,1,5,3,1,0,0,1,0,6,0,1,2,1,0,7,3,0,3,0,19,0,4,1,10,3,2,0,1,0,2,0,1,2,8,2,6,11,1,4,0,0,0,1,0,9,4,0,0,1,34,1,1,0,0,1,1,0,1,8,1,2,1,0,33,0,5,18,5,5,0,2,0,0,0,0,1,12,0,2,0,6,6,0,0,3,0,1,2,8,1,2,0,21,5,2,0,5,0,5,10,6,2,0,0,2,19,4,6,1,0,0,0,1,0,1,2,1,0,4,46,22,2,2,1,1,0,3,0,0,0,3,1,0,0,4,13,1,0,1,0,10,0,0,0,0,0,1,0,10,6,3,0,0,0,1,0,0,3,2,12,1,3,0,0,65,0,91,0,3,1,1,0,4,4,0,3,5,0,5,0,1,2,5,0,9,3,0,1,4,0,2,2,12,2,1,299,5,17,0,0,9,0,1,0,0,5,2,2,10,0,1,0,1,0,0,1,0,1,3,1,1,1,4,2946,33,0,3,4,0,1,1,7,10,0,2,3,6,1,0,3,1,0,1,1,11,0,0,47,1,0,0,0,1,16,0,2,0,1,0,2,2,8,0,6,0,5,0,0,244,6,2,0,0,21,57,3,1,1,0,1,0,8,7,0,1,2,1,4,9,0,3,0,8,0,2,1,0,0,0,0,1,4,0,3651,3,1,3,4,1,16,0,6,2,7,3,0,0,4,1,1,14,0,0,0,6,0,0,3,7,32,1,0,19,10,5,0,3,11,4,1,3,17,0,0,2,1,0,14,5,4,0,0,2,0,2,2,0,1,0,3,0,1,0,1,0,13,5,9,0,1,138,0,0,5,0,1,17,165,0,0,5,0,6,6,3,25,2,0,5,0,2,33,0,0,0,1,12,1,0,0,10,2,2,3,16,2,6,0,38,2,1,0,1,0,2,0,6,15,24,5,5,1,1,1,0,0,0,0,0,1315,10,3,0,2,2,0,6,0,0,8,2,1,3,0,0,3,0,6,23,6,0,1,0,8,6,0,0,0,40,2,5,1,0,0,3,4,80,1,1,0,2,4,1,1,9,3,3,3,2,0,0,5,9,4,0,6,25,0,0,0,0,0,3,0,0,4,2,0,1,6,3,4,2,1,0,0,7,0,0,0,0,0,1,1,6,2,0,1,3,3,1,40,1,1,0,0,2,0,1,0,4,56,0,3,0,1,0,3,0,6,0,35,0,21,2,3,4,2,2,6,30,1,0,0,1,0,1,0,43,0,3,6,1,5,0,1,1,1,0,0,0,0,0,1,1,0,3,0,0,0,0,0,0,0,5,2,13,0,0,28,0,2,0,9,5,5,138,24,0,6,102,3,2,0,19,15,4,3,0,10,1,0,3,0,8,0,8,0,0,0,0,0,0,2,31,0,0,0,0,1,0,1,0,3,5,0,417,0,0,3,0,7,6,0,2,15,1,0,1,0,0,0,0,0,2,2,8,0,0,0,0,1,3,5,2,2,2,1,12,4,3,0,2,27,1,1,0,45,0,29,3,26,0,0,4,9,1,2,4,6,0,38,0,8,5,0,20,0,4,0,0,1,1,4,2,0,1,0,0,1,0,2,17,0,7,1,1,18,0,0,0,0,1,3,0,1,2,0,4,0,0,1,0,1,1,0,6,6,0,3,1,0,4,2,1,1,4,0,0,13,0,11,9,23,7,31,0,0,3,7,2,5,3,16,2,2,1,3,3,2,2,0,0,3,0,12,0,517,1,8,6,0,4,0,1,1,1059,1,1,1,16,1,0,0,25,13,2,0,1,0,20,0,5,2,6,11,2,1,0,4,0,5,0,1,0,5,3,0,2,4,0,1,0,0,36,27,5,1,2,15,1,0,4,0,2,2,4,0,6,3,0,6,22,3,7,7,2,0,0,0,1,1,59,0,0,8,5,1,1,3,1,1,0,1,4,0,0,0,0,13,0,0,1,0,1,34,0,1946,0,5,300,0,0,0,37,7,0,4,3,2,0,5,4,25,20,4,5,2,0,7,0,1,2,2,1,0,0,0,8,0,2,1,94,1,0,0,0,0,0,0,5,1,4,1,18,5,15,3,0,0,2,1,0,0,0,0,6,2,7,0,0,0,0,90,3,0,0,2,13,1,0,11,0,39,63,0,5,1,0,0,11,43,1,0,2,1,0,9,1,1,0,1,3,0,1,0,2,6,2,28,0,0,1,62,4,1,6,1,1,0,25,3,0,0,17,1,0,1,7,1,3,0,2,2,0,0,12,0,0,2,0,0,43,1,1,0,0,1,242,38,0,5,0,29,5,0,2,23,2,0,1,0,1,48,3,0,0,4,3,8,2,2,4,0,2,3,3,1,1,1,4,1,1,1,10,13,1,2,0,7,1,1,0,3,11,2,0,6,0,12,0,3,1,8,2,2,0,9,0,3,0,1,6,1,0,1,169,239,16,0,1,0,0,0,0,4,0,0,0,2,3,2,1,3,1,12,2,0,9,2,0,229,9,2,0,5,1,0,3,3,0,2,0,2,2,0,1,1,34,1721,0,0,229,1,0,4,3,5,0,13,6,4,8,6,4,12,1,2,2,1,1,10,3,2,2,0,0,0,71,1,4,3,0,1,4,11,1,0,3,20,0,1,15,6,4,15,2,3,0,3,0,2,0,0,0,1,1,6,5,16,2,0,1,17,6,0,5,0,0,0,0,80,87,2,3,0,2,1,0,0,0,3,13,0,1,2,2,3,0,0,1,15,5,0,2,1,0,0,0,0,1,0,5,0,1,6,2,1,13,0,0,0,3,3,0,0,4,0,0,1,4,22,0,0,3,16,10,1,0,1,0,2,0,5,69,3,0,1,5,1,0,3,0,10,0,1,5,2,1,3,0,5,0,251,1,0,0,0,7,1,0,8,2,3,1,0,24,33,9,0,1,0,1,0,146,0,1,0,0,4,10,2,0,0,1,4,1,0,3,2,26,3,1,93,3,1,0,2,0,15,8,0,1,24,15,1,312,0,5,2,0,6,1,2,2,6,0,5,0,3,2,4,4,11,5,0,23,0,86,1,3,3,3,0,4,0,0,0,3,9,0,29,2,1,17,4,0,0,1,97,0,9,113,0,0,8,0,3,3,4,0,2,0,1,0,1,1,0,3,2,2,4,2,0,11,2,4,0,6,0,1,4,0,4,1,0,8,0,1,2,0,5,0,14,0,3,4,12,2,0,0,3,2,16,7,3,0,2,17,0,7,0,1,3,7,0,9,3,0,3,2,0,2,0,3,0,1,3,0,1,5,0,1,7,6,2,1,0,26,28,0,0,0,0,7,6,2,1,2,2,34,0,5,2,0,0,12,2,34,1,10,2,1,2,2,2,7,1,0,0,9,3,1,0,0,0,4,1,0,2,0,0,0,0,0,0,3,0,0,20,0,2,0,0,2,7,1,0,0,0,2,0,0,3,9,0,1,14,1,1,0,0,0,0,5,0,1,0,4,2,5,13,1,4,1,0,0,1,2,0,1,0,2,10,5,1,0,1,0,90,0,3,0,5,2,0,0,66,4,2,1,2,0,0,2,9,0,1,1,31,0,0,0,0,0,0,0,1,1,0,0,1,0,64,0,2,0,0,167,1,1,1,0,0,0,5,1,0,7,1,0,3,0,1,0,0,1,1,5,2,3,2,4,1,0,5,1,1,1,0,0,14,2,1,2,0,0,6,18,0,0,21,0,0,2,1,1,4,1,9,2,0,9,0,16,0,1,3,0,3,0,1,1,1,0,15,3,4,362,3,0,1,0,7,14,1,7,5,0,0,0,0,2,13,2,1,4,0,0,1,1,0,86,47,0,2,2,6,2,1,1,1,1,7,0,2,1,2,5,3,1,4,1,0,25,207,47,889,8,0,4,0,0,1,2,1,0,0,110,2,3,2,2,1,0,18,0,4,2,0,0,2,5,4,0,3,5,1,1,0,14,1,19,0,10,12,1,2,0,6,0,2,1,1,0,0,3,1,0,2,14,3,0,0,3,1,3,41,3,0,1,55,2,4,1,4,0,3,1,0,0,3,0,41,0,6,1,0,1,1,9,348,2,2,4,0,1,1,2,0,1,0,0,0,1,3,3,4,27,1,11,0,1,66,0,0,1,1,2,0,0,2,7,5,0,0,0,2,1,0,0,1,4,0,0,3,5,0,0,7,0,0,0,0,0,1,3,4,1,53,1,0,10,1,7,0,0,6,1,0,3,211,1,0,1,61,0,1,0,1,12,20,0,19,0,0,1,2,12,4,5,0,3,5,0,0,0,0,0,1,2,3,0,1,0,0,0,0,0,0,1,2,0,0,1,2,1,2,7,0,1,3,2,3,0,1,1,0,0,1,1,3,4,0,1,93,2,1,0,50,1,0,2,3,0,0,1,2,1,2,0,6,0,1,3,2,2,26,2,1,0,1,9,13,1,12,3,0,0,1,4,2,12,5,0,11,6,5,10,3,0,0,17,0,0,2,0,1,0,3,8,0,6,1,4,0,0,0,6,0,3,0,1,7,2,0,1,0,1,1,0,0,3,4,1,0,2,1,22,0,1,1,6,0,1,79,0,2,5,0,0,0,2,2,4,0,3,1,38,0,2,2,0,4,2,56,23,0,0,26,0,96,0,0,0,4,3,0,6,2,19,5,0,1,3,3,8,0,4,4,0,0,1,0,0,0,2,0,4,2,0,0,0,3,18,0,0,0,0,0,0,6,26,0,0,3,15,2,30,0,11,0,127,1,0,0,0,3,4,0,6,1,2,0,0,0,0,1,5,31,2,11,36,11,0,2,9,21,3,2,0,69,0,0,1,2,0,4,0,1,0,2,7,4,12,5,19,6,3,6,2,2,0,0,11,2,15,0,16,0,1,0,0,2,1,44,4,3,0,0,9,0,0,2,0,0,1,19,0,1,7,1,1,2,0,5,0,116,1,1,4,1,2,1,5,2,4,0,0,0,1,1,1,0,2,0,2,1,1,3,1,0,4,17,4,0,1,12,1,23,0,0,0,0,50,0,3,9,29,0,0,1,156,20,3,27,0,2,0,2,17,0,2,2,0,0,59,4,0,2,0,0,3,0,88,3,1,0,2,9,0,0,24,2,0,3,0,849,3,2,1,1,0,22,1,0,0,1,0,0,4,0,24,9,0,20,2,2,8,0,2,12,4,0,0,0,4,0,0,1,8,2,17,2,2,2,1,5,0,1,0,0,1,6,0,0,0,4,1,0,0,0,0,7,2,1,4,0,0,0,48,8,7,3,6,4,74,1,40,8,3,0,7,1,2,1,26,14,12,0,2,0,5,0,4,2,7,2,2,3,5,1,0,1,1,0,75,2,1,0,2,8,50,0,8,0,2,1,0,2,46,7,0,0,0,4,3,3,1,0,1,3,3,1,2,0,0,1,6,0,4,3,0,0,5,1,29,4,1,2,1,0,0,0,0,0,32,0,18,0,0,4,0,39,1,0,7,0,7,0,3,0,15,1,0,3,0,0,657,51,0,2,1,1,2,0,3,3,0,0,2,0,0,0,6,7,0,1,2,1,7,0,0,7,2,4,0,0,0,0,0,1,0,5,0,1,663,3,0,1,7,4,3,1,0,11,0,0,5,5,0,0,9,4,4,3,3,1,4,1,7,1,3,1,3,0,0,4,1,1,1,1,5,2,32,0,0,5,0,0,8,1,5,1,0,2,2,2,15,2,1,3,0,0,0,2,13,10,0,2,1,1,0,1,1,0,1,2,0,311,0,0,0,21,0,2,0,0,1,5,0,1,0,2,1,0,0,2,2,41,0,68,9,2,1,62,0,4,1,1,0,0,5,47,0,0,0,1,1,2,0,2,1,1,0,0,318,11,0,10,1,54,0,0,0,0,1,9,28,1,0,3,0,0,0,5,0,1,5,3,2,14,0,1,2,7,4,29,5,4,0,0,1,2,13,1,10,2,0,1,0,0,0,8,1,0,2,1,7,0,0,1,15,2,0,4,6,0,2,11,0,0,2,0,147,0,0,0,1,0,0,0,10,0,3,9,13,0,11,0,101,0,0,11,3,7,0,0,0,1,2,2,2,1,0,3,0,3,11,4,1,1,1102,1,8,35,35,1,0,4,22,3,9,0,2,1,2,154,0,0,1,0,6,2,11,1,4,20,0,0,0,3,2,0,9,518,2,168,0,2,1,77,1,4,0,1,3,1,22,0,0,0,1,1,3,2,1,11,0,2,1,1,0,8,0,1,1,0,12,0,7,5,2,1,2,2,6,2,41,1,2,0,2,1,0,2,21,4,0,0,5,0,5,0,3,3,8,1,0,0,0,258,1,0,1,0,7,1,20,2,2,0,1,4,0,0,0,4,0,2,10,0,2,2,14,0,8,10,12,1,1,0,1,4,0,3,3,0,0,1,0,0,7,0,0,3,1,0,1,34,2,0,2,148,0,25,3,5,1,4518,0,1,0,3,5,3,0,0,1,3,5,6,3,2,2,31,9,0,1,0,97,2,6,0,3,0,0,0,1,2,5,0,0,3,5,1,0,116,1,0,2,0,1,5,4,2,2,6,0,7,3,20,1,4,1,0,308,0,63,14,4,1,283,0,0,5,4,1,0,0,0,2,12,1,1,2,2,5,24,2,0,2,3,0,3,4,2,0,5,10,0,0,11,119,0,1,1,1,1,1,404,1,19,1,0,0,0,6,4,0,0,6,1,0,2,3,112,0,1,2,1,57,1,1,3,3,1,1,3,3,1,0,3,1,0,1,0,0,2,4,2,2,33,0,1,6,5,2,2,4,0,0,8,42,8,2,0,0,0,1,1,1,1,0,0,1,6,3,4,0,3,0,0,0,0,5,13,1,4,0,1,0,6,0,4,0,0,1,0,2,2,2,0,19,3,0,2,5,1,6,0,0,0,13,1,0,2,0,0,0,12,5,24,3,0,4,2,2,8,1,1,4,652,0,7,6,1,1,2,3,0,2,1,1,0,1,25,1,4,1,14,0,0,2,1,3,4,0,4,2,2,0,2,1,1,0,20,1,2,0,1,7,0,0,0,0,0,0,3,2,2,0,1,2,3,6,1,0,5,4,6,10,0,2,16,2,0,4,2,0,70,3,14,2,1,4,2,3,6,6,0,4,3380,1,1,0,2,0,9,5,0,2,0,2,1,0,8,0,15,24,3,0,1,7,0,0,1,0,0,0,4,0,7,20,0,0,9,0,11,2,201,0,1,1,0,10,572,0,1,0,0,0,0,1,0,0,2,4,1,768,2,0,0,0,10,1,2,0,12,4,1,128,0,0,1,1,0,0,0,0,0,9,8,340,0,2,1,0,0,2,2,0,25,0,0,0,1,2,4,1,0,4,0,0,16,0,1,2,1,6,1,0,2,0,3,0,2,0,2,2,2,1,1,43,2,1,4,13,163,0,61,0,1,1,0,3,6,0,0,40,0,1,0,3,7,3,1,1,0,0,1,8,7,13,2,0,0,2,11,2,9,4,1,0,59,8,0,9,3,1,0,0,2,0,0,0,0,3,1,0,27,5,1,1,0,0,2,2,6,1,4,0,2,2,3,9,0,9,3,0,1,1,1,1,15,135,0,0,0,0,0,3,0,3,6,0,1,0,0,0,1,2,0,0,1,0,0,0,0,2,0,0,3,0,1,0,0,0,1,2,0,0,0,0,0,9,0,0,11,7,0,0,3,13,0,1,0,0,0,3,57,4,19,1,8,0,0,189,0,1,115,25,4,5,4,2,0,0,1,0,9,22,101,1,2,2,14,1,13,4,1,14,1,2,1,0,0,27,3,0,1,32,6,3,6,13,4,0,32,0,0,0,0,1,0,2,1,0,0,5,0,3,0,1,1,0,2,3,5,1,5,4,35,1,3,2,3,1,0,2,2,11,1,3,30,13,2,3,0,1,0,2,4,164,1,0,6,0,2,34,0,13,8,158,3,0,9,1,0,2,1,0,4,118,3,1,1,0,2,0,2,0,0,3,0,0,42,3,0,3,12,2,58,133,2,5,0,0,0,0,0,0,3,2,13,3,0,0,1,0,1,3,0,1,1,1,0,0,0,0,0,3,9,0,3,1,6,0,5,1,2,4,0,0,10,0,0,2,2,2,0,0,0,0,0,0,3,0,0,2,3,1,0,3,2,25,2,0,4,6,2,7,2,0,2,0,2,2,0,1,108,2612,0,5,1,2,0,1,1,0,1,21,0,0,1,2,0,1,5,4,0,0,5,0,5,1,2,0,0,13,0,0,0,1,0,0,1,0,3,4,17,4,3,1,1,0,0,0,3,2,0,0,8,0,4,0,305,28,0,3,3,2,0,15,0,0,3,1,0,1,3,50,4,3,0,1,1,1,9,1,2,0,0,4,1,5,0,0,1,0,0,0,1,0,0,28,7,2,0,2,0,0,0,0,0,2,0,1,0,40,0,1,0,21,6,12,2,0,3,0,0,2,0,385,4,5,0,0,7,0,1,1,2,1,132,0,1,13,0,0,2,0,43,12,0,0,32,2,0,172,3,55,80,2,0,0,16,0,1,0,15,4,0,7,0,0,10,1,133,0,3,0,1,6,0,6,0,0,7,2,0,1,0,0,0,0,2,1,0,1,1,1,0,4,1,1,130,0,5,0,0,13,3,0,12,2,2,30,13,3,0,21,0,3,356,0,0,6,3,4,3,0,52,0,1,4,0,36,20,0,1,5,2,6,2,2,2,55,5,0,1,0,1,1,0,101,6,7,14,0,1,1,6,0,6,0,0,1,1,1,1,0,0,0,0,14,0,1,1,2,7,53,0,3,1,2,1,1,0,1,43,10,9,0,7,1,8,1,1,3,5,3,4,0,0,20,2,2,2,2,0,8,0,3,3,1,0,2,61,1,12,0,0,2,0,4,1,0,0,7,2,0,0,14,18,1,0,1,2,3,2,1,1,0,3,0,2,0,2,1,2,0,6,155,4,0,0,1,2,2,6,820,0,0,2,15,0,25,0,9,9,8,3,1,3,4,2,1,2,2,3,3,4,0,1,0,0,0,1,0,0,0,0,6,0,7,1,2,5,1,2,5,0,0,2,4,250,2,1,1,0,0,1,2,2,0,0,1,1,2,0,4,138,1,2,1,0,0,2,1,0,6,11,2,59,28,0,223,1,0,5,145,2,1,0,4,2,0,0,10,0,2,1,36,0,0,0,1,2,0,0,0,1,0,0,0,0,14,0,8,10,18,1,2,1,0,7,0,1,2,3,5,1,12,0,1,2,3,1,0,28,0,3,1,2,0,0,0,0,3,9,1,55,0,2,1,1,1,1,4,0,0,0,3,3,6,0,2,9,2,0,1,4,0,2,0,0,0,2,0,0,0,1,2,0,0,8,1,1,2,12,0,0,1,0,8,46,0,3,0,0,0,4,3,965,1,1,4,0,0,0,0,3,3,1,1,86,0,1,32,4,9,0,2,3,2,0,2,2,0,43,3,0,0,0,5,0,1,0,1,2,55,2,0,4,1,0,40,0,8,1,0,17,3,12,0,41,0,0,4,2,11,1,1,0,0,0,104,1,28,0,0,1,4,1,8,0,4,10,1,0,4,0,1,4,9,13,0,0,1,0,7,3,0,4,3,2,4,9,1,1,0,0,0,0,3,0,0,0,4,5,0,0,2,1,4,121,9,5,2,0,0,0,1,24,0,5,2,2,0,10,37,5,0,0,5,0,6,0,0,2,0,6,2,10,0,7,1,6,5,0,0,3,6,1,1,0,0,1,2,2,0,1,13,0,0,2,163,2,1,0,0,3,1,4,3690,0,0,1,1,1,6,0,2,3,2,5,1,10,0,0,3,6,0,4,25,0,5,1,0,0,1,0,2,2,6,3,10,4,0,0,8,1,3,1,1,2,0,1,65,53,6,3,1,3,2,0,4,0,9,14,0,0,1,3,58,0,15,5,0,3,1,7,3,3,1,1,3,3,2,11,2,0,0,12,0,1,1,1,0,4,4,1,0,0,1,4,1,1,0,2,2,0,3,18,0,19,2,0,2,68,0,4,7,1,3,1,0,7,0,0,0,5,1,0,1,27,1,0,6,3,3,0,13,6,1,1,58,2,4,3,58,17,1,1,0,3,0,3,1,1,0,2,10,3,0,3,64,1,0,11,1,10,1,0,4,0,3,1,5,7,3,6,0,20,0,2,3,4,1,0,2,1,9,0,2,2,2,1,5,0,0,1,6,0,0,0,1,1,2,3,1,0,0,3,2,0,1,0,0,16,6,3,3,0,0,0,4,0,0,0,2,9,6,3,129,0,23,1,0,5,0,6,2,5,0,1,71,11,0,166,0,2,4,11,6,1,259,0,5,2,0,1,2,1,2,1,12,0,5,0,0,0,131,17,1,973,4,0,0,0,1,5,34,0,0,1,2,0,0,3,3,0,2,1,1,4,1,0,1,3,17,0,0,1,2,0,13,26,1,5,2,15,13,4,2,0,0,2,5,2,10,8,0,1,0,0,4,0,1,0,16,3,3,11,23,0,140,0,2,0,5,1,0,0,0,0,1,3,4,1,3,13,2,1,3,2,0,4,0,5,0,0,1,0,0,17,134,1,1,0,3,4,3,35,0,1,1,0,0,17,1,125,2,115,1,3,0,36,4,0,17,1,0,4,7,0,130,0,2,0,0,2,2,5,3,3,2,0,0,0,6,41,0,2,0,3,3,1,1,0,0,1,1,3,2,2,0,0,0,0,1,9,0,0,0,0,0,15,2,1,0,41,1,2,0,0,1,0,15,6,1,1,0,2,0,0,0,1,3,0,1,0,0,3,1,2,0,2,2,2,2,1,0,30,21,10,1,1,0,0,2,0,2,0,2,4,1,0,0,0,2,2,0,0,0,0,0,3,0,0,13,0,0,1,3,2,2,1,2,3,0,8,3,0,0,1,2,1,3,1,0,1,1,1,0,1,1,6,0,0,0,2,0,4,0,3,0,0,0,16,0,93,1,0,2,0,0,3,0,0,0,2,0,0,2,0,0,0,1,3,3,1,3,4,2,2,2,47,8,0,6,0,2,2,135,3,0,0,16,4,0,0,1,0,0,0,5,0,129,3,0,0,10,44,0,0,0,1,2,6,0,11,3,3,0,0,229,3,4,0,0,49,0,0,0,4,0,4,1,5,2,0,4,9,5,0,7,3,0,1,10,0,23,3,0,2,0,3,0,21,0,0,0,4,16,0,2,0,4,3,53,0,6,0,0,0,4,1,2,0,0,7,5,0,1,0,0,4,3,6,2,101,0,2,3,2,0,1,1,24,0,2,3644,1,0,2,0,42,5,1,19,8,0,4,2,7,2,0,0,1,0,0,96,4,1,0,0,1,1,0,1,0,3,2,0,2,0,0,2,1,2,0,28,67,1,1,23,0,0,7,2,0,0,0,0,0,5,0,3,5,5,0,0,1,0,9,4,0,0,1,0,4,0,2,0,0,2,0,0,7,4,1,10,1,3,0,8,0,4,105,5,5,0,96,4,4,20,1,6,5,0,1,2,11,6,41,2,7,1,2,1,4,0,2,0,0,1,3,0,1,4,3,0,70,7,1,0,0,0,0,0,0,0,246,1,0,0,0,2,6,5,0,10,8,0,2,0,0,0,8,106,1,1,1,2,10,0,0,16,1,20,0,1,0,2,2,6,0,3,0,6,3,15,0,0,0,0,0,1,2,7,2,1,17,5,5,12,0,1,0,3,14,6,3,2,0,11,3,3,8,0,1,0,1,1,2,6,1,1,3,4,1,5,0,0,0,2,16,8,3,9,0,1,0,1,0,1,0,0,0,2,0,1,0,0,1,3,1,2,0,2,0,0,2,0,4,6,0,7,0,3,4,0,0,5,5,2,3,0,9,8,7,2,2,3,3,0,0,1,0,4,14,6,4,7,0,1,0,0,8,1,1,2,0,0,0,1,1,2,0,0,50,0,3,7,35,16,1,1,2,1,0,0,0,3,1,6,2,1,1,2,2,4,1,0,0,0,5,3,4,0,1,2,0,1,3,13,0,2,2,0,5,5,2,3,0,1,9,0,0,0,0,11,2,0,0,0,0,11,2,0,28,0,6,0,1,15,3,2,0,14,3,40,4,10,7,12,0,1,1,2,0,2,0,13,0,5,0,0,0,0,0,4,3,1,2,0,1,9,6,2,3,0,2,19,1,6,1,0,2,11,0,2,0,0,1,4,0,4,0,1,1,0,0,3,1,1,7,0,0,7,5,0,30,0,0,2,31,3,1,0,1,1,4,2,0,1,0,1,8,1,7,1,0,5,1,7,0,0,0,0,1,2,28,9,1,3,14,1,4,94,0,2,1,5,2,15,4,2,0,0,2,1,2,0,0,1,3,1,0,0,2,9,3,1,0,5,2,2,0,9,2,3,0,0,1,0,0,8,5,13,0,2,2,14,855,2,0,0,6,0,1,7,1,3,2,0,20,0,0,0,0,0,4,0,0,1,0,1,0,1,8,2,2,4,6,0,1,1,0,0,0,0,1,0,0,6,2,6,0,2,10,4,2,0,2,1,0,4,1,1,1,10,0,9,1,1,2,0,1,5,2,7,0,6,2,0,6,1,1,17,0,20,3,2,0,0,1,1,2,0,1,3,5,1,0,2,2,1,212,8,2,0,19,1,1,3,4,0,4,4,13,2,0,0,0,12,0,14,2,9,3,3,2,2,1,3,1,2,1,5,5,0,1,17,3,0,58,0,0,38,2,6,0,4,1,0,0,2,0,0,3,3,22,20,2,0,0,3,0,7,0,14,0,2,3,1,0,12,4,1,0,36,3,0,4,1,0,0,21,0,1,0,1,3,0,0,0,6,55,0,3,8,1,4,3,4,5,1,8,0,4,2,1,0,3,2,19,0,0,0,0,4,0,123,0,1,1,4,0,3,11,0,0,0,0,1,2,4,2,0,1,1,15,2,1,3,0,0,16,0,2,1,0,0,1,0,7,0,0,3,2,0,0,0,4,0,5,23,5,0,1,6,1,18,1,1,2,0,1,0,3,27,3,0,1,1,1,1,6,8,2,8,0,0,1,2,3,98,0,1,0,5,0,5,1,3,2,0,42,6,2,14,1,2,2,5,0,6,0,2,0,0,1,0,0,0,0,2,12,8,0,0,1,11,2,1,1,1,0,8,142,1,0,2,1,2,1,0,2,0,0,2,4,4,38,12,2,0,2,6,1,0,0,1,2,4,7,0,4,0,0,0,0,2,2,0,2,1,3,2,5,1,10,1,0,10,13,1,19,0,0,2,1,0,2,0,0,2,2,0,46,3,1,2,0,0,0,3,1,0,1,6,2,0,4,7,3,0,2,13,11,0,1,5,3,0,4,0,5,3,0,4,9,0,7,1,0,1,1,2,0,3,0,0,1,0,4,24,5,0,2,0,8,0,1,2,18,0,4,3,1,0,1,1,3,1,0,16,0,13,0,4,9,0,49,0,1,248,30,3,1,3,12,3,0,1,11,1,3,6,0,0,1,0,0,5,0,0,0,0,0,1,1,0,3,3,8,1,1,12,26,3,0,4,0,0,0,0,5,1,7,0,3,1,1,0,0,1,15,0,5,1,27,2,15,11,1,3,1,0,0,0,11,2,8,0,1,0,4,1,4,0,0,0,9,0,0,1,3,0,4,5,3,4,0,2,0,1,32,1,0,5,5,1,0,3,6,5,1,0,0,11,0,0,10,1,0,9,4,1,1,0,6,0,8,0,0,11,7,0,0,0,20,0,1,1,16,0,3,15,0,1,0,1,17,0,10,0,1,1,16,0,0,0,0,0,0,1,1,1,1,0,0,0,0,0,1,0,2,10,0,7,2,2,3,9,2,1,1,1,2,0,3,3,4,2,10,1,3,3,2,4,0,0,5,2,0,1,10,1,2,1,0,0,2,1,0,4,2,0,0,15,2,0,0,0,0,0,4,1,0,2,6,3,5,0,2,8,21,13,3,0,0,2,0,2,0,10,57,0,0,0,2,1,0,3,5,4,0,1,0,3,2,1,0,12,0,1,4,5,1,0,0,6,0,0,2,23,2,0,1,9,7,3,2,19,1,66,0,0,0,0,0,2,1,0,1,0,4,2,1,0,4,0,0,3,1,1,0,4,0,3,0,0,1,0,0,15,5,0,5,3,0,3,5,9,2,0,5,1,27,5,14,1,3,0,4,1,9,1,3,14,4,2,6,0,10,5,0,0,3,3,7,1,16,1,36,5,2,1,5,12,0,1,2,2,1,3,1,0,14,3,0,2,0,0,0,0,55,0,0,0,0,3,0,1,1,16,0,57,2,0,64,83,6,1,12,0,0,8,2,0,6,4,0,2,36,1,2,1,0,0,0,0,1,2,13,0,3,2,3,3,72,0,0,4,2,0,2,3,8,7,1,9,10,22,13,0,0,1,4,6,0,0,4,7,2,5,0,0,0,1,3,28,0,0,2,13,0,2,0,16,0,0,3,0,3,0,0,0,1,1,1,0,5,1,0,6,0,0,1,2,2,0,0,0,1,0,0,2,1,2,0,2,1,3,0,8,0,2,0,2,1,2,3,2,34,0,1,0,0,5,5,1,2,1,2,5,0,11,0,0,5,1,1,0,0,3,1,0,0,35,0,1,0,0,2,2,3,2,1,4,0,6,1,0,2,10,1,0,1,9,3,0,4,6,106,0,2,0,1,0,0,1,0,2,8,1,0,0,1,0,4,2,11,8,7,5,2,5,2,0,1,5,3,1,0,4,1,3,1,3,2,0,1,0,0,2,2,20,1,0,4,1,0,2,1,1,4,0,1,1,3,9,1,0,1,0,33,20,0,0,0,0,2,0,2,2,0,0,0,0,3,1,0,7,0,1,12,2,1,3,3,0,4,4,0,0,1,0,3,4,3,92,10,2,12,2,6,0,1,4,1,0,12,1,1,0,5,3,2,0,0,7,0,0,0,0,10,17,3,2,1,0,4,0,7,0,1,0,2,4,0,7,1,2,4,0,0,1,1,0,3,0,0,0,0,0,2,0,2,5,2,0,0,7,0,1,0,4,2,0,7,0,3,3,173,0,1,1,1,2,5,0,0,0,1,4,0,19,0,0,4,0,0,0,1,41,0,2,0,4,1,5,2,1,6,1,1,1,0,1,1,0,2,4,0,0,0,0,2,0,0,1,3,44,7,1,16,3,1,0,11,0,0,0,40,0,2,6,18,8,2,3,0,3,1,6,2,14,9,2,3,0,2,0,2,2,0,1,10,1,0,0,27,0,4,3,0,0,0,1,1,0,1,0,11,0,0,16,2,1,14,2,5,4,2,4,0,1,1,3,2,1,4,6,4,0,2,0,0,15,286,1,0,0,0,1,4,1,0,2,12,0,1,6,0,1,0,4,10,1,0,1,4,0,3,2,1,1,1,16,0,0,6,1,0,4,232,2,1,21,0,17,3,0,0,1,2,0,5,0,4,9,1,0,3,13,1,0,2,4,0,4,1,0,5,5,1,3,1,1,0,0,9,13,0,1,1,3,12,6,0,0,1,0,0,1,1,2,1,1,0,2,3,0,1,0,3,0,0,0,0,0,0,0,11,0,2,14,2,0,5,5,1,1,2,1,0,0,0,0,0,0,10,0,5,3,0,0,0,9,2,0,1,5,3,1,1,2,5,2,2,9,2,2,1,3,0,0,0,0,0,1,5,11,5,14,0,6,2,0,3,10,0,0,0,3,0,1,3,1,9,41,6,3,0,4,7,0,0,1,3,1,5,4,40,2,1,1,0,2,1,36,0,0,2,0,0,1,3,2,5,3,0,0,0,5,0,1,0,3,4,3,0,1,0,1,6,0,0,20,10,4,7,0,1,2,1,0,0,43,12,9,3,3,2,0,0,0,2,0,0,1,4,0,16,4,0,1,8,1,4,4,12,2,3,1,0,4,0,1,0,0,1,0,9,1,2,0,1,15,1,1,0,1,34,1,0,15,0,1,8,8,6,3,58,3,0,3,3,11,7,17,0,0,8,10,0,9,3,1,0,0,78,4,21,5,0,11,0,2,1,0,4,1,2,1,1,0,1,1,0,3,5,5,31,1,1,0,2
475,7,320,504,494,201,580,152,65,689,71,365,127,36,123,2146,536,123,11,52,122,110,16,77,224,1023,93,921,89,248,659,193,1183,1108,1881,672,2237,824,239,128,1326,648,780,1989,1217,749,420,996,199,419,943,125,455,33,253,1533,341,180,683,519,763,22,253,283,9,58,51,285,271,243,1357,497,181,260,1096,172,148,621,510,374,349,268,593,1466,63,65,1248,626,444,31,123,18,193,56,37,412,1739,103,147,397,400,430,1248,939,3,1174,427,322,815,68,270,815,192,185,84,690,11,286,12,259,1862,166,13,705,4509,97,34,690,326,10,845,134,1101,1259,1367,410,691,681,46,1930,152,14,1,360,235,1077,246,289,458,27,118,384,257,294,943,198,5,983,1990,1854,175,358,1427,989,415,157,611,1569,219,617,1060,81,987,367,257,362,758,171,1297,124,205,425,1414,156,191,529,62,115,210,813,2208,365,1372,286,1033,3,628,92,1407,39,30,158,1095,546,204,23,251,780,660,2677,361,1020,371,36,1989,396,2005,388,285,36,369,609,40,58,182,204,131,169,111,88,143,274,31,58,292,421,837,91,16,1110,35,185,1517,1933,0,19,60,230,102,717,230,763,148,496,498,437,27,64,604,553,371,972,881,611,30,2457,26,209,337,1099,1099,843,848,215,519,269,166,28,563,955,29,751,2180,307,224,595,954,33,197,57,350,246,357,241,258,136,1094,134,243,611,419,1222,160,728,625,378,446,406,336,824,543,410,261,34,1463,123,657,214,1264,23,379,307,65,163,1006,575,3451,258,1681,152,18,11,346,815,973,155,643,34,1507,0,105,0,276,59,1199,1426,60,899,887,34,486,711,46,187,75,736,70,499,206,208,112,174,44,39,41,69,534,603,454,276,317,475,77,345,357,0,726,1025,942,233,368,119,1060,691,136,49,157,349,1117,653,56,782,1000,989,531,742,4,404,395,115,153,476,36,35,213,1103,285,83,160,872,324,687,1287,207,10,378,264,141,461,884,796,1144,1581,420,671,147,434,255,33,80,525,416,20,880,505,336,21,1270,465,184,228,3,1376,215,76,1156,118,1618,330,311,1290,219,515,30,85,123,1397,61,45,417,103,92,929,751,436,205,473,167,2,843,78,122,535,292,703,441,838,71,811,168,1150,189,2298,279,491,1505,349,9,324,950,168,835,86,553,208,835,218,134,50,712,1032,3,1245,151,1011,397,2363,583,1788,1687,360,73,839,775,2170,249,2458,297,189,1263,500,32,18,69,12,266,410,15,398,227,59,407,1305,89,816,278,917,1051,1,111,424,421,454,69,2676,488,496,129,299,397,1274,108,629,151,296,60,497,1,71,153,264,472,1318,945,80,389,413,527,82,786,659,375,271,563,595,1135,84,0,326,655,82,415,563,200,1415,158,507,714,1022,869,153,30,136,1178,42,177,27,812,22,649,241,575,55,4,22,170,6,533,1104,1638,331,77,252,309,653,9,138,2643,514,6,32,7,728,136,69,177,1111,1627,161,731,1309,257,1724,309,1452,696,71,316,237,417,52,2340,732,718,1665,299,434,259,97,96,408,635,529,40,1483,862,116,148,15,718,1182,55,183,352,540,416,135,93,235,486,2336,867,68,69,48,580,277,638,640,1136,410,234,2049,3,25,301,371,432,526,292,1204,795,443,196,400,792,121,265,676,20,233,537,0,1520,0,0,190,842,88,1132,102,288,110,93,919,2691,280,372,306,1433,2,601,13,556,1805,897,1037,964,295,767,1536,597,286,29,310,37,33,514,164,135,817,116,1380,591,222,1103,1260,680,42,702,1210,358,53,3166,488,738,717,1298,689,643,534,28,202,242,264,805,1070,333,228,20,140,603,289,473,655,625,406,1030,299,57,205,475,40,1257,43,1868,231,498,215,100,169,1320,8,182,2556,314,815,139,8,636,467,32,957,424,39,108,703,287,228,1697,139,5,295,70,155,325,304,1141,299,178,272,2629,672,103,463,258,595,36,1591,1648,1932,652,145,2663,1221,299,553,1035,718,383,20,332,820,182,644,112,258,258,321,528,342,461,1505,87,230,17,1626,49,49,82,470,167,365,114,811,608,2120,215,336,26,1643,530,1321,1408,379,248,459,1204,726,422,9,166,849,95,47,218,728,60,409,41,650,523,458,189,472,248,440,931,3,12,1818,119,462,1014,544,1608,525,487,395,65,263,706,895,1424,1151,56,165,925,360,875,24,923,256,391,551,69,692,34,1031,204,187,1252,254,620,958,137,695,16,647,1683,1577,495,404,1068,49,927,70,1143,429,537,762,1136,2161,829,428,259,43,59,1564,490,185,524,24,2527,468,15,1787,812,866,1134,238,904,302,384,600,1573,903,1744,1083,147,1100,101,269,492,908,1676,886,2401,236,610,361,90,279,71,66,462,35,215,190,417,99,4012,300,50,578,700,627,2043,264,531,513,470,2,10,1197,1229,359,432,4,22,593,2886,87,97,11,75,90,265,150,182,287,34,316,1,513,1036,318,415,30,377,632,397,1354,244,25,1169,55,275,1080,197,689,25,1300,392,447,77,308,328,1293,663,816,879,16,39,464,1291,108,340,130,318,1596,227,58,1676,388,120,276,39,605,1218,509,120,1346,3222,179,14,603,13,252,415,1254,1978,399,181,77,358,51,513,303,1247,569,279,1268,110,135,0,917,349,37,28,455,817,23,136,194,384,708,326,88,1291,384,1075,113,143,331,636,262,198,353,58,266,29,716,1135,477,353,65,291,402,479,19,1176,464,24,793,20,533,531,348,139,130,878,609,1362,118,140,74,29,257,106,1432,5,617,673,1308,805,60,123,289,1177,458,436,454,1531,817,954,767,470,424,201,199,307,22,239,4153,136,505,2,83,1518,875,318,43,1069,0,1413,1034,277,103,160,138,172,298,967,123,704,742,1,437,2008,24,326,1120,4179,891,1114,79,57,410,2153,19,817,104,3,374,110,124,636,538,2726,593,1376,377,51,111,529,216,874,740,24,273,147,617,103,244,441,6,916,419,345,897,305,44,685,662,193,1466,297,391,991,888,594,239,1604,262,1947,192,352,1996,327,207,132,1952,91,285,127,543,33,848,76,76,48,138,1104,464,497,759,1282,396,199,1018,293,1349,200,7,734,1124,471,1047,630,565,1106,16,250,1057,2036,157,1273,154,1233,38,580,115,978,457,34,84,1764,261,368,178,349,99,2745,248,65,953,0,957,333,494,229,544,187,553,461,379,470,1108,1239,454,1200,113,520,859,421,1141,523,524,346,549,731,756,73,228,686,180,381,855,652,397,22,1010,10,367,1006,565,605,2139,70,0,70,1882,942,314,208,493,391,1064,19,365,487,59,22,592,488,1655,2510,189,893,1236,1576,92,69,56,1339,378,485,250,328,292,345,2801,731,1290,113,531,401,9,309,132,1565,205,123,1323,125,452,121,1230,35,67,1343,7,492,21,921,131,2717,4,230,40,357,281,1030,229,333,55,587,258,1528,215,134,15,500,677,1074,503,61,585,500,647,521,95,49,552,510,1968,54,149,1612,164,216,55,1060,278,2041,144,537,365,504,466,74,749,177,91,118,910,1612,18,91,51,376,82,388,188,947,18,426,844,302,1323,34,283,20,191,346,818,377,7,165,135,66,425,554,458,193,40,486,7,320,576,24,136,562,328,6,614,38,431,436,376,1274,684,455,293,38,92,3,664,654,2810,1339,214,1248,44,1044,454,366,229,322,1323,36,676,360,113,588,171,364,750,231,0,44,236,402,321,13,218,295,126,1252,1138,529,110,725,45,129,1371,118,575,272,159,17,10,108,89,457,1223,828,307,13,171,4,666,1049,773,382,402,252,1072,352,0,252,192,247,168,185,15,90,1242,595,1178,439,133,264,190,506,519,176,145,149,133,1045,296,746,1686,775,130,982,1284,328,1781,200,121,273,0,519,343,319,480,77,139,5474,27,114,0,147,1264,122,85,555,1444,531,461,1054,761,971,885,1,291,419,1705,2303,295,39,241,689,137,1488,11,243,189,167,935,479,486,17,718,0,714,150,1084,199,524,194,23,780,2137,1846,34,5,1197,577,93,202,88,1040,17,264,246,1010,791,830,89,217,220,733,113,131,645,462,333,1440,988,1634,200,417,207,60,135,109,509,301,163,880,411,2,2448,975,666,17,88,82,46,76,88,11,305,7,252,30,127,479,938,41,798,1151,1140,22,218,166,724,222,532,442,44,836,248,290,76,2004,887,1369,638,274,52,26,592,514,457,387,653,512,148,31,6,151,146,68,919,8,885,949,1,78,9,132,295,814,158,658,156,962,38,11,1716,261,38,65,454,62,447,251,414,158,91,1142,1145,129,272,1333,1738,220,488,71,739,638,158,679,114,76,296,1236,34,400,766,336,60,33,244,262,13,88,220,55,126,277,477,189,402,326,73,502,274,362,65,1259,250,30,845,41,97,1178,577,224,50,39,383,186,85,2153,721,152,28,111,1503,1186,1174,1799,31,512,156,246,212,233,62,102,221,663,234,308,1551,1723,119,19,750,264,279,249,31,574,866,161,948,375,1359,103,36,281,1505,957,54,1513,175,77,3,597,397,1951,529,1593,445,208,2,161,838,141,349,149,343,1317,254,106,554,1186,138,1670,11,1291,234,616,370,194,1378,23,514,452,1275,293,147,179,736,1168,300,179,740,214,782,1875,80,36,325,179,67,0,53,1428,226,1589,4,124,709,25,11,668,214,35,3622,34,596,234,434,130,58,78,37,15,625,593,0,283,273,1046,79,819,545,10,851,955,58,736,663,308,191,604,388,1866,1287,202,622,867,704,561,331,420,250,29,202,647,89,248,248,140,370,345,86,1463,43,690,184,22,261,200,178,812,0,530,626,676,225,65,1744,5,17,476,93,116,795,596,747,334,1,480,572,181,1277,517,24,30,36,406,936,844,2,788,710,935,2562,1545,191,50,284,12,499,1053,1013,452,56,866,1586,71,152,485,529,1759,145,170,379,0,295,83,1434,636,200,37,540,167,0,736,605,662,152,274,489,679,147,323,325,9,1159,787,37,139,2080,300,397,226,309,273,181,228,788,1392,2,885,847,268,2219,207,281,355,117,22,821,31,132,560,206,296,237,46,135,130,98,257,408,15,1299,741,180,248,4,10,1311,432,33,855,143,150,145,318,1628,791,781,65,449,687,85,1585,449,210,561,1116,41,41,702,495,17,879,950,951,22,303,100,189,946,201,924,58,368,40,30,4,241,46,42,202,737,322,593,281,92,178,1125,439,63,0,206,262,375,257,1269,2054,1460,73,9,1692,178,839,409,477,3,82,99,151,405,285,1010,956,93,555,175,1333,19,294,50,451,74,301,1049,111,248,783,155,517,5,131,413,73,815,490,35,128,189,779,3,52,1452,20,1309,809,2074,1181,134,2106,307,147,271,150,178,8,1643,110,350,26,65,418,406,2803,1137,261,1205,481,721,1675,579,464,222,844,448,176,0,126,533,55,1093,130,109,2616,1318,834,5,834,924,81,428,912,2,327,684,417,76,1258,193,379,201,169,1111,342,830,117,73,281,27,43,1052,496,115,536,44,167,790,134,1541,225,2974,286,148,781,1720,136,2,561,611,51,74,1328,6,46,15,968,15,89,79,58,117,130,266,1111,131,140,58,746,574,50,728,149,55,25,513,1158,18,65,38,375,278,182,132,429,756,0,291,42,22,1115,2,176,918,262,184,135,45,95,366,0,1660,138,305,302,2112,397,221,330,558,45,129,107,2020,650,139,593,1483,400,366,578,47,63,1972,48,2,505,134,376,1086,1206,688,2972,659,1301,111,1246,722,671,258,192,6,891,900,90,1983,299,57,172,1,395,317,889,1,102,228,1220,666,2965,101,678,446,616,1684,169,2006,860,215,323,336,1034,2,788,268,193,309,63,218,2029,973,577,157,701,223,277,622,255,1164,1,60,470,146,286,33,220,111,302,10,188,422,47,1681,18,1242,434,413,382,25,18,1988,14,527,428,54,478,237,1342,765,363,304,414,130,189,223,145,1201,252,872,308,244,844,239,18,285,1155,536,134,143,781,219,18,725,444,138,40,1518,734,104,285,371,220,96,148,2083,110,1743,92,185,631,472,1345,187,9,279,346,62,989,871,730,244,647,57,996,1018,306,5,522,275,353,2753,782,658,359,2,154,548,842,2327,95,363,2022,976,8,180,421,14,1619,50,339,172,256,842,50,1799,2500,0,29,314,12,380,968,513,4,620,221,349,203,1110,413,456,403,873,261,255,274,1516,811,59,818,55,317,305,2265,1112,738,2132,302,147,7,18,356,14,829,845,192,0,153,275,15,909,30,48,287,344,216,236,587,133,1128,247,51,96,678,164,1066,1171,22,1024,2205,456,2044,791,357,144,3857,209,58,505,265,267,32,37,470,303,4,1144,321,22,167,964,59,49,693,939,317,282,1,3,601,400,53,2478,2,543,844,130,490,13,390,383,202,691,587,299,27,272,290,381,537,542,49,61,1398,57,693,223,1267,70,59,962,165,231,289,601,106,18,78,539,2955,196,432,29,215,29,319,57,329,1008,138,580,143,15,14,172,612,2013,26,842,277,787,823,19,68,135,69,365,390,1070,78,732,417,439,104,78,33,77,897,204,1131,490,79,483,31,1064,49,168,13,0,374,25,696,340,807,461,276,897,1651,1897,387,634,333,414,153,1067,569,53,165,931,1274,399,76,792,885,262,468,375,745,123,855,41,2411,1833,943,704,1202,415,152,7,4,176,57,40,330,1410,143,660,176,190,15,251,1028,79,1836,126,410,109,838,1001,824,0,323,37,85,73,475,450,846,61,1509,157,22,523,574,127,51,731,16,97,247,350,727,404,661,700,379,922,32,519,833,157,35,40,814,1261,108,558,146,77,806,474,1194,333,302,218,73,626,479,123,238,390,447,355,981,327,355,37,0,314,307,125,2183,498,25,166,121,531,633,511,42,132,528,1196,369,98,391,1129,1112,683,437,40,72,81,35,804,139,40,115,4,2,72,2631,0,772,231,559,200,1711,335,362,93,61,1319,651,12,1140,140,181,233,284,329,378,1585,1884,24,674,814,218,166,436,24,1643,567,409,841,355,827,13,456,453,371,58,361,654,680,76,345,89,574,631,687,2324,462,760,279,221,124,789,216,1307,704,16,662,392,76,436,413,50,461,492,379,679,627,249,1522,130,597,239,1252,1347,335,354,1130,204,178,247,2332,544,6,140,267,605,598,997,1607,92,21,830,135,21,619,135,464,857,112,16,40,639,473,651,325,0,1474,314,352,45,1247,196,396,449,212,245,67,183,209,2097,125,137,919,2318,957,578,836,479,0,63,99,75,273,19,116,217,1071,1265,1314,35,16,80,629,518,58,176,4,629,6,1115,46,0,121,25,1073,121,677,29,1848,2916,1178,191,516,119,285,613,360,614,1089,271,155,60,263,59,116,118,763,8,747,8,1071,31,395,243,15,61,229,183,445,0,958,94,1141,488,2458,17,198,98,31,1060,174,538,543,12,424,300,999,218,82,96,1165,272,1499,786,446,72,69,511,1739,1388,603,197,722,90,1401,782,469,1250,288,970,41,360,2059,185,34,919,204,766,980,461,104,126,17,246,4707,306,635,283,1480,129,152,288,14,8,39,1345,622,282,62,2465,37,681,1077,81,21,207,470,526,232,1215,151,230,322,942,454,1233,164,394,832,68,50,872,576,603,645,154,620,86,1007,351,583,219,3258,1005,0,1181,400,230,493,71,1528,772,360,626,367,566,77,156,425,311,5,86,743,2223,398,92,217,1498,1559,636,315,52,463,531,1418,12,1142,599,119,1767,1015,123,73,687,292,46,301,649,51,699,38,7,336,1258,385,364,404,314,57,87,1451,441,448,542,539,281,401,180,1,229,107,193,210,497,85,151,440,95,408,722,13,1149,9,1651,31,170,411,5,176,1074,319,167,19,34,412,10,729,691,590,75,64,0,132,699,1716,2079,23,798,222,469,149,554,234,504,664,887,1853,714,362,74,185,66,620,275,628,238,254,0,667,214,89,8,276,449,122,182,55,196,453,2195,793,154,0,307,171,7,2428,790,824,1483,274,822,17,871,678,1101,3049,29,167,138,16,1151,112,202,439,1151,192,552,184,329,1026,756,668,1020,558,841,1183,178,99,353,3,140,148,178,2169,24,374,143,1248,105,950,149,177,788,53,511,1290,0,94,86,194,83,296,1889,0,648,1801,56,134,6,0,950,335,455,575,717,163,34,0,370,575,1455,941,156,147,10,894,461,1232,20,1307,223,709,105,112,667,330,245,34,113,143,72,4,895,987,42,424,126,68,1851,968,394,472,634,46,1476,101,483,254,196,662,900,2273,546,339,277,29,54,199,517,192,1968,1969,379,24,907,0,1901,1506,449,345,230,261,1606,357,482,1127,55,473,2,65,904,1219,623,1450,1597,1835,287,190,834,304,177,482,643,316,15,142,0,211,2396,161,872,60,288,823,41,32,119,1982,41,1165,299,376,2178,277,71,98,424,688,536,643,214,67,576,79,305,2301,760,158,1849,333,2110,722,242,1,990,61,43,6,44,33,7,388,117,764,39,2665,1636,375,231,77,16,2091,2423,28,102,36,1813,219,92,581,3,375,206,32,397,1199,1681,26,288,229,110,840,229,112,440,262,549,742,72,58,91,665,2242,189,8,12,1552,128,1167,195,1316,0,469,186,349,134,133,370,330,49,619,307,315,606,142,672,201,959,701,8,41,814,2395,63,395,162,45,215,589,540,113,1029,1583,209,147,360,1106,573,101,545,1145,127,148,311,51,898,64,225,755,332,567,40,1275,179,5,236,105,191,32,1580,200,535,196,789,428,913,113,603,475,1011,48,3095,32,6,667,123,810,22,672,65,568,2,166,56,669,353,486,0,656,475,114,9,146,340,1311,805,1091,51,187,153,323,126,1581,27,302,182,1408,44,32,567,112,362,692,259,845,375,224,48,205,116,305,30,195,526,709,514,69,628,114,113,190,83,209,993,403,368,2045,446,687,393,356,99,51,580,435,786,81,267,947,222,307,805,140,1311,192,248,148,94,315,781,1751,273,371,1218,91,746,800,352,819,901,524,448,302,842,538,85,315,391,43,509,817,62,0,352,740,1380,665,30,0,43,75,316,964,435,1497,1591,389,322,176,1937,647,66,45,797,104,322,106,163,11,370,904,0,1000,266,258,298,21,734,155,142,170,70,173,241,730,15,116,1384,324,161,79,19,500,253,233,368,242,30,543,348,496,291,24,340,217,484,119,36,151,36,95,1273,127,1484,57,577,515,5,466,910,168,1181,731,258,864,865,104,1152,288,439,1955,81,369,745,614,168,1563,957,611,622,194,1502,364,145,77,43,1922,421,195,1116,420,77,71,1166,692,1045,176,23,110,982,377,1643,667,1416,167,1043,357,735,602,96,281,922,273,181,410,120,887,11,183,862,627,2785,424,599,566,540,41,597,131,887,1336,56,312,0,116,1617,176,345,18,341,1005,299,200,746,460,115,246,204,0,265,178,195,1,933,358,22,1011,719,72,297,1518,1152,312,705,684,159,1052,2473,300,137,17,84,19,497,132,35,250,7,1028,43,101,1007,290,451,0,598,89,337,908,86,744,461,430,1846,602,80,184,392,8,45,831,420,17,26,1014,125,237,148,29,174,7,736,1249,594,420,197,592,259,687,302,928,1000,1167,292,515,91,1411,256,1289,1047,327,208,1332,816,675,25,897,19,95,558,166,138,2,1004,1663,603,996,460,692,80,60,443,1057,60,857,249,1526,260,341,45,762,402,413,406,145,120,785,641,1173,109,440,480,481,108,555,457,139,794,1210,695,331,1230,449,712,27,1761,42,269,63,242,140,2,12,573,28,659,164,6,696,262,419,0,298,33,1080,430,63,1456,185,37,1096,552,182,230,318,419,600,36,107,169,29,140,40,120,246,207,764,369,51,324,1215,1342,37,281,1184,1417,1880,115,1842,2212,1,1366,1539,1512,1495,682,109,1036,368,94,490,407,114,408,317,1332,176,211,316,1032,24,337,395,237,320,22,42,567,369,869,38,182,500,8,540,2210,215,96,51,399,480,51,617,110,6,464,157,450,102,1457,570,0,1020,176,1,785,563,129,87,65,445,709,601,550,271,277,79,21,972,46,145,108,210,107,261,390,527,15,259,126,707,587,469,159,2140,408,289,302,462,174,407,796,1044,853,578,409,969,8,467,333,2,2061,48,170,247,146,150,58,575,391,243,650,5,212,92,646,346,1106,30,234,23,831,346,162,149,12,703,0,470,598,1020,250,30,70,1577,280,10,548,114,36,872,378,15,359,268,195,442,383,1069,88,1569,1847,1453,1142,171,800,389,716,1219,587,172,512,1669,5,1929,265,41,1591,1037,463,295,1220,23,332,138,714,373,80,488,918,1893,237,685,875,1117,215,543,18,1756,218,635,813,71,209,490,215,19,813,249,65,615,576,47,1058,352,74,145,331,27,88,564,604,35,151,56,30,151,34,192,405,1068,1062,42,881,37,33,3538,1943,61,117,136,838,37,740,406,333,45,463,1236,23,583,447,111,166,46,102,1175,244,268,828,1121,41,923,59,145,141,478,510,624,706,45,1427,153,610,558,854,560,18,254,697,1136,188,567,211,380,138,678,471,4839,63,189,1249,109,1016,95,489,48,410,492,19,796,180,111,170,256,71,62,907,376,725,56,342,96,2266,650,249,48,240,1215,86,29,435,8,840,766,668,277,19,611,661,109,278,636,374,555,1064,513,121,58,903,394,1191,0,345,263,62,412,130,728,560,852,1113,1312,1053,34,429,776,687,39,480,646,84,354,726,6,1241,640,146,1199,657,2371,55,1476,915,595,58,844,1191,989,898,12,431,725,252,269,628,586,1329,1646,219,557,450,265,55,21,581,307,337,9,92,512,2316,878,18,194,374,213,945,1117,979,2394,1039,574,476,515,1764,25,0,693,106,1343,491,549,460,178,547,63,274,292,391,842,647,108,394,162,78,214,821,184,733,493,99,706,335,285,271,59,149,1137,137,828,830,17,106,999,1111,129,1160,106,1064,872,429,176,1045,156,966,0,462,1831,384,72,4,186,251,1174,1541,203,34,460,626,497,290,73,50,2084,128,9,362,605,456,2087,987,14,128,378,790,45,637,504,942,745,587,129,1790,1611,406,294,566,411,342,1855,534,385,646,784,271,137,625,93,1365,10,680,126,411,130,553,236,437,190,16,635,8,1349,39,321,180,513,37,484,12,124,450,234,5,590,123,186,12,1780,252,434,1248,571,79,733,360,204,1289,382,480,602,799,1193,61,70,290,205,99,583,70,2,217,367,612,173,1322,50,411,1251,406,117,205,324,136,312,602,74,221,120,313,82,300,433,472,40,496,676,102,276,185,150,9,857,912,1025,515,396,752,580,37,1219,92,674,779,468,73,243,568,15,1210,1996,43,420,357,75,7,228,67,151,372,202,1453,0,476,65,1970,446,124,305,15,257,353,70,603,37,262,18,369,14,719,1014,339,550,596,89,695,1,949,19,1610,329,324,1578,378,0,53,45,63,517,156,10,139,243,356,379,76,158,2033,630,555,149,300,100,40,106,13,515,384,1708,296,110,205,271,53,465,804,489,20,291,950,2149,20,567,146,856,671,4,139,884,154,90,416,1,853,139,71,2331,577,467,1489,1481,28,853,26,631,322,428,688,543,202,858,720,40,18,730,477,3,136,474,234,603,458,438,56,286,1827,155,230,214,332,367,326,478,3,407,38,431,62,870,635,4,157,1460,733,1114,130,231,834,533,1881,1550,202,100,436,698,221,140,6,111,0,917,171,0,446,153,286,286,286,172,27,488,660,112,549,133,737,1801,589,929,1481,41,1428,392,338,489,1276,530,542,591,601,103,1516,497,507,543,549,162,278,1437,51,284,1380,4063,7,530,975,421,296,155,90,644,24,89,946,63,605,0,72,14,335,329,1652,682,90,26,625,6,166,66,299,64,312,635,59,513,1,352,338,226,258,81,5,959,229,974,714,584,109,810,349,7,70,562,442,38,982,633,1421,955,598,97,302,283,1427,2,549,173,615,196,379,551,29,95,268,918,0,73,1404,698,458,157,0,172,357,344,18,1212,244,762,1752,377,371,47,143,66,332,533,89,110,72,110,474,353,1422,188,543,286,116,1961,26,186,1384,225,220,1760,215,300,92,1750,35,2004,718,398,895,1177,308,412,26,1058,582,32,1121,220,1239,1030,75,340,605,184,714,110,42,655,876,635,158,1795,80,715,27,464,429,139,232,713,93,18,775,651,2,106,292,661,63,840,86,384,142,1045,2301,18,183,24,77,911,245,1734,431,345,584,163,21,282,53,92,51,310,394,66,88,159,1056,1357,1509,1290,606,9,56,303,147,210,602,219,0,383,1568,1351,442,302,95,444,843,57,429,364,364,7,25,334,498,82,274,706,344,270,513,1416,1523,22,1896,160,106,186,526,62,333,867,321,824,65,6,718,42,1634,74,618,238,2092,200,1273,664,168,1576,1,328,1005,82,92,360,22,1080,294,57,315,81,887,879,95,1322,2042,2070,110,360,626,703,7,0,103,991,1,83,406,240,984,0,201,396,54,125,27,238,55,1194,565,87,57,28,677,703,72,2456,996,1427,76,742,36,198,0,17,262,918,68,216,734,1338,664,269,421,106,364,169,1167,994,633,95,740,4,51,606,2,303,117,1106,38,73,43,42,1663,1172,308,179,429,0,212,215,816,1088,385,328,211,686,160,18,2409,33,412,37,25,2682,24,1721,591,69,1091,142,131,382,445,1205,14,35,520,728,236,600,861,75,362,1928,218,494,11,950,1161,10,196,172,39,80,185,243,32,783,16,184,1862,365,319,15,720,185,490,656,124,49,369,279,54,21,97,21,62,1573,211,13,2593,283,356,427,371,25,164,497,69,2254,529,595,2471,223,170,54,50,1233,168,680,53,119,35,80,956,398,1152,984,135,1244,346,973,1303,849,929,89,724,151,108,190,1057,64,319,279,101,77,460,840,147,786,854,24,630,574,1651,284,1108,398,794,20,6,325,38,1174,1008,686,1616,36,168,157,126,916,896,80,101,74,346,4,73,83,2,821,650,227,1419,154,9,481,1070,6,426,19,746,490,398,715,400,83,803,884,227,986,218,132,207,1,870,534,1198,1531,121,92,488,4336,157,230,701,1060,2730,688,0,500,512,338,322,59,1691,43,848,194,28,1423,394,42,121,564,1180,593,22,185,479,1406,646,804,918,56,681,308,229,494,490,603,225,5,320,11,1045,157,563,369,552,18,181,1090,817,281,408,287,1391,70,15,244,493,706,451,1388,248,241,196,252,166,1779,141,44,69,1851,33,105,487,318,580,1838,927,162,89,5,66,244,555,24,832,948,122,363,244,539,270,747,1601,871,904,72,224,1952,137,217,119,545,528,1053,134,314,776,641,478,98,1150,369,383,214,151,803,1978,1238,160,293,829,174,170,100,111,54,281,64,511,1898,285,27,562,192,124,1551,109,486,457,5,23,425,256,43,950,26,636,248,314,256,431,152,74,7,925,1692,245,821,2456,0,140,525,45,106,234,1309,307,780,192,502,421,96,607,442,400,624,47,189,598,890,1911,726,3816,183,421,43,166,57,196,181,1067,10,78,33,670,38,1194,44,1265,225,57,650,103,131,40,999,223,470,660,346,122,224,199,361,713,1262,302,95,16,77,221,842,1,354,623,252,528,172,35,588,226,68,7,17,51,513,2,883,174,326,343,111,559,434,2382,392,0,63,114,20,529,135,282,19,9,688,706,37,41,370,1123,637,411,781,1119,216,32,8,942,848,235,52,364,22,735,1011,1266,1125,14,1572,221,437,983,264,221,597,175,135,351,291,160,35,1097,366,402,257,534,61,47,1419,614,153,1446,47,707,149,24,1456,4,64,61,611,245,236,980,53,241,17,527,2256,347,335,498,739,401,110,403,214,70,741,15,72,1071,397,329,243,548,111,533,206,513,176,418,105,1518,1729,118,1039,1593,1509,572,385,41,106,330,342,29,257,1338,149,154,549,118,369,1056,240,665,681,103,156,466,467,607,381,900,286,33,14,576,384,13,0,87,523,955,1014,230,804,282,2200,409,570,796,13,907,231,232,632,127,145,1590,306,146,348,1254,351,102,651,446,424,367,584,1266,649,412,170,86,7,1656,776,667,737,138,608,478,204,237,696,478,843,630,401,150,848,2477,617,635,0,248,507,504,393,69,2993,253,76,922,695,875,498,446,416,1032,221,329,297,576,413,314,990,37,108,276,1260,707,812,605,384,967,1432,95,85,822,252,155,24,51,991,90,217,161,26,1216,408,297,21,325,64,931,243,44,139,532,230,128,438,22,120,346,299,1855,1145,282,357,1,1300,496,46,447,152,1048,561,373,1005,62,1905,109,461,590,218,545,1881,51,42,70,462,454,1027,138,421,196,358,2589,527,259,275,11,925,5,38,626,375,98,120,161,629,454,1302,266,309,494,279,84,900,461,141,24,279,186,784,22,674,348,334,73,861,124,56,189,210,159,353,376,1100,1865,40,36,834,393,138,272,312,657,921,285,886,98,267,742,1042,73,191,527,460,1325,2487,581,558,27,74,348,306,1,257,8,1069,518,104,579,2502,1038,719,307,179,249,49,181,277,190,833,60,42,114,272,488,1762,640,331,172,0,604,22,71,291,96,71,27,1694,370,908,189,136,467,408,28,127,790,388,368,119,259,0,46,843,69,143,112,790,308,4,331,242,114,403,2215,2658,315,1849,339,76,272,402,615,428,181,627,1306,2188,184,335,3,146,105,0,49,383,107,287,392,176,4,14,26,1653,108,10,150,1036,236,973,550,389,403,692,334,303,928,23,43,1913,532,6,551,491,20,532,452,292,1852,1453,497,430,121,28,59,448,156,329,376,488,568,195,70,571,19,55,609,1317,8,858,614,794,247,587,489,404,1437,411,384,57,600,265,286,136,259,450,535,221,340,1028,763,602,1000,1215,57,551,1081,585,46,333,277,304,451,984,595,2076,193,237,465,293,2960,910,567,134,885,1422,32,420,320,251,373,0,287,190,182,3889,19,106,221,671,653,57,1308,330,3,835,3682,131,326,2667,1184,550,878,139,202,79,877,1117,328,651,749,132,678,180,407,72,136,9,1066,848,155,288,398,435,250,698,131,233,54,988,926,377,294,476,0,174,236,199,269,154,1402,1800,327,26,183,326,295,1236,157,286,216,25,541,1503,1496,1429,23,338,151,16,102,540,532,1013,598,742,51,140,281,80,944,463,128,1459,1576,905,45,66,1087,135,0,612,1978,60,931,234,235,1258,625,107,26,136,931,158,276,1409,863,8,3,108,798,16,558,96,160,2478,918,357,229,150,252,2755,61,364,1723,1050,233,303,749,1152,84,247,143,53,747,3688,54,300,195,544,437,753,458,83,302,758,655,20,2485,372,568,79,116,845,254,845,675,373,1507,377,209,143,2268,740,1414,58,797,575,886,0,723,151,358,156,364,846,462,502,718,1168,602,62,630,125,146,232,461,677,26,332,498,889,483,68,28,479,774,193,386,1807,931,408,1394,94,68,17,450,203,738,30,32,103,403,529,1097,487,477,111,172,401,782,564,205,374,1262,413,210,321,381,196,729,427,467,605,106,6,393,407,1281,711,980,361,16,580,98,544,2583,409,248,516,569,1,372,91,129,477,408,1721,35,640,2607,110,271,308,271,2033,324,530,229,202,77,211,122,220,3597,692,251,788,416,511,166,569,79,230,22,621,1471,20,316,366,547,123,1234,39,657,786,1212,20,20,944,74,113,17,1162,98,800,429,175,341,1123,476,2055,343,51,135,1757,177,114,124,201,185,487,397,492,251,444,1096,526,439,1,13,71,110,38,3601,607,348,121,119,473,13,57,20,752,386,144,1093,82,144,233,432,88,295,13,675,302,711,416,925,512,109,15,406,200,283,792,150,31,341,47,685,1029,533,392,19,1258,410,1155,1297,654,1044,418,164,306,9,1015,289,1093,15,49,866,2,284,297,151,167,289,346,40,450,1676,317,343,467,46,1035,1564,5,1015,8,296,585,947,271,1716,350,360,196,92,354,715,281,1689,519,639,161,477,123,1823,1395,2213,288,483,997,312,260,202,806,344,1584,41,215,159,102,229,1644,370,161,5,635,474,809,236,924,380,414,4,1810,261,75,175,346,673,1082,264,672,23,1508,1522,449,530,965,593,13,1097,10,472,1184,487,17,205,18,510,22,106,187,407,1276,133,325,0,943,1044,578,213,389,136,181,44,192,210,190,409,2161,24,445,26,0,16,302,706,1027,364,211,98,71,575,1983,380,581,1109,191,508,257,366,692,732,312,546,73,1538,445,200,327,0,60,478,287,74,558,386,155,210,8,652,34,59,22,1218,1342,157,17,265,317,460,121,151,425,1209,55,304,127,1055,93,1710,442,230,1366,787,1500,51,389,382,92,1455,407,267,857,111,67,526,386,616,1654,2,15,937,903,1194,374,176,766,352,4,113,569,78,812,466,267,369,160,218,329,807,34,1800,439,33,400,91,1308,268,539,2387,862,1069,296,539,342,617,557,43,832,62,1038,277,1918,996,853,96,388,788,124,206,133,540,323,1342,54,42,261,183,187,910,287,814,1465,1433,204,173,755,358,535,727,279,3,1686,4511,333,238,67,281,439,563,329,251,0,11,3,0,51,14,39,275,276,1137,1,121,167,137,186,381,66,665,1056,235,344,375,219,172,566,197,93,219,107,465,3,306,26,254,1098,295,1744,39,38,1011,293,37,338,2919,289,1710,1009,1471,994,70,116,158,753,1323,192,384,1449,97,51,247,180,866,270,1187,227,11,1118,66,423,249,757,48,34,263,142,223,86,363,52,144,117,611,649,175,186,1280,680,245,416,406,1,693,13,0,205,579,1458,300,318,186,1984,83,315,212,0,588,35,603,299,676,201,1115,792,156,144,77,769,866,955,140,151,1086,448,484,302,15,352,12,6,213,82,0,145,15,66,27,1312,15,2474,1994,351,129,0,25,436,195,235,250,233,847,1306,354,229,96,1159,2172,393,228,73,1059,968,4,501,54,456,297,88,161,119,486,1065,201,461,647,4,642,236,153,69,94,180,8,480,19,184,534,382,168,968,201,479,84,1390,75,125,2399,794,78,793,188,132,2402,423,1167,75,1223,267,785,192,399,1620,1862,112,959,395,92,10,86,53,1203,648,202,637,1250,1510,13,897,556,259,2136,22,287,230,1135,45,467,2035,773,2146,370,0,744,122,396,526,1330,139,271,795,363,613,658,179,105,773,1114,284,521,95,40,636,1432,1050,217,597,54,1180,309,339,942,350,1469,396,2,14,99,121,15,371,23,113,1292,562,0,721,312,1385,89,130,59,408,1261,71,338,55,1747,126,6,478,1581,634,783,186,338,293,25,57,78,4064,163,1398,1084,446,635,479,153,97,204,333,88,1247,38,1108,476,157,319,81,555,37,298,124,447,418,695,38,638,2563,402,1,790,38,210,2013,981,1459,75,691,327,1,345,541,246,57,812,29,1326,62,1491,345,317,563,1990,920,1449,128,105,91,259,275,74,10,677,25,112,628,73,935,609,0,142,99,202,193,1099,204,127,231,38,1337,967,583,538,939,181,5,117,389,2074,453,1722,538,0,3,329,175,0,689,1984,453,333,108,191,42,54,104,698,307,447,368,2051,1535,509,551,154,193,250,767,262,2,665,1379,319,41,400,1475,635,1042,44,1480,2,2789,282,788,348,412,44,62,161,121,77,847,188,2211,225,406,336,536,297,273,739,85,302,164,223,47,108,7,294,943,601,9,147,921,64,17,289,1197,515,32,246,636,993,22,1570,0,157,317,991,91,11,162,150,153,288,399,104,936,4,311,89,213,249,208,1059,897,888,1830,249,1982,183,192,1725,2,23,2459,11,159,261,861,365,733,178,883,978,241,255,108,421,1,402,176,320,587,520,358,492,321,487,903,124,50,197,465,146,796,96,499,1114,43,1272,834,1354,47,332,1021,126,1473,362,284,87,94,289,150,112,215,154,351,643,162,535,24,276,15,413,285,10,652,396,1327,539,295,317,561,319,677,361,265,85,178,598,869,174,350,78,569,60,289,1387,390,243,332,69,104,2072,46,1016,659,876,586,121,65,684,519,758,2041,506,39,1044,923,63,677,633,227,418,321,1449,197,12,69,149,58,473,90,144,801,91,521,306,185,428,35,336,454,43,22,35,75,167,578,1347,351,337,346,173,1039,24,174,17,303,95,64,423,505,106,339,856,305,748,1233,1105,2335,1109,354,539,383,0,49,416,106,385,1238,380,252,593,54,771,44,896,813,38,39,77,309,154,433,562,677,499,73,837,871,4,70,66,891,2340,480,617,184,153,182,574,14,393,3302,3,87,574,101,470,175,381,554,577,465,48,2103,851,1143,46,894,170,1794,238,173,65,385,120,238,828,281,5,7,506,229,1249,527,1418,489,413,150,661,122,19,80,38,736,88,143,841,759,137,56,50,348,811,273,426,90,540,1332,130,1120,269,280,15,223,243,991,388,141,98,193,111,552,232,236,768,52,143,461,191,219,208,1,167,193,171,148,21,752,360,725,411,10,1467,888,189,150,174,463,30,53,7,639,509,172,43,478,2436,360,197,1451,484,596,752,107,770,483,408,207,698,523,891,425,201,954,473,245,2628,0,510,368,592,1167,353,289,87,0,542,292,1077,680,815,145,148,894,1547,187,28,355,799,103,170,870,651,447,231,118,1127,81,172,239,1131,800,738,551,745,500,96,199,84,1572,696,1156,100,509,274,48,338,290,175,244,439,108,96,479,863,475,27,40,1045,248,1432,1,0,23,202,22,793,178,471,1463,394,728,159,910,897,460,79,333,794,396,2993,32,779,295,96,57,251,276,284,134,623,618,52,24,253,391,280,171,368,378,172,34,375,369,943,32,32,942,886,227,992,364,282,90,508,133,170,87,335,882,346,407,229,974,200,1516,768,1139,317,1198,77,81,31,371,1892,317,74,1016,469,201,78,114,285,964,252,369,268,308,0,85,179,191,1481,236,478,946,654,1081,222,308,275,182,445,712,878,282,345,906,1193,37,844,670,2457,96,390,833,388,765,146,406,495,4293,123,117,150,409,247,686,11,993,151,450,172,241,186,499,66,168,38,272,238,239,160,465,257,138,610,374,63,53,1095,1730,942,167,1428,278,1709,2864,48,152,592,5,198,590,469,143,6,23,60,389,157,404,1748,4,294,364,42,547,258,740,148,292,117,269,549,603,83,1041,1059,1185,147,680,603,5,17,232,1629,341,919,271,5,817,485,678,376,305,56,261,538,483,163,998,164,384,437,172,503,859,737,2416,1477,1364,782,150,757,164,225,492,763,1373,1205,190,544,318,772,1255,988,442,283,45,269,521,91,672,47,1810,267,2,34,9,378,549,379,116,792,176,168,3157,90,663,316,282,924,1342,17,1857,1111,172,17,222,86,486,1348,116,25,257,223,751,423,43,70,1042,191,356,425,45,972,1211,1063,168,9,79,587,80,160,474,1159,330,791,45,470,62,201,8,91,126,1124,110,683,1011,410,198,495,466,156,6,125,1032,82,407,149,47,1798,47,911,863,628,84,338,412,1231,135,760,535,293,690,322,44,0,2056,44,169,17,337,106,1,411,228,407,1042,1496,1562,1373,840,393,896,49,34,76,608,811,407,464,49,166,210,1955,2576,1708,51,3,722,187,255,188,232,1094,213,867,93,192,510,61,38,379,954,162,133,537,163,46,220,452,76,1174,109,9,146,245,1026,1,147,80,11,761,773,378,19,151,178,431,1111,1612,1603,573,550,0,1360,34,1086,473,300,872,390,299,657,200,3902,183,350,166,217,30,1001,588,1268,58,260,0,970,1122,79,446,400,927,281,24,854,55,2,656,1533,461,68,95,248,1541,145,31,1906,1,62,39,288,226,625,472,581,620,1581,690,550,14,1308,1329,1652,1390,636,0,2,16,84,1009,925,48,101,0,272,130,286,366,395,230,2291,88,93,202,666,450,508,11,12,353,310,15,181,509,1327,412,1023,485,495,271,362,123,1569,2149,539,1935,93,629,58,95,991,291,985,946,2,258,494,194,9,1267,569,1663,767,60,503,355,154,102,2208,62,193,391,267,0,350,462,423,188,663,85,310,417,680,79,710,182,386,117,153,381,953,164,445,623,585,244,1959,322,695,1605,1030,1421,6,290,211,397,2095,460,1384,653,2,918,837,869,395,297,456,107,93,32,265,99,2458,41,51,54,896,761,1542,290,388,1212,647,352,142,1791,282,1523,95,43,73,402,1697,921,485,1107,409,435,284,93,46,31,1268,344,437,118,1112,318,90,1308,240,1011,416,468,479,1188,55,2114,866,1741,3,872,2080,159,607,37,963,243,461,303,1025,55,596,1299,670,391,676,428,1559,59,366,1016,94,1021,4,351,77,94,607,567,1128,134,440,37,399,921,167,309,138,41,104,248,655,940,193,164,165,727,1051,29,1096,145,84,139,807,133,853,1110,544,121,952,1913,120,125,1697,940,351,307,2206,630,0,379,222,699,607,256,1382,77,482,218,57,657,0,32,1460,261,60,88,41,1095,563,1815,669,800,491,460,265,1391,0,10,680,840,1666,833,569,57,1309,1718,382,2442,398,232,142,293,343,1005,301,656,83,1728,308,193,185,1573,272,188,98,515,326,128,1460,1388,219,929,536,306,810,1047,1,98,513,184,356,806,26,516,789,644,310,723,105,272,1081,484,1531,352,583,627,275,3,299,277,541,477,164,414,61,577,604,396,284,135,301,779,140,2980,334,117,131,29,79,150,181,282,460,94,816,410,224,292,64,39,7,56,522,294,480,52,1184,183,948,1098,22,49,6,53,681,790,1999,207,613,163,189,111,170,174,155,609,472,794,130,260,49,799,496,851,244,1,252,551,102,1806,1803,496,835,1803,507,76,298,8,230,1210,26,679,312,151,117,310,15,1151,351,422,2539,976,29,1071,575,208,419,134,26,155,292,25,687,294,1048,576,1463,109,499,123,7,632,101,1357,411,259,937,310,188,264,793,544,9,214,241,998,49,694,242,1067,461,782,346,133,57,299,574,224,218,198,320,27,666,142,1322,74,124,454,72,146,7,75,230,545,581,1222,1162,527,1359,58,251,1285,840,804,1857,517,731,28,8,410,1735,299,573,311,253,810,552,44,383,221,446,569,75,549,132,981,335,941,759,1519,980,35,16,786,44,359,1930,345,488,342,865,432,15,0,607,75,203,153,272,457,34,177,389,677,468,61,1833,37,1462,738,253,34,47,534,376,199,1915,1484,0,328,479,793,459,799,452,949,336,668,486,455,43,524,130,720,146,304,74,818,120,546,1407,167,86,959,490,562,992,1265,265,695,575,826,600,44,347,367,489,101,8,1230,987,1844,21,1138,196,242,45,205,335,41,302,178,408,705,236,22,468,1102,2457,479,297,667,3,433,130,1603,904,680,12,103,382,2,334,904,147,767,49,234,222,62,35,50,17,888,973,906,254,430,809,674,151,1184,655,498,1235,47,284,4677,806,5,192,822,123,1579,173,1537,1118,344,929,152,1410,1279,393,581,235,221,1660,896,102,769,231,443,90,410,172,522,171,448,84,261,57,216,439,29,227,399,221,0,27,197,128,135,668,378,731,157,622,216,350,236,609,483,363,726,385,203,481,728,51,633,133,243,889,788,239,3,1158,658,507,119,248,3497,64,185,98,1524,542,21,1156,77,130,71,780,14,2646,703,40,890,315,92,999,460,102,281,542,541,119,184,541,464,25,51,50,15,938,242,251,121,337,543,373,1251,0,518,34,0,627,1056,107,360,359,4,164,232,151,392,90,604,101,916,464,843,162,106,67,912,95,1541,594,324,708,116,560,270,269,117,331,625,2300,869,404,1796,214,325,138,36,1061,22,856,305,175,620,462,95,1101,538,342,252,960,42,1033,719,13,127,389,1007,1997,1000,1915,900,1675,553,174,0,640,894,499,913,89,643,1676,1509,82,409,175,359,1082,113,998,3,1312,292,18,100,246,241,1371,30,1566,146,67,29,8,79,243,2014,142,1506,315,1391,673,677,202,743,43,407,1950,1201,1032,181,528,391,485,2404,682,329,700,1130,5,77,416,471,194,127,304,47,514,340,194,109,3347,1101,166,0,55,443,211,83,831,1268,69,389,1518,889,741,35,58,204,2283,341,371,638,69,497,776,58,1152,568,198,855,193,126,920,773,1030,72,119,117,897,68,253,396,470,66,205,1605,605,1636,413,86,273,463,202,222,347,281,1351,1770,1856,690,48,619,645,36,70,128,32,127,191,67,382,537,1168,39,1509,283,284,126,264,1346,2060,184,543,780,9,547,548,168,471,70,60,1375,343,136,17,1610,137,1306,140,373,527,336,227,118,780,490,101,31,92,469,621,93,246,1168,612,305,812,1407,457,32,110,294,771,28,38,520,3,937,255,1197,658,94,145,311,208,590,1,1023,710,753,146,57,429,506,88,535,163,449,678,0,315,1102,52,336,261,2000,225,26,645,765,6,474,356,476,129,0,0,11,294,699,1742,947,938,41,940,252,181,32,150,34,335,581,93,1649,424,85,858,343,612,34,192,848,1096,16,337,332,1116,443,566,2882,1018,2,232,154,57,505,270,1038,647,674,845,719,248,834,64,680,359,778,302,358,180,742,161,909,980,316,133,170,870,0,92,97,1933,420,163,288,309,376,921,303,11,452,135,514,285,918,1242,156,242,0,739,6,109,123,276,2599,459,296,244,762,142,271,10,903,3694,127,465,672,124,937,85,119,811,184,133,115,507,347,1075,290,81,175,125,47,159,674,429,864,383,4,206,184,684,232,1151,85,0,615,267,369,239,4,303,596,313,124,1403,1233,870,38,236,891,0,220,658,115,205,1924,1920,272,108,48,239,161,126,251,607,2250,54,147,2,607,287,3,4,407,1550,1092,247,175,37,78,121,171,415,40,898,83,226,275,1127,902,400,1665,465,359,143,1380,152,424,18,861,165,969,234,64,414,460,625,1760,233,260,813,156,233,243,399,208,268,562,1100,158,1809,207,1229,3,929,785,228,602,36,2137,173,0,1195,193,193,1709,113,747,171,570,172,674,1739,5,453,100,177,20,126,465,857,64,1,385,752,689,127,340,295,21,0,141,43,297,116,434,779,2,518,1109,4629,187,122,27,685,295,871,73,1,183,525,103,174,195,7,285,573,952,664,1883,114,82,208,127,542,289,932,406,213,1404,23,591,2,100,60,0,3,730,138,263,129,265,773,997,424,100,521,1883,163,1190,407,458,992,237,29,605,168,298,27,119,362,915,284,337,701,887,127,90,671,448,821,135,591,50,78,452,229,210,855,765,427,112,984,606,965,121,95,19,267,214,559,87,107,1394,35,28,175,585,627,431,1518,1448,68,107,374,885,471,99,288,1,219,17,312,130,310,629,0,278,4,95,65,5349,112,202,353,125,26,23,1488,1355,16,72,123,890,385,241,212,425,519,1725,129,233,469,1635,86,811,115,303,430,665,308,566,244,336,593,18,199,567,357,157,162,267,143,2,141,118,246,406,1431,825,6,714,259,853,671,746,596,726,1674,5,2401,166,1373,595,458,1414,928,147,540,110,1622,286,308,1522,33,195,282,1054,147,36,77,361,175,488,1174,87,162,307,768,559,450,164,89,113,1127,404,1127,168,1389,511,808,14,1133,146,486,346,102,345,205,230,199,1976,456,1084,194,897,230,118,264,557,284,374,1512,868,559,847,1,224,1496,1457,17,418,85,809,530,233,760,76,984,774,99,1113,252,25,624,191,6,164,1251,391,1091,543,106,399,1047,775,1582,810,1130,950,300,206,212,0,431,647,655,273,528,0,1079,1,266,108,1532,719,824,376,194,856,547,113,649,38,329,9,2235,165,61,395,51,187,1410,41,219,229,195,207,209,80,574,21,110,1224,241,19,195,1676,160,111,80,317,898,8,259,56,625,524,413,2217,646,394,200,211,516,428,168,1093,194,802,162,372,6,156,564,24,3,126,307,90,1053,118,421,877,4,1941,84,878,437,404,134,45,464,471,2972,537,287,266,187,245,201,664,693,69,188,561,4200,80,133,0,181,2,717,538,47,1289,414,831,651,567,389,402,2594,600,596,9,1808,231,268,52,83,77,841,3,370,377,159,302,1569,830,39,0,51,1591,639,787,235,1413,132,144,393,610,151,67,11,177,207,58,47,405,429,81,309,423,925,952,380,148,362,258,524,107,287,294,826,1084,559,328,973,240,160,1501,761,127,569,32,890,677,732,732,108,494,1004,21,421,81,76,278,389,40,545,343,99,22,3397,39,106,279,1260,820,215,737,19,121,38,920,51,880,96,748,41,61,461,2005,292,1083,4986,55,1418,37,268,26,925,1059,20,162,445,228,1557,271,58,1035,607,1317,2158,376,614,467,852,235,1027,387,646,346,476,1,745,308,213,194,25,368,556,29,508,109,189,1602,637,924,705,20,1175,1590,158,679,1940,227,72,189,149,59,1922,929,368,25,531,171,693,42,135,80,2,71,107,437,993,453,1029,123,435,716,115,451,698,483,52,391,428,247,142,66,359,216,647,323,333,22,597,1030,29,810,136,21,532,13,756,47,1499,221,313,14,215,344,45,3,426,3,17,353,947,656,1464,567,1420,471,0,1416,151,40,81,1970,401,26,30,382,475,149,629,89,344,215,587,0,235,279,518,619,371,197,29,0,1213,192,471,305,268,260,38,108,257,351,334,92,58,2,1706,741,760,12,47,345,534,318,162,510,64,217,3,69,521,265,63,647,806,162,211,659,247,849,1138,18,10,85,93,74,1102,35,330,554,263,271,275,1018,722,785,59,691,571,201,198,287,305,42,128,50,3,588,294,1341,1185,395,535,390,128,210,226,2062,562,217,984,2175,32,354,33,1022,301,1412,146,453,497,372,656,625,60,289,1006,269,443,112,1331,281,14,6,43,243,1012,461,226,575,14,400,815,149,620,268,509,1568,685,602,9,4413,540,926,474,235,77,377,478,841,0,244,779,3,833,321,257,533,898,10,2007,155,178,199,21,60,255,201,97,402,427,17,43,411,23,22,819,182,224,1274,696,337,231,559,116,349,188,1405,1777,525,234,20,208,778,128,226,292,92,544,243,452,661,1352,258,139,43,975,161,713,32,1342,169,109,0,89,303,51,670,54,195,505,461,943,260,389,371,791,154,279,1056,644,380,1000,88,433,598,595,23,317,284,2526,443,3636,772,873,146,37,109,15,371,355,242,273,1640,392,1111,279,268,46,419,392,430,527,584,1706,251,171,242,405,1088,1,329,24,14,396,0,840,244,122,161,198,431,807,879,612,217,530,153,463,826,704,7,337,521,1141,255,746,386,3,250,615,359,332,324,21,737,764,229,53,785,12,483,1058,878,3,61,50,248,636,47,386,226,536,316,505,24,391,303,186,150,19,105,692,8,315,133,980,92,239,13,380,846,663,0,0,120,8,970,43,456,23,862,1290,418,448,236,637,148,158,793,767,429,1333,374,145,476,381,684,97,556,530,516,15,407,583,180,87,208,523,383,464,608,374,81,66,14,251,652,588,127,120,307,40,625,377,1116,472,0,516,405,572,1028,300,182,418,0,7,244,127,88,259,706,270,193,200,389,436,83,1791,102,78,561,689,354,1570,431,34,295,141,726,547,232,757,407,2160,233,66,153,134,587,185,766,156,40,1654,281,1642,460,109,218,199,2858,77,22,56,4173,1193,984,407,224,854,1004,16,124,471,3357,143,64,58,160,3328,1449,1549,12,1230,2919,1975,212,3454,914,90,2816,245,458,587,93,92,250,30,1455,612,817,511,77,172,1224,1399,515,1264,1090,167,236,464,534,166,53,1792,1270,117,102,0,46,1634,811,213,308,530,798,1395,10,964,72,985,209,46,716,0,1284,2251,889,125,1068,778,893,756,625,972,1058,311,636,153,1889,307,750,12,105,973,201,580,131,1456,6,518,10,336,798,92,399,491,654,148,1901,482,401,527,224,636,1251,552,846,974,538,263,1154,53,827,53,822,281,815,117,303,256,392,0,4,82,1946,1040,886,530,100,651,357,54,760,346,374,158,226,36,462,974,663,418,331,196,42,401,74,172,212,20,93,512,217,14,46,81,18,104,70,445,667,173,170,33,116,33,502,118,23,3697,1829,453,451,1493,173,843,1,177,957,940,304,142,90,751,369,42,744,133,185,2208,273,167,480,1490,49,28,1041,356,0,1,663,8,29,390,97,49,336,1399,2339,68,67,549,173,2097,533,1165,82,148,1152,1698,141,97,220,54,1601,467,1784,244,110,0,54,1152,172,697,86,235,1340,1159,333,158,36,1206,632,224,63,1075,53,690,2573,218,666,640,557,229,1328,342,605,332,670,292,668,2449,1037,382,923,31,22,143,87,101,587,108,201,221,1045,110,63,18,212,1245,656,938,692,432,1437,332,454,47,476,126,180,179,1178,831,688,228,18,404,123,134,396,326,2980,301,33,462,1161,742,164,0,994,112,77,138,1179,98,334,46,1165,1504,230,144,0,199,1452,90,0,2,13,138,146,17,12,34,1239,4,1015,689,299,340,334,507,463,362,457,770,1019,0,430,1173,0,1360,1857,1487,26,525,512,40,284,1,612,97,135,20,973,235,984,1975,1135,359,444,609,22,1076,181,938,288,2075,1,114,1032,1212,1081,64,1003,226,39,383,1967,649,1789,283,127,726,173,1039,790,221,391,720,241,173,808,995,1138,276,307,323,412,509,79,286,2433,154,954,1267,913,150,154,3974,460,1245,206,293,77,968,148,1069,764,53,380,821,98,166,807,295,734,729,49,575,323,673,260,1305,1400,969,1199,789,180,559,100,1,70,54,1025,296,1193,2381,873,346,606,509,1115,916,297,958,9,95,113,1656,1036,852,774,1915,44,219,211,207,167,149,191,68,393,110,36,240,749,1111,285,100,340,405,723,247,2120,52,717,658,254,3346,263,277,142,82,168,272,176,859,199,1083,216,642,52,140,216,868,180,348,554,296,200,955,216,1600,196,566,189,661,747,1330,58,207,404,506,2509,274,245,170,261,1360,28,287,590,254,968,58,481,303,56,150,311,676,286,588,358,0,497,492,359,3952,2011,871,62,56,843,775,180,1528,296,793,483,274,539,138,47,334,849,343,80,208,414,489,18,210,957,1861,290,338,229,1007,167,54,277,21,324,657,244,245,535,504,220,507,164,283,917,3,83,85,1040,766,753,1688,333,7,243,7,215,124,15,135,127,47,168,495,1342,501,521,422,686,199,1131,21,395,63,78,108,2363,608,350,586,29,943,655,45,290,43,732,120,6,1969,238,326,0,109,815,685,0,430,260,907,575,0,799,612,104,660,29,411,512,491,1425,439,121,429,332,715,733,522,1287,228,1116,177,19,172,53,95,124,284,188,619,546,1011,270,149,5,46,72,1320,856,1506,12,0,396,160,243,405,423,80,553,276,28,443,634,419,1051,806,579,662,200,1577,174,1080,242,176,510,656,496,759,631,1111,127,333,524,1043,370,816,1135,1186,45,445,278,488,1607,851,455,73,252,176,2,317,812,1168,326,918,55,715,1270,2454,521,895,701,182,58,446,171,76,190,865,1293,2,871,1811,908,612,75,122,119,763,95,1075,199,769,191,242,1,0,1233,49,150,1893,995,844,23,214,155,1099,244,262,297,302,249,447,804,126,1142,681,656,8,21,290,1242,719,609,62,564,252,417,495,283,611,439,158,151,292,20,312,210,88,145,469,641,1085,16,4,32,651,329,1761,47,186,1382,180,423,311,352,134,610,188,473,232,233,1388,51,303,229,148,766,588,1497,165,261,1,189,439,3,767,409,110,40,373,67,354,290,707,855,1063,841,180,263,430,455,492,1184,6,6,28,177,217,1370,631,0,248,429,296,258,178,1210,50,3,29,5,206,78,499,376,1124,464,364,19,709,716,1334,2,534,662,383,272,38,150,36,346,43,474,289,39,1378,3,11,25,648,23,649,0,319,1461,140,94,279,293,317,565,10,931,166,1,375,279,175,1952,674,19,679,234,439,227,272,1151,900,77,122,102,284,749,542,210,1590,0,459,1465,431,680,1165,296,798,21,229,1359,59,292,19,436,903,556,1407,65,1031,567,1671,346,329,6,12,455,65,194,1392,321,515,216,74,665,168,7,10,571,1222,1085,613,699,922,446,70,784,26,672,13,1416,193,16,365,571,1333,36,219,632,351,307,1318,563,244,164,425,2,258,817,295,5,170,1935,1041,1674,201,826,32,175,955,71,445,1035,754,55,104,29,67,27,1591,86,471,331,301,529,1555,1681,227,583,64,70,70,232,383,2155,35,788,684,769,144,963,202,67,335,2739,136,183,11,19,136,25,524,220,210,420,226,76,164,175,1389,1000,681,141,27,636,763,2127,670,34,1216,30,980,234,105,539,743,234,99,809,794,2,117,111,178,495,969,388,419,1947,296,817,0,462,0,246,7,295,1108,686,232,591,80,36,197,1873,605,222,54,112,624,519,148,141,7,492,366,80,487,1458,549,106,1343,795,353,62,284,811,372,474,56,473,414,238,884,94,151,2769,1681,85,534,553,574,277,658,774,115,1576,92,2059,629,5199,1604,7,116,2904,314,0,490,739,263,524,1244,64,835,316,4,1816,110,586,671,127,459,1249,297,715,844,325,562,82,552,131,293,62,732,1324,1186,4,390,30,218,135,47,371,19,87,311,80,57,644,250,789,321,331,432,174,151,331,242,142,301,545,20,723,102,453,2,271,494,1212,13,151,295,323,185,88,145,1061,32,1039,10,11,727,802,192,29,59,343,350,301,364,2,105,305,234,216,78,4,614,74,170,13,435,1132,634,237,1788,420,138,0,675,781,2199,512,505,231,345,831,537,948,644,330,387,987,741,10,137,321,484,9,107,686,305,401,6,280,298,34,1607,1008,2160,701,929,307,16,597,771,1217,2,195,297,33,26,99,12,445,666,310,120,1448,394,1444,300,204,321,323,47,49,47,150,338,281,2826,828,77,257,967,106,181,468,1726,249,195,2029,89,2205,9,820,1111,2615,440,668,242,18,215,666,232,326,743,552,422,14,296,113,449,426,161,2,1196,0,140,622,867,242,133,1339,3,1316,921,105,208,113,58,856,2286,935,1217,81,779,15,338,989,459,308,115,69,237,465,95,759,74,440,69,284,837,149,225,591,150,272,423,2044,533,130,131,218,2239,106,75,142,790,642,30,973,94,378,49,601,251,521,186,229,0,409,50,65,47,52,331,1335,417,880,387,165,51,1694,486,358,304,732,331,582,2356,53,213,532,206,974,135,2059,307,270,802,301,1821,935,153,676,17,750,228,17,307,1851,1002,784,991,457,18,565,356,574,188,160,184,125,463,117,41,241,177,59,519,17,409,318,15,20,90,68,473,2453,572,582,1832,830,420,1172,190,1666,4,679,317,136,2413,369,38,17,1308,371,6,101,560,1332,544,1374,14,403,17,273,255,134,298,961,1506,394,1347,1307,20,135,10,95,175,95,58,25,98,814,327,848,334,566,2325,129,1950,291,59,438,317,242,53,239,442,59,11,71,523,389,180,1,1418,270,2084,654,170,199,29,46,554,1552,5,2104,163,11,658,1259,11,40,762,145,458,418,162,273,190,1913,417,284,106,1281,465,700,120,967,56,1196,53,1058,363,1082,1179,117,478,440,335,602,443,526,231,185,1254,134,202,498,47,251,899,569,12,134,60,2012,270,938,237,646,21,1090,0,684,569,7,18,309,1120,690,381,409,47,69,87,416,6,655,0,887,1021,273,1250,479,164,276,773,59,34,1020,0,192,180,193,490,1088,510,277,47,749,358,2013,33,842,58,4331,781,87,11,668,247,154,79,77,361,954,2516,112,169,494,146,249,105,10,204,467,396,1041,784,1,633,62,1101,361,824,997,896,12,793,780,636,562,1561,858,457,621,24,7,168,669,616,235,1727,2227,855,269,52,726,289,828,927,1031,553,329,389,27,309,161,268,1024,0,147,1197,373,308,16,205,26,3,1268,2161,91,616,400,849,782,50,178,775,199,313,1413,427,264,898,334,1109,882,218,109,965,29,17,372,442,193,1286,2,254,46,25,2117,35,628,319,1048,1483,515,492,4175,102,112,848,100,596,1118,436,265,281,0,883,270,69,745,792,360,588,1383,1175,28,225,885,483,266,209,203,486,177,217,367,781,253,1165,70,432,48,201,298,522,584,599,189,1184,125,295,790,1,29,18,295,569,37,55,2256,336,89,655,193,8,529,30,960,808,113,1102,145,193,111,817,15,973,1084,132,55,72,40,18,394,30,94,2081,171,13,131,305,678,573,1238,35,111,655,56,481,1193,400,1233,100,1235,813,1147,1416,1152,2000,353,772,790,569,50,942,165,820,125,314,597,106,21,175,33,595,9,1178,402,859,246,2,540,202,77,563,380,56,631,696,75,96,60,8,2332,817,397,406,14,185,61,263,647,337,1895,234,195,464,71,1890,467,444,2392,1213,1015,55,323,329,514,399,478,173,626,1,71,953,60,877,89,487,1178,497,854,241,335,355,149,149,575,69,463,298,395,19,38,969,41,1427,687,51,444,600,433,0,3218,1063,449,412,28,233,5,146,2,219,15,831,457,426,36,642,204,53,1069,1307,433,324,579,123,1516,564,316,209,182,83,965,290,1449,18,1482,2532,420,558,43,629,969,684,444,35,11,1154,263,1135,21,1180,740,376,23,777,165,1222,387,29,21,193,132,610,1046,253,257,262,214,335,29,56,405,654,173,36,1071,28,375,313,1646,98,1838,169,437,267,68,296,832,6,11,786,735,200,1498,586,291,634,263,1493,485,477,387,2918,523,203,1749,46,60,202,1403,878,577,465,69,435,2,637,336,1148,492,54,461,24,92,58,798,407,447,1246,53,816,419,1239,201,257,47,430,194,471,418,2395,1239,1235,387,275,49,315,1070,140,248,324,516,92,194,789,209,1013,14,246,1770,653,279,392,500,908,495,1791,422,93,250,511,204,189,1758,821,259,1236,438,1139,578,181,66,1944,939,285,443,419,375,366,21,258,837,254,550,1218,622,1225,85,687,92,545,693,413,352,478,1208,53,248,20,309,832,310,672,136,458,192,137,218,361,839,1455,1058,290,80,41,156,6,22,25,448,1062,454,977,314,679,544,333,183,1924,102,885,1075,148,170,150,990,943,28,1925,555,296,630,3164,356,203,0,464,19,257,951,418,316,518,45,12,1483,678,921,48,583,582,51,1180,59,55,1025,1605,786,440,1258,1544,41,88,0,289,230,187,30,52,197,282,629,470,423,1364,1612,350,412,704,690,644,743,125,213,89,352,114,7,490,141,83,22,346,18,146,336,19,201,517,560,979,193,67,40,260,3431,122,1296,638,131,1803,75,161,192,4,288,614,144,446,293,484,1811,964,106,502,426,493,417,2187,61,860,394,359,110,583,476,465,204,292,1649,1210,107,341,0,458,326,185,1004,2,496,1116,1987,381,162,964,583,1166,1087,1334,880,17,999,764,44,186,193,96,1458,166,198,1473,375,375,1495,384,341,806,10,452,457,216,669,0,685,1205,25,359,45,16,172,971,52,181,416,2268,31,228,442,184,738,85,1068,13,8,88,860,323,161,278,1686,471,43,611,448,172,819,37,19,0,114,137,115,62,161,152,0,344,158,1516,74,179,296,479,140,59,276,1008,179,19,112,120,1250,264,1874,1336,308,1437,102,468,787,8,280,170,80,1046,25,370,4017,1321,315,1711,18,162,333,50,295,41,267,41,0,695,707,914,1552,24,151,686,890,9,632,73,68,971,480,47,1520,505,468,5,12,1428,689,154,1151,1279,394,178,53,16,53,2267,271,337,44,682,18,174,441,731,602,146,266,13,580,693,155,1244,2592,511,264,80,335,893,1231,448,631,202,41,192,1726,220,21,894,36,189,959,575,904,187,830,159,1069,2492,711,310,14,987,157,272,16,74,106,978,23,864,1860,425,403,314,575,428,106,369,439,258,897,148,419,689,138,2482,10,616,503,34,504,171,520,68,195,19,1737,377,2522,593,638,788,36,563,1050,5174,352,504,144,879,489,1219,133,0,681,771,229,230,2297,159,93,679,509,135,52,506,122,175,74,679,17,563,522,356,19,180,79,2,85,1655,493,3098,37,21,16,170,1057,44,217,435,56,78,246,266,974,3,272,437,254,85,1887,50,491,672,628,873,61,290,265,2527,82,130,122,1081,365,204,320,431,1186,258,79,106,536,496,168,311,181,48,397,2435,750,0,150,898,2472,2,250,300,327,438,465,640,422,762,92,1409,207,143,593,480,398,48,489,167,958,781,119,549,667,1253,296,165,185,1809,665,43,162,273,2102,740,845,334,7,301,36,1318,103,127,45,1081,750,1452,847,660,742,224,22,312,647,124,985,37,129,59,650,326,392,370,24,54,644,185,18,82,424,29,153,1189,444,2088,1150,428,7,38,64,1146,100,479,27,624,1136,595,113,708,245,1142,41,1821,1032,122,643,193,1448,28,196,101,395,1503,387,578,327,1694,1206,132,72,65,359,102,121,633,758,235,575,993,105,66,2728,403,1160,1684,1282,408,120,1250,2112,622,115,403,1529,1452,3,276,0,938,1524,2109,636,1506,31,633,15,0,700,770,1254,447,1440,363,0,844,7,507,938,1044,113,164,140,67,2208,1416,237,1119,707,612,365,353,298,266,500,945,406,170,706,68,498,1465,493,81,261,7,276,1172,311,748,1738,221,33,155,87,330,268,663,131,697,336,200,2113,501,857,32,1462,124,185,185,381,545,276,5,846,15,295,144,484,363,755,264,183,170,1622,28,242,360,752,401,723,46,137,78,5,260,1301,537,0,8,310,0,81,9,113,2,41,735,0,108,190,475,68,18,266,1304,324,436,764,281,265,780,1483,891,371,626,94,252,712,133,9,361,734,243,975,173,156,570,198,1479,58,440,927,595,639,2825,823,1697,127,93,64,777,259,578,697,118,626,125,1779,915,595,52,8,1132,7,630,115,305,1656,130,276,280,32,340,11,346,559,12,602,612,33,27,83,60,545,190,77,3,1956,1336,937,126,43,357,341,118,357,327,353,39,22,78,14,436,178,570,222,151,324,191,147,14,1081,744,95,12,204,23,531,67,423,716,218,394,1363,232,508,1164,247,38,192,81,28,39,767,912,146,255,402,0,278,524,156,98,59,403,1466,1536,994,418,76,181,64,217,18,310,1,234,1739,829,338,444,74,662,114,229,394,970,64,770,377,2071,500,592,1027,76,535,1850,985,898,986,981,300,1018,717,298,364,59,215,855,968,2199,561,20,2267,751,557,283,472,119,454,125,1021,668,57,147,697,1,0,933,612,562,882,21,259,141,270,205,1066,184,325,961,459,120,341,1473,2647,16,525,72,685,698,307,93,922,626,876,211,776,272,611,163,1203,20,700,44,68,89,570,21,0,533,973,3,1169,54,1297,419,902,77,518,537,242,491,794,1087,165,1911,1260,1657,547,228,2,336,374,376,421,350,31,43,534,1264,1066,1480,115,766,73,347,240,756,1824,772,406,91,373,44,72,1869,478,549,380,4,73,576,271,565,437,808,3788,175,10,2487,100,791,555,4,58,297,583,32,91,320,1,1,224,480,229,666,313,104,273,221,823,2935,1070,973,17,1627,53,410,24,229,43,118,188,1060,1595,397,92,73,173,1697,291,800,112,337,486,1220,554,702,40,67,37,2038,27,548,49,179,464,276,72,110,7,35,129,327,53,26,245,252,267,150,398,24,71,46,841,313,471,440,1088,471,1280,724,2429,132,1325,829,637,366,759,318,71,140,0,423,457,16,1072,1045,2868,496,968,105,419,992,456,1000,572,181,634,78,284,1051,312,2,204,1322,241,136,0,166,706,1412,207,409,1074,119,147,1596,788,25,372,691,42,650,88,1029,22,294,3370,1501,550,366,3225,23,929,0,83,89,248,21,91,20,268,539,56,123,589,271,333,327,419,29,1916,1655,142,317,788,0,12,702,712,104,210,349,610,484,184,37,39,171,0,216,135,119,558,314,123,992,40,32,369,3,36,583,775,256,177,474,265,393,406,240,187,110,601,136,288,1004,504,12,580,567,450,196,142,817,164,799,0,340,2272,278,756,277,5,1512,482,94,2482,396,577,275,358,581,1791,134,136,1012,785,408,50,250,1957,1475,577,426,639,1459,201,461,22,102,105,164,157,169,2,441,430,450,110,1164,260,548,213,42,1150,533,430,194,556,1907,369,36,17,343,261,3869,180,252,40,0,112,226,520,1292,894,800,314,433,251,697,120,19,59,418,907,258,242,657,441,302,236,395,280,74,392,183,60,1800,2246,44,158,205,275,1335,367,0,314,499,66,1433,169,807,105,1368,182,634,23,208,1554,280,19,659,24,617,278,5,33,450,25,116,384,14,2,1680,524,91,146,105,537,723,803,326,78,1255,64,159,59,1219,490,452,6,335,208,235,511,86,687,904,47,561,388,752,433,56,22,63,4,23,1597,1620,619,332,115,575,19,1028,308,290,556,2133,227,851,438,58,874,1067,3,580,352,292,890,192,169,75,185,1228,1013,8,1270,512,2,115,472,386,522,16,208,951,249,100,64,192,1018,632,785,39,865,1273,1052,798,112,1,171,399,0,296,519,196,228,1772,58,219,475,639,121,511,248,58,45,1383,242,191,490,92,1283,203,436,237,19,665,66,1293,122,172,2150,273,2695,409,968,283,318,719,29,593,305,1449,61,796,187,556,857,637,42,750,601,0,1457,367,661,359,21,405,108,310,569,360,12,137,279,3212,164,202,1037,1821,30,20,1349,968,413,0,28,99,209,1316,269,13,363,313,603,180,2855,64,133,148,1247,2832,1173,308,1366,53,750,119,0,25,0,242,817,549,87,12,222,341,131,67,492,253,320,905,1123,140,17,437,541,805,1473,284,201,281,153,1187,852,73,1036,418,1132,129,239,1356,689,516,342,116,900,363,156,102,21,476,451,483,77,437,12,381,95,120,194,8,3,91,148,478,481,1391,153,827,149,417,3,155,1499,612,1606,818,795,212,7,2433,178,71,1815,57,1526,226,325,397,638,892,0,1286,302,123,53,761,524,310,900,383,741,400,154,499,358,546,175,0,640,1315,606,1460,29,238,32,194,263,1666,147,181,1393,11,666,77,110,375,55,368,228,63,459,477,218,27,1288,871,1036,366,1570,146,353,361,922,176,503,1893,84,1361,386,700,280,1288,351,43,102,47,632,2235,252,292,0,115,181,1066,6,182,232,415,321,595,56,2010,157,68,1075,709,1219,1269,251,1556,637,738,2972,1072,294,218,768,294,744,528,763,634,239,339,48,908,276,810,507,396,476,115,30,97,662,566,2692,135,768,576,245,59,1085,914,312,533,173,527,820,607,474,200,193,614,3,616,690,517,2,566,143,3,676,423,326,1102,403,704,338,107,249,61,387,321,953,117,99,578,533,406,101,73,6,340,181,456,277,503,284,757,591,1075,35,166,81,235,2578,4639,348,27,50,210,68,80,616,280,218,166,1569,207,762,104,289,1939,236,208,150,49,44,1135,504,593,53,625,53,447,157,508,34,20,244,1226,2618,600,437,458,88,156,595,245,172,152,58,825,3,69,329,554,539,1033,636,377,676,112,159,2348,124,30,45,572,461,355,395,74,240,1511,123,578,9,62,0,8,229,51,347,385,183,16,973,24,551,103,281,1176,1104,374,508,447,329,23,87,801,133,135,472,944,38,852,365,137,17,122,27,2863,29,494,366,2,593,413,96,289,117,16,1427,48,713,0,733,80,61,1,162,226,102,297,1070,593,616,108,294,301,78,45,14,636,171,804,167,1203,1013,1100,440,86,213,514,63,768,626,112,7,20,107,50,1575,73,865,165,214,27,168,258,348,423,119,372,609,1735,580,286,89,690,724,959,472,2183,100,105,137,83,78,120,311,144,3,450,65,90,43,4092,41,34,26,17,61,401,471,399,45,659,1181,356,160,1873,86,691,148,198,1243,501,489,264,155,429,851,2218,243,932,27,254,553,1072,383,452,383,490,622,96,436,221,55,1796,1419,423,353,1566,219,155,1839,244,264,183,508,1,165,577,716,228,614,282,639,32,1482,1345,2215,627,809,56,238,544,657,127,1307,170,245,1329,135,466,276,760,2645,122,196,0,1000,773,216,913,31,653,203,513,1064,520,1842,130,0,1853,206,337,137,273,7,221,986,627,65,293,324,1031,50,25,86,437,384,1163,1430,1142,888,334,181,1314,85,253,150,851,523,241,1081,700,527,353,1014,384,307,527,958,1434,1363,157,16,556,641,552,822,919,967,529,728,83,204,636,1147,1150,414,807,116,68,474,219,424,581,1734,836,1740,1,145,956,349,991,176,424,615,969,450,4,138,14,66,61,10,966,118,1037,1413,1789,997,791,243,328,1442,604,427,214,372,95,58,351,481,1828,584,19,1645,740,514,254,140,377,1512,17,337,171,329,19,185,429,1422,2339,2277,62,1839,10,1101,319,481,37,1876,348,11,806,275,590,155,1463,170,549,158,738,703,293,69,40,107,146,221,207,156,269,20,233,953,149,55,527,95,2284,1079,311,798,322,678,351,387,3,485,333,28,1,192,460,837,71,845,866,17,1489,1794,229,400,1498,99,53,838,2220,926,312,279,149,284,1481,1,245,318,2,40,88,401,10,102,217,402,1080,999,337,209,0,1379,5,1862,156,1310,235,9,3,616,74,381,882,756,985,160,221,1333,142,591,2398,497,209,424,237,714,267,163,624,430,487,124,100,338,176,2361,208,201,57,467,18,445,339,27,30,130,1641,514,785,574,60,691,112,1097,529,3459,246,1905,46,1477,224,1219,49,372,277,71,52,245,1084,128,641,202,453,0,97,286,71,974,243,828,14,18,1488,1350,462,102,175,207,612,19,98,1117,925,39,204,9,1185,602,813,1,154,241,289,504,1788,73,365,1,7,117,95,416,1026,164,449,824,269,698,1563,1359,3,1109,851,168,534,76,362,121,283,475,634,441,115,155,312,591,0,359,395,697,894,1070,675,2191,226,1321,234,810,771,1841,2519,43,47,1832,173,60,1045,380,512,424,2331,215,157,458,219,46,160,926,144,227,868,1353,6,641,365,1072,1867,509,338,882,49,650,529,456,2628,672,461,131,77,398,955,61,449,10,417,163,546,154,1461,735,2209,159,387,47,0,105,3,31,1013,1193,247,170,289,1099,136,265,923,805,709,300,25,465,353,61,1321,289,0,796,332,6,349,115,66,596,3646,988,17,38,606,359,657,7,105,114,399,1,39,433,21,425,725,311,24,585,3,83,857,184,177,0,878,1,42,382,164,1745,232,139,441,142,927,867,77,73,40,126,545,681,286,1824,443,11,501,1011,1357,69,383,1399,304,676,1317,42,70,261,975,150,244,780,15,1140,436,969,67,385,829,668,1415,214,107,531,1067,614,283,399,474,34,147,18,1245,2634,191,233,216,586,581,1,169,122,50,242,853,193,80,821,429,168,211,187,31,182,141,49,188,1733,2622,68,763,145,909,68,204,317,3572,609,84,126,209,546,162,311,198,38,783,338,294,1,534,1114,445,189,799,537,976,142,48,412,1897,12,668,9,319,753,170,0,81,617,139,463,539,930,195,174,61,723,1805,83,2429,1020,1033,3072,3,6,100,303,790,975,6,764,188,76,198,443,868,537,34,810,1000,104,314,508,67,10,291,94,694,872,553,2040,32,413,413,48,365,471,752,3,81,49,507,57,0,189,0,1583,798,635,38,195,204,242,961,142,23,758,271,663,539,240,459,791,2244,1349,74,1127,473,271,325,590,175,475,1168,17,278,1016,444,240,317,1,150,291,432,165,184,139,1,35,974,682,757,660,809,438,279,140,328,1516,508,59,1045,444,0,1228,1382,478,224,20,817,1216,339,817,1175,256,555,22,693,115,865,35,0,280,664,55,487,485,764,600,5,110,253,188,332,261,155,1121,54,28,770,393,2593,693,556,35,105,879,286,63,447,620,364,525,80,472,1053,5,630,799,63,166,21,592,2057,405,72,40,681,54,132,1051,750,106,853,75,994,182,695,1159,226,186,383,91,504,133,288,175,124,377,507,1520,61,377,787,731,232,233,123,396,397,609,89,496,169,1679,1802,714,1525,1955,2,865,391,624,817,897,193,12,342,690,477,117,113,228,1367,313,502,176,322,344,120,368,41,45,506,156,813,0,2279,122,283,45,203,390,52,866,365,301,659,20,359,170,267,160,398,401,947,1710,110,705,288,231,1101,597,510,326,288,81,890,469,292,610,2235,1531,207,1752,432,594,11,742,417,763,137,239,287,560,2277,1565,369,363,0,434,281,586,1547,58,1539,915,106,184,215,1094,189,454,1072,145,5,200,693,185,828,2239,482,99,600,69,200,66,580,1425,511,363,91,374,76,8,429,680,1,79,485,1055,445,199,0,11,9,48,273,49,32,589,524,828,158,518,681,0,749,92,79,3,215,583,524,489,33,1348,1753,0,55,212,177,560,20,326,238,792,288,9,566,5,146,871,276,1216,765,1142,274,423,14,178,72,58,38,719,592,608,121,297,105,110,69,409,475,195,399,1077,773,362,17,5,47,51,399,286,586,11,269,551,1449,1415,699,193,582,26,8,806,134,915,178,313,65,1173,427,4,172,303,359,755,375,77,1469,3918,601,1364,382,443,489,546,595,1084,177,125,282,351,2077,1007,882,687,163,171,237,655,592,28,1158,1320,57,53,486,408,424,894,639,686,161,158,1754,1830,785,286,517,307,397,122,501,275,449,473,366,1443,1590,13,82,59,1406,207,228,382,949,19,3710,1,1,309,686,509,538,252,199,347,125,206,63,418,102,163,69,137,115,192,241,470,63,249,243,148,867,248,130,348,138,955,597,163,122,404,1,86,350,569,1277,240,75,109,846,109,177,365,941,115,799,159,2,606,417,204,23,849,593,868,107,169,722,3,312,311,0,51,428,1,298,1270,305,395,102,88,584,84,5,22,240,400,281,2447,356,1165,315,620,1095,2297,226,71,221,3126,348,144,6,11,490,1330,1082,118,255,774,177,141,155,35,207,250,107,52,224,492,8,507,52,32,151,102,1269,86,183,81,104,405,1573,402,331,473,507,578,830,229,464,88,797,145,58,937,14,187,39,520,338,77,234,1338,295,4,600,300,163,457,123,54,335,189,468,1,657,18,51,43,477,956,244,1064,181,5,580,452,734,842,448,573,463,188,191,144,72,647,5037,1059,571,11,117,708,11,649,919,335,700,345,760,329,30,709,1431,243,2169,135,660,23,142,412,49,186,928,261,1131,1108,1287,112,120,89,25,1396,218,0,1873,177,844,39,396,706,605,667,20,103,1208,904,219,518,1101,37,199,308,145,180,6,484,426,127,63,934,792,129,79,560,1603,1964,184,104,566,366,1251,165,349,88,371,242,354,535,216,735,391,0,381,249,243,254,36,1278,537,731,501,16,489,17,499,1221,174,74,1682,1909,723,247,1220,765,569,335,37,593,246,49,343,406,526,1114,46,681,242,147,744,34,111,834,116,186,95,1065,616,310,366,572,427,422,1147,120,1585,336,0,455,308,519,12,481,61,601,135,171,1052,984,576,795,1170,298,325,741,538,1327,238,224,1375,426,254,447,80,1102,400,2837,660,22,229,584,87,576,1852,1972,161,15,71,903,159,679,389,209,95,574,11,205,353,375,1211,250,331,191,147,80,1244,4,194,1297,308,292,752,159,29,0,1712,831,142,543,2032,1437,890,358,2090,702,3,115,179,249,61,114,546,69,244,26,296,66,4976,1410,314,1,1291,48,0,250,159,568,1711,276,1126,119,195,793,518,22,187,480,601,768,0,656,1250,664,1570,297,155,327,150,25,434,16,103,201,728,550,299,139,16,405,729,944,394,502,118,789,178,144,0,30,659,363,108,43,1648,185,28,393,127,21,159,912,409,565,715,112,39,412,199,4,195,305,332,1033,68,87,519,1079,751,402,32,148,211,1327,1088,1404,836,143,185,9,2256,757,270,546,121,422,343,76,256,714,6,378,300,86,836,67,634,40,30,1229,403,1188,117,45,137,172,5,411,110,374,143,473,1214,134,286,397,43,744,18,343,64,221,1040,314,666,632,1576,2135,495,66,38,964,1019,398,417,228,178,1026,984,82,462,909,150,64,604,871,76,10,671,1197,2,1077,2443,131,62,128,15,532,145,595,164,586,499,692,762,5,101,584,230,724,250,349,63,451,256,244,440,95,345,1082,161,51,1227,388,7,35,2823,79,501,937,2835,574,479,0,433,287,151,13,1008,6,92,144,97,4144,1504,133,282,112,347,399,660,377,452,1365,832,272,231,620,90,308,403,201,612,292,508,428,205,723,145,1493,160,414,892,71,1,246,720,657,1,159,744,295,150,840,512,282,415,389,131,2278,570,1208,292,2264,18,1870,1597,138,221,199,196,88,349,705,148,711,2,7,282,9,241,1353,417,0,1241,1897,67,168,2084,73,68,1474,54,405,557,780,595,10,474,1207,770,76,129,171,453,130,83,236,210,924,24,278,1138,171,371,946,188,1060,392,1229,354,2113,472,783,835,2019,129,642,1246,1870,78,215,136,51,1450,37,297,699,626,453,205,1799,535,927,211,1256,28,1398,99,139,229,283,338,19,293,794,1062,266,673,329,410,671,558,309,231,16,619,62,10,440,896,138,101,28,91,537,234,779,1,330,77,80,1134,677,458,988,366,929,96,379,1499,724,53,243,465,1296,0,261,1571,872,949,549,20,919,26,1479,81,254,1,270,1060,353,305,359,129,663,45,1554,145,262,356,56,32,1508,1385,964,8,1957,724,617,117,324,272,387,1379,56,43,351,208,152,4,864,201,570,1751,2238,235,984,154,130,1246,561,417,1476,334,249,710,306,112,6,696,2,148,679,1157,526,1062,14,159,521,61,374,35,471,2,1049,620,760,4878,24,4,750,156,143,663,194,130,861,289,526,284,64,421,300,24,107,29,487,339,30,198,381,196,3,571,640,619,1960,0,1798,62,975,710,366,138,749,50,1102,300,1658,625,261,3141,35,382,14,413,932,341,1494,0,418,1067,336,11,273,144,1789,358,1387,482,825,99,28,2168,783,428,402,572,538,769,283,217,303,625,732,1070,20,592,2359,267,110,306,153,1741,324,984,0,42,858,1233,523,1029,55,415,469,796,337,977,283,128,515,42,548,890,131,786,2233,526,1630,348,145,73,896,532,105,270,1169,912,177,332,322,101,2042,46,155,348,635,238,170,277,47,39,600,467,53,498,384,199,1869,490,178,115,158,14,1156,1036,1684,362,36,1854,26,265,404,365,99,1902,321,1412,424,1352,363,179,442,13,4,613,79,823,115,638,4,3128,1375,100,217,9,459,358,460,280,532,489,416,4,667,402,430,16,147,205,1063,142,37,490,1318,249,68,197,509,887,100,315,889,1255,664,45,229,0,1467,883,48,556,721,228,293,885,166,326,23,531,1239,455,0,1043,622,262,179,63,151,83,25,434,453,287,164,1192,79,226,1,1814,37,161,1629,21,397,464,824,532,523,296,651,626,389,306,122,223,128,79,176,77,226,49,1141,568,98,172,699,1013,942,162,2194,181,514,176,1617,454,761,66,445,26,1973,459,9,573,9,2177,936,133,208,203,478,46,341,400,501,621,223,113,195,28,728,59,1439,483,891,80,1,393,43,710,0,179,419,474,352,1528,421,521,5,983,17,23,522,42,89,484,160,531,0,689,744,784,71,1230,361,675,397,910,889,442,1068,306,247,110,1754,74,1147,0,124,769,49,42,19,24,790,657,73,1141,549,410,444,528,1391,334,1008,386,282,2302,745,180,138,1661,97,135,44,529,827,587,2019,185,136,2704,282,7,549,900,342,91,58,468,16,153,214,319,323,180,461,12,119,24,416,814,1386,233,512,2321,280,773,0,148,1236,105,664,448,449,1646,201,50,1696,583,869,267,807,257,1138,109,350,114,10,812,691,285,178,33,446,27,208,21,0,212,1861,997,213,36,165,173,256,439,149,90,118,144,745,3,171,6,481,861,15,28,307,197,19,313,898,445,588,159,1,258,661,4,745,514,160,1454,2313,649,228,7,140,1294,343,31,546,138,44,1665,795,152,6,233,920,116,128,185,677,38,70,310,588,43,84,63,32,500,129,105,506,2311,337,261,489,7,825,340,148,211,230,0,162,1693,1039,146,316,1675,447,555,400,50,25,69,2,52,51,525,767,1672,118,1368,899,1613,307,108,1681,358,17,360,397,11,609,509,729,286,723,70,416,1796,541,100,26,1132,706,690,368,384,428,472,124,1786,315,158,115,670,759,88,1217,30,951,2540,2480,1318,20,135,200,234,639,173,317,287,142,430,180,155,118,279,190,895,907,346,717,177,199,647,45,316,312,1586,196,168,137,819,35,1,447,0,121,629,22,107,264,20,478,231,327,37,1561,843,719,283,405,873,1324,259,1130,1329,261,76,2092,56,175,321,184,164,0,35,13,647,536,149,23,948,47,640,214,42,194,20,954,96,0,303,1081,123,239,330,152,1758,42,402,258,165,1353,3,1733,588,565,146,3,18,822,153,148,9,191,148,362,166,33,835,15,424,508,32,693,1026,530,63,185,403,332,22,2091,343,2415,1171,287,935,435,355,69,19,170,186,9,361,175,697,1130,279,289,350,1655,150,1272,201,372,764,1595,1237,200,5,482,117,910,199,258,323,106,55,429,1440,1564,146,241,839,981,94,235,385,993,1,312,664,0,193,302,1061,826,295,498,78,1723,331,19,44,578,464,1525,196,507,153,729,146,2,67,235,613,204,388,280,144,214,664,221,1111,1211,141,29,1309,894,391,174,189,9,3191,440,385,66,167,79,1181,197,74,179,79,186,262,525,100,245,2628,1543,904,273,1179,1934,24,759,86,184,316,176,137,488,127,439,473,964,801,162,318,167,503,285,910,576,186,1321,1410,1048,704,140,765,128,22,526,181,397,178,290,135,1220,61,769,15,2423,61,1950,2132,333,42,428,21,69,710,714,23,492,1042,194,350,148,435,1003,18,2132,748,429,40,322,46,45,348,139,0,36,1527,55,797,73,3,1146,255,0,67,157,1236,175,27,214,4285,4,1291,0,238,1034,4258,285,77,4922,225,4457,503,492,176,543,11,445,28,1751,374,3163,4645,4287,81,621,152,5,29,14,400,700,391,2737,7322,1802,1005,2880,367,338,215,1047,676,2088,132,781,21,2117,1342,901,0,0,21,49,1053,579,0,79,378,115,1339,1258,770,34,66,204,3,770,3513,10,2828,0,26,1140,229,223,2,774,173,798,272,540,121,2584,205,219,707,784,932,1091,429,153,175,666,326,91,547,3194,6,1264,0,67,753,154,215,639,555,342,788,247,1351,960,997,1322,349,1334,1371,442,58,72,230,13,1129,446,1914,505,70,200,458,117,689,364,132,508,261,59,113,1203,1803,890,100,796,60,53,2328,4362,8210,3732,130,22,335,499,1003,129,94,1469,566,2274,440,107,89,1584,535,1071,1347,3,309,32,137,2560,1398,69,209,11,379,1978,506,2310,788,565,262,17,2289,698,1311,624,117,449,4039,135,148,159,26,1274,770,3008,923,40,0,14,1353,24,3763,723,1427,368,538,970,1225,671,287,2457,3300,5222,2735,2636,3455,1426,68,295,449,927,251,802,71,0,1170,1614,14,119,383,92,326,1502,1215,2478,809,73,864,399,4156,347,495,205,714,4023,351,525,3,180,535,0,260,266,962,384,273,529,1523,1511,531,94,2924,223,201,0,1475,453,2860,810,26,1097,3064,164,130,343,537,202,1849,798,1644,1507,424,274,7,7,3,1819,33,284,3630,2329,952,328,845,1004,443,0,56,5,97,603,2023,56,1983,3830,547,596,4064,830,1493,3469,450,2023,0,1410,129,0,1442,998,13,67,1499,376,998,387,26,266,1092,186,41,256,1069,2403,1063,22,485,2544,545,1503,1342,3118,436,591,62,94,68,654,365,3046,519,3854,392,1981,1757,1399,0,481,97,13,4413,1,400,134,736,4293,925,1281,1142,253,147,5,795,201,421,611,2,199,1856,715,179,573,1435,96,78,3651,1427,16,1043,19,99,122,758,62,515,1130,21,1944,3570,39,65,530,1428,14,281,49,53,19,121,760,145,976,84,5982,1581,2364,76,526,970,106,205,2661,911,893,913,1981,139,600,1860,0,1042,0,1051,2466,1537,292,32,554,988,1286,2403,41,1012,346,290,761,208,49,788,43,0,6,260,1275,19,259,852,2619,505,77,2038,117,1920,1284,594,138,990,5307,497,4,190,603,17,1655,260,385,400,386,623,416,1800,3883,562,32,479,0,165,1454,3485,164,607,6865,0,1514,0,64,899,175,941,410,75,1099,462,2073,3400,1082,439,1554,285,306,271,1137,260,1237,75,706,964,1756,46,875,1826,1,4,9366,1547,141,219,337,10,1805,1129,34,2106,44,466,1001,237,141,116,911,51,183,1443,1270,2269,1408,167,1370,1823,739,2417,128,664,100,82,1302,554,135,5,44,26,224,14,4738,26,4361,359,708,209,1927,24,1233,2292,826,29,3,206,45,1874,1062,1204,101,519,360,3849,801,10,0,370,7,1,681,1211,301,1,335,214,12,1500,105,32,356,38,1748,332,869,3108,803,2599,20,130,636,33,365,110,1360,241,410,319,58,973,277,977,1423,135,133,2,1020,160,196,945,2699,0,596,2,459,381,2669,2581,50,96,125,26,2499,9,3197,1,657,105,335,1018,1200,1292,0,408,231,35,566,27,1381,70,110,220,171,747,79,131,140,714,419,1804,2281,207,3421,0,1669,85,85,101,7,518,2845,9,1738,53,1727,281,262,1256,340,619,140,1080,177,1616,1595,5615,105,1993,22,0,1,31,1053,262,410,2091,2461,1559,230,305,1611,252,521,78,47,349,344,74,1663,1463,274,2224,15,631,458,17,1632,2978,1912,1100,253,0,1,375,232,671,9,16,384,15,1443,0,11,151,0,296,17,102,486,51,542,2497,683,0,480,2463,674,1279,61,702,3796,494,1388,91,2113,1593,57,1015,130,55,2959,273,696,1151,189,1368,7,178,2096,491,331,90,2343,142,150,428,39,817,0,1710,184,482,24,5861,948,494,327,0,236,5771,1736,1218,12,777,437,421,489,503,5358,443,331,102,864,1684,132,0,287,532,0,10708,2909,620,642,7347,728,323,236,4001,339,1139,2567,57,135,817,51,150,99,99,482,143,53,160,17,261,130,1530,192,4992,604,465,2150,873,399,194,10,1180,335,531,109,935,1006,4204,67,1709,244,363,182,1185,258,1,693,2637,278,1,124,3477,0,499,1496,1614,1035,362,464,2757,143,144,202,182,74,1728,650,329,216,40,114,390,149,7,195,1131,405,1193,1628,349,1690,134,780,143,416,3807,1,627,1064,56,385,503,1794,470,2138,162,40,915,3641,123,32,1904,370,105,31,613,107,244,60,188,119,609,157,88,4056,1495,28,290,0,641,243,496,1952,3330,823,1111,2435,8,381,2937,230,5050,40,3434,992,594,44,961,758,4,435,57,2078,182,1066,320,15,4001,617,500,305,55,137,1503,901,1729,2472,263,630,1272,446,107,4024,111,93,1575,324,610,309,1648,234,1423,578,1285,8,200,778,2173,8,34,47,709,128,787,151,5409,0,254,104,40,390,3064,154,29,13,1458,341,54,23,255,3,768,884,43,385,1601,466,899,894,690,236,1931,710,0,1955,2209,976,1534,174,248,14,13,429,475,200,0,549,129,32,877,390,350,528,6,1739,425,161,78,2498,405,58,167,1601,516,5492,957,3115,2072,759,91,2685,22,145,2021,9,889,0,569,1801,3730,41,306,5438,244,2,1750,401,82,28,191,188,2542,150,587,326,2654,169,2,767,1744,108,170,82,241,267,21,135,52,2900,514,841,106,154,26,339,67,695,1001,1525,251,63,1024,3,1054,119,3400,296,2325,3150,974,139,3514,100,934,6,2025,673,667,278,1068,343,1278,730,3293,9,39,2,2849,611,16,174,2442,1042,2402,0,454,548,1195,137,48,2,126,47,392,234,1554,295,2533,432,32,0,629,429,74,331,1869,13,163,712,83,3775,0,98,192,8841,191,1534,960,418,1751,7065,153,38,112,43,604,506,1248,506,1422,612,1374,190,3726,96,164,97,0,23,259,140,239,94,2021,63,1842,117,687,772,352,207,1216,1810,32,120,246,76,745,2268,1297,747,2052,76,390,119,73,1150,612,1148,200,2,4453,51,1014,3617,2,216,15,804,1362,0,402,158,344,939,678,918,1053,4559,197,374,152,100,1779,294,99,89,51,145,199,23,64,464,168,1671,203,202,372,217,785,148,226,12,242,93,155,193,1516,40,688,518,873,5,104,28,156,1206,244,83,215,191,0,23,750,52,950,44,1,2357,2994,391,42,196,1853,933,81,2370,461,45,14,116,1083,226,18,78,411,95,55,8,126,10,565,47,0,1441,1430,417,241,147,678,1909,385,392,2393,3839,1194,311,314,0,62,100,579,257,0,116,503,208,797,870,188,38,104,172,2852,35,598,43,1737,242,555,144,64,1255,1473,346,223,1726,6,2,970,2036,170,248,451,1996,425,286,441,1747,871,1318,53,434,167,417,152,449,2662,22,58,451,2265,10,1593,1832,1100,5,350,106,266,1520,802,504,419,272,1683,7413,105,2338,185,7,617,128,312,601,74,1036,55,390,103,513,338,1746,286,1160,5122,305,651,1314,2040,250,2895,5013,165,119,1003,100,713,673,290,5199,36,211,3564,487,805,176,1652,4151,165,2346,3573,96,1175,304,1942,969,7,372,47,570,143,8,51,196,4413,1,28,2202,2322,129,1975,183,2841,149,745,1937,86,1043,476,745,1094,7,2643,66,35,151,1485,368,1961,233,164,1415,229,238,274,1510,1012,1595,61,19,20,6,666,249,132,592,1498,197,144,76,600,149,80,126,665,20,55,198,403,29,79,212,117,3569,827,2422,279,3,2414,407,2,448,10,2,526,1029,199,222,970,3527,75,1376,2325,109,286,435,72,204,384,104,499,2315,1,701,278,52,590,241,366,37,888,193,10,894,3673,1,461,1285,391,18,1338,840,1519,716,245,3330,1187,1698,952,875,185,148,44,574,321,2362,584,356,1359,137,95,0,508,182,297,740,114,2522,214,393,6374,554,2534,380,4,0,203,280,1254,57,1153,938,4326,21,537,387,186,1242,3925,824,232,2110,1922,284,0,280,1091,916,610,28,1693,2,1731,472,1646,29,110,19,2570,167,1190,642,943,20,171,303,445,314,2048,384,689,327,336,1752,438,514,2085,2873,63,24,1092,49,496,1883,841,662,160,1996,180,247,0,335,410,3167,1343,1586,160,7921,928,26,105,446,835,1076,969,193,3922,0,943,523,26,173,729,827,3,32,34,1312,26,3202,2702,5,3306,1641,1816,1193,406,78,59,385,88,4081,95,926,1117,586,405,1336,194,72,2,589,65,350,282,276,203,151,25,1082,1489,137,455,339,566,259,43,1126,18,1,558,246,4245,599,920,3862,7,664,1021,1116,1186,808,395,480,15,9,63,94,42,218,3019,14,739,2020,65,105,25,3228,431,4,235,1610,597,389,53,2010,4960,2161,1150,1119,345,341,793,420,411,387,211,1326,13,497,1142,615,1006,5097,1109,45,617,136,3998,3653,1600,780,195,491,165,171,921,37,1250,549,697,0,100,223,963,50,119,7,309,1001,824,651,7683,405,93,946,152,957,950,38,909,357,478,14,1969,465,1369,2100,303,2964,16,4264,277,293,355,65,723,1074,1890,82,23,50,237,1,116,14,222,3157,694,1021,1191,7,29,665,170,338,810,2242,949,3617,558,350,64,25,672,215,1684,84,63,594,1520,671,107,4160,63,632,6976,852,624,1177,0,1290,943,378,4,6,690,407,151,411,2263,328,0,134,4187,117,459,20,87,908,69,223,44,61,1132,27,1515,1680,4899,3247,644,47,1,841,31,5,258,1062,1075,55,133,83,145,1891,643,27,3914,516,344,97,2314,1310,137,2253,383,1575,793,878,12,744,2587,190,1862,357,566,75,702,192,54,559,221,194,40,2393,201,186,580
10,0,145,19,20,3,26,1,0,17,96,1,129,59,2,66,196,3,293,10,12,0,0,36,65,4,553,52,125,28,11,3,46,28,59,2,12,6,6,24,13,25,138,641,93,6,12,64,23,23,20,4,10,3,0,50,2,7,7,25,21,0,7,5,51,1,43,9,2,7,9,8,11,3,121,0,155,9,29,15,49,28,1,26,0,57,22,10,24,218,71,0,9,7,957,16,70,21,746,8,1,13,23,35,0,22,1402,0,6,5,6,10,2,11,2,3,1,3,4,0,89,2,16,16,326,6,2,33,1,0,18,52,38,25,13,9,26,15,93,20,1,1,19,1,10,25,7,4,108,0,5,15,34,52,17,0,0,14,45,35,42,93,4,51,1,7,10,8,67,12,35,153,52,3,2,4,82,13,1487,2,54,4,26,61,867,43,68,8,33,32,36,0,23,7,7,0,12,0,30,0,2,1,12,8,74,699,11,12,7,22,2,15,79,0,3,20,1168,6,47,3,3,17,1,12,6,0,9,0,350,180,0,75,1319,0,3,29,36,1089,10,32,152,1,49,40,14724,3,3,5,3,14,91,94,180,0,6,26,13,16,11,3,28,21,23,27,10,32,0,87,1,22,39,18,27,50,16,1,23,5,64,28,2,1,15,1,2,33,33,129,13,3,0,8,5,2,144,0,73,19,9,27,13,50,1,184,1,47,5,4,4,5,5,25,64,2,14,35,163,22,1,2,9,12,0,16,11,5,236,225,54,0,98,691,14,4,47,39,2,1,13,13679,3,0,11,2,14,5,8,15,10,1,37,8,2,27,84,1,0,4,4,119,0,1,45,2,0,1,16,3,10,1,3,5,253,1,2,2570,1850,13,11,1,9,166,82,30,25,14,2,741,285,4,0,100,79,11,9,12,1827,10,1,7,0,8,0,4,36,25,178,0,3,9,5,11,32,4,0,0,15,10,17,9,233,9,36,199,33,4,10,8,0,37,3,43,1,9,50,35,564,19,1416,0,1,534,67,66,3,138,61,35,2,2,35,131,60,5,1,72,30,8,0,61,2,2,95,13,2,6,6,1,0,21,2,1,5,128,74,28,12,14,16,39,43,0,35,13,3,12,3,0,8,24,13,22,0,0,35,24,10,186,0,9,7,403,54,3,32,2,38,24,29,16,17,219,19,4,40,3,88,6,28,137,1,28,0,5,3,2,73,743,34,1,1477,3,23,0,46,77,252,4,1,259,7,3,108,1,91,1,118,39,13,6,133,12,13,4,2,0,5,39,265,0,3,2,28,8,2,52,25,5,2,5,4,3,5,56,4,118,3,2272,3,12,23,54,2,2,23,1,12,61,23,19,37,15,0,17,0,10,46,45,6,11,5,2,41,395,34,0,219,1,34,30,42,0,17,5,17,0,5,82,5,0,67,5,5,0,0,0,19,37,1,118,14,2,280,3,18,3,130,49,7,19,60,60,10,95,227,5,13,6,1,0,8,1,30,256,321,6,352,1,0,4,52,204,8,4,13,6,5179,0,2,936,163,3,304,23,2,34,6,80,65,12,165,3,33,441,281,81,1,35,175,2,108,3,3,2,67,23,1,1,538,124,0,1,585,43,6390,37013,5,35,6,41,84,1,2,2,286,70,1,4,161,117,2051,96,677,3,45,35,9,30,1,3,18,2,45,0,1,1501,9,1,19,67,34,0,0,0,3,83,17,19,1,57,214,111,8,167,4,205,6,20,24,59,19,0,2,16,346,71,8,299,4,504,58,75,24,12,4,34,5,13,97,1,5,1,429,82,11,681,5,7,1370,66,15,21,1,5,85,4,4,4,0,49,3,1,82,4,1,0,7,9,1,12,0,2584,14,228,2,5,8,20,3,1,2,25,1,240,31,3,3,224,50,2,38,2,32,25,66,5,2,12,8,46,584,4,421,232,17,1,1,4,153,10,1,12,6,286,12,1,17,0,3,408,14,51,9,51,28,9,24,45,13,290,69,2,5,42,24,70,12,60,8,0,569,3,36,13,65,0,18,1,89,0,14,8,4,46,16,4,5,6,0,717,119,27,12,108,20,21,5,85,9,7,28,72,5,17,15,0,19,32,3,10,127,1,258,4,134,1,10,53,8,1,53,12,3,21,19,65,297,0,13,109,45,41,70,26,2,29,0,162,0,2,13,19,28,11,3,11,0,29,34,8,6,63,1,31,4,0,42,84,5,79,3,19,1,1,22,131,47,55,134,33,48,5,38,14,55,49,20,120,60,12,4,0,1,218,1334,2,0,6,26,53,0,335,1,0,15,13,1,48,3,19,13,205,0,549,9,13,8,8,0,198,42,106,0,224,145,0,1,2,4,51,107,4,5,3149,1,12,11,17,7,6,3,15,27,9,0,7,6,0,43,22,7,169,13,27,79,82,1,3,14,2,8,119,4,0,0,30,3,6,0,42,26,2,0,64,5,0,5,123,56,17,188,0,80,32,18,0,3,758,1,4,67,223,3,6,0,2,7,6,2,26,2,9,27,566,0,1637,7,36,1,0,9,12,144,82,1,5,38,6,6,11,2,22,4,0,21,14,4,2,116,77,212,40,2,24,19,282,1,4,3,2,230,5,4,576,6,1743,3,30,0,2,0,118,67,134,16,214,586,1,49,101,17,0,7,16,181,16,247,0,144,18,2,86,1,31,1,18,6,8,180,2,15,4,0,65,267,236,1,766,0,49,90,42,1,19,2779,18,16,4,1,197,2,4,39,22,1,19,18,468,2,27,0,2,8,105,14,9,177,27,96,349,3,19,1,388,2,140,0,38,17,31,2,10,4,1,263,173,56,72,342,1,1,110,47,1,3,62,0,4,36,46,58,10,1,75,7,1,402,64,7,34,23,22,444,34,6,557,16,78,43,6,379,14,42,6,22,15,125,0,23,189,0,0,0,8,1,9,14,8,3,0,75,17,16,7,3,6,5,4,14,2,26,16,282,1,124,22,14,114,0,93,12,10,0,78,24,118,7,25,102,5,9,1,0,66,3,529,127,10297,16,196,12,23,14,1,3,6,0,78,119,28,10,11,205,99,234,0,23,10,11,5,16,9,334,26,57,29,275,5,70,9,7,79,13,2,7,24,37,15,7,1,0,2,874,141,6,4,9,81,26,94,5,46,13,1,14,15,118,32,5,13,102,75,1,10,11,24,37,5,6,9,8,2,316,1,55,741,24,26,358,78,139,1518,3,3,32,0,11,2,333,1,43,335,0,282,1,8,21,2253,679,14,0,9,10,74,3,3,1,10,33,11,0,5,49,29,19,12,89,3,10,23,14,7,387,311,6,24,52,81,0,30,3,2,7,49,12,153,3,0,42,14,6,0,21,0,6,1,14,48,805,0,8,41,0,19,24,21,464,39,2,116,23,8,67,58,1,9,20,3,2,1,4,60,2,8,44,9,3647,10,123,30,285,231,4,2,5,5611,98,0,40,2,5,76,5,302,3,0,15,691,7,3,26,17,6,29,571,7,2,17,1,2,11,196,14,6,90,70,1,6,10,50,1188,320,1,537,4,834,3,3,2,40,10,4,468,4,0,64,94,45,9,56,8,0,2,0,308,3,35,168,4,0,4,0,44,6,11,0,11,5,7,41,39,6,1341,73,2,229,3,24,14,42,594,35,0,1,0,12,28,148,0,3,3,2,4,26,70,49,42,18,6,4,32,0,1,7,9,4,1003,1,1,1,0,380,145,28,21422,14,11,0,0,9,8,27,28,15,29,2,7,4286,3,1,55,25,417,0,1,1,7,5,191,1,155,2,43,5,49,0,5,3800,3,0,6,3,122,2,210,28,43,24,575,47,73,137,0,15,63,4,0,144,1,100,6,13,1,3,6,3,2,127,167,16,18,188,27,29,4,13,1,0,0,4,38,466,185,15,48,751,14,24,9,0,0,604,1,2,0,242,0,572,5,13,200,17,6,4,9,24,38,208,6,4,10,0,3,42,1314,3,14,13,0,108,112,27,42,2,0,134,67,6,16,35,196,18,39,55,383,2,5,266,9,2648,10,24,120,57,542,9,2,3,488,30,0,31,0,0,132,3,6,2,5,3,36,0,1,247,1,22,21,58,0,47,35,30,8,0,11,67,23,11,1,0,80,50,1,2,278,248,0,2,0,5,0,0,3,1,0,0,17,5,5,82,24,12,43,18,9,9,208,127,19,0,2,117,24,5,109,97,1,13,0,81,13,5,12,35,11,84,17,14,5,7,117,4,74,45,87,84,12,99,10,0,23,39,1,0,9,9,3,1,1,70,31,143,20,4,91,7,0,44,35,42,2,10,2,0,508,3,16,623,27,116,3,36,177,2,24,2,1,10,10,22,37,568,11,11,1,15,82,690,2,13,10,7,113,40,4,18,121,1,0,13,156,69,2,7,17,1,88,22,1,0,36,149,1,36270,13,73,6,16,16,2,1,2,30,8,29,0,40,1106,14,0,17,297,153,13,0,0,24,5,5800,5,86,18,1,11,0,3799,10,16,0,71,34,2,1,54,3,34,4,15,52,8,28,16,4,35,3,2,4,17,0,5,4,1,290,64,14,12,91,2,54,22,53,5,0,15,6,7,7,18,3,3,64,8539,438,53,9,4,10,42,25,22,1,8,3,1,14,3,0,0,0,9,3,43,1,33,26,33,113,121,3,0,3,4,11,77,24,33,0,12,16,5,31,3,192,15,11,13,1,7847,151,244,62,12,0,17,41,7,8975,17,8,12,3,4,15,123,36,2,12,1774,13,5,293,0,293,137,5,7,5,22,2,97,3,95,1636,31,10,0,41,42,16,6,532,1,23,0,50,3,67,51,18,0,2,11,5,0,71,389,75,96,2,0,1039,9,12,2,9,4,5,5,3,34,39,119,14,121,17,71,1,49,6,0,6,9,34,36,30,2,4,62,7,20,0,87,1,97,19,26,6,0,20,198,0,532,213,270,13,66,10,32,14,11,160,0,18,12,0,2470,9,47,9,7,35,97,14,0,121,37,7,11,6,112,1374,0,0,3,48,2,15,28,2,22,1,32,60,4,0,76,118,14,22,38,1,10,1,4,48,0,2,1,10,2,0,2,1,6,946,0,18,18,30,11,241,6,22,17,7,149,30,8,0,0,20,9,12,0,141,19,167,475,117,4,10,12,143,155,13,5,0,7,175,3,22289,138,4,0,19,0,139,107,126,8,279,14,22,201,47,54,1727,8,10,14,151,124,501,1,3,0,20,4,11,213,2,12,13,0,3,6,15,40,153,2,33,24,33,3,124,50,4,14,18,0,1213,19,14,0,3,16,248,99,93,12,2,102,6,3,0,65,6,216,3,1,1,23,6,13,46,3,1,0,63,8,0,1554,1,48,7,35,26,27,49,6552,3,0,1,22,1618,9,28,1,116,6,3,144,3,649,52,5,13,1,15,40,0,1,16,54,19,2,49,54,378,36,17,138,78,104,430,0,14,0,887,96,4,1,39,3,9,28,106,20,4,53,5,370,88,66,38,40,24,0,123,105,1,17,1491,8,257,48,0,2,18,41,41,42,3,5,9,12,23,14,17,3,1,6,1,18,0,6,3,53,21,131,0,37,77,34,3,157,48,2,8,3,37,4,12,1,0,2,0,0,3,3,0,19,57,0,112,440,241,59,7,3,0,338,30,0,8,16,0,45,1,14,8,5,2,92,37,149,2,0,15,8,24,61,93,231,1,222,3,11,4,252,6,11,3,543,47,11,0,1,17,34,89,5,10,13,2,5,21,73,109,0,2,16,1,17,13,5,0,44,0,15,17,3,4,7,0,3,45,0,0,31,39,2,239,7,9,15,1409,0,33,3,29,0,2,65,67,909,1,0,0,109,1,4,3,13,33,148,55,289,0,506,3,757,28,12,12,829,3,5,24,32,18,11,152,16,244,750,5,7,22,8,1,46,1,9,20,23,19,6,33,9,2,0,11,3,290,6,22,9,6696,5,388,1,68,1,612,4,10,3,2,4,37,3,48,94,7,7,0,10,21,104,15,456,21,51,1,908,4,32,4,1,11,1,67,0,15,9,76,13,20,2,0,2,8,14,0,11,12,3,2,2950,1413,46,6,2,17,629,41,15,0,48,20,5,114,97,28,4,89,293,9,3,9,4,13,0,1,290,1,4,141,10,2135,0,5,1,6,90,4,5,6,0,2,52,1,3,712,19,170,0,0,2,37,1,3,0,439,0,11,37,74,0,9,22,12,23,3,94,40,2,9,2,31,3,37,351,11,6,5,0,83,7,16,30,6,47,2,26,9,5,42,0,0,244,0,59,4,15,32,7,5,64,57,21,7,5,24,79,10,14,5,4,1116,6,22,177,2,5,2,6,3,13,1,8,0,22,18,53,8,17,2,2,1,15,6,27,1,41,10,1,12,63,3,74,2,8,1,20,0,1,0,39,42,32,17,0,0,71,0,9,5,5,1,119,10,1162,38,27,3,100,24,1810,0,409,117,2,12,190,11,12,13,0,53,15,6,763,0,20,38,1,5,1,11,15,19,17,77,3,13,37,31,4,6,4,210,1366,55,30,63,22,24,9193,10,9,9,35,893,1,77,2,13,28,22,5,0,6,9,4,12,37,6,8,26,78,4,46,1,429,6,7,0,7,322,1341,36,264,6288,5,3,10,0,114,26,4,21,8,44,19,2163,10,409,1,60,26,31,30,9,116,0,53,88,16,1,13,2,35,179,2,284,1253,7,34,7,0,28,150,68,2,26,384,1,6,5,8,5,75,28,34,1,70,0,9,1,23,10,976,2,4,1,3,4,0,51,3,30,6,24,35,85,0,81,4,35,85,243,13,9,38,15,157,180,9,50,67,0,25,186,20,81,2,0,4,0,53,191,7,44,28,537,55,298,8,3,12,1,3565,13,37,8,8,55,5,30,13,13,73,12,0,9,21,276,8,2,81,30,9,17,17,1414,51,0,188,3,0,31,49,7,20,5,99,730,8,191,24,53,1,891,29,240,23,0,5645,3,0,9,0,3,2,2122,108,271,694,3,9,14,30,54,63,278,182,13,17,18,1,0,305,15,0,37,880,24,284,38,0,1,348,1,7,2,0,40,89,91,5,31,504,3,3,94,14,4,3,7,496,34,17,18,4,1,1,46,28,63,510,3,1,0,6,35,18,17,59,4,89,35,9,4,7,67,1,9,481,43,6,5,25,38,9,17,6,1,0,105,17,229,2,11,1,28,20,12,65,3,0,1,11,2,103,26,274,0,12,34,7,85,4,34,19,6,32,0,157,19,89,3,12,281,8,29,0,18,38,6,29,3,3,20,0,2,22,8,4,32,32,1,155,21,2,178,1,23,9,5,2,0,2,48,37,4,7,1847,207,3,104,32,155,33,84,33,22,2,112,51,1,28,3,221,3,7,178,13,14,927,10,0,175,2,14,905,651,0,1,14,72,2,1,124,0,0,2,40,31,29,70,103,21,14,17,8,2,3,5,20,327,4,111,1,65,32,41,0,15,187,30,0,12,0,14,16,18,2,1,0,638,12,0,58,31,5,45,1,160,89,7,62,39,0,10,5,3,6,14,28,9,14,244,52,20,7,0,0,101,9,7,64,9,63,71,29,10,2,323,4,2,0,1,81,0,4,213,27,21,1874,22,0,245,108,4,23,30,232,21,1,10,39,6,117,0,42,2,0,130,9,0,16,82,3,63,35,35,6,9,5,15,153,62,65,12,214,1,1279,3,7,9,41,84,5,6,18,85,5,30,0,44,0,6,15,2540,169,0,0,0,206,66,2818,335,83,474,11,0,7166,5,45,17,5,8,209,0,3786,71,8,19,5,0,0,2277,8,3,244,41,30,40,167,1,3,0,56,10,0,3,113,2,1,92,25,2,166,0,3,18,32,2,25,7,505,11,0,9,7,0,13,65,231,6,16,1,1,0,0,31,6,227,11,4,0,95,1,39,26,15,10,46,814,25,4,4,16,0,143,5972,0,8,7,21,55,170,363,5,0,91,362,0,7,9,21,3,2,1699,6,117,18,15,86,20,58,0,135,9,40,0,20,6,4,49,28,1,1,25,61,261,6,4,17,11,1,165,224,53,4,49,20,117,13,1,2324,7,0,86,319,0,43,2927,14,4,59,1,100,16,6,5,0,0,44,161,0,18,0,13,232,0,12,0,0,513,1,10,8,28,131,4,3,1,5,4,3,10,2,27,15,0,522,0,4,13,10,1661,4,31,0,1,10,22,290,12,1,0,2,0,4,4,153,27,16,19,11,52,10,1,1,6,4,22,14,92,6,107,0,42,3,4,7,2,12,34,1,19,49,88,14,0,1,33,0,8,9,40,155,0,0,2,6,51,15,136,24,9,2,0,1,0,11,3,24,51,57,2,11,1,15,2,264,179,65,1,0,6,9,216,24,101,478,18,3143,3,0,7,10,1,0,102,24,63,71,1,31,12,13,756,0,13,3,9,1,17,654,23,8,74,2,64,5,0,12,1,0,26,3,4,33,227,297,10,565,225,15,14,7,0,18,4,79,4,0,2,31,27,27,114,10,6,16,7,47,42,4,10,7,4,644,15,1,8,232,12,13,14,22,656,141,17,5,26,21,5,13,0,13,1,56,20,24,2,0,3,24,44,0,7,1,2,10,28,2,122,7,4,24,0,0,2880,314,41,1,21,7,102,42,2,7,174,102,8,26,170,28,286,2442,10,406,646,5,18,17328,8,9,0,0,22,8,1,2,241,1,39,0,9,1,1,23,110,0,11,146,4,28,37,0,109,381,9,7,9,53,0,5,13,38,1,80,10,7,1,461,3,21,0,3,53,0,17,34,1,20,50,16,12,9,9,27,55,15,127,46,166,12,22,2,105,11,160,19,39,62,17,4,1,1,41,7,1,15,9,47,55,16,7,28,0,12,10,8,17,185,12,42,119,97,0,14,76,105,46,4,67,2,30,3,2,15,44,8,34,38,79,105,7,57,66,24,116,5,28,0,166,38272,1,100,8,34,302,3,111,59,255,24,28,55,5,0,1497,9,0,1,2105,52,4,8,97,3,0,9,28,1,10,2,4,2,83,61,59,3,0,17,43,9,75,0,5,9,11,2,5,12,15,3,12848,10,4,1,12,1,189,6,73,17,43,2,8,10,0,0,18,3,281,3,22,1,11,56,0,103,232,3,9,92,5,4,4,82,12,14,22,19,8,114,15,2,42,5,11,11,7,4,7,20,13,0,15,21,11,5,0,1,1795,51,65,14,39,94,2,5,1,8,36,22,17,44,27,7,124,134,62,3,1,16,0,34,5,14,27,5,15,5,4,0,5,6,1,82,21,16,2,12,11,225,16,116,0,13,0,1,0,1126,312,11,0,11,1,2022,15,15,90,6044,20,38,25,10,41,51,3,3,24,172,0,4,129,6,4,4,35,77,1,494,2,453,6,1,13,71,24,283,36,13,97,18,63,4,66,13,178,30,493,0,27,55,19,41,1,4,2,53,89,34,122,16,4,21,6,5,3,41,0,16,12,2,11,574,0,10,6,36,17,107,24,1073,92,34,29,1,230,92,33,2,12,1,0,5,1,110,26,15,101,2677,25,249,1727,8,7,212,3,152,8,116,1,82,6,2,485,8,7,1,144,3,5,25,102,22,8,639,19,4,15,35,45,6,45,81,97,1,4,55,13,10,37,8,20,2,11,1,8,2,0,88,1,360,0,13,333,0,4,5,107,124,538,4,67,5,12,93,136,29,50,5,5,2,0,2,104,0,2,4,6,15,207,0,31,2,666,22,337,0,125,5,0,9,116,3,1,355,40,1,21,14,51,27,164,3,101,6,3,10,0,15,85,15,46,3,694,7,29,39,8,17,3,11,6,46,7,2,20,42,13,1,18,13,30,12,37,208,134,4,163,25,163,275,6,219,437,12,12,0,52,0,0,89,7,27,0,14,0,149,37,26,2,3,17,1,18,1633,2,6,17,39,0,15,136,157,72,18,58,1,0,278,3,204,8,6,8,1,27,1,15,1,45,2,4,45,320,9,63,14,12,1,7,30,2,0,20,4,26,52,0,12,644,7,12,10,46,90,2,36,39,476,63,24,25,112,6,5,256,15,5,2,1,97,9,131,0,20,11,1,50,0,17,2,1,2,3,41,16,68,46,133,88,66,7,0,525,749,229,0,0,4,309,8,43,406,93,2032,1,7,16,6,340,282,6,0,271,2,0,82,3,3,709,6,5,0,23,184,63,15,21,73,83,39,55,27,110,3,253,139,78,0,42,4,259,65,5,107,7,19,146,0,30,63,20,2,11,14,6,63,302,19,9,73,18,143,16,11,43,7,10,25,2,136,0,2,3,168,63,338,4,97,41,0,3,1,13,90,10,26,20,19,9,10,82,15,0,7375,14,31,31,8,2,5,153,34,18,1,5,1,135,7,122,4,9,0,388,28,4,60,9,6,18,140,0,81,1,4,75,103,89,3,0,43,42,12,3,18,53,8,27,37,1,13,0,59,84,4,13,61,180,0,1,12,2,27,1,0,6,7,32,16,4,530,74,25,9,22,10,24,71,30,5,19,3,4,0,4,13,46,10,156,4,10,115,51,9,25,26,156,175,3,11,20,154,6,0,10,0,9,373,40,0,5,0,24,18,13,1,91,23,18,15,225,4,8,9,0,14,408,1,0,51,1377,16,370,308,0,31,10,2,27,58,3,9,3,9,38,17,2,3,57,35,109,0,4,16,0,4,1,453,11,1,67,0,118,4,42,63,2,3,10,9,0,4,122,13,29,29,6,25,3,37,13,18,2,7,4,1,187,0,385,10,4,15,57,37,17,23,121,20,2,27,8,2,131,85,15,3,24,79,0,2,48,4,0,2,50,0,6,775,34,4,16,1,63,12,1,2,151,1,262,2436,12,8,25,126,1,1,23,26,0,0,15,0,0,1551,116,0,10,36,18,31,49,2599,7,636,0,3,8,15,235,0,4,4,1,50,77,30,9,7,5,1,0,2,2,4,15,14,2,5,0,20,0,15,8,1873,829,116,9,30,0,7,0,11,65,1467,0,9,9,0,12,903,7,34,351,57,12,2,375,23,42,57,29,0,7,6,40,7,3,12,15,1,1,3,2,1407,0,7,2,32,3,8,0,9,33,6,0,163,5,45,38,10,47,13,1,16,4,3,70,1377,6,16,16,41,10,10,2,5,49,130,1,3,6,6,2,3,2727,1,6534,24,109,3804,8,24,7,2,4,73,0,0,8,0,33,635,63,135,10,20,4,0,60,6,24,117,60,0,136,190,91,2,54,14,4,14,52,14,13,57,9,3,89,164,718,25,16,21,28,2,135,98,183,6,14,0,4,12288,8,54,12,2,10,87,1,0,3,0,49,98,8,135,2,5,27,2,1168,58,8,5,5,0,926,29,120,18,3,3,0,3,513,31,0,7,12,0,81,345,16,194,4,0,3,6,38,1277,9,0,186,2,17,4,1,0,1,3,0,2,46,8,43,84,1120,4,1,14,0,7,15,158,5,1,5,2,0,17,4,2,0,1,0,128,2,3,73,1,6,29,296,68,0,9,76,37,42,279,1,12,0,44,2,99,28,194,154,24,24,111,15,48,6,1,16,27,15,6,5,3,9,0,6,24,110,8,18,13,53,21,2,27,1,15,29,136,10,24,0,259,13,12,946,1,5,4,0,10,4,18,1,13,194,3,297,3,93,64,87,13,2,3,62,31,176,44,328,1,101,3,6,90,0,4,36,21,13,10,13,1,2,3,1,24,17,0,2156,6,42,112,8,16,9,14,21,190,93,0,17,689,548,7,64,5,27,23,228,1,1,26,11,938,23,2,0,4,2,6,0,296,14,0,7,2,39,145,1423,1,20,3,44,8,105,6,3,361,0,93,1,1,0,48,0,20,16,1,72,1,38,10,67,82,59,48,12,2,4,53,390,1147,1,16,1233,4,15,56,7,9912,113,13,13,1,3,1,0,17,25,597,19,11,10,48,16,13,16,14,18,2,1,71,2650,0,56,9,95,7,11,40,58,6,9,99,16,2,29,58,44,63,50,696,499,50,2,17,164,48,59,1,81,1,52,233,2,12,1,2869,0,4,40,16,1,2,94,47,41,3,257,3,1,15,0,69,0,85,11,36,57,284,1,15,16,308,246,1,3,64,30,1,43,117,11,247,70,171,2003,9,10,0,2,2,23,4,2,10,2,22,1,0,15,99,1,256,50,2,0,6,1,0,3,5,265,0,5,0,90,161,11,442,10,11,28,13,21,189,80,18,2,22,4,17,66,21,5,62,2,7,0,7,1,2,0,3,16,19,29,2,4,20,13,28,36,6,68,1,6,1,7,1,35,2,26,5,3,0,4,30,24,29,3,1,28,39,39,34,22,2,13,344,15,3,1,13,160,11,29,0,10,1,1,9,192,7,1,102,31,46,1,0,1490,45,3,152,23,2,34,4,10,352,8,774,96,23,0,73,6,0,79,12,161,4,7,36,989,4364,13,96,13,307,2,40,11,77,4,84,139,12,33,121,87,1,41,103,34,2,19,1,8,86,0,135,18,2,94,44,29,1,325,4,62,8,4,5,43,2,5,16,0,7,10,50,83,170,2,0,25,333,16,24,6,0,44,15,103,4,22,1,18,259,0,163,275,33,1,13,146,3,12,0,0,28,34,7,29,7,0,72,26,19,7,41,39,434,155,0,1,3,5,8,4,50,17,11,2,4,72,21,343,16,14,15,3,29,2,1,185,23,1,67,82,80,27,139,34,2,73,44,81,9,66,3,61,35,1,7,23,19,2,5,7,0,6,5,121,55,135,431,0,1,53,19,1,9,19,580,3,22,14,0,630,135,0,14,14,5,36,40,3,1,79,63,4,6,475,0,2,0,1,111,184,46,18,19,0,3,5,356,2,10,21,14,1,1,4,68,285,1,51,0,318,216,5,134,20,1,14,920,0,151,25,397,63,34,9,0,2,12,24,1,89,17,2,17,7,26,108,1,38,3,16,29,7,191,0,0,0,60,2813,116,29,13,92,5,0,9,26,1,0,490,21,8,0,28,1,18,3,0,4,25,54,14,0,0,5,196,3,1,39,853,1280,6,7,0,0,10,82,4,6,71,103,51,0,416,52,33,33,0,6,1,13,1,31,37,0,84,31,25,5,1,105,21,9,5,27,22,898,768,13,0,46,23,9,76,0,63,2,10,178,25,70,5,1144,26,922,3,263,6,1,36,17,9,1,0,37,13,23,25,1,52,41,17,70,62,608,45,90,0,63,11,69,2,85,109,337,4,15,114,38,6,14,36,0,7,48,44,6,17,0,208,1,13,147,6,74,0,39,8,1,35,37,112,1,5,5,30,34,18,21,13,9,5,343,0,21,107,2,1807,0,12,51,7,2,8,118,53,139,83,5,1,35,2,1,21,2,1,15,3,45,43,78,11,2,9,69,1,149,5,46,18,15,142,0,0,29,33,181,19,1,6,2,3,4,1,128,3,55,289,3,100,74,5,20,2621,6,2,43,3,0,38,5,4,97,6,9,5,159,3,24,25,3,2,17,8,2,8,62,1,12,22,8,13,18,59,31,25,2,2,2,2,0,397,2,43,3,13,11,187,4,130,51,115,46,1,38,17,464,22,3,1,3,80,0,2,61,236,137,44,5,10,5,27,28,50,1,2,87,6,22,19,0,533,3,354,1,15,113,16,2,2,13,59,32,27,23,34,1007,4,44,3,3,4,0,38,0,0,4,36,2,1,804,34,16,188,50,448,54,74,0,20,23,0,139,6,57,93,0,1705,2,2,33,3,12,0,38,7,3,4,76,12,40,1,0,11,24,0,2,1,70,60,26,25,88,13,20,12,1,7,2,16,9,73,10,101,1,4,298,6,0,2,196,12,3,23,16,25,143,15,4,22,9,1,127,143,8,51,2,0,2,55,3,10,11,6,0,13803,3,2,5,2,2,143,22,31,114,24,134,0,8,18,0,1,6,11,49,95,35,2380,46,62,1,1,0,10,49,1334,54,1,144,118,44,72,41,18,29,31,3,5,77,44,1,10,13,80,1,4,0,1,0,1,0,6,31,1,478,0,2688,6,2,21,41,733,70,83,61,12,3,23,10,13,2,11,24,298,689,9,6,357,19,2,12,3,4,7,10,21,14,6,0,222,1,90,2,79,4,152,2,7,1,3,1,0,33,46,342,9,5,17,0,5,10,16,34,10,1,10,8,9,2,0,30,4,4,63,8,126,12,244,5,10,443,90,110,7,976,0,2,51,43,3,3,65,60,15,2,43,89,17,13,0,122,35,0,2,2,2,3,577,3,0,5,65,0,1,15,66,13,4,55,10,1520,44,103,0,6,102,85,1,41,6,6,1,28,3,1,2,338,1,5,5,455,239,1,9,9,16,2,2,2,0,9,88,0,41,450,104,5,8,1,22,2421,197,19,4,1,0,11,28,14,316,73,0,6,18,1,129,7,0,5,20,96,28,0,97,43,1,0,6,5,27,157,69,16,86,0,19,29,109,1,81,26,39,0,602,7,3,3091,10,28,1,9,316,34,31,10,0,0,2,97,1,2,9,73,3,32,458,9,11,15,0,25,42,11,45,14,18,2,111,79,1,36,15,4,17,952,3,38,7,1,105,58,155,2,4,4,10,38,19,20,7,2,13,1,2,64,5,7,0,1,8,5,101,22,19,24,7,30,173,16,12,61,3,17,24,4,4,15,26,51,46,6,3,22,4,8,55,11,285,5,0,1,200,51,22,349,28,195,9,2,1,1898,194,8,2,4,21,62,4,8,94,193,3,35,8,86,246,1,0,621,10,132,0,14,4,8,5,771,40,7,31,62,65,1,29,10,2,146,2,6,9,38,0,66,25,8,36,24,10,1932,24,70,2,72,5,11,4,14,0,11,52,11,26,15,14,283,101,13,2,0,4,62,56,244,1,3,3,1,220,178,13,163,27,21,97,3,4,1,167,15,2,0,23,10,300,2,17,139,3,39,583,7,62,29,1,115,5,36,0,19,6,14,89,4,5,1,28,4,170,10,10,17,149,3,2,4,8,0,35,9,17,6,44,16,19,8,1492,3,0,0,208,20,5,3,19,0,7,1,250,2,65,3,0,20,770,45,7,3,1,55,0,2,3,24,2,34,15,48,236,10,14,5,116,324,0,4,1,6,17,5,5,1,9,3,83,69,7,31,27,11,14,1,6,9,27,475,0,4,560,8,0,18,4,44,21,0,4,61,8,1,172,3,35,265,20,18,1,41,35,18,40,22,124,3,4,2,40,80,7,94,6,7,52,3,1,13,25,22,5,12,43,5,10,2,20,7,18,4,2,1,130,25,17,2,6,22,10,16,7,51,22,5,3,3,6,1,0,97,0,3,64,5,13,1,41,17,56,23,18,0,1,20,878,6,80,2,0,2,342,16,0,0,1,55,6,142,56,1037,7,10,100,2,2,4,0,1,1,18,8,2,100,0,0,0,5790,0,120,49,47,30,0,18,0,20,42,27,10,45,14,23,4,4,1,89,6,13,1,29,8,45,302,19653,7,1,44,170,19,12,1,36,862,4,1,1,411,313,7,31,0,21,29,6,4,456,77,14,1,21,2,145,0,11,15,4,8,18,64,2,6,2,0,56,32,1,10,0,0,8,0,3,119,15,0,6,16,88,8,10,26,0,265,5,24,1,3,2,111,14,23,1,4,14,169,106,11,88,23,10,16,0,1,80,11,15,2,83,35,11,241,9,22,1,13,8,25,18,12,7,76,5,6,3,8,98,2,25,3,59,40,21,13,6,66,5,5,1647,2,4,5,7,44,4,20,92,25,279,28,5,532,7,52,6,2,135,37883,3,7627,18785,241,2360,12,17,105,65,611,227,0,1,11,1,3,3,7,169,13,0,0,67,189,1,3,15,26,38,1512,13,1,67,9,339,46,0,182,59,0,41,7,44,15,65,28,296,23,49,4,31,3,17,65,4,724,0,480,58,2,23,17,4,126,196,380,15,1378,3,11,255,2,3,6,3,30,33,25,4,2,6,6,278,5,8,28,1,3,6,2156,2,247,12,4,10,105,9,620,17,55,37,14,46,0,4,834,46,8,5,1,13,82,15,1,0,9,80,18,3,116,32,2,9,75,1,21,2,0,125,5,0,111,0,4,0,12,298,31,29,50,11,2433,1941,8,99,156,9,6,9,45,1,6,1,37,32,1,72,4,77,13,125,6,16,33,1,1,3,17,18,11,12,5,1,372,6,14,2,27,0,14,2406,18,6,29,7,18,8,23,5,1,431,14,0,5,134,9,389,5,1,15,89,28,60,1484,98,294,32,0,12,13,29,39,46,12,11,0,9,2,25,61,7,13,11,43,60,37,15,303,112,3,1,14,11,0,11,35,9,117,1,1,31,0,4,106,100,2385,19,232,257,59,11,52,1,6,6,4,11,10,1,10,12,17,6,324,87,68,8,5,48,3,13,28,0,44,19,1,271,1,3,1,21,20,2273,9,6,26,5,2,14,36,14,99,16,203,62,7,0,36,18,64,23,491,115,35,4,4,60,170,766,33,78,99,4,31,175,0,13,0,0,29,0,16,70,6,100,1,7,19,4,69,16,3,5,492,2,33,28,1889,11,0,5,13,6,133,209,27,38,1273,1,11,12,0,12,1,42,0,168,18,20,54,40,6,202,21,2,20,4,2,3,751,1,11,1,0,0,7,34,916,1,6,4,0,9,3,131,2,620,31,21,7,10,47,3,839,149,75,86,2,30,5,2307,1170,8,39,3191,151,29,7,53,40,20,0,32,2,27,80,2,8,73,15,10,26,2,71,0,11,7,1016,18,107,4,735,93,22,1,62,1,51,18,57,5,2,15,2,1,16,46,3,3,7,2,207,36,2,19,11,71,2,6,12,1,28,0,55,2,8,3,59,11,385,13,99,113,0,1,37,8,3,73,56,31,0,71,1161,9,10,33,26,0,193,173,1,3,0,0,13,248,24,8,5,2,5,1,20,67,241,12,31,1,0,20,1,45,39,1,0,1,2,41,5,448,22,6,16,8,3,3,3,3,0,9,16,72,12,8,0,23,41,6,3,4,7,0,1,38,28,107,302,18,47,164,0,3,31,82,50,1,64,3,51,1,3,6,58,1,1,3,24,19,253,1,0,18,14,8,4,38,16,4,14,1,4,1,37,14,272,0,1,55,55,0,31,0,6,0,69,154,4,4,1,0,5,23,0,14,26,3,0,0,0,2,3,83,39,11,162,6,64,1,124,7,18,5,2,51,4,0,50,5,21,4,119,0,3,0,11,12,2,4,4,11,9,55,8,0,23,69,234,6,55,13,23,1,32,0,1,1,3,3,3,117,16,268,4,12,202,81,64,8,157,21,75,8,2,4079,1,108,2,6,41,82,15,12,139,12,54,4,3,571,0,14,55,1,116,27,18,0,40,73,15,2275,275,74,870,122,22,53,25,45,0,26,7,19,21,0,1,6,46,7,18,3,5,7,6,0,42,4,24,49,15,0,115,232,8,0,96,2,6,162,1,168,590,243,9,11,41,27,1,240,2,9,0,0,1,8,19,76,0,9,6,59,214,0,5,6,661,0,121,37,112,189,11,36,51,294,693,1,7,5,0,14,2,1,2,6,0,33,3,1,64,30,11,1,6,6,0,107,33,11,7,55,24,9,0,150,53,1,162,2,4,0,4,16,7,0,49,0,12,46,23,28,71,8,0,0,0,11,31,10,8,25,17,6,3,1,38,7,38,42,6347,23,28,40,20,6,37,0,5566,6,274,13,6,5,33,0,20,27,29,0,63,6,13,580,14,107,51,1186,39,91,25,2,26,11,7,44,20,204,3,1,12,134,30,683,85,2,17,3,12,9,7,13,0,64,3,1,22,3,130,0,39,9,12,34,2726,26557,0,2,137,13,3,6,75,50,3,165,145,30,31,50,98,33,16,291,1,14,34,12,32,79,16,10,100,2,10,2,514,0,6,2,5,4,0,9,354,15,34,27,187,27,7,7,57,5,89,4,3,7,306,8,0,5,37,112,5,4,75,1,15,23,25,1,123,3,61,1,15,42,240,1,1,3,4,67,16,0,19,1,33,0,5,3137,1,82,0,5,23,7,13,2,162,2,9,1,0,45,2,41,47,48,11,15,3,13,34,36,2,6,6,2,28,1,2,20,92,1,16,2,3,5,71,0,16,0,9,6,85,0,7,2,0,0,4,9,2,119,15,2,28,10,7,297,0,12,32,10,1,49,156,38,163,1,3,7,120,15,6,8,2,885,0,4,157,5,5,59,23,223,9,352,12,3,9,10,2,1,3,11,184,1,8,662,15,29,73,85,0,573,0,9,42,43,11,4,6,3,12,1,4,19,2,71,20,2,4,3,165,32,105,8,14,8,17,88,119,7,7,12,1,5,621,195,9,9,17,18,4,6,368,14,1,5,0,29,6,0,66,0,24,51,803,0,0,8,18,2,1,42,72,64,10,0,12,2,3,61,13,9,26,24,1,1531,14,39,72,67,2,1,2,1,17,18,5,77,5,40,1,0,464,26,64,14,13,0,4,3,3,89,77,19,4,4,42,40,0,2,0,15,0,4,1,35,94,7,5,25,489,203,0,36,90,110,6,1,158,51,1533,7,11,28,52,32,4,5,7,13,13,156,8,4,25,4,21,320,9,379,53,4,5,10,39,8,55,11,26,24,22,10,34,9,311,1,3,78,5,6,27,0,1,34,53,93,0,1012,89,59,23,23,61,42,3,38,2,3,13,0,47,30,23,2,6,2,6,6,4,18,1,35,1,0,1,9,12,572,1,60,348,26,45,4,0,0,6,6,3,119,52,109,5,17,8,117,17,8,7,46,3,1,12,3,74,0,3,1,54,2,21,51,14,212,7,942,25,18,8,5,3,24,2,202,50,0,589,10,91,0,1,0,24,104,7,110,73,271,62,0,43,77,38,65,81,18,43,187,2,0,14,6,102,9,21,2054,1561,5,78,18,2,167,1,2676,1,1,3,23,9,2,61,2,198,134,35,5,11,11,716,2,3,21,15,19,185,4,103,29,4,4,55,2,24,22,266,67,10,7,185,36,53,4,13,4,1441,462,167,2,622,11,0,49,31,12,20,0,6,97,55,18,10,24,60,2012,78,13,5,41,30,44,3,27,71,1,7,149,10,3,3,90,13,3,11,2,644,2,97,15,127,13,17,20,3868,155,3,19,116,24,126,12,591,182,727,17,429,28,4,1,1,8,3,13,106,1,687,24,30,10,5,32,75,12,23,2,1,25,44,17,1,0,61,5,12,110,94,19,51,1,143,0,7,75,21,35,69,0,12,2,1,35,26,35,5,106,7,9,1,23,22,27,1433,25,14,1,12,1,10,16,28,7,6,0,11,37,138,43,14,2,67,5,18,91,0,4,1,2,2,5,38,103,139,1,4,2,2,4,10,11,91,3,6,10,7,25,12,31,7,41,154,0,38,4,132,1,7,30,6,6,11,0,22,63,171,21,25,5,2,26,110,20,2,0,107,8,6,8,42,3,12,0,1,7,14846,8,75,9,11,4,1,4,32,88,8,18,0,11,45,17,215,2,17,44,53,15,48,2,95,46,9,125,117,10,1,5,3,8,4,5,7,53,3,1,2,29,18,121,299,5,21,2,14,12,5,3,13,2,10,15,1314,1,1,4,8,67,214,1,21,4,44,17,0,34,34,62,17,24,6,6,12,2819,4,7,26,0,0,2,5,2,7,56,1,360,5,102,19,36,1,18,7,44,12,156,3,5,35,66,15,19,2,2,2,0,1,73,5,3,8,0,594,273,7,16,1111,39,0,0,28,9,115,0,59,3,62,0,1,3,0,50,18,12,2,2,9,109,2,18,17,1543,5,4,1,11,70,77,19,41,5,1,36,0,1,9,1,6,30,2,2,458,2322,54,18,4,110,12,518,32,54,6,3,1,475,16,2,0,20,1,7,70,7,1,4,15,1927,61,92,11,1,61,4,95,0,41,25,15,48,35,1,17,167,11,1,27,9,40,1,497,7,15,16,314,8,115,15,18,22,2,9,1,2,126,0,2,328,0,0,19,4,30,27,11,10,0,4,24,21,39,34,36,7,0,549,14,169,5,12,56,10,38,7,0,7,14,44,5,1,2,19,25,15,7,16,82,17,18,1,251,1125,33,11,2,14,11,9,2,0,28162,7,2,169,5,6,592,0,11,0,16,5,0,37,2,48,5,17,4,2258,27,264,53,12,82,36281,24,41,92,4,32,5,3,13,109,20,52,322,5,0,9,171,3,70,12,6,5,70,3,2,0,0,25,274,138,221,18,16,26,19,6,5,2,90,0,907,28,6,18,27,80,23,72,1,1,22,157,6,3,7,4,4,0,5,10,18,40,6,5,1417,33,3,38,26,18,0,2,0,0,5,168,2,243,0,207,14,0,1228,47,34,5,14,43,5,5,4,22,29,34,41,10,10,0,9,62,1,0,19,39,976,69,4,24,86,5,68,2,33,76,36,5,5,2,10,41,0,51,1,3,0,43,168,6,13,1323,289,2,0,112,64,13,99,26,1,1203,0,8,3,0,3,6,82,5,210,400,0,137,68,26,56,8,0,0,4,7,331,15,1,2,3,18,37,54,40,24,42,4,1,750,3,4,15,44,8,0,15,147,22,12,31,0,24,28,0,3,28,1,16,17,836,0,37,24,34,5,29,34,8,4,0,125,127,6,325,0,11,331,15,19,2533,14,81,38,44,4,17,8,4,2284,131,0,1,39,0,16,3,20,12,12,2,0,272,2,61,41,118,4,15,6,17,61,0,12,2,10,60,20,2,18,98,7,4,0,69,240,6,20,7,21,5,46,16,87,10,4,48,104,40,28,492,3,2,42,20,7,28,14,3,1,91,44049,2,42,2,20,0,50,44,29,1486,27,4,64,23,188,18,680,64,5,280,379,4,2,106,1121,39,10,67,0,1156,2,5,46,90,18,13,5,50,1,1,32,1,9,29,72,55,12,16,11,8,20,4,24,59,9,738,7,32,57,44,1,1,14,8,5,63,0,177,65,7,1,1,4,4,0,155,47,0,29,64,9,9,614,21,1,14,13,5,1,8,8,62,0,11,9,0,13,3,2,25,92,14,41,77,1,17,650,4,19,7,14,4,55,31,45,3,124,9,8,3,3,4,0,15,32,89,99,646,11,19,967,0,1,0,24,90,10,4,58,21,2,21,10,25,103,1,82,22,2,57,145,212,102,45,17,15,0,0,116,2,0,1,18,14,26,0,11,3,31,0,15,841,15,684,13,2,3,6,3,14,61,33,7,31,20,53,583,0,0,11,18,580,3,1,24,22,31,8,14,89,3,18,5,691,127,54,291,4,1,84,1,393,5,41,8,9,1121,129,17,1,251,1,86,0,477,77,16,8,5,16,4,3,2690,7240,8,21,3,7,11,8,1,9,43,147,0,0,2,1,57,3,47,111,226,3,3,23,0,2,12,122,314,1,1468,40,3,2,743,37,1,11,3,1,4,191,78,19,5,20,34,22,28,14,3,2,12,2,416,1,48,1,14,15,1,4,636,9,11499,17,6,32,0,0,25,2,76,15,7,828,5,16,21,7,7,9,2,55,5766,76,334,2,1,9,100,2,12,45,15,2,16,0,14,37,0,10,4,4,92,116,4,12,98,2,4,7,4,1427,75,191,2,0,447,49,3,371,112,8,560,133,51,5,2,20,27,32,69,5,9,89,598,21,76,1,18,18,42,18,0,3,234,680,5,0,2,2,129,65,4,3,0,1,85,19,201,25,66,1,4,0,13,12,1176,879,21,98,49,3,0,54,0,4,7,12,40,15,1,8,58,18,92,15,14,117,1,182,56,30,7,3,91,1,186,1,6,45,2,20,58,209,0,77,23,0,164,21,6,28,24,11,3,18,1,54,1611,54,18,4,9,128,54,0,15870,8,908,265,13,4,8,1,14,6,117,22,0,23,0,25,9,1,6,38,1,2560,8,21,4,0,48,5,3,1631,0,1,3,3,1,8,390,6,28,462,2,36,1,77,5,5,0,822,1,15,0,5,66,2,0,11,77,4,12,1,849,64,0,29,5,86,18,7,37,0,2,866,3,6,3229,0,5,31,25,22,4,34,15,0,77,40,52,1,17,3,52,18,573,39,43,31,1,1,33,2,47,330,46,40,64,2,327,81,9,6,8,2,1,0,6,14,2,13,56,4,5,122,16,3,0,1,0,4,3,1,1,176,83,0,932,7,33,0,26,11,64,1,189,22,9,2,55,17,683,57,14,192,36,1,158,1604,5,1,30,0,60,1,80,10,0,16,1,57,14,1,1262,1,85,68,38,110,8,24,14,21,2,41,15,1,2,10,31,7,115,18,9,85,10,31,2,614,14,12,3,172,2,0,1653,356,6,6,211,17,20,3770,575,13,24,27,50,1,18,16,14,39,2,52,2,1,50,34,230,204,0,60,66,175,10,3,10,33,6,238,11,121,41,0,201,26,9,144,24,48,9,2,0,265,21,32,3,15,2,5,65,69,116,18,16,10,2,0,2,101,2,7,4,2,33,1,4,211,13,2,8,45,21,17,215,2,8,971,3,58,19,0,8,8,153,11,1,14,1,9,1,2,27,4,0,5,12,759,1159,4,8,14,14,0,11,60,47,94,179,15,165,75,5,2,0,17,2,11,4,2,1041,344,2,5,518,15,4,15,34,5,143,1,0,5,1,1,1,32,12,5,12,29,4,56,0,82,3,3,395,3,3,12,77,7,10,5,18,2,31,0,2,398,29,11,0,0,26,8,44,20,103,19,0,6,2,158,2,13,75,25,8,0,11,75,1,13,0,8,1,3,142,117,7,178,18,683,26,0,128,9,16,0,1,35,20,25,150,3,94,0,132,29,46,16,220,107,8,220,19,6,3422,1,1097,12,18,77,37,3,2,10,3,0,5,322,31,42,436,12,2,0,9,0,10,11,0,0,12,31,0,38,0,0,2660,57,28,10,23,0,18,1,30,15,26,11,1,564,2,2,1,0,14,11,8,2,7,9,19,509,0,11,14,2,63,4,12,208,12,13,31,2,3,1,18,75,9,9,3,148,19,5,1,2,51,8,173,3,0,0,182,47,0,156,1,45,26,3202,4,14,1,16,162,48,7,481,179,0,44,0,67,3,8,3,2,7,4,250,22,94,1,31,35,3,2,5,97,0,13,0,5,146,37,131,54,7,11,20,5,25,114,5,81,41,11,130,1,19,187,23,15,3,124,1,0,5,4,7,2,0,19,10,4,12,662,85,597,1,6,481,21,153,3,15,2,15,1,7,175,1,0,35,12,5,4,1245,3,0,4,20,167,67,0,4,9,56,2,8,53,1,2,10,130,0,5,4,2,4,11,46,0,12,24,29,18,8,132,18,0,13,2,24,4,24,0,20,33,285,1,197,0,284,8,34,26,18,32,57,15,2,25,2,30,10,8,238,7,1,111,41,0,2,12,21,16,23,5787,7,1,8,8,6,7,64,36237,19,0,41,324,22,13,0,23,22,45,6,28,1,2,29,239,14,140,29,80,14,0,2,15,75,4,0,7,1705,9,0,87,7,58,3,24,41,7,65,1,32,0,27,8,73,0,11,4,2,6,1,177,12,29,1,22,41,1404,5,45,3,0,80,0,1590,16,38,61,26,5,80,4,1,3,2,94,156,17,12,9,116,3,0,16,0,67,2,50,8,8,49,3,964,0,4,33,5,82,28,2,801,0,1,23,1128,249,161,38,541,3,23,375,93,200,40,9,33,6,1,73,9,11,1,7,1,43,15,4,231,255,27,902,21,6,3,14,8,165,19,67,72,23,355,2,18,833,2,21,7,0,0,3,33,0,14,38,40,51,65,1,32,0,0,9,0,22,25,53,74,0,0,15,0,43,1,4,4,4,76,30,50,4,1,0,9,14,11,25,8,0,0,2767,25,36,0,12,51,0,4,59,12,25,2,34,28,3,1,29,42,7,14,0,21,38,48,1,32,12,233,1,51,33,26,3,0,0,1804,4,14,1,4,17,114,110,8,12,2081,3,123,40,11,9,61,29,6,1,3,24,0,7,0,0,3,16,18,6,6,0,11,8,33,40,26,6,37,4,120,3,8,0,8,20,38,12,117,47,0,64,4,232,19,1,0,21,133,39,1,22,265,8,110,7,429,2,0,21,76,717,2,530,7,4,153,0,52,157,182,7,678,4,3,163,37,1,20,6,1,550,2,19,44,1833,4203,4,17,19,1,23,0,43,56,24,10,0,5,1057,4,19,10,130,31,110,0,18,15,42,1,7,52,9,0,78,3,54,0,25,15,7,1,4,10,8,6,642,57,339,5,4,7,4,64,7,3,64,2,6,10,19,1,44,3,3,6,61,1134,1,0,0,1,13,4,155,24,3,79,169,19,82,2,41,162,67,76,141,350,4,0,237,20,12,27,46,18,228,1,143,1,7,187,45,44,121,56,68,61,25,20,0,1,77,0,0,57,82,24,38,111,19,8,132,849,5,16,102,66,5,0,2,160,20,28,0,49,27,43,23,39,5,53,73,24,19,11,18,1,100,5,128,5,18,14,1,423,17,9,11,29,39,1,51,7,1,5,44,32,97,1,2,4950,1,28,12,13,6,7,138,50,0,40,0,80,10,1,12,6043,157,37,110,6,2,33,40,5,61,68,11,337,7,16,53,16,22,475,59,31,0,93,82,31,0,183,1324,14,14,1,78,16,33,0,33,14,7,8,62,21,45,3,14,6,2,2,21,9,34,0,47,17,52,3,3,0,24,967,74,68,75,28,94,71,898,14,59,2,5,8,132,19,4,3,5,90,7,11,69,3,23,13,846,0,29,472,6,7,3,1845,1,2,0,1,24,3,29,48,1,1,51,0,33,163,133,48,8,5,1,54,11,16,0,0,99,3,35,0,2,4,31,0,16,60,3,92,2,8,1,48,0,93,20,58,6786,0,133,1,881,7,108,21,45,71,22,264,1,4,1,88,13,2,0,6,39,30,2,4,85,66,74,26,49,48,52,3322,4,76,3,39,15,166,12,7,1,72,100,71,7,4,1,218,0,32,272,2,31,9,1,94,34,13,1,10,13,36,5,65,8,7,35,1,0,23,0,30,6,18,18,0,25,62,37,101,15,21,33,45,15,2,22,2,7,714,11,17,0,2,313,2,3,45,43,74,0,117,7,67,40,49,28,7,11,6,39,0,17,2,10,0,36,6,19,0,297,11,7,151,45,0,24,0,20315,0,16,5,1,13,352,0,46,0,40,7,6,1,6,14,18,1,205,11,15,3259,64,92,6247,437,17,56,0,15,16,9,1195,2,0,3,6,1699,5,1,54,18,60,1,6,0,1,113,1,30,1,44,0,0,21,10,21,9,13,13,0,54,74,3,30,15,3,4,13,56,274,0,4,9,141,0,14,26,6,4,9,25,24,8,422,18,163,12,4090,66,15,1,1,45,820,9,1,16,37,332,3,242,3,273,10,5,0,1,13,5,131,10,25,13,4,4,9,28,56,82,6,21,28,26,277,172,0,3,68,2,59,33,60,106,165,1,34,29,1,95,20,6,0,21,127,29,66,207,3,8,2,6,401,30,3,2,1,1,350,209,22,2,230,51,1,7,10,7,46,0,4,4,17,51,3,29,0,0,5,8,11,31,18,6,0,47,241,1,3,49,1,8,0,49,118,5,54,13,12,481,4,28,5,39,1,1,7,34,78,91,13,3,0,12,67,72,4,109,16,2,7,6,25,9,72,0,63,288,42,6345,3,59,9,65,239,19,1,41,5,16,7,184,21,9,2,0,56,2,135,12,10,9,43,47,8,49,586,22,22,72,43,13,10,44,117,0,31,115,3,12,1,1,46,4,2,28,1,320,11,0,0,2267,15,19,4,131,10,12,46,11,1174,1,0,0,0,105,32,11,56,20,3,6,19,2,4,1,29,0,1242,0,32,10,5,224,32,35,25,5,75,119,215,3,1,30,2,8,5036,76,62,4,101,19,37,7,19,2139,2,1,1,4,2196,24,21,9,22,75,37,9,6,2,16,7,48,19,22,124,6,602,0,30,66,10,1,6,1,20,9,65,25,10,24,10,33,51,3,10367,9,5,25,2,7,1,9,18,0,169,35,8,3,1,4,17,0,25,2,13,12,45,38,3,14,11,1,13,2,0,4,10,129,4,9,129,30,5,7,51,16,3,467,1,32,68,32,40,15,60,16,62,37,160,21,32,3,5,32,68,3,23,9,10,1,9,16,506,6,52,30,2,3,513,3,13,50,3,32,91,0,5,1,1387,297,3,287,150,36,12,1,5,0,11,5,8,10,9,0,2,2,4,8,17,9,191,0,8,4,15,55,1232,5,0,14,227,1,385,8,0,1,9,9,0,0,1031,14,9,31,61,154,0,406,94,4,26,178,262,0,4,3,5,3,867,5,79,16,135,3,12,162,12,19,4,7,145,31,161,2,4,11,87,582,4,16,1,47,11,44,30,3,1,9,20,10,0,52,68,7,13,53,3,33,125,3,1,61,30,1298,1,4,122,0,1,44,2,1032,72,0,4,0,8,2,78,6,0,1,3,36,23,136,135,4,7,22,0,7,84,6,3,36,23,280,52,635,319,2,88,1,9,7,4,12,0,127,1,27,2,28,1056,39,5,779,2,1,6,9,7,27,4,129,0,1,10,18,9,1,0,34,4,9,86,376,35,297,8,51,2,8,14,10,66,39,20,7,1,3,10,22,33,35,95,1,141,134,71,1,72,1,1,0,14,13,111,2,10,31,99,37,39,341,166,4,84,9,12,132,12,6,0,13,0,19,0,10,91,1951,22,55,20,273,0,3,5,522,23,62,8,80,7,1,3,163,153,2147,69,12,52,17,32,13,108,12,18,9,2,126,6,75,108,56,30,0,15,0,382,46,5,18,10,28,15,4,25,227,1,3,123,41,109,7,24,5,0,67,2,5,6,45,2,59,255,0,1,0,14,19,5,2,15,1,0,4,10,46,9,5,123,13,18,22,25,0,61,28,20,0,1,12,25,0,37,5,48,658,73,2,58,42,82,16,3,73,4,47,781,29,8992,7,65,2,27,29,0,12,2,755,1,26,6,7,6,2,134,5,2,1,97,13,6,0,16,17,15,370,9,3,23,34,23,28,42,6,54,0,27,9,48,140,13,25,19,45,89,4,1,11,10,10,0,27,0,53,23,527,61,0,154,18,0,117,64,33,40,10,68,0,40,0,5,1465,17,42,3,17,4,50,3,39,82,2,105,9,11,0,3,96,46,22,4,1550,11,305,6,783,53,1,0,627,92,0,402,32,11,6,3,200,20,12,0,2,10,0,3,6,0,6,5,5,0,82,2,10,74,14,7,4,127,1,4,75,0,109,3,0,63,15,1,157,8,0,18,11,192,8,1,5,0,28,2,6,105,9,2,131,9,37,208,2,118,0,76,2774,168,27,194,6,2,4,139,79,35,7,4,4,2,6,183,0,1,6,16,0,137,30,40,1,5433,22,0,668,3,42,121,2,49,581,326,3,63,10,1660,17,0,0,0,2,221,4,13,1,207,41,0,12,8,32,3,35,15,0,0,0,0,40,43,9,1,5,50,1,2,37,16,5,53,35,0,327,267,43,73,121,49,77,5,4,15,2,71,142,5,133,66,310,39,2,85,16,83,0,29,37,2,154,15,1,0,25,0,207,30,0,1,2,11,24,410,9,5,2,87,22,43,114,2,4,270,0,5,35,150,14,0,13,0,6,11,2,3,2,12,33,9,30,7,8,6,26,41,0,2,0,10,26,1,37,17,8,0,5,1,91,0,12,6393,21,196,268,42,132,9,17,5,7,23,244,0,399,0,7,1,5,20,1,195,10,95,35,22,0,0,22,26,172,108,9,16,35,65,50,57,3,0,1,58,7,13,9,9,18,1,10,2,6,4,160,0,3,0,0,56,3,2,0,83,0,91,12,88,732,10,3,22,55,2,24,10,27,6,24,32,11,89,136,147,350,134,2,0,428,31,25,108,112,1,22,15,17,0,7,6,15,180,0,2,25,58,2,37,31,6,2,1,5,227,1,17,12,2,16,6,7,43,39,64,17,97,0,0,1,25,77,1,4,175,0,0,0,5,43,5,0,4,24,50,89,2,334,0,0,3,4,106,235,32,466,33,20,18,1,22,4,25,6,0,2,5,300,80,4,0,68,7,25,11,16,0,29,1241,33,5,22,38,2,9,4,2,8,15,21,119,4,19,121,79,1,2,2,41,22,0,219,2,48,8,83,5,6,28,6,541,13,12,539,206,42,15,45,6,231,0,8,4,6,0,28,43314,40,40,18,18,0,99,4,7,1,116,5,336,27,37,0,6,36,6,1,0,38,5,11,492,73,9,143,112,0,823,72,15,4,61,0,0,46,60,1,4,7,17,368,0,20,35,8,32,38,147,2,92,10,4,31,21,90,101,1,3,5,4,88,55,3,3,4,2,11,1,6,41,15,55,80,48,23,1,1,77,21,45,6,44,187,5,0,7,4,4,12,1189,401,40,46,10,0,602,1,1288,22,15,2,17,20,25,12,0,77,8,564,36,20,6,5,18,23,3,14,116,39,10,134,0,5,13,9,107,2469,71,75,1,16,0,10,187,9,106,2,5,73,1171,0,125,52,6,7,217,2,10,4211,19,1,13,49,7,13,18,18,44,200,11,171,7,54,271,272,9,9,12,26,14,13,21,0,4,5,1,25,7,53,8,55,61,2,14,20,1,547,270,37,8,2,2,81,80,33,4,5,1257,3,68,8,21,1,8,1216,18,732,4,867,9,15,24,0,23,12,1,2,0,1,91,0,2,122,2,24,7,10,0,40,9,40,6,21,4,10,65,27,16,59,78,12,234,14,2,10,8,0,13,159,65,6,42,8,21,485,2,362,2,383,24,3,22,3,0,2,188,1,10,143,6,2,25,100,3,1,191,108,11,1,339,302,2,213,3,9,3,3,0,113,34,35,146,1355,111,21,12,10,0,26,142,16,25,33,5,94,1539,308,172,1,38,1,11,44,76,7,0,11,16,3,15,14,2,47,0,4,20,18,147,425,20,7,3,6,12,42,24630,55,330,1,25,57,0,807,0,844,2,126,1,23,24,2,4,493,3,29,15,3,2,16,161,10,57,7,0,44,53,27,4,14,96,27,95,182,309,0,39,11,137,56,1299,1,10,52,14,5,34,15,431,0,50,2,110,9,0,0,2,25,4,35,20,3,6,7,178,10,28,11,4,0,172,6,0,69,31,121,2,66,11,175,23,51,24,11,0,35,16,7,5,63,3,73,117,0,53,1,4,1,25,3,79,89,2,2,8,605,4,9,2,0,4,40,8,6,57,6,83,14,8,227,12,70,309,36,116,0,34,2,19,0,13,8,72,4,2,8,91,37,14,6,17,2,10,41,56,2,2,3,355,39,46,3,19,1,44,218,112,65,1,9,9,395,12,54,41,24,3,14,6,19,13,1,12,8,75,279,375,7,6,13,11,2,1,1,0,0,47,10,9,4,22,101,11,0,16,1,114,6,1,9,1,15,0,1,105,49,4,2,44,10,2,2,2,10,0,93,7,36,3,0,1058,6,1413,0,19,15,11,16,20,26,3,10,31,7,44,7,43,21,97,0,141,8,6,2,27,6,12,13,160,38,3,4489,9,283,16,17,92,7,5,0,4,22,8,8,123,0,4,0,12,1,1,29,21,31,4,42,9,1,67,27417,636,17,14,53,0,2,18,101,63,2,2,80,117,3,4,28,6,4,14,2,138,3,1,892,1,2,0,0,3,272,18,4,0,2,12,70,16,79,22,180,29,92,0,14,2585,85,64,0,7,248,1264,10,10,81,2,1,4,253,61,6,11,4,18,11,98,1,25,3,100,2,13,17,0,11,36,38,6,95,1,1030,9,4,14,25,34,92,8,85,5,88,7,13,8,46,41,26,174,4,1,43,36,3,11,10,107,634,30,30,264,97,56,5,143,77,67,22,9,295,11,17,12,7,10,195,43,34,9,5,24,3,23,16,2,14,31,15,0,50,12,3,3,249,54,101,4,18,1792,0,13,42,0,8,252,1984,16,8,31,0,94,118,30,402,42,0,51,0,0,212,5,6,0,5,159,12,0,2,111,25,9,10,193,21,79,0,694,9,0,4,2,0,10,1,58,123,235,7,68,9,4,15,2,5,1,1,2,16419,46,36,8,46,21,5,46,8,0,135,10,4,16,3,3,24,3,40,473,78,19,8,1,89,31,0,6,0,514,48,55,2,2,2,14,44,634,6,14,4,10,17,32,6,110,34,40,34,17,3,4,47,100,6,6,34,363,0,2,59,3,0,42,0,0,60,4,19,0,57,24,67,44,2,1,0,47,4,11,0,5,0,38,2,45,22,6,10,20,34,8,1037,2,69,11,6,13,9,3,2,92,550,3,10,13,4,2,113,1,89,0,373,3,159,2,52,38,0,6,61,19,13,47,20,2,10,15,17,600,6,48,111,5,92,0,3,6,9,2,0,2,5,11,2,13,0,22,8,2,7,0,2,1,3,59,46,177,1,1,372,2,22,0,144,90,51,1752,286,2,163,1791,19,9,2,207,143,38,3,8,100,38,13,16,10,175,2,139,1,4,6,0,12,6,54,525,1,0,4,5,8,0,36,2,6,89,34,5036,3,2,51,1,84,75,4,27,90,35,14,12,2,5,6,3,1,28,38,106,14,1,12,7,48,15,38,54,16,62,23,94,21,24,8,4,534,16,7,2,720,1,355,12,277,0,0,21,136,13,14,48,17,1,436,12,69,50,10,109,0,37,10,1,5,17,76,0,3,3,4,4,3,5,4,191,9,162,18,32,243,0,8,68,0,17,43,17,12,8,0,32,2,7,0,6,54,6,14,189,31,12,84,0,7,10,5,2,11,25,18,0,154,0,126,204,443,126,331,0,8,41,147,0,83,54,410,27,9,3,12,13,18,28,0,4,18,31,203,4,6322,3,36,75,1,20,2,42,0,12599,53,14,18,136,8,0,0,524,222,3,19,12,2,429,0,70,13,86,155,96,6,7,28,8,73,4,20,14,88,40,2,42,20,5,5,1,3,548,475,57,25,28,196,0,3,56,2,14,44,17,2,56,3,10,18,342,145,33,65,0,3,5,27,5,5,729,6,2,23,66,40,19,18,0,25,0,20,47,3,1,0,6,117,0,16,1,2,0,396,11,16622,0,38,5320,1,0,1,752,104,4,62,10,33,9,32,14,211,260,25,126,48,0,145,9,20,16,1,12,10,9,15,85,1,3,4,1378,14,2,2,17,1,19,15,30,6,7,35,137,83,184,52,1,1,11,6,5,57,11,4,90,11,36,5,1,0,54,1433,56,9,1,26,102,5,9,123,0,651,856,10,120,7,1,0,231,560,13,2,4,1,0,93,7,6,0,1,33,13,1,3,31,33,46,392,0,0,12,586,93,11,38,2,13,13,336,22,13,2,407,16,21,3,87,3,20,0,7,14,4,2,182,3,4,9,0,2,694,2,20,36,1,8,2884,485,1,26,1,534,78,29,31,223,15,1,11,0,20,490,71,2,5,44,6,112,2,0,67,0,36,9,32,7,10,21,119,2,24,10,165,153,35,36,4,136,82,1,4,69,195,32,6,101,3,157,37,43,6,58,9,18,4,172,1,10,2,18,25,1,2,42,2640,3898,331,4,2,15,1,4,0,133,6,3,0,1,42,10,20,65,26,38,2,12,107,73,4,2349,119,28,20,72,7,30,28,8,2,7,10,19,38,0,1,14,579,17251,5,26,2784,6,1,54,135,35,0,113,69,15,34,80,60,269,14,28,1,7,43,126,55,5,27,9,11,0,981,1,11,36,9,61,14,123,35,3,9,240,6,7,306,121,18,116,22,2,18,34,0,0,26,6,3,6,12,79,67,107,29,1,14,163,136,3,28,13,0,1,6,1082,1229,2,14,1,16,0,7,3,1,45,276,17,18,38,35,13,1,0,3,193,167,3,10,37,11,3,1,2,28,1,24,1,4,78,16,42,378,13,3,0,24,29,3,1,75,8,4,3,62,359,2,12,5,291,170,10,22,8,3,7,0,38,484,8,81,1,42,11,10,41,7,21,6,13,127,39,26,27,15,44,0,2711,123,9,0,8,83,18,1,129,34,43,13,4,317,433,109,4,37,4,9,10,1778,5,49,2,1,6,175,6,14,4,48,12,3,1,146,3,426,52,15,1303,30,0,35,7,10,143,164,7,3,284,142,64,4620,8,122,34,9,297,1,56,5,133,1,53,1,28,38,29,48,163,30,1,200,30,1044,0,61,10,12,3,31,14,3,10,56,127,0,478,0,1,136,167,3,5,18,2216,1,166,1741,2,4,86,10,10,63,35,12,67,1,12,0,9,26,4,20,0,57,37,26,5,151,77,31,1,75,3,4,79,2,27,9,2,53,32,5,27,4,2,1,354,4,41,94,98,37,7,4,59,7,280,112,19,2,73,256,2,138,3,2,12,150,7,133,48,2,44,8,0,11,46,6,0,4,25,6,4,111,3,19,29,35,10,9,0,252,448,1,39,2,9,99,48,40,19,19,9,473,0,20,3,0,3,232,28,440,32,123,12,2,17,25,28,304,5,3,12,110,23,30,27,1,3,17,1,19,11,8,6,35,8,5,2,29,31,7,195,1,12,3,0,28,129,4,7,1,4,70,0,20,8,140,0,18,202,8,4,5,1,6,12,17,8,15,2,74,11,92,104,3,19,10,6,1,26,44,19,30,0,24,118,41,5,3,42,0,1555,2,66,50,10,32,0,16,891,101,17,20,5,54,26,13,31,0,2,26,485,0,5,5,34,0,1,0,1,25,11,5,14,6,821,4,5,7,7,2915,57,3,2,1,1,4,18,19,22,114,8,34,53,7,22,0,0,52,7,60,21,14,10,48,7,9,41,11,11,3,1,0,94,16,3,11,6,4,50,261,10,4,406,5,2,3,24,4,59,14,77,13,20,76,2,193,0,3,21,12,38,10,23,4,25,40,201,5,19,5085,65,11,9,4,148,189,28,68,79,0,0,5,7,37,266,4,28,10,0,1,20,39,1,1085,832,0,4,53,78,34,5,22,23,6,57,2,0,2,47,52,7,5,46,20,10,439,2995,518,11044,53,8,12,42,0,5,18,28,0,6,1379,10,13,96,4,7,5,134,10,16,5,6,36,31,16,23,3,11,103,10,2,7,153,36,302,4,98,223,3,8,3,29,6,1,5,7,6,0,16,134,20,40,165,175,1,1,18,34,83,611,46,0,1,833,9,18,89,12,8,10,0,1,12,15,0,501,2,104,5,7,35,1,70,4799,22,1,24,5,14,9,27,2,7,3,8,4,9,11,59,54,472,36,68,2,32,862,14,0,9,14,49,9,9,45,181,15,6,21,3,3,58,3,5,9,27,7,1,3,72,11,14,62,0,7,3,5,0,11,25,30,23,771,13,6,55,3,104,1,13,109,17,1,3,2987,20,4,10,805,2,18,13,2,190,194,34,279,0,13,31,43,127,17,44,18,4,62,9,4,0,11,2,13,15,12,2,1,0,0,11,2,6,4,1,6,0,1,41,23,5,28,107,5,46,20,28,7,5,4,4,13,1,21,24,3,61,11,3,1192,8,66,2,654,21,0,0,29,1,1,26,13,3,66,8,63,0,4,9,6,0,362,32,7,9,16,93,584,14,238,2,23,7,7,91,1,88,101,13,123,41,31,88,4,1,3,196,1,0,3,0,13,1,28,88,10,86,10,56,8,1,8,74,0,25,4,99,174,18,0,53,1,28,0,0,8,18,35,5,5,46,10,241,3,1,1,35,37,53,1132,0,33,51,13,10,26,53,6,20,3,15,22,388,0,8,8,18,1,23,646,377,25,3,319,6,1080,0,0,3,31,33,13,121,128,106,38,0,15,22,17,111,8,26,20,0,0,7,2,2,0,7,0,17,35,1,1,0,72,59,0,5,1,0,3,13,110,404,2,0,14,156,23,525,4,158,0,1588,1,1,7,3,69,57,1,149,11,1,0,0,4,15,18,27,389,18,125,478,101,1,49,25,272,38,7,2,778,0,3,109,50,3,9,0,65,0,7,43,103,207,59,362,56,25,11,71,38,10,41,119,13,117,0,243,4,62,6,1,13,16,849,50,23,2,5,91,0,1,84,0,1,2,152,10,3,172,8,12,40,22,105,8,1474,8,18,91,15,9,11,39,8,26,4,50,4,24,25,26,9,21,2,28,7,1,54,0,10,29,202,45,5,30,205,3,234,8,0,5,36,946,4,34,142,306,7,7,13,2435,522,13,389,2,17,0,51,201,6,21,22,0,5,664,22,4,18,5,23,4,3,1064,35,26,12,21,149,2,1,461,21,1,86,8,10114,50,64,42,7,3,402,1,20,4,3,0,3,26,3,341,158,30,358,75,10,37,21,1,139,34,5,0,1,35,2,6,38,101,17,253,21,6,15,24,80,27,2,3,4,1,68,7,15,9,26,2,10,0,19,3,113,22,7,48,1,0,4,518,106,82,40,67,35,1169,5,589,98,21,0,109,3,38,26,492,76,165,0,18,1,33,12,96,37,92,33,41,37,99,35,3,1,35,6,967,11,23,12,8,40,729,14,91,8,78,23,0,11,672,18,0,3,1,98,37,39,13,53,34,27,175,17,3,8,14,71,31,0,19,86,5,3,20,45,340,47,2,9,13,8,0,2,0,5,435,2,273,0,2,50,2,557,32,0,133,2,139,3,29,3,98,12,0,94,2,0,8369,692,1,49,3,36,44,1,53,28,7,4,20,9,0,8,79,66,4,4,1,12,103,6,4,124,43,106,5,3,0,0,0,1,22,56,2,0,7477,41,0,20,96,23,34,6,1,104,2,1,18,15,6,0,111,83,84,11,42,36,38,5,69,8,20,3,24,10,29,14,6,4,38,27,22,14,329,57,2,14,10,5,103,1,10,4,7,48,32,44,271,26,19,110,0,34,0,6,133,27,0,50,1,26,0,1,11,16,43,3,7,4216,3,3,6,166,30,1,0,0,25,40,7,0,1,34,15,0,1,16,14,506,6,1002,28,10,21,916,43,166,3,14,19,12,7,586,0,0,0,2,24,6,7,1,3,15,46,5,4236,165,7,118,5,493,2,4,2,28,7,154,476,8,5,39,0,0,0,42,9,6,97,52,12,176,19,1,17,105,28,248,20,43,2,3,4,45,127,4,57,13,0,63,11,1,0,50,1,3,36,34,12,9,11,32,153,10,0,12,202,13,7,152,32,8,19,2,2283,16,47,7,14,1,0,1,161,3,18,52,26,1,75,1,1026,27,6,118,5,45,0,11,5,9,95,15,38,21,1,56,12,24,137,102,63,1,13003,7,221,788,567,5,0,11,331,22,76,0,2,1,5,2718,5,4,9,0,204,13,162,16,21,435,0,15,0,69,26,2,91,6253,4,2513,0,57,23,760,36,54,1,4,11,6,446,14,0,0,5,10,16,75,9,253,19,28,38,4,12,46,6,17,26,2,216,0,31,64,37,7,60,51,66,20,777,18,22,31,51,8,1,2,198,13,5,3,85,22,38,0,32,23,124,14,5,2,8,3049,15,0,11,13,77,1,212,15,14,26,5,42,1,1,0,37,4,23,129,1,9,19,129,4,98,118,53,2,4,2,15,78,3,50,21,0,3,14,3,0,57,17,3,22,24,1,25,463,13,9,9,2118,4,558,0,51,0,36498,8,4,4,9,17,45,5,1,30,9,32,76,8,17,63,297,186,0,2,4,1333,34,129,1,48,0,1,1,6,12,95,0,13,69,169,21,1,1666,8,0,29,20,89,54,51,33,25,130,0,93,81,180,3,74,9,0,4616,0,1162,203,17,5,2966,1,2,61,40,2,1,9,28,0,224,45,2,36,27,29,462,9,14,1,11,5,61,13,46,0,84,104,0,4,131,1530,1,8,24,9,16,15,5359,0,241,12,17,4,8,86,71,0,0,48,5,1,9,25,1523,10,192,22,7,781,15,11,40,9,8,25,18,91,8,0,15,2,2,2,5,0,8,29,22,23,551,0,2,77,83,15,26,19,8,0,128,833,33,6,8,2,5,54,22,0,4,15,0,6,207,9,58,1,37,7,16,0,48,14,282,5,5,0,5,1,196,29,33,11,6,4,8,8,8,21,1,328,9,6,29,43,277,27,5,2,62,152,22,10,22,7,12,3,235,162,341,7,0,17,25,51,7,22,26,63,6522,16,40,152,3,10,32,11,1,5,11,46,3,1,357,2,11,12,196,9,7,5,15,68,20,0,29,2,5,10,35,2,31,4,334,35,3,22,17,120,2,0,10,3,6,6,9,8,2,9,1,16,21,19,5,5,82,68,23,188,2,5,295,41,1,60,5,4,976,9,214,39,1,68,20,11,89,23,9,118,26749,38,24,4,40,0,69,27,2,3,4,30,2,2,82,1,260,358,35,0,1,83,20,3,4,0,1,1,67,21,83,185,0,1,75,0,243,18,2883,2,20,15,3,85,6844,0,0,0,8,0,6,8,2,20,86,26,2,8319,15,3,0,6,99,2,7,3,100,10,59,2011,0,3,3,13,0,15,17,11,13,77,126,4301,4,20,1,13,8,47,54,7,251,0,1,0,13,10,38,10,4,15,2,0,152,3,3,3,4,102,6,21,12,0,99,0,6,24,11,51,57,8,8,615,2,5,44,206,2460,4,903,6,3,2,0,37,35,1,6,476,1,5,9,19,33,67,7,13,1,7,3,48,87,38,12,0,3,56,150,15,107,26,3,0,1092,232,7,135,7,30,27,4,3,1,1,17,2,32,4,8,379,9,63,7,17,7,11,24,133,16,26,26,47,14,54,115,3,85,51,1,7,20,6,0,85,2120,2,43,8,4,2,24,0,69,81,8,20,9,0,0,25,6,9,2,9,19,0,3,6,8,6,2,58,11,1,1,11,3,0,14,0,3,9,6,28,222,0,0,142,55,0,1,1,314,17,3,28,1,2,18,666,14,156,10,270,17,7,2859,5,9,1640,282,8,51,50,10,6,4,3,0,230,324,1363,5,7,41,160,26,172,135,3,138,14,30,26,0,2,318,23,2,0,593,63,32,57,204,31,2,683,2,0,0,3,5,1,15,3,2,7,25,0,31,2,37,19,2,5,65,149,10,35,43,562,76,30,15,24,0,21,1,15,151,1,18,373,202,23,8,1,24,1,7,39,2650,11,4,64,1,70,536,3,110,99,2411,13,0,168,8,1,16,2,13,59,1425,72,32,18,46,12,10,36,0,0,26,0,13,491,21,3,40,131,43,787,1483,16,22,4,2,4,1,0,2,8,11,145,29,9,0,1,21,2,69,10,0,8,17,7,0,0,0,14,25,104,0,93,12,18,18,40,2,21,10,0,11,60,15,1,43,22,7,8,8,1,1,0,18,39,1,1,15,51,5,3,77,58,304,3,0,4,25,29,71,6,0,3,40,24,30,1,14,2137,25266,3,62,4,24,0,55,5,1,10,269,65,1,4,44,5,3,24,73,19,1,29,17,49,24,38,6,27,236,4,23,3,1,0,3,0,0,36,111,220,9,2,44,56,9,32,8,60,1,35,1,107,0,59,4,4126,542,2,4,55,10,5,161,1,7,30,34,4,26,7,794,22,26,2,25,4,2,15,11,45,3,0,40,27,77,6,0,6,21,0,6,10,12,6,541,87,32,2,13,20,4,3,1,0,33,2,37,14,690,3,11,7,329,18,162,46,8,13,5,3,56,1,6482,14,36,6,2,86,7,9,42,54,1,1898,10,1,83,0,2,37,0,490,196,5,2,291,10,2,2440,13,992,907,4,1,17,192,11,32,2,106,69,1,148,3,6,197,11,2012,5,32,3,13,66,5,67,0,0,137,21,3,7,9,3,11,3,98,0,4,6,8,12,6,15,0,1,2030,6,29,3,0,212,28,14,132,45,24,455,170,24,3,216,11,78,3274,0,6,111,16,55,11,7,589,0,3,19,17,449,359,2,3,52,23,38,3,8,25,899,31,3,3,8,9,4,21,1321,74,79,168,3,1,0,161,0,53,0,0,21,5,10,14,0,0,7,5,102,2,7,0,8,91,457,2,9,0,14,0,13,2,0,863,90,100,4,233,39,147,0,0,58,52,65,44,2,1,152,7,25,10,19,10,108,21,29,5,16,2,10,1105,24,364,1,0,20,0,63,9,6,2,188,6,9,3,161,229,7,2,10,16,47,41,13,4,0,1,0,57,9,53,13,8,4,52,1879,69,1,0,8,13,12,175,10017,18,0,56,287,16,253,0,25,212,162,69,1,9,23,7,3,40,9,42,32,2,22,12,5,0,5,17,4,25,1,7,138,5,99,3,52,80,1,9,139,13,2,8,39,2710,2,22,2,2,6,6,33,19,5,20,100,13,19,9,16,1712,12,123,1,10,2,16,4,3,97,223,8,898,369,6,2299,1,73,85,3512,1,16,5,17,12,4,4,25,1,8,10,410,10,0,1,6,5,1,12,4,4,18,3,1,1,234,0,181,227,228,2,15,4,24,39,9,45,25,19,59,7,302,2,10,14,12,2,12,556,1,50,0,1,15,9,19,2,32,218,11,839,40,70,29,0,10,4,16,2,0,34,1,42,82,18,3,217,25,1,19,57,1,43,1,0,12,22,1,1,3,23,13,21,2,102,0,2,10,204,17,14,1,7,80,646,10,23,2,0,7,76,65,10798,10,30,108,25,12,2,8,67,22,0,1,1334,4,28,309,18,134,1,5,65,44,12,13,6,4,659,64,34,13,0,27,6,1,1,20,13,820,17,4,41,0,1,572,1,104,2,5,104,22,172,14,747,1,42,23,7,120,23,13,5,0,33,1072,27,457,1,6,4,65,7,168,6,126,120,41,0,77,1,27,6,104,137,2,3,64,3,30,21,15,67,48,3,34,131,2,3,9,0,1,0,81,2,0,0,114,102,2,5,50,8,76,1827,113,158,17,18,4,1,15,482,10,39,15,4,7,29,638,53,0,2,100,3,27,0,9,3,3,120,21,185,13,77,7,31,44,0,1,46,5,3,4,6,17,1,2,1,4,8,118,22,0,6,1920,13,2,2,26,26,3,14,26564,8,2,17,10,25,110,3,27,29,0,34,9,316,6,0,35,15,12,31,372,28,100,24,1,6,5,2,2,32,91,9,220,30,0,0,86,0,66,3,3,15,0,2,757,480,60,41,0,18,19,1,115,1,113,95,3,1,6,50,655,2,82,44,1,10,3,92,46,40,53,18,0,11,6,246,71,0,0,216,5,5,1,35,1,43,25,7,4,0,3,60,3,13,2,0,4,19,34,279,5,221,0,2,20,1024,0,23,54,1,77,0,4,73,7,6,9,27,19,2,41,494,25,10,79,7,8,1,274,131,1,14,799,9,24,10,1145,50,38,64,3,199,24,61,12,10,2,29,99,32,25,5,1489,32,7,203,30,44,52,4,21,9,33,3,28,144,7,82,4,199,1,39,73,46,0,10,49,17,193,1,19,4,8,0,111,1,7,2,31,3,15,1,14,2,25,12,8,16,3,30,10,0,0,3,2,119,39,26,11,23,13,1,29,3,13,20,65,42,39,86,1874,11,279,5,7,46,3,109,7,46,8,6,816,87,5,2174,8,4,82,146,102,13,2742,12,88,15,2,9,4,3,39,0,101,3,70,3,1,3,1503,575,13,11371,55,10,0,0,11,120,603,1,0,6,37,3,10,51,27,7,18,4,100,20,35,0,5,8,331,10,2,15,11,13,99,382,4,34,2,389,165,38,27,0,0,4,26,16,59,51,0,5,1,5,74,3,12,32,77,59,7,90,355,8,1833,3,9,2,21,2,4,24,1,1,35,19,62,6,14,278,75,10,19,104,1,52,20,69,8,1,7,0,0,272,1739,74,42,29,50,89,69,451,1,9,5,1,0,184,4,1359,12,1297,5,2,1,587,34,8,349,16,28,47,98,12,2143,19,20,5,13,5,56,91,35,88,30,3,1,27,31,676,3,24,10,15,29,32,25,3,16,10,1,67,73,2,0,7,22,1,10,198,0,20,1,1,2,80,53,3,1,705,6,5,1,3,3,3,104,85,6,8,4,24,2,24,9,5,28,2,0,0,4,14,5,33,15,16,17,20,3,1,4,487,310,140,4,9,23,3,8,2,9,2,7,54,18,1,0,55,9,4,8,2,3,4,4,14,5,0,151,4,23,8,33,66,12,34,67,14,1,47,9,5,63,2,10,1,57,7,20,1,0,0,2,12,9,14,9,0,23,6,0,47,14,74,7,4,0,262,0,1047,29,1,32,4,2,11,12,32,11,3,6,0,17,22,5,3,4,28,3,4,46,23,8,9,28,543,179,88,64,2,15,34,1851,10,4,0,125,76,0,9,1,0,4,4,42,7,1558,101,27,6,73,565,1,16,0,16,31,46,45,234,12,32,1,1,3438,72,7,11,3,834,1,2,36,36,3,2,0,76,11,1,71,36,74,0,52,2,0,13,110,5,378,24,0,13,22,49,0,570,0,38,0,15,160,3,23,3,11,4,496,2,22,0,0,8,13,19,5,28,14,97,6,0,5,8,1,40,40,22,16,1102,3,24,16,15,2,9,9,366,10,39,26305,3,34,93,10,518,66,4,295,87,0,7,6,79,14,4,6,14,26,1,1607,68,6,4,7,34,5,11,6,9,7,9,10,2,1,14,7,27,4,14,536,1037,7,8,538,12,7,55,25,0,4,13,1,1,116,0,56,14,20,5,8,26,14,200,16,17,3,31,2,17,7,22,4,6,65,32,5,165,63,23,89,44,12,3,35,24,62,1308,90,19,6,1366,17,39,394,1,81,85,13,37,37,113,35,609,22,25,1,54,17,90,0,1,6,1,6,24,8,22,0,8,9,801,211,8,26,2,78,0,0,0,5,3615,2,6,5,1,75,103,21,1,138,121,10,4,11,4,8,54,1094,19,3,11,14,21,1,1,227,2,171,8,3,8,4,37,48,0,17,11,36,42,235,0,2,0,2,1,8,0,39,5,88,105,12,33,22,7,7,15,29,165,30,42,32,0,28,24,33,66,22,0,0,31,3,43,52,0,9,27,12,6,30,5,0,3,2,17,80,35,81,2,11,0,1,0,4,4,13,1,23,3,49,10,10,26,18,3,1,14,11,11,21,1,2,16,41,15,170,41,27,27,0,1,83,26,6,94,42,39,24,10,5,33,19,25,4,1,2,2,29,142,140,12,99,0,4,6,1,74,5,16,2,5,2,21,27,52,26,16,15,655,2,81,38,35,201,1,1,3,2,7,2,5,16,9,36,9,2,3,37,7,19,10,18,3,2,33,5,3,1,53,9,3,17,13,106,7,10,3,4,96,15,27,9,11,13,83,1,0,2,36,15,24,32,1,2,5,127,7,0,126,2,36,7,2,168,42,13,2,56,19,548,102,54,162,23,9,19,7,9,0,9,7,253,9,20,3,2,3,2,1,43,33,15,88,3,11,56,46,15,3,41,57,94,2,79,21,1,1,222,2,12,10,10,1,14,18,12,3,13,37,5,0,68,15,16,38,23,1,70,22,3,294,4,0,17,569,26,14,17,1,57,69,9,8,8,4,4,36,59,12,2,7,59,1,96,3,1,0,24,19,48,434,70,3,26,66,17,25,1230,7,59,15,31,31,155,19,8,4,1,42,13,8,1,0,2,33,6,9,0,24,17,44,0,6,34,1,7,25,53,18,7,1,0,11,4,4,88,11,100,2,13,1,130,13450,4,1,0,83,2,9,167,31,55,10,64,200,1,0,1,1,0,53,38,4,17,10,3,10,15,46,27,19,71,23,2,79,18,4,19,8,1,19,6,23,7,18,52,0,8,14,39,12,0,0,7,8,17,10,22,31,53,8,82,1,8,11,1,0,65,5,13,44,25,17,86,12,15,26,195,19,229,54,13,0,13,38,14,27,0,10,2,145,6,0,21,6,8,2772,74,8,22,370,2,38,34,31,1,14,20,69,111,4,16,4,41,2,171,5,42,9,14,37,1,0,0,12,12,17,74,26,0,7,273,30,4,677,9,9,245,46,29,23,38,5,1,24,4,2,25,33,11,166,331,2,29,4,25,14,42,0,231,17,2,10,24,3,161,18,21,6,136,25,5,23,5,6,16,194,3,56,0,10,21,4,0,1,50,875,5,6,11,9,20,39,13,31,10,89,5,38,37,1,29,54,15,193,2,0,3,0,26,1,1843,3,7,3,28,0,12,66,7,5,6,3,0,30,3,32,0,3,4,181,5,88,123,4,0,410,19,5,1,1,4,2,10,29,0,6,45,23,6,7,9,13,7,44,458,45,2,20,66,9,198,22,7,1,0,4,6,66,417,5,4,15,0,10,1,24,48,58,154,2,5,14,25,30,1482,3,2,0,99,3,86,1,73,2,2,387,123,36,152,17,10,8,2,4,20,2,4,5,2,41,1,18,7,1,22,200,49,7,22,19,96,12,0,4,17,0,56,2029,8,4,7,62,22,6,5,2,2,12,80,34,83,302,182,19,27,36,33,2,12,1,6,8,36,193,8,52,11,5,3,1,17,3,2,0,45,5,5,8,15,130,9,0,31,58,33,279,11,14,68,4,16,9,7,0,18,24,9,682,5,0,18,1,0,2,8,21,24,25,76,33,3,101,43,16,0,29,98,43,32,5,13,19,0,10,4,105,57,3,7,233,22,24,9,2,48,10,3,3,17,4,1,10,0,4,349,18,2,16,0,85,10,2,4,199,2,61,23,8,1,25,2,80,8,4,139,1,110,3,13,119,1,591,4,4,2739,51,84,16,3,94,6,32,10,41,12,39,10,7,2,9,4,16,82,0,3,1,8,1,3,1,23,49,26,102,9,8,202,193,19,5,5,10,4,2,0,6,18,25,14,5,1,1,4,2,46,211,8,8,5,308,34,92,124,1,18,82,4,3,4,33,46,33,3,0,2,20,5,21,2,0,1,108,13,22,23,8,6,30,60,40,12,1,88,0,14,333,5,22,61,94,4,2,29,58,64,2,9,6,89,0,3,86,8,6,105,5,18,3,3,104,1,1,6,0,29,28,0,3,17,283,5,32,23,138,5,41,205,9,10,12,3,65,3,132,10,1,14,98,3,3,1,4,12,2,2,1,11,20,33,4,7,1,2,18,7,21,55,6,70,6,4,8,157,18,0,4,1,5,7,63,47,15,3,203,3,18,24,10,52,0,1,154,16,10,12,21,51,37,0,0,0,12,1,0,61,13,3,1,120,19,5,17,6,0,2,89,10,5,12,42,6,29,2,83,17,140,145,36,2,2,32,7,10,4,109,729,4,0,31,16,1,0,7,50,43,10,34,5,136,12,9,2,26,5,51,61,37,14,3,13,44,6,1,20,287,35,21,2,76,66,11,70,100,2,922,22,41,14,8,1,12,24,2,2,1,16,18,22,1,5,7,5,40,4,1,53,42,3,40,7,23,29,3,9,364,28,3,60,30,2,8,77,84,13,0,31,3,174,35,13,15,68,0,16,0,24,5,30,193,44,6,56,6,79,43,6,0,48,4,59,22,132,11,136,126,36,25,6,206,3,10,1,40,12,47,22,2,177,6,0,5,3,1,3,10,524,0,2,4,0,27,17,22,0,85,0,691,78,7,631,301,51,7,116,0,8,12,8,4,91,60,2,3,201,2,20,1,4,5,3,1,5,8,83,14,21,12,60,8,1020,6,45,81,6,1,5,29,67,37,8,73,70,431,229,1,1,8,26,4,10,0,49,35,23,74,2,2,3,18,9,446,2,1,4,178,10,31,6,325,2,3,2,1,20,10,1,3,34,6,12,5,21,4,10,16,1,5,13,39,3,0,2,0,14,3,6,1,3,19,5,3,75,52,5,133,8,22,20,11,15,15,25,15,315,6,16,2,5,43,36,4,1,34,24,6,0,153,5,2,102,1,8,1,10,65,22,2,9,796,4,25,3,0,4,9,57,34,9,14,12,38,5,0,28,43,22,0,16,159,51,0,23,8,1055,1,17,9,7,49,5,1,0,7,32,9,3,10,22,3,66,48,97,89,17,0,4,86,32,2,13,71,67,29,1,27,1,13,7,26,48,5,6,1,1,16,17,262,15,27,25,8,38,24,27,40,2,6,2,2,8,46,4,14,2,1,356,152,1,10,3,2,3,0,2,1,0,23,1,4,2,5,2,76,3,11,82,44,15,29,30,0,46,34,8,3,5,3,3,30,62,867,159,3,157,18,29,2,17,55,3,15,112,7,10,1,5,5,19,0,3,124,1,12,0,0,212,288,17,17,12,4,50,8,18,20,5,30,7,33,4,62,12,3,34,2,0,3,3,0,25,4,10,3,1,11,33,17,23,39,3,0,6,82,18,3,2,25,18,1,78,12,1,29,2611,3,4,6,1,7,6,0,1,0,1,31,20,351,8,3,30,2,2,0,64,276,8,27,6,25,12,15,40,6,51,8,0,11,2,2,2,2,22,41,0,3,1,5,3,2,4,13,1,793,53,94,29,19,13,36,136,0,4,2,328,5,69,60,428,23,2,6,3,40,12,49,20,180,67,11,20,3,13,24,17,4,7,35,61,26,3,9,233,2,33,61,0,0,2,3,33,5,5,5,36,0,6,178,36,5,64,12,69,12,17,61,1,3,1,11,0,34,21,88,40,8,31,5,0,506,3652,15,1,9,9,25,54,33,2,9,5,8,9,37,2,9,4,30,12,32,0,5,8,1,16,16,19,40,0,52,3,9,178,2,5,20,2714,23,5,55,19,363,5,24,21,11,4,2,35,9,4,36,0,3,139,179,6,3,64,29,4,38,55,8,18,33,28,3,93,6,1,0,77,73,2,13,11,28,127,20,9,12,20,8,0,5,0,49,1,2,1,31,17,5,1,4,16,2,0,19,0,1,8,6,56,6,7,137,37,3,7,10,31,1,24,10,8,8,4,10,6,2,42,1,46,22,4,6,0,70,28,15,10,19,67,15,1,15,55,16,10,12,25,4,25,41,4,1,4,7,0,26,10,165,20,39,26,120,8,6,90,50,29,6,5,4,3,2,6,5,50,379,68,39,2,23,39,0,5,12,10,21,40,173,283,3,8,1,0,4,7,780,15,5,3,12,14,11,46,12,22,46,0,58,1,42,22,1,4,8,9,6,3,2,3,21,45,1,0,44,88,109,87,0,10,13,1,10,4,370,72,38,13,23,10,6,13,4,24,0,4,0,26,1,436,47,0,4,65,29,2,39,194,11,6,3,10,33,5,6,11,5,21,9,104,33,47,3,10,235,17,12,3,22,671,0,11,178,7,24,130,61,136,105,732,40,15,16,19,113,80,146,3,18,77,5,5,90,23,30,13,1,977,9,326,109,1,70,3,50,9,25,26,12,6,6,9,2,12,29,5,27,23,62,400,16,12,7,12
313,70,18,623,3438,3,107,1672,589,43,11,94,101,19,865,510,1647,2690,95,56,456,16,92,182,479,3056,0,1693,1,2524,167,74,398,255,6967,1831,129,490,1785,162,563,187,2624,659,54,253,1386,232,1867,55,35,88,2105,223,939,496,1386,785,112,63,4872,163,439,2000,280,119,341,67,1473,1087,255,931,1244,1506,205,1483,7843,3067,432,20,78,27,2769,4045,490,28,2120,2170,2496,12,369,4,1622,3167,4,38,1495,1233,1,309,518,93,316,1812,52,1745,0,1175,3266,931,119,77,1399,605,33,4390,74,3070,3,1955,260,936,353,438,183,1542,146,635,1250,9,2640,229,2011,622,2,188,140,149,258,1603,216,344,0,1338,292,964,802,507,2753,127,115,250,4479,55,649,604,54,2643,2335,219,2500,909,3753,25,2074,1736,1037,1101,37,1157,235,3,6698,312,242,908,2810,892,1078,1122,6,4849,177,36,8,1384,224,163,71,3153,2418,2597,2272,541,1658,1,1833,514,382,192,120,1118,625,2279,430,0,407,1819,89,7565,299,187,34,9,3397,1213,2810,2223,3306,6,1448,1178,185,215,289,1025,106,148,2,4,788,46,0,686,787,3801,189,0,177,1822,52,717,383,2600,0,255,313,1104,491,1446,34,524,13,1725,103,50,228,641,1082,2092,110,161,945,152,527,358,113,5,148,3864,89,335,571,48,204,1007,481,1073,51,2024,716,1580,1417,1011,530,165,1326,20,830,373,568,262,687,1037,78,621,48,253,87,19,1183,1660,1078,8,235,2205,2230,1971,459,1844,1634,909,2,2,793,115,65,111,811,0,442,515,291,37,6167,3903,2538,33,6932,765,69,0,63,577,77,78,3637,210,2076,0,1132,17,1931,53,55,1853,208,297,58,257,959,3144,236,65,2,1531,130,589,834,14,616,703,1,189,243,620,58,3568,586,603,166,855,545,430,304,0,93,1601,1369,531,1764,9,4732,268,4,249,930,31,244,590,260,402,9,39,684,615,0,1171,2878,2367,652,3704,4,57,175,59,279,178,1255,3148,976,964,238,8,3,1243,818,42,2472,4038,55,1413,292,74,18,758,1645,806,138,85,558,72,357,2701,174,9,8,322,0,1849,566,27,276,930,306,9,28,79,90,1320,1693,116,14,242,717,22,596,0,114,3935,287,240,1180,97,1816,487,216,622,507,93,724,455,1722,79,346,221,254,609,153,43,10,1080,1557,35,2940,491,519,77,1258,28,1112,558,84,1159,1722,380,341,48,245,265,1011,0,2692,153,75,1338,1056,2978,1821,2209,901,0,1035,2250,4306,380,215,1891,147,448,527,17,110,478,752,52,5097,66,118,816,0,2475,2404,503,76,8,280,1166,0,332,61,187,493,378,1199,2833,915,103,111,278,20,952,2395,627,1082,202,703,1,0,980,1036,342,2636,2564,453,878,429,140,40,700,855,2180,1868,608,3243,380,337,0,907,2011,6,832,1232,447,12,1382,147,115,812,540,138,22,756,971,167,2132,4,178,2,1043,1628,2912,29,1,21,389,2,2042,1503,1280,16,1577,1079,9,768,99,198,1302,219,142,1,5,655,566,264,195,426,154,1308,467,116,534,2,1568,1,1618,75,921,55,335,10,888,400,465,541,1312,320,1575,650,397,374,1435,1463,0,7,575,7,863,232,1870,22,62,952,700,3440,1656,0,52,932,6,4122,3710,3071,129,94,504,2130,1540,198,449,65,1004,197,2,0,47,1790,9,241,268,56,3136,118,1245,126,602,8,1298,64,1,1231,937,0,651,0,0,443,2402,68,1644,261,1372,137,434,12,629,1033,1090,16,6353,0,10,6,2581,125,27,119,1285,204,2929,666,4000,13,445,564,1,32,280,258,3,260,726,1826,2804,56,72,3034,46,202,166,142,258,3235,392,3038,1,2104,3128,1241,3451,103,173,1246,737,3,322,1759,1,2044,1,24,5,87,363,624,2726,388,20,36,28,2480,1855,1,177,35,89,748,383,107,70,757,469,1,907,2993,699,3482,465,23,60,1193,353,41,1011,167,128,2486,1747,1331,5497,2076,43,2633,2,107,1741,113,88,1874,398,508,3455,157,0,159,292,389,0,254,1213,2367,493,8,609,5240,3146,3268,899,273,37,0,1029,416,1,211,492,1611,181,15,2235,1641,1993,73,25,138,292,5054,400,361,1126,1894,525,131,58,195,1776,379,1408,162,0,45,262,493,1359,4,36,1105,472,3562,1966,81,1378,1838,263,0,1064,3187,573,44,312,2422,1009,366,314,440,1289,36,3058,15,5,161,1837,93,330,317,11,1602,3753,1476,0,472,673,524,4956,4808,332,1090,1478,240,1640,5,2221,8,1351,10,626,222,1285,319,833,91,1638,1567,1257,928,15,53,172,1478,1235,57,2310,152,454,327,1487,122,523,3283,3704,456,67,1304,1101,582,2055,280,6,5104,267,909,1,30,76,1547,177,1521,112,3421,84,180,2153,1571,1250,447,935,364,38,248,285,1906,5,844,406,248,30,619,3654,261,294,117,163,433,12,23,1944,43,795,147,183,394,22,921,1,185,2555,3148,14,2391,3549,1460,53,21,3,4269,999,321,885,711,0,748,83,247,5,16,465,382,1518,804,54,60,226,743,0,690,581,425,3040,188,1448,2923,2478,277,31,137,101,568,708,248,302,2885,3,1724,1165,74,249,997,1436,199,2108,4309,4213,92,201,1875,2657,614,1083,331,1309,3386,321,561,693,306,566,995,1,741,1819,2108,338,221,3342,123,48,2103,0,790,1093,133,17,1997,28,719,2180,65,865,487,164,2565,285,1061,714,186,0,159,151,223,180,1653,30,0,2,832,628,43,59,650,3264,1288,2799,348,940,277,1352,1661,360,581,252,150,29,187,2006,371,0,440,787,1667,2469,0,1456,1899,1,3435,2912,2270,5973,1459,625,1336,44,395,2,390,5,0,184,49,1,3812,1414,2373,395,761,513,2,452,13,811,520,39,349,145,2664,367,3006,824,693,1008,2063,794,123,534,12,25,15,0,276,2881,386,900,106,185,0,1516,1346,1734,226,3125,1570,892,47,94,427,1014,1714,2,52,109,152,2229,2499,771,2362,485,21,125,286,17,0,1219,66,0,1332,18,923,44,411,1791,1161,42,1666,460,3100,294,82,220,17,284,73,0,2035,513,282,54,35,2090,310,279,3040,159,141,201,2429,797,103,805,522,572,844,127,495,596,1812,686,223,638,2744,664,11,10,1058,96,2283,113,12,212,1316,699,750,177,280,4402,1911,2872,982,300,806,1366,24,191,906,2146,57,3213,1736,1324,5135,787,4084,323,2,415,53,566,701,100,1417,13,700,668,272,13,1303,7,1139,1519,11,116,3190,1559,687,306,1751,10,10,0,3240,275,896,1084,3005,37,905,931,2070,16,8,2412,360,443,199,454,611,1221,2424,76,1864,3175,2127,188,176,117,10,2649,51,406,2443,1018,282,1,1903,2,1064,1309,21,202,6499,881,6,0,37,189,323,1549,14,36,648,3017,310,14,177,4,2159,956,86,308,813,279,24,4076,817,1,75,1992,279,2798,256,367,831,2040,3,2610,34,2,247,700,12,1030,7,628,848,1255,13,310,1465,933,1,154,32,1380,109,180,180,797,110,1,0,327,304,57,477,3959,1264,445,1212,470,23,1141,953,2913,9,202,154,5253,13,84,2808,3039,3431,2100,3,1,612,40,2180,45,325,458,1410,1251,16,9,299,1113,834,2814,74,1267,1196,410,1583,820,1090,473,4779,438,0,239,208,63,448,74,16,41,0,27,136,596,757,11,37,2,935,201,758,1826,74,336,219,11,1277,1376,436,906,0,1838,1,45,19,71,754,1502,1538,0,241,205,323,171,2266,2,2533,1628,1384,653,19,0,2436,746,1044,1419,614,996,0,5191,1446,1852,166,1042,24,11,168,3605,4,6,293,519,326,660,0,12,876,13,2327,0,1436,575,1302,251,1038,110,2,2714,221,702,703,505,374,9,159,114,65,1370,147,1748,428,125,296,100,538,14,121,836,40,1570,432,2154,138,567,0,1811,0,22,1139,0,328,2444,2145,1277,2,345,939,360,779,2039,2975,4,580,203,1586,1682,462,1338,2036,12,27,53,974,321,1805,708,1299,89,7,1549,110,477,3037,815,423,248,237,1237,0,291,1723,570,590,92,169,3346,34,922,19,3125,4092,0,20,1234,148,588,11,129,202,1254,182,3171,1753,1341,0,1352,24,2,556,7,1098,0,2647,349,4715,33,0,242,0,2427,44,6194,3,0,7,6,577,127,864,779,228,31,893,305,2822,3041,553,1659,432,319,1143,103,1222,438,2012,9,222,3078,42,814,364,406,1234,90,33,0,151,2836,3094,0,5085,268,3150,155,504,3,264,949,1120,16,431,0,739,125,51,645,2,121,709,532,182,4,1155,545,729,1366,901,30,0,1083,1426,1267,29,121,22,3065,824,1697,392,0,157,1093,576,2,14,42,7,0,1,317,2,35,1424,3,204,269,0,369,0,499,943,672,0,33,351,2982,169,122,213,833,179,216,1188,1038,1952,1817,711,900,0,4296,2738,5,274,1149,1230,479,203,430,172,235,138,694,647,262,59,229,519,167,1,37,555,96,1265,144,96,74,209,632,381,773,2887,393,779,8,51,68,873,327,847,3140,35,24,127,354,304,1196,142,411,9,1,347,443,228,193,132,1724,199,23,210,209,662,949,31,1037,2600,282,22,259,22,828,2117,97,173,895,1201,1149,19,85,1647,180,832,427,39,422,41,13,18,436,5161,151,8,1864,24,4305,402,1508,132,453,0,274,249,714,60,2939,281,1468,5,534,37,3,839,155,2176,3061,33,1,571,4721,917,1173,154,3257,379,376,978,45,15,24,977,196,179,716,604,93,1,2539,598,490,176,921,65,3249,316,317,33,26,760,0,1121,1130,2946,58,0,797,1886,229,10,315,138,232,422,3,63,691,1542,32,15,441,414,99,2644,2511,0,2000,15,631,78,2376,3425,49,2569,5381,140,46,511,238,1882,301,1736,77,2261,110,909,1127,473,560,1993,35,1216,149,1274,127,344,95,712,1501,0,2072,170,3898,3,3137,17,602,6,778,476,1816,7,247,2303,872,1029,1014,1496,0,13,25,266,1260,761,1000,560,37,30,873,577,843,2243,954,119,107,363,1422,2201,119,8,358,2287,1752,572,31,1780,366,597,122,668,2348,702,2471,518,2720,555,849,149,2587,435,6181,0,56,193,0,816,1,32,15,2065,391,189,28,0,260,803,928,1372,370,1724,22,69,989,336,21,1946,199,0,1247,309,280,2157,465,1334,284,600,33,1560,327,0,1905,2802,1705,561,149,1074,1483,1850,214,2058,168,101,1522,456,4,107,275,562,60,669,702,324,5,71,424,873,2004,0,1609,4239,2765,21,546,1021,543,1088,308,370,40,427,1,712,45,245,39,1396,473,2837,887,577,21,0,2101,285,526,249,518,164,38,398,1,860,147,1971,603,584,1,288,0,44,0,281,1967,735,4188,2303,629,15,1328,575,410,169,0,1025,142,140,1209,1250,546,1141,383,6,817,318,294,226,8,0,388,536,65,726,463,2262,779,198,12,35,66,23,336,399,2176,161,1035,104,4,13,156,690,3056,4,781,1107,485,2987,797,427,464,709,1800,0,143,23,53,711,3195,0,1962,73,5334,747,86,282,1299,827,71,3443,461,2071,187,0,2120,121,4,5215,99,1228,3842,131,259,1378,370,1084,3761,80,229,0,1,1037,264,3523,1657,4,680,41,2803,1,3394,2746,25,591,2415,0,207,2869,568,8,1002,35,1301,330,1038,1882,101,1432,187,458,542,135,338,167,1112,105,408,1,1336,325,28,6,1134,329,31,289,3600,2396,973,0,1943,216,432,124,1369,12,626,5,1340,12,935,760,291,721,1,2030,63,647,1030,221,278,1168,420,64,573,2293,204,123,4297,206,0,222,149,744,29,893,367,35,0,1403,322,67,1271,0,77,480,449,129,122,144,174,2017,0,1389,16,73,480,4828,1061,1580,733,720,116,1153,872,2188,100,1080,368,2893,2261,19,212,0,379,1169,195,0,88,450,88,1014,3153,346,1511,392,1082,788,102,2815,2,11,33,0,70,3624,936,636,100,592,16,0,564,23,58,0,851,127,1824,494,4507,1,3324,68,1323,1446,1440,1815,485,856,679,859,4909,13,577,286,188,770,16,450,2175,2974,2509,336,3,190,26,503,1465,4149,263,371,1251,1080,332,143,1293,546,689,115,226,29,114,534,0,5700,204,1342,929,272,2,9,10,670,364,195,7,649,4648,756,237,1135,4,5,23,260,734,654,381,3007,291,1512,1154,415,79,1935,1447,437,797,630,2511,600,0,4183,42,1248,252,22,2714,6,2135,488,251,340,145,1593,5,738,14,368,150,2683,247,215,395,1499,1133,302,226,2408,2260,474,2127,328,244,119,1626,61,5,1257,150,496,29,2474,555,0,1131,3432,3478,38,11,2653,185,3043,1,671,399,429,101,738,115,340,72,60,863,110,300,0,0,131,0,741,573,3634,0,961,540,168,50,34,1758,138,200,42,0,1037,3076,107,1002,857,2326,197,2298,470,267,820,1969,65,1775,390,391,299,253,0,98,476,1222,0,698,23,151,113,182,3,685,219,3554,1477,558,287,1656,76,0,18,2395,683,579,4033,0,2652,0,1764,2672,892,0,509,5224,100,338,611,371,189,228,233,1353,6,3,5,1184,174,49,2452,112,820,2953,2655,1593,235,0,0,260,271,510,397,0,790,25,852,0,15,89,165,1175,2270,136,1208,5,2326,733,1268,3647,741,627,355,1127,339,2873,12,4059,1,414,2590,90,0,80,1402,796,1,152,1808,4212,1471,1351,0,2066,8,241,298,678,2285,984,929,776,5,123,1302,70,1118,108,3008,184,1675,159,63,2,20,412,1902,541,331,20,822,3571,5031,126,76,107,25,343,370,564,842,973,731,38,590,597,0,38,0,2,252,13,1504,826,1035,593,3125,0,608,51,929,228,72,18,4873,821,196,221,1,6742,401,463,2247,1124,860,162,305,5528,262,1123,367,1136,2381,15,241,2280,375,682,177,880,326,4,84,267,4489,440,3587,33,67,179,445,3267,217,5952,475,714,455,1985,409,1121,0,304,333,386,892,992,1557,2958,271,28,3,0,257,783,47,0,3068,1,1337,0,19,288,595,20,3257,1432,3533,112,804,97,2176,1,569,2500,1201,726,1316,617,76,41,383,3452,324,504,140,328,21,670,661,869,2,0,24,3208,100,1000,295,0,1691,1473,148,604,29,346,6,846,1554,539,1467,128,2,1368,3675,796,213,47,2895,3913,59,740,319,33,385,6,2771,39,712,1025,3,0,226,628,0,2070,638,2183,565,380,139,571,9,339,316,2956,18,1053,5,426,40,112,30,440,5065,134,231,3339,461,889,751,2730,100,845,30,613,7,5,1369,0,432,528,135,560,30,1312,2645,0,793,9,2136,1704,2383,522,13,527,1971,407,743,228,574,2085,2488,0,1396,2118,18,798,284,181,43,2234,435,491,236,113,447,297,34,246,2024,2,1623,201,2987,19,1217,100,1080,2090,176,18,1077,542,2333,2020,24,542,75,332,88,51,274,2356,375,3293,1,17,0,756,864,2653,731,0,264,7,1201,3,75,101,66,2015,37,59,19,977,889,974,1,2,779,288,4286,48,530,563,0,5,586,0,1030,178,550,129,3182,175,12,19,65,794,12,303,113,1213,1,2664,3,666,791,0,713,101,2670,990,948,303,0,1709,832,125,2141,95,2985,3543,4,393,1391,1748,220,40,324,73,1145,13,53,0,46,0,113,69,1140,200,160,15,1510,287,351,0,123,2,235,301,6996,26,241,149,3,184,43,2589,150,9,1111,334,3689,569,315,21,195,1580,920,106,1684,27,448,362,1014,249,1565,11,1678,237,229,3166,4047,216,1529,347,801,144,633,957,26,619,234,834,1383,2126,580,421,1,664,1639,395,3462,1938,221,0,753,149,0,62,252,1272,2817,41,170,5,507,3265,242,1054,3,3735,262,658,1261,1620,105,173,866,10,67,565,1,2088,1024,487,634,780,244,2053,2454,1623,2586,404,2099,946,421,1183,625,201,1812,136,746,1088,3,0,579,1690,947,1255,1455,1714,75,297,495,2630,0,4,1176,456,141,920,2918,156,32,153,1779,8,61,781,4844,41,3070,1678,309,159,2276,356,6,805,114,4,1596,123,1062,53,1864,5,42,4292,1288,1056,24,1209,373,128,8,1287,60,25,2635,2865,4239,21,2,201,208,247,1404,920,25,14,1485,461,1644,200,51,254,5,405,372,96,2038,9,1197,110,1555,181,1,3,133,6,47,44,2552,0,145,0,187,132,5,297,220,139,1844,1358,54,2301,857,74,2500,24,12,4101,444,236,892,8,292,230,3343,1226,48,91,979,650,767,0,1700,421,389,1334,2,713,2560,507,188,10,0,969,103,0,2402,1148,843,2,24,119,167,939,147,2945,58,213,32,920,6,142,49,1328,1143,1,249,1,1205,1248,2185,1903,2418,1445,109,185,334,695,9,1013,1,25,804,884,4848,27,110,371,7538,1,1810,149,814,367,284,2145,747,0,6,243,281,399,98,379,0,23,191,1,164,45,0,2168,7,1302,2562,459,8,40,0,668,2315,2101,1114,687,819,0,5538,2949,1454,78,5,22,43,1000,529,666,1553,1057,268,1179,74,322,109,782,2102,425,5,640,364,1249,1534,764,42,1909,0,1448,275,1510,461,595,470,613,439,1433,2798,1097,146,469,125,879,410,108,1795,162,328,94,0,735,445,849,284,7,54,5347,725,980,4703,97,1155,0,429,4408,684,2340,20,20,86,1661,1250,121,2,797,2090,4075,553,535,255,0,1820,2458,1,573,44,118,58,477,1,99,4186,287,5191,1793,243,96,929,52,257,3591,34,99,1307,1167,173,505,413,1353,424,104,869,4674,830,3249,3821,2219,1,1269,598,426,5,358,22,1,1414,167,289,416,610,75,58,898,328,224,1036,365,68,1278,402,868,28,143,697,35,1149,14,100,42,2488,1313,10,534,827,15,430,224,377,745,1741,4232,970,374,0,160,254,3502,1524,0,51,70,259,3019,19,518,0,879,626,242,404,71,49,499,0,248,2432,320,373,11,791,87,2007,247,69,1525,1521,1891,5,108,1702,201,1526,21,435,630,2257,1594,912,212,22,72,244,703,1649,554,665,891,409,12,440,82,235,494,392,2763,3,0,129,175,712,431,45,256,435,93,160,305,58,687,269,193,3931,1960,263,0,4454,307,59,675,103,12,7,370,2,1512,0,685,529,721,2265,712,7,4,208,7,5,490,78,292,2537,638,397,2514,248,914,983,441,0,61,53,279,269,18,1270,318,409,800,1712,3534,294,2216,1236,4,887,693,0,19,467,1984,237,68,3170,999,74,3112,425,168,197,75,1271,4144,2251,2675,2703,1196,2,3,3055,23,1713,605,449,884,105,159,2,688,2330,962,1935,0,185,1660,1833,2152,131,2805,2302,711,783,1301,156,4049,1368,205,437,543,2160,29,209,2093,1239,278,146,238,252,0,1886,191,94,2275,440,0,5,16,1117,2021,2799,127,4443,1800,558,144,1,3753,2638,116,1709,137,13,27,0,0,1020,3689,0,4875,433,1253,719,1,49,54,2385,2,542,1052,489,382,260,505,884,2014,661,54,1,617,228,3170,181,35,2,2279,358,3040,148,213,1101,1456,0,168,53,784,1322,8,68,879,2410,417,2804,36,185,5459,634,233,112,919,2494,3016,2082,832,4461,2351,369,16,52,1,933,337,384,1174,959,0,4153,9,3198,7,278,393,195,88,1100,1498,2,679,386,9,30,1481,2365,735,264,62,744,178,2585,204,2453,7,52,1590,2846,1027,50,990,370,18,458,2074,2531,2001,157,2,2963,506,448,3,3627,3040,324,5,1102,10,3531,117,240,139,0,641,6967,284,311,1,1806,2478,111,15,4576,233,3229,2511,264,0,74,472,538,0,325,599,128,367,2655,311,48,5471,450,768,643,4041,989,2142,1778,95,273,41,45,14,1930,3523,309,547,7,715,304,593,139,258,670,0,2023,389,1853,1215,737,2402,1481,18,2711,880,600,34,1259,41,128,2970,775,0,38,691,1498,390,320,269,20,0,1859,569,670,823,774,1908,11,352,91,1639,331,1345,900,544,615,4864,1043,322,123,2217,75,3374,81,1429,19,3788,6,7325,1996,655,860,18,189,2469,2652,996,3747,3854,1237,360,1627,1609,26,20,1462,146,187,187,0,41,93,140,2835,482,47,511,602,1484,144,1536,88,1541,394,2900,1601,308,181,668,261,2243,3608,3390,0,147,5,27,145,236,781,510,0,1,279,77,257,248,0,1810,1139,2,0,579,283,198,1414,53,87,648,25,294,2077,608,1324,2,485,2253,538,54,30,289,4,114,1,185,788,641,2455,7,18,4531,2324,182,911,509,4602,229,196,0,489,0,913,3948,3025,118,151,973,5402,794,109,810,564,41,1536,295,14,1522,1292,2647,43,144,941,318,1727,9,0,284,101,400,174,52,571,4290,0,1,1047,4,533,3,2376,48,445,1412,275,60,2661,324,31,2864,32,301,0,47,2,0,1598,1409,44,84,73,1731,12,3308,238,325,1021,226,37,5169,438,14,67,653,254,22,123,1137,0,4538,415,188,42,451,450,84,12,28,774,2706,5493,270,5170,22,80,1832,1886,1287,112,115,907,68,461,329,2,1171,627,5,350,1650,559,36,91,0,2052,186,557,576,267,2506,113,0,841,1529,403,513,142,96,47,1237,1283,2846,2800,0,511,312,1245,0,128,9,26,1057,2119,214,1650,6,1261,1292,38,31,163,4357,2034,4483,2607,0,210,91,2992,3270,1,625,137,1085,4,4285,1763,2,1481,411,1122,469,2575,130,66,100,129,1453,254,645,248,3528,888,73,1011,1213,2114,2731,1,1186,1541,1566,2449,14,9,1166,51,1,2139,1134,203,3871,1937,926,5533,2235,165,999,938,211,47,545,151,41,564,872,1049,0,1,1062,2032,1205,314,235,349,52,143,1280,3517,1,844,1194,23,136,1,1434,2137,395,427,8,45,2047,330,33,2294,36,214,147,786,31,619,2286,225,5,651,664,303,1418,551,122,614,196,2579,3,383,1962,304,776,2,1094,82,2335,1,5436,29,304,19,824,338,4248,258,502,1996,647,1492,415,21,463,268,128,263,765,559,776,402,396,30,2161,1195,688,28,3453,242,56,2078,2111,406,0,38,1180,571,90,2023,22,2110,861,1066,93,0,391,1322,23,213,14,2,1111,4895,80,447,169,122,951,265,0,603,534,92,3861,143,196,500,5008,1306,3427,1025,1,704,184,300,12,8,8,248,107,1938,0,5937,1877,1,1378,2106,500,595,556,1591,15,234,349,1503,2887,297,0,3606,345,196,14,8,1045,4078,624,728,770,2739,1984,198,106,3001,188,1771,4,24,2145,859,2790,378,1931,1351,33,565,1417,4026,4038,174,2560,64,129,815,128,0,659,4,79,934,830,614,32,2055,851,1659,1899,3061,4,1389,458,2044,1009,964,0,1094,1924,1050,1069,951,569,2,1695,76,316,210,107,166,721,2610,98,23,4013,482,99,2729,0,134,347,1111,920,844,305,5726,0,919,601,262,10,25,291,583,655,98,929,525,2463,776,669,35,713,12,909,77,0,845,179,338,991,3105,100,2,37,3110,203,100,1895,62,1434,1315,1369,2188,322,1376,681,476,1,31,1696,1469,1156,2207,44,874,1265,24,1277,1823,0,3211,314,941,405,964,3283,1351,1549,37,2023,4,277,6,484,364,523,464,455,5,337,2547,981,1,2015,1,26,35,1653,1717,2172,1884,6,190,1675,357,37,4563,216,363,1801,362,1570,9,99,970,1997,984,749,80,15,27,1057,6300,1199,1169,585,2556,247,2113,666,2301,1529,1069,555,3888,21,191,34,1450,1861,1195,76,743,229,2835,1773,166,661,3,962,133,297,365,2787,57,20,111,1288,431,1252,458,618,2888,1248,4,110,141,17,1156,232,8,1629,185,62,100,1308,3,563,111,1,2032,0,1580,385,231,289,179,763,4,985,1666,26,2178,185,807,8,1323,283,2197,3048,2074,1729,684,83,2060,0,175,178,104,451,3356,548,200,0,110,70,458,2785,1198,4,2,1122,872,988,183,348,3857,27,441,529,655,1199,7,288,3,2207,553,1865,341,616,789,572,195,2000,211,285,7,31,3197,3052,192,2296,431,525,142,4,1459,1642,8,195,169,0,1349,2899,0,448,289,1385,5,3154,2365,3,19,919,1312,181,63,764,2275,3620,1021,148,81,2317,2148,0,132,81,133,389,1736,615,216,183,1329,1210,1341,1330,377,25,283,821,1,38,308,2154,308,2565,1524,0,218,1137,624,103,1664,200,1347,995,197,2,1280,705,1190,174,904,436,2,1235,0,2794,9,0,3149,224,1124,110,1037,8,159,1908,3310,751,703,0,3389,946,2329,162,4043,265,575,395,3175,366,1374,316,53,855,31,1184,292,112,3218,43,51,260,1623,2951,4,882,12,1262,0,563,80,1459,463,715,3,181,39,192,503,436,796,0,1159,90,671,242,14,65,510,265,3202,58,765,5,407,5,871,703,151,899,0,308,112,1152,1298,139,0,17,80,2959,2217,1041,498,2019,315,2,519,2723,314,128,72,169,520,18,1001,677,1970,990,340,0,1188,139,1,316,893,480,269,567,1913,95,34,1111,67,772,1171,19,0,140,1005,276,192,5052,2039,4,3391,184,124,153,1359,86,5,926,1435,594,545,1,628,1307,218,751,581,127,67,56,43,203,39,2195,126,63,2311,921,505,224,180,1524,6,66,171,7542,524,1553,98,82,137,92,458,44,1328,4579,118,540,174,1881,1839,983,0,97,376,179,55,946,454,1914,25,2560,1617,13,117,1046,643,1,461,1379,0,435,1233,1773,390,3541,1978,50,746,1047,136,198,57,209,6,30,33,3532,710,368,2,48,0,21,12,679,1,1994,2143,485,137,84,677,457,27,282,2878,1,295,1195,484,61,222,1048,0,833,2885,1278,511,187,0,2050,1325,456,18,771,50,0,0,558,161,283,861,47,0,2094,1931,72,465,1,459,765,402,366,2663,7,217,99,413,2965,445,0,1078,2,606,250,85,1523,439,1097,2164,1922,1209,76,32,12,311,196,643,3,122,1159,1841,367,4,357,902,1559,161,336,2534,4088,327,1093,2567,56,19,0,537,123,0,1171,321,1,1799,0,552,474,3,635,26,856,22,403,2732,0,170,9,1104,31,6405,3253,68,48,4046,1260,151,567,0,35,1076,772,20,776,965,463,125,73,524,0,44,726,178,351,374,228,623,1,4,149,1,211,15,73,98,343,180,172,731,27,236,230,394,0,408,567,1199,92,1628,1119,0,481,44,2,63,134,1551,0,191,581,132,37,1,2,434,42,56,1927,83,135,2,9,2093,2679,536,748,272,62,20,1556,62,2631,0,864,1009,65,451,562,65,629,506,1319,103,769,97,1202,1051,25,1294,6,116,1038,1111,2579,475,218,1955,290,10,116,161,142,160,69,337,4,310,144,1148,1437,582,2,9,1480,343,2485,97,2493,14,5,552,1422,251,1242,1537,1222,102,705,218,467,2024,141,302,1215,982,1751,147,526,409,2938,2,1281,2006,308,276,194,164,75,25,397,139,538,585,321,142,65,377,165,1881,660,143,388,2078,794,270,0,2,1797,1587,882,16,585,5040,425,1244,837,526,6301,1160,383,515,47,425,214,292,68,0,2737,1257,791,3519,991,773,683,1665,1,850,0,18,3016,1139,157,1420,860,2572,997,457,2715,1555,798,0,0,2623,2617,842,22,1376,955,1625,1216,1181,0,506,609,2252,122,7,1313,68,33,85,1324,1762,69,933,280,874,594,408,475,44,1692,191,2157,786,211,300,1637,1379,657,47,165,391,613,1353,1635,1008,617,12,0,123,130,139,56,1668,774,989,947,670,103,1326,319,1789,1088,78,4,75,25,680,2141,2568,1542,10,2035,118,1285,968,1611,54,54,567,3872,239,61,1218,4192,1234,65,310,1,5,41,40,2085,1007,5,42,671,102,458,920,2005,2,93,10,1073,615,728,1117,5673,1,827,1,184,683,107,41,66,473,79,158,154,1245,35,15,3403,12,76,764,225,672,1146,133,255,1021,34,65,864,578,235,208,966,1,4,217,1243,678,431,334,1733,5328,0,231,856,53,131,635,5,1137,995,1423,1956,66,909,291,322,31,683,1173,1476,91,1,900,3321,231,13,17,424,7,2250,1341,2246,350,27,2021,971,2228,1015,535,526,2219,97,2302,2316,700,85,1190,79,1349,12,396,920,1321,0,382,48,912,0,3633,909,2390,74,23,1336,32,1051,6,1931,676,672,1744,1257,49,468,237,781,3,352,415,220,118,245,912,193,0,0,534,1023,52,353,278,144,15,316,267,2,141,3153,18,301,481,365,385,453,128,328,410,2280,231,24,188,45,7,693,462,0,0,1338,2555,169,473,190,515,2573,2459,12,3,1052,134,9,90,112,951,258,853,147,3383,4134,2380,777,156,60,388,5062,3226,384,775,502,84,481,878,48,0,8,1319,749,3,548,1859,9,73,90,963,513,170,50,73,1040,0,1124,0,121,0,1167,360,155,43,222,263,139,4271,68,1029,1063,916,3024,1174,213,1715,78,1,4231,3,457,33,931,277,1042,1000,40,0,1620,310,21,2010,425,2231,33,402,104,7,586,1353,29,45,87,401,2627,129,1932,3121,611,101,106,80,63,2945,23,2087,1812,239,5,460,318,862,2433,3479,102,0,38,867,82,130,0,385,66,151,4037,560,1107,27,817,364,68,2288,21,751,220,1156,1201,1176,79,1354,541,329,360,5586,346,199,630,3626,1592,3121,2803,10,54,2318,7,8,4,1057,501,4,547,1028,1758,694,2697,1980,433,38,500,13,9,1483,152,2258,3432,817,0,270,2464,19,533,81,824,1082,1092,271,777,497,2883,32,617,1040,17,413,1290,2946,300,1190,3524,9,747,165,6021,3189,767,1538,2380,1918,2,627,69,2026,1893,918,7,111,2008,388,1494,261,9,5652,126,2636,13,71,319,8451,119,0,42,791,617,786,2422,42,155,313,1,2227,196,1974,535,257,114,11,32,1116,254,181,149,2851,1078,330,0,453,8,1454,1393,0,288,214,347,11,211,1220,5359,193,95,86,231,3409,717,512,1230,36,798,11,286,1112,341,764,1389,24,30,3154,3851,9,0,98,8,316,228,2258,502,0,712,0,336,155,30,194,1594,1381,1177,163,320,174,2765,666,1080,17,180,1319,495,65,289,609,832,809,22,2250,4226,1148,288,214,592,84,2412,391,334,603,74,316,0,1382,2151,0,1667,0,1616,14,1007,2,892,2031,45,169,2227,455,2219,81,348,761,471,159,953,2275,3050,483,102,428,33,1476,6108,908,1996,1139,0,507,4,286,580,548,8,55,111,0,3496,8,3,1661,1722,332,178,702,1470,29,1,26,0,838,2885,196,606,888,129,6,0,62,897,4,72,824,8030,532,3271,30,616,1204,1480,215,4,811,334,27,423,1285,2083,29,497,342,0,273,985,26,815,67,1302,0,39,512,5559,102,0,0,2716,69,3442,465,1986,502,835,1589,3376,41,4,0,1391,2574,0,210,2253,29,2355,436,1843,2298,404,1004,1024,217,14,276,7,675,236,85,27,1022,1877,484,772,71,655,29,575,0,536,1062,3379,954,1607,1783,1635,1481,442,2601,32,1010,79,1265,377,1,439,1272,112,1133,77,2282,35,1957,22,0,17,910,739,6,44,324,1234,2159,3591,3496,62,160,327,71,2,625,267,2252,388,644,22,68,2715,321,267,1590,0,789,695,2005,2,164,327,160,272,1749,121,1927,556,0,123,1464,1131,82,4147,400,1894,2734,950,360,0,3371,3487,1342,1428,191,281,565,389,84,9,218,5,238,479,1148,1493,366,2063,353,2309,839,2715,107,131,1435,2974,334,843,0,1,52,511,1653,202,2357,45,497,0,1645,656,2929,348,791,84,715,159,960,45,1494,3492,73,39,5,1,85,1059,189,667,24,55,880,4,1662,12,1199,37,722,445,358,945,417,7,8,186,0,223,2277,369,2940,0,94,2203,1280,957,807,323,5331,793,393,1897,2914,594,0,0,17,6,218,754,32,5657,1849,35,1827,494,292,49,31,1047,1836,3020,351,1753,63,512,85,755,852,453,40,350,304,93,101,1129,228,3977,983,47,2389,102,1969,315,6548,3455,2177,551,348,70,216,545,1347,6975,1508,877,169,32,2664,1972,260,391,51,2528,2155,24,593,27,110,2,722,911,4805,1863,2111,3676,1918,0,1296,1051,510,6,1472,186,5,39,261,1128,375,846,0,301,2458,1110,3073,5205,1494,799,4103,9,2,56,470,270,196,2,23,5,2684,248,402,991,1640,31,695,1706,74,1,860,124,3440,465,1941,477,2,1055,190,1910,1298,334,3303,374,684,41,2581,697,469,800,0,250,64,107,6482,1161,316,1058,2161,105,1895,2,144,257,3604,144,44,3255,1590,271,1274,870,408,74,2082,1180,1987,1738,203,9,2,2955,152,1048,4420,236,616,214,1228,1736,8,280,309,2571,4752,0,1698,534,218,1263,53,17,1135,29,401,113,4,1861,884,447,0,1964,637,1450,1440,1588,2494,1339,1631,4,1851,10,29,1021,317,282,309,808,537,629,73,2544,23,34,66,1494,1009,0,69,45,660,0,4865,1384,24,80,457,699,789,0,1113,651,1038,36,2035,0,154,636,196,345,20,189,705,1143,1899,699,59,234,10,1356,4763,283,1778,2582,36,235,513,592,212,870,76,735,87,6775,1155,2,446,750,943,162,746,6,28,4853,591,2236,3,662,483,24,1426,757,247,1349,23,205,767,1904,602,717,1512,1606,92,1359,500,10,4338,164,32,40,1444,30,42,3175,354,1178,70,138,1060,1192,488,3402,297,215,150,3,5093,252,18,1215,57,45,2165,821,1131,1182,285,184,144,1405,183,4,189,458,656,385,790,1,153,1678,2104,268,520,1521,0,1244,1777,564,40,613,423,5917,632,1095,56,1854,252,305,131,182,1818,96,85,2,497,4269,163,110,1221,0,245,116,499,572,17,4447,32,49,0,2015,281,426,598,1581,596,287,269,1370,89,87,997,238,208,188,173,0,22,217,0,51,9,1036,0,565,1209,313,1589,2010,117,59,704,97,691,81,618,83,1610,172,3163,2234,792,1,0,6,3077,748,0,38,1596,1905,39,109,3661,155,13,0,809,239,17,13,1287,25,1450,490,34,44,505,334,1157,1117,5067,98,5813,4363,472,189,757,3917,275,2425,1129,122,575,1521,1307,501,42,93,395,4656,969,147,3,363,1535,1454,51,765,463,139,574,95,476,148,586,2691,1751,3,859,2696,1110,3066,1117,13,552,1964,37,21,660,6574,38,1560,118,916,214,452,589,636,171,14,313,88,316,4028,1374,66,544,3936,228,386,1050,1009,101,318,123,355,1389,71,8,152,618,1555,102,2203,2627,1935,413,1819,376,2602,1500,459,1170,496,0,3356,179,17,971,0,486,13,679,920,0,0,655,1,0,50,0,986,1962,830,616,0,43,892,429,332,31,249,2551,1268,1,2583,1778,1025,2560,0,1476,382,639,392,788,0,116,48,71,1659,30,649,498,13,127,1309,20,1304,152,260,4338,3867,1572,537,33,280,229,1638,4072,2017,905,61,785,0,24,4,5350,37,3904,3,2,2290,3267,0,1332,1542,1,273,737,441,794,52,34,75,1580,536,193,488,75,648,2292,430,860,69,125,11,170,1,0,999,70,1211,30,2,82,382,141,879,53,32,2791,0,258,491,1724,331,145,3,996,504,781,269,1640,4901,1965,0,439,27,1826,13,64,5259,6,102,7,482,0,6,133,29,150,128,0,4426,76,27,511,0,3,2591,192,1046,254,464,154,957,1265,621,1038,264,1785,1767,973,365,98,8,10,1232,13,579,165,621,706,719,203,3681,581,2315,713,1,735,603,146,452,84,57,0,2124,180,79,167,86,2471,4057,1964,554,1,273,410,684,94,512,0,338,954,357,2511,620,410,0,1281,6779,17,1181,600,16,356,14,31,520,1,145,337,379,1471,169,119,2448,3704,444,45,53,397,1,358,44,1944,156,2715,220,986,898,195,370,1453,0,80,771,709,80,2878,7,195,0,6,218,570,61,359,782,3241,4,352,143,78,19,1996,1316,27,0,4,2167,287,3892,27,500,2198,707,25,25,1114,764,3,825,86,0,9,20,21,2240,541,275,27,350,9,1574,6366,794,82,7,313,1125,7,4839,460,1002,285,3,46,1885,0,1073,4,120,0,1211,118,12,5071,1838,4,116,981,2058,1515,242,247,139,366,1055,1176,4,1325,26,369,1,703,782,1789,0,532,814,84,0,2410,136,1091,2141,1131,9,0,480,1357,0,1391,869,72,351,3275,442,84,26,30,197,22,102,1041,1201,5047,120,604,69,651,925,457,0,1136,8,260,585,100,4986,143,0,810,400,681,272,3801,516,170,1087,0,580,3314,1114,2858,31,79,0,3,36,117,900,1867,477,0,0,414,107,0,69,5962,88,183,128,26,113,112,821,62,7,1630,805,1206,2220,759,221,48,199,1230,1622,157,0,3274,406,682,8,750,280,1757,338,877,346,10,8646,495,280,968,2008,535,346,1068,258,820,1655,1528,43,278,1503,3073,1337,17,1129,324,50,788,94,634,5,292,0,149,51,333,0,953,2210,6,35,856,473,1099,5,9,36,197,120,39,0,437,623,351,247,70,17,40,569,45,651,1435,217,0,278,244,1044,1079,154,4888,19,82,6013,571,352,2049,903,1219,0,263,3655,188,834,825,1715,79,2138,0,113,2772,834,589,182,56,19,227,336,4233,1342,426,2007,1113,433,3724,817,720,640,890,673,542,2807,3,208,135,16,3350,181,3139,649,1709,6,7,4471,829,552,1640,1,90,269,446,3626,856,1212,2891,240,2380,2,70,184,4282,351,7,120,1549,1348,1359,4151,1484,2026,403,76,78,639,767,1038,101,260,2085,539,585,1693,287,118,1614,58,1235,3408,381,562,3890,604,5345,2191,311,573,316,350,168,1627,17,33,1846,15,214,2,411,7,2324,132,1710,1098,51,251,41,461,469,98,668,363,479,2615,250,607,1232,385,769,329,1176,2027,11,506,445,0,2,0,19,791,1150,3619,1012,202,151,347,197,293,987,248,1684,3704,70,540,794,0,2373,161,3157,1247,1301,1797,3057,1445,0,107,4938,129,2260,220,79,2189,273,5,1734,11,3598,4206,6,943,214,875,744,657,355,284,1538,756,26,1157,0,3,185,13,3498,1398,5138,164,4,223,2063,321,743,742,64,1400,2770,913,1614,232,1525,1472,918,607,195,288,1699,145,11,2294,728,80,55,1213,674,148,1148,214,0,1592,3,1,58,592,454,1175,159,1840,0,1033,779,413,24,652,39,2346,30,292,93,574,1505,44,501,281,2275,20,144,4,221,118,2,133,1059,24,0,0,1394,33,669,1341,453,63,117,1921,2804,265,523,205,378,17,227,158,95,0,493,1164,181,762,1065,121,257,183,1036,61,371,212,955,1,149,1141,169,4,10,4160,348,50,247,209,1703,195,134,3425,300,149,566,652,2468,5136,324,85,327,398,793,862,1935,698,452,2444,2899,0,363,4488,4,5,25,310,966,0,231,69,363,169,442,628,1138,1507,144,745,232,354,555,2055,0,1200,0,263,1,752,32,367,1054,29,427,577,793,27,97,3465,860,372,61,4730,85,838,636,5756,2061,9,1608,751,750,195,9,244,1136,1929,2678,3,152,0,192,458,560,0,0,19,1886,1,260,1003,3128,4969,117,1416,276,1345,2115,980,50,48,993,417,92,166,3830,47,180,17,14,1156,2473,2,1838,944,83,9,540,182,3003,438,563,926,85,0,764,51,142,7,26,1281,151,8,772,47,863,458,2088,1,609,409,697,554,139,455,1936,41,679,932,1369,2560,252,3,294,162,46,327,3732,0,644,930,43,1114,57,393,1169,2283,260,20,1023,226,0,1058,16,1119,3297,34,879,2359,787,1543,1324,1716,1375,1422,351,308,478,29,165,908,274,300,2496,1286,6481,505,614,3054,1485,1361,1055,2289,132,350,508,389,321,425,776,1265,14,4826,970,1386,1841,6,762,180,149,874,79,283,1526,1521,14,43,46,65,593,1959,0,141,99,274,236,721,2702,157,314,1609,133,1253,1000,5,1303,1786,2394,565,0,76,50,11,460,2479,173,1,0,543,0,1104,412,552,194,808,126,348,871,1454,557,2878,0,178,12,264,63,243,0,1024,1288,540,127,3040,165,1423,1878,155,318,432,405,684,71,1932,1149,2204,350,0,6,11,1847,1229,1603,662,7,2851,2606,136,455,1423,1106,9,4241,0,790,1173,439,359,308,12,1732,1817,272,450,88,729,955,1575,176,2499,126,0,199,513,2055,1094,439,2700,41,24,274,8867,533,3147,834,800,494,4482,726,1120,86,453,0,361,21,312,15,496,153,294,657,88,1118,691,9,2635,152,2340,983,7,4226,761,249,7421,6,28,162,433,606,1553,10,2316,5,1128,383,377,849,40,307,940,1140,326,167,38,281,45,124,141,3,8,42,4447,4,3359,1144,3,2913,0,4459,865,4298,539,178,801,3672,289,3045,2477,4,336,2747,1527,10,1769,32,9,4,246,1505,1518,474,385,674,662,3483,4639,1369,106,2962,40,45,46,234,1712,184,395,588,45,1339,284,22,4169,2765,84,0,107,5,441,2166,56,1454,995,176,411,1016,606,482,6,74,685,1044,2,593,571,1512,392,184,416,1076,774,209,467,1004,1012,0,639,249,0,1261,2897,1675,196,87,705,1385,2385,2773,926,9,1828,0,37,0,3322,2457,101,192,1286,685,2020,1868,1146,460,238,632,117,1,125,133,3419,7,934,0,4743,489,4,1215,1659,465,1383,3,2797,343,2,160,57,1695,722,1092,272,4758,399,0,163,0,5326,207,1341,37,348,21,2858,2944,17,4,248,307,251,4351,7,2138,1430,0,0,307,134,1071,453,51,335,0,1387,784,474,2469,138,912,273,20,16,992,559,480,141,0,1,1320,946,985,1406,280,2828,1132,34,4491,2148,2711,243,1545,146,67,334,906,630,372,9,76,43,128,921,399,0,1328,0,835,0,1212,831,61,63,8,355,2177,124,9,4850,535,29,110,83,0,9,839,49,2,340,59,1999,15,20,536,1664,57,1956,340,1274,192,9,1024,260,1046,1544,725,1663,382,20,593,177,2641,0,1210,987,1051,1032,1597,5549,2533,0,71,1990,1590,0,20,3049,2449,404,74,575,822,65,928,0,40,792,432,3025,65,611,66,1121,45,133,4956,186,557,1023,272,5,1519,4174,1042,57,2120,1497,529,50,19,84,1844,43,5215,20,1353,1386,1048,161,974,851,609,490,43,96,3212,180,278,97,2030,0,1483,3485,154,737,125,5739,1485,111,1385,2765,141,65,1280,702,431,2573,504,1043,208,47,2192,594,52,1,890,3,62,464,1560,17,1255,550,45,1858,825,624,591,614,3,924,58,2207,1335,2820,4031,1479,554,409,144,3667,1,38,541,1243,7,372,102,3605,247,2352,1300,0,94,1474,2214,1517,100,1004,499,10,2586,175,262,997,1639,367,197,403,1354,7,2145,0,10,3739,361,7,510,276,1375,198,954,1968,68,2063,544,679,431,0,78,1268,291,1934,4236,91,69,1327,464,1642,2404,4,2054,328,644,1455,170,1971,1128,0,47,603,895,1684,1337,357,25,52,371,200,256,91,1291,1561,639,321,904,108,2088,0,597,134,1681,1728,153,5,1121,263,591,66,2237,254,663,48,31,3780,4,2538,2622,15,0,1320,609,66,1469,866,727,11,279,2528,759,1750,0,90,3139,21,182,1339,205,1248,22,361,2939,139,1148,746,0,999,906,340,745,365,277,143,4,481,811,2298,63,76,3,2649,109,0,383,47,107,65,3054,973,844,48,361,5,694,770,1434,622,315,52,1384,1423,48,1007,2385,793,3728,982,0,757,156,877,2833,285,537,783,637,2136,607,1349,63,469,422,1057,911,889,90,209,5,0,348,41,464,69,676,2,167,35,977,381,670,0,2027,659,184,101,637,486,799,1556,893,1255,3099,1,1719,1,1923,1888,249,1340,148,780,1038,481,385,577,69,732,23,22,966,1048,112,2766,2525,984,0,5329,228,65,5995,556,0,201,12,994,193,586,389,857,5,48,751,5,101,1088,110,777,1323,338,1378,5947,1,352,2786,480,207,38,1958,3944,179,1,77,105,1055,1285,169,56,3785,733,473,559,198,45,1390,68,27,155,1524,300,3430,1388,135,3253,1,38,112,6,137,2606,935,318,1907,2536,2252,713,0,913,790,9,274,9,0,187,34,1793,233,1531,427,85,200,102,68,1225,309,22,74,1,1570,1974,22,0,440,339,48,524,916,3374,5,840,863,533,227,3,481,465,787,20,313,73,63,2486,948,351,108,132,942,2038,2783,59,153,96,538,1051,698,1941,139,3551,1965,23,217,0,244,4573,1556,1,1,318,24,293,1245,29,94,2539,1634,2174,1473,595,34,245,5263,8161,280,55,103,0,1633,25,146,2199,784,3,1111,1275,0,484,194,1470,39,1098,66,77,260,0,781,6,1699,20,104,853,1147,2889,538,10,38,38,2141,1025,251,562,701,1965,2,295,538,47,61,1320,411,119,408,182,1167,3201,3167,6,1658,1093,770,967,1990,900,2400,392,182,387,170,0,2723,483,0,1,2028,499,106,81,2,656,235,471,1,303,47,153,88,466,2394,3267,98,2,0,2293,171,7,3887,26,213,405,740,1186,2924,52,1006,477,13,1217,403,27,0,57,309,269,963,1672,4,402,397,77,3883,1613,377,1279,17,90,158,153,87,2106,1530,361,4671,1658,770,3112,101,0,852,2662,416,40,787,2461,107,86,59,491,11,90,477,2,1305,411,76,688,682,0,89,21,0,2620,705,85,860,1803,0,44,2236,507,115,706,2159,89,213,1318,193,5,172,3,3298,24,660,201,951,152,204,1146,2,505,736,362,1177,162,3543,1628,513,98,476,291,124,368,2,1970,1246,38,810,2706,44,2200,1281,1071,321,2594,750,836,940,0,724,2904,1370,535,1239,915,3294,390,2962,30,0,1384,591,2538,770,193,76,3726,1113,1189,4026,174,7,2025,5,1547,0,422,1012,10,11,493,915,7,0,3232,182,0,67,1,623,594,4086,68,3236,2065,3385,4362,90,243,5,2,220,2650,52,356,127,3552,1382,602,7992,4390,192,233,3678,0,363,30,1329,2234,332,1439,957,1111,137,0,383,9153,199,1070,603,642,402,1268,666,1006,5086,430,1893,2570,1236,19,0,7,500,3264,776,2420,2749,571,1009,20,225,4704,878,1098,1905,411,664,44,37,231,36,8,261,1036,0,256,219,1070,1364,415,3357,2472,207,983,0,464,2447,678,1545,1260,2260,816,1228,106,108,5,1627,171,9,504,285,143,8,125,1306,1501,1441,789,165,2130,2051,566,7,1074,1641,665,381,625,11,0,70,41,2435,280,190,393,488,608,1087,276,2702,463,123,1000,1043,3882,1033,353,78,23,1635,0,11,672,1709,429,360,273,154,10,1988,506,455,5,0,678,1501,127,0,0,1709,1272,46,144,3466,647,615,593,366,2253,3051,3,1,88,4,306,24,1,502,0,266,1156,2116,498,0,38,1004,1010,39,3003,228,996,9,1464,2859,660,990,1890,2010,501,0,0,0,1786,3334,3,307,2046,332,18,970,24,146,401,376,1388,477,35,7541,294,3196,1473,652,60,235,617,3482,0,1,1583,4,240,1567,1880,436,1320,7,1252,1044,1251,329,1024,51,658,2787,298,992,214,1207,308,958,544,3141,379,0,363,548,930,40,208,271,57,6,516,0,1392,1448,59,705,169,482,1475,4,1093,1066,0,1400,178,1999,1099,2309,1949,934,7,0,7,0,1148,810,1275,59,1683,76,186,154,20,1321,59,94,775,193,1450,1095,1224,1729,15,830,5264,15,689,523,185,343,146,110,2,493,610,9,119,216,340,423,417,3,1,174,1691,509,4627,590,0,1609,1802,1021,487,0,1161,17,193,1219,3123,123,1550,319,610,16,0,267,2368,376,463,247,96,841,87,407,405,246,6,25,1,715,145,556,2,3649,236,0,0,931,1033,988,1441,965,174,831,166,74,3071,24,646,621,583,25,21,610,237,3861,3,1351,19,1178,485,187,1,2140,963,3617,58,464,29,168,2360,609,12,195,136,789,1447,76,13,466,142,152,364,790,594,669,346,0,283,1469,1263,750,13,1598,537,0,5543,0,50,3594,575,453,233,1022,106,66,1784,56,12,607,1511,45,175,44,2,128,0,445,678,2198,691,167,644,629,0,1534,336,939,339,1829,1797,214,953,376,541,783,3,82,14,1893,3508,91,1,391,398,819,0,17,11,788,963,2099,3075,686,423,14,1,1100,50,1682,2953,637,518,3957,182,3,0,751,2496,0,3,127,1027,640,25,673,547,1125,2363,103,1777,1,1511,214,761,518,737,6,7,319,5,2510,250,74,1138,114,51,15,31,245,759,2,116,715,1188,1629,2853,346,314,1107,17,1600,3496,14,1173,632,9,764,3840,279,350,187,510,330,1015,759,2,2809,261,0,1200,3576,1040,147,6499,1663,342,2,510,3110,1841,23,180,0,196,22,58,464,2734,2,0,241,36,1,677,2350,609,34,952,598,47,529,405,1115,15,0,593,792,1380,1579,886,1592,139,4881,315,58,23,2312,111,1761,151,31,313,86,2705,25,6,1420,8,0,5,766,31,193,0,1144,571,0,38,745,1433,72,1677,1034,0,2521,2691,295,2721,5,1337,2451,110,10,261,360,94,963,132,553,141,8,572,388,3239,1,0,1541,1,2150,919,4291,0,76,3,425,1385,8,4490,140,10,19,201,1,216,849,34,1160,846,443,2605,1382,1825,17,24,8,580,1008,480,1100,408,742,6,2259,320,2222,2744,2788,1241,3519,1215,791,154,492,72,1542,646,246,1626,479,0,973,6707,126,72,26,1,21,3641,1542,1685,272,178,1938,427,3590,968,227,1097,193,0,0,960,993,4513,983,189,1399,21,34,117,2779,4895,5092,12,1016,777,29,2612,850,267,418,863,0,352,0,320,1390,7,883,316,589,9,2145,180,511,1722,172,406,109,1714,127,129,1735,4,1121,489,90,254,77,2017,1,358,486,519,63,882,3800,994,11,678,1211,671,476,0,2559,209,84,15,875,207,8,1940,7445,21,1318,1216,313,3524,2333,415,961,804,1399,1227,1084,8,1256,1688,122,2083,76,1827,34,74,455,118,95,0,3189,43,71,113,463,650,385,103,847,4721,2561,450,229,945,1,385,22,100,1,0,2668,39,2314,18,0,1475,0,59,338,1644,1185,870,1272,1520,1566,478,849,4122,2305,188,1,3179,1722,1599,253,316,4,5262,11,1047,1203,13,1582,2285,389,213,0,264,137,2619,9,1321,2983,42,31,977,2166,1128,110,0,314,634,165,647,979,2588,17,658,527,423,118,61,828,392,359,206,250,1121,4506,4,2662,1134,345,2743,1048,262,3649,1864,342,1567,117,723,497,101,3387,415,493,20,7,2170,811,165,302,264,223,55,1133,1088,23,0,1742,48,4,3761,83,267,332,59,4,200,827,531,102,614,89,258,229,1840,67,1,2338,594,3262,2075,5,1696,343,2149,115,160,259,2401,977,141,1376,12,465,1684,224,759,190,280,585,58,136,216,2235,431,1318,1290,0,536,3679,1294,158,93,127,2572,166,2910,961,268,2037,225,2182,80,1,916,17,58,2315,0,1113,82,417,64,19,826,1666,2518,25,1242,990,2570,90,580,274,0,705,527,2234,329,7,881,905,1754,484,94,2551,3292,7,274,2312,1518,34,551,100,685,1188,2181,4644,314,48,949,215,6,1084,565,19,308,116,853,169,365,1586,1529,102,13,1238,1,63,275,36,0,608,70,1508,7,23,167,405,0,36,112,18,577,1721,0,53,4,13,489,24,2640,739,963,690,11,0,1161,1072,921,2400,1231,2158,0,0,968,1183,1,2,482,31,1042,53,606,4509,1151,9,478,17,3118,76,5249,9,9,65,1691,2333,1429,3496,734,1341,29,1116,1921,448,140,657,1356,6,850,887,823,4126,194,312,12,793,10,50,1466,400,1891,1108,1123,515,391,31,403,1498,472,158,1471,138,1985,48,1268,1021,1868,97,0,68,56,429,7119,458,0,44,1033,622,578,49,1181,84,1152,6928,2979,638,286,2707,431,454,531,1907,1363,898,99,2335,8,918,4249,957,131,20,334,850,13,187,522,1750,5950,0,2511,35,0,897,99,53,1436,84,39,155,4144,4757,139,953,2747,1128,2644,827,408,773,331,541,0,0,130,0,1600,154,893,653,16,0,1560,1,943,897,25,28,2690,90,462,1451,2994,118,84,1175,87,289,911,114,991,335,1143,1390,1448,1522,192,846,1353,1112,1772,337,0,155,667,3938,798,83,1538,573,1294,2100,126,254,354,1097,203,217,3437,1175,3126,18,499,1179,344,2,33,476,99,1540,6,222,5412,159,2601,135,1032,1038,6,847,1397,1651,2823,120,6908,174,1145,699,186,169,181,34,758,838,2579,1990,2104,924,367,56,3,1336,4435,1310,2036,95,4,6,1737,1017,0,2235,49,76,2216,131,2156,562,440,1832,550,2357,0,82,1,335,2634,0,84,317,428,274,864,672,3366,5412,364,94,645,603,1889,801,2660,135,2537,440,425,2385,10,36,10,335,2446,3,2712,1015,195,446,290,199,346,51,2,120,241,436,0,232,362,20,200,2,665,4,3071,618,734,317,3,0,71,1249,0,779,2191,7,17,463,615,58,1142,3,809,252,6,0,0,11,5,1373,163,2373,122,84,2881,524,388,1018,4815,41,413,2974,1275,1661,507,26,866,1747,400,76,800,1626,27,164,284,149,1403,806,608,19,141,824,2425,1916,60,29,106,0,1063,107,776,48,700,1424,1892,158,1305,375,1950,0,715,617,765,52,757,1177,2110,0,0,43,594,432,395,50,66,134,165,2910,77,26,23,1063,1028,9,239,16,4227,273,11,819,733,1,784,908,289,149,1265,3,786,0,812,42,1,257,0,24,4455,40,2,3807,643,105,300,891,0,30,1199,3570,1261,374,158,1222,1173,1122,0,558,40,1180,35,351,220,69,4549,4798,1126,98,203,532,623,712,1077,126,882,199,63,308,1471,1,188,75,3,303,1109,1417,441,533,1,3569,1548,1414,1385,2096,20,25,1322,808,197,3,106,204,970,802,0,156,312,313,120,240,691,2651,1016,14,1522,314,1999,4975,75,1509,0,4868,3630,16,279,5246,168,2414,1353,14,147,3055,163,122,2394,708,1413,1112,16,6,117,1504,58,0,3757,287,13,0,29,869,573,280,44,360,2426,133,1605,117,2253,78,129,51,3213,928,1917,490,965,280,505,8127,331,2513,1316,60,1248,144,263,1864,0,36,4,76,3188,18,306,0,824,1278,24,370,856,14,26,1841,480,894,64,641,2356,222,2545,94,318,0,411,6213,0,830,1217,629,0,330,585,139,353,1308,833,50,439,502,45,102,36,875,14,2,2201,1953,430,1028,121,379,2008,2,1077,1077,2581,116,150,361,495,369,417,200,49,143,39,389,54,792,52,158,38,2150,0,0,0,117,5,0,324,283,1,39,4452,34,1,343,1932,1772,153,2201,2332,270,271,1132,459,557,519,5,14,2394,1799,1063,333,2,0,214,3964,604,3507,276,21,4010,968,1556,6,7,971,541,235,85,50,40,4,1004,250,1592,131,1679,11,1263,584,1876,250,1317,265,1166,2530,1733,611,3,420,398,387,686,501,1755,949,381,63,3832,45,48,0,524,2410,146,2529,554,938,3438,280,2042,9,4018,322,765,1083,128,779,537,121,5,772,245,55,288,36,551,545,81,1846,242,145,889,11,70,435,420,987,2016,1207,0,412,850,102,110,0,0,876,2752,550,0,551,130,1412,303,485,0,7,45,240,1422,2992,991,1558,182,340,1148,911,810,1599,1424,0,449,5468,0,24,4164,94,108,1547,67,0,116,329,1435,390,591,0,262,1243,179,900,14,671,178,1614,16,196,820,42,388,2885,54,478,847,1478,315,236,968,3552,270,101,750,4435,836,1139,603,2869,950,3977,3,1628,656,587,41,1280,323,616,1751,398,223,276,238,548,66,126,28,365,56,1354,27,1779,482,7520,923,1128,424,2560,10,4,1705,1409,193,3,1319,152,562,657,4191,1741,177,438,120,217,1052,2212,831,3935,310,0,1093,3794,11,891,0,2,102,335,186,1081,2803,389,5421,36,4,1581,1320,27,297,32,57,63,817,197,3,109,1914,75,121,1138,281,3,1,19,626,38,671,621,2,2,3519,216,21,140,366,1492,51,1650,87,515,590,1832,340,1704,341,469,554,591,184,117,1458,34,167,734,440,264,5,253,176,4728,615,2245,2250,117,287,1769,24,158,139,1261,1160,89,1627,422,61,484,2470,0,244,1093,2614,1812,2160,294,251,49,56,8,5261,576,1315,1869,143,350,29,517,431,170,48,0,114,117,731,359,4342,429,36,232,7597,1550,430,3382,47,1332,1007,239,113,32,25,242,3015,794,45,21,6,66,0,743,405,506,325,1604,954,53,32,203,5,213,1132,2908,1453,44,31,2407,1791,726,667,1,581,62,728,0,166,1354,352,618,326,2085,204,0,66,718,57,620,610,1,392,2325,842,1122,539,343,275,794,651,515,16,31,23,383,4810,119,1541,5,56,102,1644,351,43,21,17,45,5,423,727,1883,0,305,253,3065,1,92,180,1484,970,4,2308,3114,1492,3050,0,351,182,876,525,158,415,1868,398,1423,111,1093,2552,672,278,113,55,0,187,2,4502,147,1282,2767,1108,71,1420,2213,2,0,479,441,401,66,23,0,905,2291,1552,2889,136,456,305,198,1,1916,2238,2219,3864,745,1223,2633,1785,931,497,2346,2321,36,980,3143,1709,100,2097,3571,481,720,3429,2437,3,838,4801,220,5010,1122,607,1676,6630,2508,11,29,18,5,5,2247,3141,13,967,39,1,39,759,261,1105,2034,3117,2851,666,105,344,42,264,471,47,0,2505,239,131,2317,332,0,442,1293,33,116,930,328,654,2579,21,0,772,1089,14,242,320,2123,82,139,574,925,1381,662,945,2698,1298,2794,2152,349,1546,464,714,2,80,359,2119,429,730,1,684,2029,487,55,1212,3805,1790,575,1041,1841,7,1938,389,0,6,1106,2602,564,0,54,4,1442,2572,913,31,21,3186,536,1915,1958,1419,1,1070,6,313,39,62,778,6,2133,150,290,289,3730,4478,103,1167,41,342,75,0,514,380,386,6,1463,150,132,522,1989,2092,25,1592,659,250,2239,2428,1413,995,139,2,36,142,916,170,345,0,644,1925,33,1913,1375,167,742,0,174,16,2167,644,537,479,6768,317,447,169,1420,2860,2079,0,70,258,3676,399,548,246,0,2492,1418,174,1955,53,816,0,0,130,44,3,126,0,581,55,388,42,741,127,1428,7867,1,36,389,0,101,1958,256,208,3630,3,1831,0,2424,781,329,1090,3009,1110,48,686,697,849,17,384,6783,825,466,2613,489,1654,327,334,41,13,269,156,81,816,28,1403,146,464,71,336,315,612,60,878,180,8,81,577,74,480,68,557,2368,13,6,339,31,5,6,2291,48,1011,246,263,172,114,244,80,82,103,110,2183,1080,0,1239,180,1177,0,1247,2765,149,168,431,2220,1112,20,272,51,1475,1014,404,9,630,599,75,1337,91,293,3,438,706,86,3548,117,1957,2589,51,1,1629,162,3775,419,1727,91,1857,82,3127,1429,2571,3,54,4,213,797,38,76,17,2088,100,94,581,209,2148,694,1400,987,764,22,0,211,618,144,2870,29,53,389,1842,97,946,1116,213,5743,1530,608,10,2765,1016,1618,3139,181,100,30,1460,914,130,2099,2399,1352,91,1669,1242,0,1990,711,17,1076,17,321,242,3841,391,83,0,2642,0,427,1,1061,4489,324,406,3250,86,0,230,2522,217,1567,582,395,44,2391,445,239,13,227,1646,92,72,174,1595,28,1921,1299,733,9,701,2931,184,220,1439,1379,395,1205,135,0,612,3030,1593,6454,121,1280,607,676,46,2319,623,484,450,82,5067,1851,93,159,6,211,709,0,14,531,672,2950,2216,545,21,757,49,504,783,552,1186,650,594,8,1501,3239,177,2108,2,20,1528,720,1086,49,0,1051,1290,0,1223,1,21,0,10,97,527,10,47,668,6,163,247,4081,1442,0,287,72,198,849,279,384,182,674,129,652,24,715,9,722,1869,1703,4381,130,1226,371,2429,48,1023,41,191,41,0,30,700,52,1173,1,1142,1006,4,1,5,14,587,1374,2068,117,140,3645,648,245,793,0,866,23,3,151,9,991,15,0,3,413,80,1881,136,114,20,14,1465,1026,820,649,369,3125,401,114,50,152,1624,194,1066,196,155,1993,0,4821,2003,17,813,386,186,444,39,194,0,1143,64,3002,0,590,1955,925,224,124,0,357,484,945,121,76,398,4190,2173,877,1194,146,522,584,32,399,116,194,307,434,300,1479,191,471,697,1282,5786,1088,84,554,98,39,0,52,57,1179,122,12,100,1,69,1989,1,214,490,20,728,0,2957,285,29,3784,17,12,990,0,1214,3,721,1452,804,809,0,932,77,1236,624,413,4,151,142,519,2924,590,1178,6,6876,2649,1452,3609,3,12,330,928,1,2725,130,1728,465,1685,183,2636,796,2406,169,184,2518,271,488,21,1690,48,3226,485,930,1597,2870,16,52,2714,24,575,103,978,1450,13,196,59,0,173,2,2,5,1,10,624,2467,191,634,14,452,6,1750,1980,1150,1077,1132,1358,242,713,2516,236,430,1248,1289,196,22,17,24,1989,2918,10,44,6330,23,2133,1527,127,9,6564,588,630,2600,547,253,200,1650,875,346,16,136,484,236,793,41,2403,75,626,32,37,347,1615,0,0,198,2,1022,4262,1049,1039,596,179,1300,1268,590,1028,3,601,85,66,55,318,239,0,327,4717,17,3,1829,1468,649,345,58,1485,24,5571,431,560,653,629,5903,222,38,2018,468,580,285,391,564,406,7,61,451,58,1684,1819,89,143,4403,612,127,1683,1012,2681,301,2248,224,338,4,243,155,111,1318,5219,387,1,2961,1124,3365,11,748,66,237,315,917,770,5,1538,426,0,53,587,0,310,76,578,331,1000,837,1477,1740,67,29,159,518,13,306,169,9,28,204,526,20,131,285,5032,1254,805,85,2955,2065,2886,1075,529,516,51,1046,8,10,975,246,405,1866,1540,21,0,137,4311,436,1475,150,1305,78,1142,0,952,1087,0,2,2301,526,1133,3183,12,108,136,63,287,306,3683,0,2595,266,589,315,1137,73,1934,4385,458,12,1907,0,2031,93,582,3041,1364,333,89,469,29,1553,534,4,16,397,317,11,858,1,21,558,1060,12,436,33,2201,4962,470,304,3057,413,0,958,6,434,1705,8,2003,188,4,2307,310,3110,1925,195,3061,23,77,122,2264,2206,3701,2175,310,933,2677,186,0,367,163,537,206,1020,5649,11,2159,481,2319,2,1090,60,1935,138,216,908,248,2092,1117,611,1050,0,2,66,81,1039,408,0,115,0,3571,2817,288,3602,3371,82,1350,258,39,527,2,30,168,1575,2717,212,290,4525,1804,253,937,854,0,81,2281,1536,1600,1057,0,21,1,1,323,364,3264,62,2380,1096,351,981,1113,0,782,1005,1264,2499,926,32,366,49,0,1502,841,173,238,234,2031,2431,523,18,0,479,15,574,64,37,653,19,728,252,18,491,271,6273,580,121,135,1007,48,2422,5554,2590,61,199,1147,507,2736,0,2,1,929,784,892,585,294,2,124,111,1858,0,2663,72,161,783,406,4341,0,1796,4,2629,1,1785,366,53,263,10,21,104,374,139,465,1356,1360,10,1211,2655,2198,363,85,455,2,1719,0,847,957,2014,2970,9,4485,216,69,88,793,58,2602,1948,1566,836,74,2045,478,1346,484,372,410,3316,4,723,140,1513,6,495,475,22,212,3,4303,11,241,365,34,0,2814,98,2,430,359,0,359,3501,2219,30,0,315,6,723,723,939,4140,435,9,249,523,18,0,1,3478,45,347,520,600,2,646,76,297,653,3,0,0,170,689,12,1434,4185,220,4733,1906,888,1993,1400,129,239,727,253,69,377,1182,13,14,1099,2,22,42,2,1764,652,359,0,2811,37,1775,2834,1767,12,89,82,8,1161,9,2079,173,18,498,135,2,474,244,172,507,1861,187,4,164,23,1126,1442,134,722,140,199,427,4,3000,719,601,3540,632,2796,3731,5,953,4,197,95,1,18,581,3118,1186,1182,242,13,546,166,1473,165,123,518,9,92,508,169,375,1179,1243,40,171,488,0,1618,393,17,2296,18,215,409,478,440,187,38,178,314,578,1593,1383,98,0,475,1659,1379,2335,682,7,204,16,1,1252,1796,1122,1931,3090,50,805,242,2503,47,31,303,348,569,355,2160,6,1410,439,196,2625,12,3721,6,1,1,955,27,60,435,275,289,1056,16,498,4329,2768,192,850,1343,1597,758,106,483,2391,966,730,1294,1868,287,477,1441,685,2,699,1321,714,197,1161,187,7071,5647,2072,283,225,2396,2,4074,1532,47,164,614,1554,97,1268,2881,1636,129,1596,127,188,52,96,445,7232,385,1826,295,766,1171,108,119,138,252,918,94,435,2653,213,691,688,84,1455,947,2070,1539,2082,606,592,78,74,2991,421,12,61,2137,639,253,20,2543,71,255,1269,380,645,2,1955,1,136,457,434,961,80,1029,48,2396,2030,140,157,44,1238,381,2139,5,876,1393,450,7233,1940,80,3113,2245,2819,1650,136,2268,0,1452,4,4817,341,1455,54,1117,391,31,2806,2308,146,26,1852,570,71,467,396,189,98,671,1523,1806,194,2,331,10,0,0,145,192,26,321,1224,639,1,21,846,1946,69,2970,1898,3007,814,1187,770,2466,427,5,1166,710,0,1030,422,289,24,248,0,1328,1285,63,657,647,965,36,636,471,26,80,22,848,113,1400,4,1886,498,1266,2065,0,2004,1945,45,691,2050,465,87,469,735,1480,736,1401,1690,33,581,1537,193,129,273,1644,1854,1238,598,375,73,2316,286,271,0,654,2704,168,1170,125,329,1713,7258,743,40,1190,124,524,99,22,1822,794,1648,247,3875,1588,487,2151,229,73,0,487,28,4,2111,62,1071,38,0,26,1300,662,407,0,1714,2897,27,61,3,225,1247,564,19,553,1571,898,360,912,2441,118,2653,352,1543,88,939,0,12,95,115,1018,1314,324,194,171,34,1152,2809,2,34,0,796,1056,314,10,21,63,6,439,287,152,26,226,7,451,690,104,1210,182,1092,75,1039,45,108,482,2582,3253,3609,3155,82,1365,859,34,1056,695,558,4444,52,33,1130,85,2450,6444,238,816,272,0,115,400,497,613,0,33,830,167,5174,17,549,46,32,72,3,165,312,1516,1222,247,582,458,262,0,1,2258,1043,199,246,1212,844,2,319,2,85,1264,875,329,81,2036,101,0,1818,66,912,89,1314,0,2952,37,911,2416,1524,778,1388,362,151,248,1644,2714,863,54,101,794,2277,1438,211,436,283,723,7978,1818,355,352,9,163,8,125,577,1016,86,9,601,1124,182,137,553,137,503,261,3143,1266,54,0,12,656,0,1195,57,474,3989,841,432,359,293,244,2,3991,1617,89,322,402,38,193,109,209,20,607,185,401,6,857,2021,655,118,1257,5285,40,33,739,2349,695,95,1,246,4050,2220,430,62,137,45,1057,722,1755,25,534,15,984,1001,1617,2,292,221,203,6,804,766,837,424,1775,2130,455,196,205,32,948,2075,430,731,4,8,0,1,692,13,0,1034,1814,1068,233,197,341,598,3580,27,2,2668,149,1740,2775,10,2,474,441,1613,820,629,500,220,41,16,363,2196,1032,644,687,2,659,2121,492,35,0,318,3751,1747,9,121,1250,125,2404,25,1085,30,888,434,2789,1649,200,3970,21,46,17,197,334,1964,1662,8,2842,141,1104,22,643,97,146,33,202,509,606,381,194,2408,1020,0,512,0,3522,1,306,48,1438,423,932,108,36,1849,687,0,745,40,314,133,4,362,11,1226,1731,2227,32,10,317,455,1648,362,0,213,851,652,1512,956,83,3384,130,0,116,240,170,251,1927,244,916,523,1056,872,424,2130,1193,158,5282,5382,1311,1087,6,2295,569,4,560,1241,30,1329,132,145,511,1168,406,16,1478,4,1,0,27,354,699,1956,588,28,280,166,115,7,147,3739,1385,828,86,4117,821,863,1759,967,219,6,8,0,2097,212,610,1083,108,105,192,169,0,16,92,4461,131,4116,917,30,36,2,3272,2671,1448,1067,0,801,1,2889,3849,29,19,1728,2891,2322,358,387,278,187,1349,813,166,486,484,93,2906,1022,195,971,0,0,651,1155,24,565,1292,360,74,695,80,358,1767,399,35,2455,1504,7789,21,5756,7,570,299,560,3450,794,719,1253,0,2355,16,5798,20,9,4411,540,79,2969,438,351,2,778,764,2292,1859,1204,165,82,578,48,1773,31,407,0,60,168,0,330,89,2,0,88,1313,0,1416,3,1044,0,9,9,4,1188,17,116,1169,2800,253,3788,81,470,2433,50,876,89,18,492,490,2763,0,3892,416,479,653,407,1238,652,67,1663,5197,5530,158,139,16,13,723,711,257,1203,553,169,2,3849,213,4535,9,976,164,68,90,2,445,616,688,2037,8,2337,136,15,1475,3,0,234,191,402,244,295,5,0,644,126,582,401,8,2396,3809,890,1063,318,38,4414,294,1754,165,140,258,0,760,160,4212,0,119,2230,5372,1319,605,172,2,816,21,614,0,11,44,687,44,846,19,1399,1889,325,750,2220,2376,1164,4,2728,177,22,96,1293,159,4,750,386,0,0,3172,654,285,3,14,3794,3933,224,2125,158,408,210,206,1,54,3,739,1797,2653,37,2225,48,55,727,2717,424,15,121,759,165,210,836,332,70,137,648,5429,2144,421,75,6578,1652,470,4180,15,77,53,2621,1351,57,29,2947,21,417,205,1820,1164,276,634,331,74,1092,349,382,597,1631,0,0,427,2104,2433,1251,236,1618,2780,865,207,3864,2042,866,451,250,468,211,3257,3154,289,827,64,193,167,18,111,2394,334,4518,92,59,100,386,594,200,213,650,4,297,90,2844,0,0,930,3261,0,2384,599,2525,2,1258,210,67,5890,27,447,851,269,33,1699,5211,6411,1139,90,0,2228,888,90,2785,3888,260,45,268,1450,5603,5659,41,673,1,37,1199,597,2027,506,839,6,9,17,56,2470,894,132,173,45,33,307,1658,1149,2218,1743,23,3,0,7847,388,2797,0,0,78,267,53,102,685,529,0,0,308,130,1148,1227,1960,3,7,23,44,1650,1725,1876,308,1924,0,175,23,1202,3,24,618,97,181,2046,419,510,753,134,887,1298,255,901,5559,2404,279,1,801,103,426,393,59,2777,808,27,2184,922,1736,28,0,27,2963,1270,34,17,1601,350,907,1099,93,29,43,0,176,81,1862,140,1247,123,1514,716,8236,17,33,2520,3443,531,247,371,49,1000,0,20,540,68,1310,4855,2285,281,2,440,3324,2543,465,39,25,1,158,234,1315,1238,1227,26,1937,360,796,107,0,2,513,616,966,1093,120,1225,756,406,2121,150,0,1662,2,835,467,923,29,499,1442,2,429,18,3418,21,35,0,142,66,931,1015,5,1,663,2895,85,215,1354,1766,131,141,1123,55,210,767,54,1017,177,0,1,226,443,7,881,2855,1014,1590,1,10,2,934,1,477,453,106,58,984,675,437,5,15,16,0,37,1907,17,1042,372,237,930,512,24,841,1718,235,611,129,558,45,2085,50,12,4518,929,29,2,2522,1480,641,2237,155,405,385,1317,994,8,5372,94,1012,7309,2671,443,1412,0,1152,70,661,45,584,2375,463,344,49,76,14,662,2024,112,5538,1152,131,207,275,747,1,339,76,0,1368,723,2675,552,5683,9,931,2618,357,1261,1135,863,27,2282,1651,225,898,914,534,998,459,3,1211,6,0,102,2,4639,2190,220,2376,791,0,52,6549,705,85,229,7,1171,0,26,60,315,871,141,82,84,4,474,507,638,2000,3090,668,0,244,2798,1109,51,0,2654,938,335,27,2301,1397,385,3357,282,363,1,1724,0,350,291,344,11,690,820,79,354,5284,138,652,909,0,39,3426,2278,991,61,64,780,1349,362,1265,360,3949,45,1875,682,5078,10,228,228,510,433,1800,607,614,2061,2997,332,1807,294,9,2179,1,199,185,0,116,2103,343,2368,99,242,2425,0,397,2290,358,1603,4274,1296,432,135,2,4325,2359,0,1556,254,927,494,355,1126,486,753,159,3960,30,623,561,2,152,944,741,523,0,21,1535,1625,232,66,251,457,486,492,11,1935,649,119,1405,276,238,1210,174,0,25,226,3712,2987,1291,428,1224,22,1563,12,2610,742,92,19,553,2115,2017,535,626,3944,0,241,1163,1,41,1017,376,995,448,502,383,703,4787,790,17,920,14,552,1771,231,1658,0,2426,87,2593,1525,1134,3,1843,98,0,3192,665,1341,531,7,93,109,16,252,163,105,565,1030,416,66,293,1197,2913,65,4,918,1892,488,0,0,139,429,158,302,44,685,1584,612,1516,254,619,923,401,426,378,147,508,138,807,1086,33,0,27,0,131,162,1183,283,63,184,1781,79,407,718,25,1862,1902,5133,697,25,1971,1,3964,5065,297,275,623,708,25,1943,859,1122,1289,1137,831,1169,2,2228,87,1542,2077,21,1193,2115,3,14,1813,721,2353,157,2702,67,1229,2,29,367,0,2,120,576,4274,22,631,2,152,131,1236,0,668,379,4,6691,105,1456,295,82,621,931,486,32,599,639,673,920,26,508,106,0,144,629,848,22,1145,690,690,4104,866,55,999,433,69,2960,366,663,0,38,186,1683,1667,5,825,256,422,212,826,399,603,1157,90,1519,122,666,3137,295,20,708,603,3338,2220,1674,101,1461,1948,5123,1034,887,1175,374,1430,391,553,513,851,176,3463,242,3065,479,525,150,2,396,36,469,976,974,248,0,1674,1187,116,0,1346,6,2477,1979,429,0,1319,221,389,1482,459,110,659,17,1113,1039,1670,5210,1090,1477,1516,3250,395,185,1561,2055,2567,1165,366,296,236,387,2551,787,1380,606,91,242,9,612,577,1015,0,1090,9,437,82,1292,446,109,2836,1866,2032,454,5394,1882,11,196,2369,0,734,1215,1055,0,64,225,136,149,1619,1264,5732,757,2927,11,302,62,116,918,48,485,679,5,122,2682,502,452,47,4,1765,12,2160,155,1831,1125,745,1082,357,3151,161,114,1911,90,1848,1383,328,533,1,308,101,3026,906,894,665,105,3,1552,1576,1052,1273,135,561,123,11,1022,1961,361,13,3103,458,518,674,1046,52,218,41,1666,3154,3092,334,4473,451,385,225,2699,618,1178,1005,102,4160,4,313,1058,484,3614,1208,220,711,2035,328,2384,234,855,818,304,56,1994,459,1522,82,3,8,33,2593,0,664,0,57,2851,112,641,1526,891,18,204,138,29,894,932,1090,5734,454,420,1633,201,216,182,2398,550,256,1606,4486,108,777,1529,546,114,340,0,912,64,353,126,27,2635,404,3,0,297,139,5301,302,60,1,904,4,34,0,2465,1173,678,525,83,2635,416,2,579,1870,595,401,49,773,14,259,5,3567,88,159,190,629,82,147,0,162,623,1243,0,123,1450,248,207,333,164,497,28,127,713,49,3348,4,2,1384,85,1960,1573,110,87,874,3701,312,925,10,433,50,1949,1,20,141,3113,563,0,2258,5,111,304,1120,111,519,11,50,240,533,7,276,306,2176,382,1255,44,898,0,1884,8,303,1390,122,2081,1325,584,149,509,621,1413,236,15,207,153,149,818,934,1115,664,2167,493,553,1512,102,597,1002,1296,30,664,20,1100,5160,1644,1582,24,129,0,1320,78,2848,21,2457,1296,2152,0,30,303,4,2492,235,733,357,240,333,80,5842,413,1308,53,55,163,158,2624,1093,729,1079,0,1762,291,286,4795,17,950,259,9,3647,2440,1258,805,0,1424,238,21,772,1625,16,1338,1150,646,157,1811,656,1509,288,1,7,477,5,308,5014,1057,229,1725,263,381,1100,1389,1103,728,1696,0,64,14,1867,102,112,1207,42,61,3616,242,348,981,445,4219,59,195,1802,2464,4568,229,406,536,3,194,2,118,94,189,1275,108,795,0,3,1799,38,2,3283,0,434,20,6,8,918,1363,2359,241,2446,0,123,11,56,71,20,23,379,107,168,2030,3004,333,260,0,5089,1292,2049,356,2155,2,767,436,35,4206,3731,2,103,6,2573,8,61,1294,1061,0,491,209,1444,89,5,48,599,784,2997,22,2541,26,664,2047,1351,189,1888,1983,54,224,392,904,676,4962,289,0,6910,338,0,108,1,358,840,1177,203,0,217,2558,3,110,12,1910,0,776,801,619,2404,256,2695,1303,102,2555,425,91,249,2121,144,0,27,141,34,1812,945,317,0,410,291,928,1403,612,26,97,1404,379,3966,484,1188,1918,876,52,10,221,19,243,28,502,1574,181,1260,178,2164,391,1523,2560,212,0,2851,47,5693,163,406,1380,9,58,88,195,1794,446,237,1380,1313,13,172,127,2308,3571,207,381,2540,17,296,78,555,2344,422,289,757,207,2154,10,714,35,235,15,90,89,1097,239,148,616,221,5616,2260,386,4,34,297,10,193,369,38,1458,533,333,4084,7,198,0,1195,1387,30,116,1089,1691,2189,31,643,260,0,415,402,289,190,22,3421,113,108,5294,1481,538,396,844,48,82,384,522,800,870,0,1603,0,3502,1597,254,0,293,8,284,243,621,31,4580,0,17,356,523,703,1794,247,2652,2589,1149,35,960,1874,0,569,1556,0,50,3,17,1191,857,573,3424,8,5,1092,343,3,9,1088,547,159,2676,197,1,8,1858,11,467,1211,1569,1,185,0,299,1694,826,283,1896,0,81,2144,936,11,806,152,771,190,946,87,364,1633,583,56,0,313,1499,1854,856,2896,1426,2294,6,671,2147,6,7290,952,49,1426,2,2,143,150,1159,76,1918,733,40,395,159,423,639,440,89,446,0,305,3125,4,1103,195,1365,33,445,3824,266,1927,24,2650,3214,36,0,675,0,1,3979,219,0,15,62,0,81,526,542,334,327,867,2,137,1165,2576,2759,0,242,487,522,1,1,1964,10,127,286,268,202,3404,25,37,575,187,1,0,1473,0,282,270,33,191,1819,1195,2777,179,459,523,4,13,402,778,1316,4726,12,811,556,12,1262,12,4453,547,2480,67,1080,1833,177,255,2,1214,348,28,1152,275,15,38,175,550,6,2232,386,29,142,34,956,2905,258,1653,311,1154,2,6,4,119,144,64,17,86,891,2100,1212,0,1266,580,600,170,38,524,7,620,63,297,1290,23,388,1111,2,3,721,407,6280,321,6010,257,151,599,151,1,442,1683,208,888,7,1580,1105,23,1020,638,847,57,57,20,4,269,287,262,2630,2113,24,1994,202,58,5380,0,81,0,1684,1358,226,0,10,3875,563,606,365,3480,1194,284,132,70,1079,2077,2799,3200,2099,97,1,169,689,17,1,3049,19,2009,93,238,1462,334,1318,49,38,2801,1335,0,17,41,632,1,1408,390,2246,143,14,441,1551,265,1183,5,841,693,17,3,1081,8,127,560,0,834,0,964,2182,67,0,267,689,4,746,735,31,1736,179,3472,7,32,1504,1175,470,9,251,809,221,267,475,200,83,1819,4073,80,105,53,1503,1181,4,0,391,646,1364,1777,986,3167,0,219,299,225,319,1166,346,29,55,19,615,2185,3489,265,217,1056,0,1133,53,265,579,0,1220,106,1228,78,305,1595,50,20,173,321,95,273,371,2050,1743,235,3157,33,226,800,171,517,1870,164,41,2922,555,105,55,19,171,283,4405,2610,1317,188,1156,1655,263,161,1450,2117,1531,61,2,194,53,162,82,3357,45,1530,104,2882,130,135,4,166,1303,217,3,413,140,109,3479,1013,1789,1262,16,616,438,1,598,2148,2846,87,109,25,877,1889,2433,2184,12,1860,37,1590,67,1153,9,2,165,1631,381,1652,733,32,6193,42,2931,650,0,540,17,14,2997,152,2,30,1724,1201,374,2,710,1163,1562,1410,451,421,215,1866,465,455,83,0,262,194,19,2530,1338,2,285,143,8,581,43,3058,1071,461,240,0,1254,998,135,180,2284,1570,1138,2975,631,2765,512,964,127,1834,1267,579,5,25,876,518,1557,1234,14,1502,997,17,314,397,0,1241,3,186,605,123,534,2410,5006,91,225,2,0,122,269,321,34,616,444,4726,95,1135,44,1463,853,1621,4426,1053,13,0,270,495,1148,106,787,197,399,145,79,654,58,114,192,2010,673,259,50,9,144,3771,0,7,4279,34,2010,5,0,53,0,415,24,26,649,973,1385,1263,42,135,730,0,360,440,867,0,1106,2042,1039,248,6468,272,383,0,582,964,0,7,48,6,847,886,112,2,1020,0,999,3567,607,1039,970,2291,87,134,0,1329,360,280,526,365,165,2014,1185,1274,251,251,3,71,717,11,1503,146,1969,73,0,8,24,203,805,139,2044,9,83,1039,5193,23,1526,162,1371,8,0,515,0,2026,735,1310,709,1344,1268,92,300,12,92,1290,43,1006,1260,2573,2250,416,1838,512,105,89,5,984,156,631,1456,541,1192,902,151,80,1083,583,0,59,190,53,4726,491,129,342,776,1251,1481,1668,1511,788,1855,95,4511,67,166,289,216,1603,13,31,2293,618,1514,1674,202,647,4937,5,793,8,239,124,435,1173,2804,179,978,0,1,226,1794,784,1674,925,1063,5756,31,32,10,1564,535,699,274,2514,174,924,1751,283,143,857,920,1917,2000,1283,72,504,843,3760,171,676,731,1268,2,647,1065,575,826,170,309,488,124,1,752,744,190,3644,896,516,0,585,1329,158,0,1717,1013,890,34,68,1343,0,1062,3052,0,15,74,0,1843,1046,341,195,201,314,89,0,0,45,1745,25,40,3426,7,2279,840,53,1232,242,39,752,798,6592,87,67,0,1,11,2885,41,2,162,3773,0,246,282,334,295,115,810,11,2728,1259,32,492,449,552,462,69,249,317,2093,5414,0,1788,24,188,11,594,195,35,1498,911,1066,0,18,1,515,3278,1,0,15,2674,826,318,493,4769,0,7,580,2887,11,3814,17,92,104,541,1669,0,501,64,6,982,790,3157,847,1816,5,0,68,3638,3857,28,713,3220,41,602,937,10,751,3093,2,2960,325,0,28,366,1,0,10,3889,2161,1089,3266,1244,178,155,1147,1850,60,789,1520,335,1906,133,785,806,916,575,441,2738,457,653,348,142,555,1019,0,69,3907,50,35,19,127,2321,2169,1488,505,490,58,539,1030,22,1828,4,922,339,897,900,6,4598,2357,588,453,102,1281,317,402,45,124,1443,102,235,497,1643,364,3,159,288,1981,37,79,3557,1698,1773,21,0,857,1077,296,281,266,6,907,475,79,25,23,100,211,418,179,159,1026,504,345,711,3921,159,197,91,39,1616,173,436,883,62,2614,2767,226,983,363,527,129,0,11,2334,984,136,727,1708,388,60,374,225,2195,1405,5084,531,873,309,0,0,1264,442,8,1383,117,1665,610,504,175,395,1353,325,3376,0,2356,648,69,5466,1377,833,2759,937,42,12,519,10,10,476,2563,111,1234,112,883,363,4171,5419,2342,0,18,3051,477,3463,1442,173,1390,446,45,70,2046,8,3779,16,802,1117,551,0,446,0,48,1145,545,1396,1450,576,151,0,1068,60,2644,2750,437,56,1352,888,728,2417,5,225,1700,81,452,442,86,997,0,2,628,65,4311,1959,965,0,491,1,0,214,729,678,19,85,1510,475,1994,1620,998,3,426,38,0,611,0,1073,3602,1942,1421,760,62,2084,655,198,49,27,528,229,2150,66,1359,711,82,2086,2679,208,2207,3336,153,189,1455,938,0,348,1194,384,381,5,1470,836,30,17,767,1,3,5492,774,818,1797,222,659,1035,444,13,577,103,267,2869,1,235,2963,135,1227,0,0,369,950,13,50,516,956,40,8,0,2371,1797,1154,3453,507,1412,200,154,123,66,11,2017,590,1241,167,439,2136,183,268,63,2430,398,632,533,491,1085,2343,14,203,1815,894,1198,116,0,1298,1470,102,2681,287,2193,27,1054,117,14,270,1153,2,16,4,565,81,21,1483,0,166,604,956,2237,3330,0,195,2829,2254,5,136,296,531,0,2581,44,0,248,3527,42,693,448,3,131,0,3056,260,55,707,74,2930,0,3,2816,702,986,398,431,0,164,663,1088,298,77,71,1308,25,962,312,525,0,0,949,420,1508,1218,2322,3686,19,0,701,649,265,0,2079,13,704,108,8,3931,132,83,1917,287,256,1290,714,2139,315,4681,1546,37,1699,221,536,768,182,3217,156,810,1390,2,134,4316,65,4,4,2038,561,7,368,613,3615,1054,0,961,4687,365,261,569,1479,15,375,1032,13,61,118,4731,1752,477,0,3569,37,343,1547,691,1969,143,837,19,233,471,0,0,447,0,1078,1236,715,1,5783,446,3,1305,358,557,43,437,462,1577,1715,36,375,42,1975,4192,338,145,237,413,281,1389,227,1582,656,5685,94,4,474,8,222,291,1128,1689,775,3985,1162,3820,2213,80,275,293,783,112,214,4912,97,1946,5,197,1119,120,1115,1375,973,444,95,1932,4181,1955,15,2101,15,569,1177,1203,366,2584,823,105,54,1346,180,14,147,2021,5,1831,3099,2,811,53,980,439,44,2325,40,1040,642,97,77,621,52,900,0,1454,977,887,1170,416,3956,1647,707,47,0,1296,144,117,270,663,310,939,0,818,1115,38,304,1539,124,188,298,5158,410,856,0,2219,83,922,0,8,500,2422,193,252,77,312,165,141,0,87,589,3257,87,2217,27,3270,672,49,1619,2,2396,2,57,855,788,0,47,45,766,2901,11,1754,159,706,22,385,4052,449,1804,1822,158,1355,864,743,1,0,573,0,767,936,1597,49,2079,3,326,242,46,8,66,842,35,20,1787,1633,656,64,5,8,1718,22,1881,452,15,419,1262,4664,26,219,1912,491,250,540,146,17,847,2,1094,304,2264,77,947,492,83,106,0,27,36,1552,2215,2100,626,1941,0,1238,2,4558,1972,186,6480,6,11,33,31,3093,1266,865,2,269,923,912,3,516,16,10,9,4474,1039,834,321,368,105,3087,1866,344,1538,389,2854,289,242,829,1658,75,337,225,2029,7983,500,298,245,124,4092,2685,485,0,1461,523,542,1071,507,107,2287,178,650,1312,1139,345,5,601,554,3129,3599,137,3671,6437,70,2709,441,806,1922,2723,2045,1180,305,503,4238,65,496,1140,379,171,240,261,2027,3651,21,946,1044,0,0,707,12,224,282,10,346,918,973,16,24,418,152,202,259,5670,1168,5,7787,37,1860,1010,93,25,676,1276,597,2999,67,705,8,140,210,37,0,204,1513,793,13,274,2229,174,578,305,42,108,658,917,1910,3461,1961,1254,27,210,7,1093,0,537,62,4657,59,332,2916,111,566,544,608,73,2122,178,251,3091,171,4908,30,57,4,2397,89,266,1056,203,901,82,965,600,2399,1,356,615,1158,1,11,1874,20,1461,10,1989,1879,475,897,535,2233,4298,246,2174,993,0,4026,196,3,481,3,910,3160,3576,1004,0,830,534,21,465,5,2698,185,275,94,233,4,608,133,1700,2751,4,712,1081,65,3114,1130,41,1360,2437,12,1898,615,510,350,164,329,80,3469,64,761,1234,2453,1799,1353,625,38,888,101,1321,1168,647,1618,238,626,42,0,2352,511,76,153,719,4,0,677,5,500,234,9,635,429,304,1203,1975,1981,0,58,307,1,1116,527,16,455,12,627,2,207,235,1325,140,5831,1349,2549,2673,450,962,2596,6724,49,1042,490,606,0,537,0,11,5678,163,544,11,0,256,2143,377,70,5400,1835,211,17,1587,806,5737,1196,18,2295,100,639,753,444,24,584,712,628,2370,522,1276,2,553,4650,1705,7,1523,133,3658,456,485,2663,39,38,85,2482,1649,758,563,398,17,42,637,1962,3242,7,51,5278,1177,365,0,781,3339,164,1278,1178,241,121,1438,225,1368,128,1111,2323,1197,0,676,32,2892,3,50,1022,3811,1762,871,42,1698,16,971,0,0,35,3887,1092,300,0,8,21,749,844,302,314,296,6,2668,0,436,14,306,211,202,0,202,147,25,985,172,43,155,12,0,14,1295,79,164,1097,11,398,1158,1,309,307,551,1920,847,0,2312,371,29,434,30,281,2,403,2581,57,1131,309,160,150,284,596,53,329,5,451,271,440,1164,759,885,99,249,53,3149,1,972,487,20,611,1135,1,206,1134,286,430,151,3891,1945,52,418,172,1281,361,66,161,33,440,3055,1251,318,1928,1156,3144,725,105,512,79,0,616,449,0,1552,2753,789,299,4264,84,1402,111,754,1424,113,60,965,1379,549,2051,2124,1079,7,611,109,909,18,269,2690,227,255,1263,1741,1133,775,2525,0,172,199,1476,67,482,1679,1038,663,1073,92,699,512,1501,2255,3041,2222,4945,1152,39,147,161,332,58,1203,36,1113,1184,730,998,463,0,315,0,97,1557,1,243,759,16,1793,357,1130,429,421,61,2106,1479,1261,1737,5086,449,694,721,4623,91,623,0,19,339,25,920,0,24,0,1308,1528,1358,3,14,198,3712,171,98,872,138,196,140,0,146,2998,358,17,1,905,4417,222,223,158,9,546,0,4318,3072,3005,1303,0,4,1842,1013,10,0,1796,346,185,51,593,4112,4,629,1013,318,408,350,61,627,17,1533,994,297,37,165,3410,3659,2301,3203,3,28,64,0,590,95,141,1871,18,1401,2019,1241,132,1176,7983,45,7496,1036,1382,70,2005,538,659,8,571,434,3143,709,47,250,155,4,118,2564,175,0,1438,1107,1456,228,547,1255,41,0,792,105,0,287,370,1502,1072,197,329,96,111,255,67,16,3172,78,1955,1030,711,258,751,7,0,54,1687,1288,53,3693,1706,498,391,663,64,2924,4042,496,12,3278,486,24,269,1938,0,2685,182,2600,0,8,615,134,23,218,346,28,190,1126,2,276,14,5343,1408,2299,78,510,5357,31,2426,540,1646,48,1192,125,1721,9,1461,2133,10,208,2629,399,38,61,2258,2389,891,521,334,77,177,7,807,1134,1813,2,200,7,1,116,120,214,1524,240,580,61,84,0,1827,931,1517,2,1986,223,301,2400,2402,38,3335,3502,770,80,325,553,3559,0,21,2518,99,120,12,239,230,427,132,0,800,4981,11,413,102,14,1622,1405,0,38,38,5194,269,308,4,5988,0,5948,0,421,3408,9894,519,581,1035,957,198,750,3543,169,2240,19,2565,78,5335,1071,1915,145,3623,200,2906,543,26,97,2,720,13,1073,6677,2511,1326,405,9685,2665,841,1819,980,351,5904,1,3791,68,1050,568,344,0,0,317,46,1471,1878,1,1,44,1,4437,862,3476,11,53,920,0,3546,5998,1471,38,0,471,11,2,1262,2,6848,323,394,454,19,40,136,279,105,1545,297,4304,3036,28,30,9,1753,1720,1452,298,3837,2,6035,0,11,2078,1265,1544,785,5137,1568,3938,257,1366,1156,6075,4469,76,677,4060,1819,234,287,297,1,694,12,5998,7,52,728,1189,150,166,1667,827,4055,13,85,306,169,958,264,3,7822,0,936,3536,13186,0,715,10,54,1052,524,1611,132,48,712,520,88,696,39,126,1929,341,2333,2637,0,54,19,1340,6479,5872,313,44,1,230,1060,1829,1312,1209,265,492,0,8344,4516,825,357,31,136,3901,1013,685,317,6,4880,2374,4687,1305,1,0,0,1936,99,722,841,993,2711,1268,54,890,484,1270,5915,4430,1772,3428,1633,2259,802,1180,174,2556,5643,1273,117,0,0,1284,2044,1,1421,87,2513,1528,647,1279,3932,33,11,2819,287,2047,1545,1015,2,3562,2583,793,2957,1,888,2560,0,643,1787,4940,1307,1219,3362,247,2534,3757,0,3100,187,1124,0,1570,25,1838,453,72,5312,8292,142,46,1503,906,2,0,1057,2639,7159,779,197,6,9,0,901,415,1051,681,6131,2788,301,6374,1417,1231,0,47,2,771,880,4700,0,2934,7218,1842,237,2269,0,6961,190,410,2153,0,4382,78,0,6837,73,0,55,2731,306,2254,15,127,722,3668,463,2,1824,846,11185,661,3,573,470,3684,4868,1766,6622,8386,20,2,271,0,742,24,956,407,2893,1095,4094,5443,4089,0,1047,54,5,980,11,1809,14,208,1826,5424,1150,152,1,299,14,2027,1011,11,1223,0,13,7240,1195,2535,2526,786,77,39,1896,6444,667,1354,2,123,141,1106,280,18,4077,0,4251,8979,4,2047,2209,1868,2,3639,44,465,4,8,1262,932,2380,2,3241,141,2278,391,1003,5695,788,783,7186,1167,7533,3248,2445,265,209,6502,0,2138,0,2827,216,491,53,113,451,3227,4139,6361,90,5288,1296,103,2747,2084,1139,5050,2,0,0,65,4344,0,288,2286,1317,750,292,971,382,5552,337,2400,132,3288,5028,1763,1,1192,1743,5,702,0,3144,59,3149,1037,95,6114,574,4650,494,1659,0,42,3479,326,32,535,4884,1,1353,0,2,3378,146,243,964,17,1336,82,9699,1410,776,332,5070,264,163,83,317,1880,434,279,1577,1891,6214,1039,3,4780,0,0,0,2977,206,38,1065,8,4978,497,13,67,312,355,2960,1186,1043,588,74,6,351,1036,8407,4441,5172,17,3621,3791,4175,8824,322,499,66,318,1588,10,0,3,6,417,272,0,3721,14,7550,30,2377,739,4484,187,704,143,2552,1,0,1868,169,5270,7289,43,380,2593,1250,10666,2806,22,2,872,156,5,2180,4482,840,0,25,1799,0,3125,0,1,1307,1,5941,2856,9146,10311,2747,4730,3,8,601,7,13720,135,2532,1118,752,2206,101,2954,353,545,906,627,1248,0,3485,1033,1120,19,10743,0,50,200,33,182,6900,9611,3,46,8,75,1717,126,783,1,3667,754,2182,514,2771,111,0,137,680,2,3330,23,568,642,13,187,7,4712,412,120,484,451,531,3936,7183,4,6595,0,865,683,217,397,3,2113,4399,0,2007,3,6581,181,4405,2204,222,2751,2,1491,821,1297,2432,6092,4,1010,42,0,0,35,1841,1297,1752,7626,879,200,2468,44,321,4,33,34,63,2116,1751,672,4812,2036,121,9251,25,121,980,99,4960,4692,8175,310,1228,0,0,1828,128,5046,8,14,47,4,3040,0,558,1303,0,829,158,1055,892,7,94,3729,30,0,2787,1593,443,1877,51,140,7260,1375,214,1800,5058,4909,42,3963,449,1208,5039,455,1728,94,217,853,2,1099,1066,1021,690,59,5593,57,1245,3183,67,4465,1,4003,647,369,64,4059,3241,2774,580,0,54,1583,6060,6126,288,4146,3800,52,1440,1202,1032,56,56,0,759,3739,314,0,273,1327,0,0,1015,506,965,4873,1026,6,578,1924,204,3245,6181,77,30,753,7,7,3,290,1120,763,204,155,3,1420,28,2362,2,1919,1371,2303,9481,402,4,967,1,2203,1038,1759,96,2100,160,4132,567,6822,628,2222,1328,5746,32,0,5011,8766,16,0,2812,2650,1,1173,1604,53,5395,1400,1,2349,0,168,313,657,37,5,620,868,597,560,657,9,5,2,56,1823,2262,941,330,627,4346,1206,5,594,42,9,0,130,709,42,1139,4205,2262,20,1327,573,22,1351,2136,330,4,239,2044,157,25,4640,10,458,383,80,202,3689,66,491,11301,528,1,1149,2,3264,133,41,6300,32,262,953,768,1,3983,2633,458,4034,3,44,231,2272,14,77,3128,0,410,17,5750,1116,351,1808,199,9041,76,282,761,174,204,2166,3215,3425,193,628,2097,396,1009,7,4246,917,977,5604,2212,4464,1122,856,67,4915,2136,1967,0,2166,3657,1553,0,1,375,119,2,2554,2,842,0,7,168,39,2846,9833,693,2,0,3726,76,321,4,392,0,807,3728,291,2869,2869,6906,2087,1695,627,173,3369,311,0,7486,10222,224,6665,304,621,21,1,1747,2549,30,0,1381,611,0,4025,1313,270,3111,0,2789,104,1,42,4287,1052,34,1202,714,59,4913,4008,2993,1964,13,1,5581,0,57,3949,2,1134,1,2250,108,1457,4,2188,3389,261,19,3342,129,4,0,1029,160,3839,283,3381,1261,2789,3318,1,3271,1989,0,122,3,1298,1036,164,114,0,11240,1547,3450,0,764,0,0,82,1873,698,2539,1165,295,725,0,8413,1018,2331,592,572,5085,9368,3,3024,138,4634,1,5730,2992,195,0,464,1001,5568,14,112,102,1,36,4101,4527,3,26,49,2539,292,0,2351,45,2707,4,127,0,149,0,13,24,1401,521,8347,2423,541,0,2338,1440,234,258,0,6,176,1897,3,8260,0,1,733,0,23,5,155,8,10614,0,0,53,391,225,604,3638,1972,301,3661,902,5975,282,1173,65,207,336,1,1125,264,244,1102,4,8928,7,4729,47,2,93,7228,242,580,26,119,521,484,35,54,2288,4604,1523,2478,23,178,869,411,1949,37,3008,160,1,2851,29,79,8084,26,138,1056,1579,4429,0,300,60,1427,606,1964,405,1957,2551,169,588,403,8,7330,1541,83,26,1,469,1043,1,2,2140,306,6584,1385,562,3155,31,3790,468,1315,626,33,417,158,1063,1769,760,1983,2297,5,1,202,75,61,2066,141,44,31,20,0,221,3088,323,2127,2,2,1780,3768,1543,615,209,7085,1960,508,450,228,11,0,48,2295,850,2172,6,168,332,1219,0,104,0,1587,2,0,3567,2064,63,21,41,288,3307,2242,1412,1602,5483,6279,1187,118,0,6,474,3443,714,0,1772,656,63,2540,6516,20,9,114,685,1067,37,313,204,6683,21,388,10,1,702,6433,1608,1172,7793,12,2,1246,3400,66,8,3449,321,468,3812,68,235,1405,6080,17,6729,1034,3299,5449,1486,2139,13,3,2017,1635,13,6164,2980,8109,0,2,1364,2031,113,2259,953,1301,17,22,615,427,1321,619,63,485,1,76,1449,216,112,311,3317,922,2606,191,1245,73,1497,1615,14,2604,330,2165,649,2116,9514,54,57,6211,368,1745,1378,15,0,0,850,3279,1003,640,115,2971,6137,849,1219,9245,2197,2761,2096,6287,3023,12,672,0,23,132,0,21,1287,1054,0,11,7765,498,127,1282,2,6654,52,2857,6782,223,263,1312,100,4934,47,2702,1081,247,111,668,2101,1259,838,646,6869,883,503,71,4842,920,376,1399,207,0,0,432,1529,2032,3725,3054,359,0,0,483,421,0,19,1420,2,2,461,1403,75,189,37,514,2773,1855,328,1039,46,4262,1946,1,1930,0,0,864,3455,1494,4,926,3383,5,2179,3393,6,672,1732,186,261,991,320,38,948,79,1963,539,257,980,1045,522,243,3299,7,6,97,5391,216,75,420,154,18,86,3094,3030,3280,48,53,515,6173,2560,3032,393,14,0,1381,2297,5752,76,350,9999,4,162,0,1624,354,711,75,34,1253,1302,645,1969,2144,2449,24,24,22,24,2370,301,68,1415,2768,4302,12,3191,300,12,4144,2850,2062,8,769,5691,748,0,16,1129,2045,3012,7,4376,0,2391,485,7797,495,473,0,2,1171,4523,47,1515,11,4,681,2153,1173,8526,2451,2910,27,1707,2287,541,207,9456,7217,474,1028,5057,73,4393,1770,3697,648,1254,7022,122,8,0,1569,2954,15579,64,1093,100,6294,669,0,22,2808,106,4557,7765,176,2564,1,8356,103,175,722,3,7940,2,606,1,2895,4,5751,5223,138,3755,3881,11259,8232,499,727,123,1843,1,4679,108,1469,1007,600,11,1063,290,43,0,2159,239,3997,1162,47,644,1019,310,1913,2164,783,1192,936,1682,713,328,433,0,0,914,73,785,2189,2782,7596,1,2081,930,2166,3017,3789,1490,4956,83,6,558,223,162,831,9904,3,843,1662,111,831,238,10157,135,11,473,9740,15,8,15,3138,2031,2651,1435,9787,9,2849,146,2572,26,1819,100,3811,89,5432,1901,6685,315,10123,2262,7,3549,224,9401,500,3017,96,800,2034,77,8,6335,15,4084,0,98,0,1245,0,200,74,38,1,3221,340,1229,388,0,1383,504,1335,542,2466,5237,3,23,2173,287,59,611,95,1648,5627,50,271,3,7897,475,13,1135,108,1497,3894,6019,1,437,821,560,0,763,5,743,11192,586,53,6238,24,1504,894,169,1521,228,329,242,7593,267,971,152,4,4892,1006,1548,2,39,3239,148,1005,183,1964,35,2148,547,96,1509,4915,1,1364,3839,83,11,0,313,2328,677,916,1446,966,0,381,4323,547,434,33,786,456,1,569,17,457,2628,19,2023,44,1673,2045,6,121,0,1513,68,0,2650,3417,4724,0,798,20,32,2711,2734,2,2469,1084,0,628,566,8580,23,878,410,2,5235,2235,199,919,2324,440,6015,921,54,111,51,2130,802,1275,21,77,0,1857,827,3,151
