"x"
31
76
0
14
2
0
23
552
1113
33767
27
0
2
8
2746
11
255
30895
187
62026
39
18
10
0
6
768
7
0
0
78
31641
8
64
73
0
0
10
0
16
2
0
0
2
26
55
190
6
0
0
59
1
0
0
913
8
232
13529
36
10
1
1
680
11
2647
0
6
81
1
0
82
5360
0
0
0
8
122
568
4470
5446
29153
21
1108
15
0
2113
0
1020
0
0
0
14067
0
2
5176
6
0
265
2
0
9
14
141
0
0
228
1
0
0
5370
22
156
0
0
3
10259
0
87
3
391
0
4463
70
0
5
0
35
0
0
0
0
0
124
31648
0
1
164
50355
1
15
8
64
0
15
4
20
14734
0
504
0
399
8983
2
2
6
0
1
19442
8
10
43
93779
2277
7
4
7
0
6
1
1
57
0
176
0
2698
34
0
0
86
21957
0
1
0
0
0
0
247
0
2
0
483
53
223
0
6
1
1
8337
2
0
0
49
232
233
0
29444
0
0
58
0
29
24
536
51
0
0
42
40
0
2
0
0
0
0
63
1
0
12
66
0
9
0
0
0
6
4073
2443
4121
1710
1
45
0
7
46
0
0
1311
11
0
1775
1
0
345
135780
0
82
0
60
0
1
0
0
0
0
3185
0
5
7
0
30
0
357
3
57
586
0
4455
19
10
0
5
8561
0
0
0
1
5
7
314
6
31
544
0
0
3
1
0
1222
2748
0
0
0
158
6261
5530
1
6367
79331
0
21
0
13
0
0
0
5
0
2539
126
0
2788
0
0
9974
4
2
6
20
0
1056
123259
1
0
28201
3317
2707
2
0
11
1
0
0
8051
78
30
2
0
1
2340
0
0
0
0
0
0
0
0
332
0
2
0
37
49
0
1
0
0
1074
0
11
887
0
45
0
1354
0
0
0
162
0
0
116
487
493
0
0
75
6418
0
922
11
0
16
176
2
0
373
2027
1
1
13
24
2464
0
24
1
0
0
32
0
0
30
2
0
29349
0
6288
3
4
51
2183
509
201
4455
1
667
27
0
11
0
68216
223
11880
0
49
4688
40
984
988
2414
25432
0
5
226
0
0
29465
11575
0
18
889
26512
10
10
7
0
0
0
25
7
2
0
0
8383
0
3
832
36
3998
0
8
0
0
1
3
11
84
5095
0
2
4
0
20803
739
600
0
0
0
0
19
0
2042
0
42675
0
4
40
546
407
1
41
0
51570
0
0
0
2
0
0
0
0
6906
0
0
23
497
73144
2687
0
0
2
4678
3
0
0
180
243
74
92
1
39
0
0
362
0
711
0
576
0
10
0
0
0
0
0
101
0
4
420
131
4
6
0
6
0
0
44
1
5
28
0
30787
269
38
324
295
0
0
173
0
1186
220
0
0
0
33910
25
44
49
0
0
1
0
14
256
70099
42
1
20753
0
4
0
0
0
0
0
0
0
0
367
354
1388
5174
0
0
0
0
0
30
0
2
186
0
0
130
0
81
101
436
27
148774
0
21
86
209
14
0
0
93
677
0
4955
112
61
4
76
366
0
0
31
0
100
0
0
2
315
12
0
0
12528
699
12
29183
186
755
0
12
0
0
3
15
609
0
5880
16
1
489
0
0
212
2257
3
213
903
0
0
0
116
0
2
1
9
8
0
0
88
0
31
0
0
0
0
3423
0
9
14
68
7
689
12
4
0
0
0
0
0
0
0
0
2066
24
2
1
33
0
394
34
2460
0
11
68955
4
15290
16464
0
331
173
0
938
10
78
18
4
2004
5
2
4
10
1
18352
0
829
0
22674
10
244
0
311
1
9812
3
0
4
0
1
0
82
6
4
9
681
6
2
0
0
0
3
0
418
442
0
5
0
41
0
0
1
0
2
0
8
1173
41
219
113
11584
3
1843
3063
0
0
1
0
1
5637
0
932
0
164
1
19
4
0
45
0
2
5
0
0
0
23
24
0
0
505
0
4
0
0
0
1
815
47
4
0
0
0
198
0
235571
4
4
0
9
8
0
65
28590
46369
1416
1
0
2
291
210
61
0
0
18
0
96
15
28
27
0
48927
55
6
552
0
10
0
162506
267
53
0
0
209
68
0
0
4
351
14
1
2
0
29
218
0
0
0
1785
9095
0
0
3
0
571
1
0
603
0
0
135
33
14208
5711
507
33330
21542
0
69
342
0
1636
0
7
700
8
0
0
0
1450
326
0
0
1
0
12264
4938
0
0
0
2132
2653
1
187
0
4
35
6
0
85
0
16
113
0
1
0
160
1700
0
122
0
10
0
41960
111
194
0
4
1
0
6
0
0
2
329
0
0
5905
252
0
15
484
0
247
10
1
630
12
9
0
0
0
0
49
1239
0
46613
2
0
0
0
18
65
10
24
0
5881
8394
0
0
1719
14
0
3
0
1423
6641
5
2
1
338
0
6429
1395
0
0
0
0
0
4442
1571
223
59
1
694
24
31245
0
32
0
22894
11
970
0
0
41
0
0
70
8
0
0
20
4
38
3533
0
1607
1387
4
2667
38
513
663
45
77925
660
191
930
0
3760
203
0
1
0
39
1
2
11
156
144268
589
252
27
0
0
0
7084
0
1
0
0
823
3
7
5331
12
0
148
0
69374
0
4598
0
0
1
20591
0
27
0
0
21
0
21
146
25
0
0
103
0
0
11
61800
0
0
190
0
19
6
0
0
1
11
0
33
0
57042
31
1
0
174
23447
6
227
10
679
3825
827
16
13068
0
0
11796
10
0
51
0
0
336
0
2060
0
0
67086
15
0
78
4
4
0
34434
0
161
16
250
0
1
878
0
18476
1
0
91
0
4
52
0
19445
0
0
0
1
10
229
0
298
198760
0
9
1147
0
68
171
0
1650
23
514
184
0
200
7808
14536
0
14
26075
289
1
510
4
0
60
0
11
0
4
0
0
0
0
1489
0
0
3
0
0
21
0
42
15158
0
0
6
0
3
0
8279
0
0
0
91
1375
2
2
1
1
49
0
0
2722
3
1
0
1
0
95
0
5
0
65
0
1
1
17411
0
0
155
26
0
14
32
0
0
38059
8911
0
124
1262
0
48
0
26
0
17554
2
2
0
2951
812
1
71519
2
0
9215
39
0
0
0
0
0
7
2
27
0
1254
0
33276
12448
115
0
1002
0
38271
0
2
20
0
3
0
0
0
8800
8917
131
7
15790
476
0
38660
0
15
4
0
0
0
7
61
273
931
0
17
0
6
77
3979
821
0
0
35
0
1
342
0
0
0
328
2
23765
0
0
6
0
6
9
28
22
0
21
58
1
9
302
6584
22
830
0
44
0
94
2602
0
1501
0
8656
11
0
0
34
5
1021
0
520
0
11685
0
22793
10322
9314
0
0
0
2653
0
0
0
0
2
0
0
34213
3019
1710
1655
8
1075
0
2
0
0
1074
684
161
0
16680
0
0
1
0
3
0
55295
0
1831
6
0
32
0
0
0
31629
0
0
229
0
7
2
380
0
2126
9258
0
22
0
2179
443
0
2
0
1
0
15181
2
1
123
0
94
1
0
16057
23
0
0
7
131
0
13
0
86
67
0
12
45
15618
6658
4
6
5
1
1837
1337
45
995
0
0
0
0
2335
24
0
43
24752
0
0
270
1
0
0
0
13
23349
0
0
0
8
0
0
79
164
7
696
280
0
47
260
7909
16363
1
0
0
33168
174
10
2
1
1
4
49
4925
0
0
3
1242
115
0
0
3
20
2
1
0
0
5
0
2
13
184
6
0
0
449
0
7
0
0
41
13066
0
0
0
0
165
172017
0
0
2
125511
0
4024
12
0
0
0
60252
0
5680
0
0
0
7
0
0
0
1034
0
1
12
72
2
3
0
3
37
0
25
0
0
9609
2
1
50024
121
2
138633
5
1
0
3
0
34
1
2350
30
0
0
121
8960
1
0
114
16
43651
0
18
189
0
541
86337
4181
0
36
173
36
34
0
2877
126
0
94
0
9726
434
13
3141
5
1242
186
0
59828
1103
0
0
128006
0
0
0
679
0
91
25499
1174
0
0
412
661
1352
1207
0
0
1
3480
73
4
15
5
0
0
5106
22601
188
22
156
0
3223
38608
0
843
8747
0
4
0
391
417
317
0
0
162
0
12
0
24
65
0
0
5
3
1142
1
210
3
17
25
22
208
9719
0
1296
6159
709
763
692
1
342
1
17
0
6
3
0
0
0
4518
0
0
3
54
73
0
0
0
0
0
3
184127
120
82459
0
2
43
9
103
0
3
0
164
0
0
2391
254
0
1224
1358
68
0
45349
0
25
2049
208
0
0
119
0
28
10023
0
1
321
0
0
0
0
860
14
0
0
1
1028
9821
0
0
2
978
1222
41
443
15
0
3
249
0
15
2
8971
0
0
0
9071
0
4042
12
0
0
6
0
0
3521
0
171793
0
0
35038
0
79
0
931
7
0
0
15
18
941
3
2536
57
0
0
145
0
11
0
681
31370
0
7632
3
0
31
1478
0
5
2
6
2428
1280
0
257
0
47
10
2
1572
0
0
0
1010
0
0
0
2
0
158
0
0
90
3
0
2
3
41080
0
24359
38
6553
10
0
13
0
0
81
0
0
2826
389
2
0
0
0
3
6121
183
0
4
0
0
21699
0
0
0
0
0
0
1314
35
1
0
23277
8
211
24324
6546
94
6
0
348
439
3
0
6
687
0
715
0
0
0
310
38
290
0
25
268
0
138
1402
0
104846
19
1
0
43
2
0
2
0
10
0
0
4713
15
7440
10
0
0
12
0
0
1
0
0
0
7
0
9
0
4
0
16205
104
0
0
243
42
3
0
211355
0
0
0
0
63
51
336
11
0
753
0
0
2
16414
2828
0
1
0
0
0
0
0
372
12460
0
4958
0
24
0
3
108
0
1
21
7122
3
0
2
66
55
19
14
0
63
11
10
760
0
0
1
0
71065
57
11
0
2
55
0
0
0
31
0
0
0
0
0
1
114
140
0
19496
6703
0
0
20
2
1
229
0
0
166
19
8258
2
240
7
9
33079
6725
11
255
0
0
12877
1
2353
1
34962
0
0
0
0
33
128
449
0
1
50638
0
25
1
0
0
944
2
103
0
59
1905
302
36528
0
25
0
4
0
3
12552
205
16
201
311
123
0
129
0
18671
0
0
16
0
52
148
0
1
5
273
0
0
6
1
1504
3
61
73
4
11
21
1466
5
7
0
0
0
4758
5
0
11
0
0
0
0
0
0
351
1
1
0
1989
0
1964
10
0
0
159
2542
9310
0
0
3
0
143
0
1758
0
347
0
53523
3
147
0
69591
90
333
5
1
305
38
0
6
0
19
4539
1
183
3
19908
0
2
35
45
45344
1395
49
24
2
770
65
5
0
2
76
0
25
2
207
257
0
582
7
9
20432
0
13993
290
0
19753
0
0
0
14
87718
69146
0
0
0
0
0
0
0
0
1
7
4
40
0
10422
1
16
4
40
97
50707
0
97592
0
0
516
0
2
0
388
83
0
0
0
0
0
0
0
82
2
7
0
9
0
3179
9
2
0
57
1
0
1100
0
0
0
14
49
4
0
0
0
13060
2
100438
9
87
0
9180
1724
0
2
0
0
1342
0
70554
0
0
11
0
562
233
1207
0
0
96
11
3
0
8633
0
0
746
54
58
11885
1002
1
2
1954
0
0
21711
19229
409
25
0
3688
16
0
0
3874
2
1
0
0
9
8
35
0
12
7
0
283
0
0
2588
234
498
297
0
5985
25456
1032
11342
516
0
44
611
1
39
2252
161
0
0
143
0
0
13
102
1
0
0
21
2
4850
0
69
5
3
136
518
0
0
0
8652
7
0
10
0
6
16
4
27600
0
231
0
2
0
2
15
0
0
939
22501
0
31
1
0
0
13381
9
0
52
322
11
48
0
173
29
1700
5
0
1191
5554
18
3388
14385
17
0
0
0
25
35
3
1
9
0
0
2
0
0
0
258
64
4658
0
1210
830
0
0
31
1
124
0
941
22139
7
0
1163
0
42
30
11356
0
1976
1
405
0
0
15
723
11
5
0
3666
7
4
528
0
107
7554
26
0
39
0
0
2
0
6
0
297
16
1
1
0
2
9
4
55
2
33
9
0
1
0
0
1
0
0
95
689
65
5063
0
1
10092
1
0
0
29
10
0
0
2
22507
0
3
2
1538
2218
0
0
15
152
7
2210
36536
0
63
0
8
50
0
8
1
20
24209
31
2753
6891
0
0
0
0
0
47
362
14440
392
2
0
3
177
0
0
84
0
5
0
0
24
31
11
0
0
1645
1
8518
543
47
441
0
59
14385
508
1665
4
8
0
113
0
25
221
88
246
11
0
0
0
0
0
0
8879
0
1300
2455
0
0
32692
0
0
37
0
126
5049
10
0
13
13340
818
0
2
3
0
34
13
0
3
0
0
1
422
0
0
71
0
0
93
1214
18
0
975
120
2
127
8
0
4
0
47
91
0
0
3
0
0
23
27735
22
1289
0
0
5190
639
253
0
0
0
121
0
0
17
0
45974
0
0
0
59
0
0
14389
0
0
9
0
1
0
11
9
0
42818
0
0
0
119
40223
3302
0
3
2
38
6
25
1
0
0
77
27147
0
10508
0
0
13
70
0
0
0
0
48
8
7
14504
21
185
69
0
343
1182
0
82
0
119
22
0
1198
161
9
7237
0
0
0
0
478
14
13557
0
0
272
27539
3
0
94
0
1715
969
0
287
354
4
1
0
0
0
165
28
15
0
66
0
0
285
97
0
0
0
10
1034
0
0
0
1150
317
0
20
12
0
18501
24925
0
0
0
34
4324
404
0
15
4
0
0
0
0
0
15
344
17
27
67
7
0
343
4
0
0
1
2
0
568
13386
78
1072
0
290
48039
114
0
1
2694
3
107
39
0
1
1821
5
2
10
0
186
0
68
3153
68
1
3
5
10262
0
1
0
852
0
0
5
20371
1172
48
1324
0
1
3678
0
0
6
0
4
5899
396
0
0
0
3
0
0
0
236
321
1088
0
86
1
38
118
0
8
3
295
0
1
0
44
59323
4
193
23
22
2
18
0
2
241
0
4
2
68834
0
137
214
15879
78
0
0
11
65
142
0
0
3
1026
52
234
10653
0
0
148573
24
215
2
338
11458
102
9
0
1033
1156
0
1
2040
7
30782
4
233
6039
0
0
0
0
0
0
0
0
16
32863
9613
0
36
0
16
0
2
38887
0
0
139
0
2
0
306
9
9
0
4
0
199
11942
3
0
0
22
1
730
0
0
119319
0
4
73
0
99
1169
0
0
0
0
43
753
269
13
1
0
0
0
343
36622
0
52
0
393
122
84
119
3244
0
366
0
298
0
11422
2744
0
19741
0
8
1
5
0
357
0
0
0
0
23
90
0
0
1
658
0
10
0
12628
0
3
0
0
8
0
0
0
2
9
62
0
8
0
134
0
13
812
13
0
182
46
0
11
0
1
0
13901
24
0
0
6051
24
56369
559
0
253
137
10
0
1
1
0
68479
218
7337
16
108125
2629
3
890
21
352
0
0
56
124
0
0
12
0
30
0
0
7557
289
0
10080
0
58
0
2
25
1227
0
395
7016
0
0
0
74
45
73766
956
2
0
354
0
624
2
15
0
10
6914
20
1
2
0
83
14859
3
42882
2
39
21
0
69
1
0
1296
1
84691
14
773
0
0
0
11
10
38
0
5
3151
0
45194
3260
1
0
20605
54
91
0
0
0
0
21
0
0
3
1
0
0
1932
0
0
0
0
99
142
0
429
10
0
0
0
1
0
4810
19
118
3
0
2078
0
43
3
7
33
0
0
0
3115
5
9
1263
1154
13
4
0
39
0
2
0
141623
50
0
0
1
64
464
69
483
22
17
1
0
3062
17
0
0
121
20
14
12373
4
0
358
21
2
0
0
61
0
1325
31
0
12
50
43768
1
15
0
0
4558
1
0
4
14
0
23
3
2362
54
0
1
0
0
94
18
0
1
65
17913
0
0
223
0
0
439
0
1
2
0
0
4
8
1
0
48
0
13
1
1044
103
0
0
0
1
783
207
8
46
0
0
31
0
12
12689
0
0
0
4
274
35
0
383
3985
4
1
7873
3
0
13
6572
0
0
20585
0
9972
25
1306
33961
4
87
0
654
0
22721
0
1000
482
12
0
0
170
0
3
7225
2
0
513
1
17
0
0
0
36
4
39497
0
1558
4
0
0
1
0
0
8
1
0
0
0
0
0
1752
0
0
7
1
5780
3
293
502
0
9
0
1
0
0
0
20
1
0
0
0
0
9213
0
0
2
3
37
1
14016
0
0
6141
8
97
0
0
11
5
8
851
22
1
0
53
22
0
1
4
0
0
0
53
6
0
0
0
17
0
950
0
0
0
105
30
0
0
107
5128
1
0
73
30
84
309
0
11
76
0
2
0
0
479
0
3
43
88
5
2
0
206
0
6
98
0
867
1
0
3
3
427
786
994
4
0
0
511
0
0
1535
6358
89
928
0
1143
0
107
5290
0
0
1
125911
0
0
91
1465
0
3
30
890
0
21736
0
11298
20170
17
0
66
0
2383
6
437
0
92
114
2
0
13
8
0
0
0
25
0
0
2
2
49
139
2688
0
0
190
0
0
60
0
0
2
0
0
776
0
0
0
0
1
8
2
0
0
0
0
6
1
13
0
1719
1
66
79506
0
4
0
23
4935
175
195
6477
103
2
4
20
34
2236
72
166
117
94
2871
0
32
563
226
56
9541
0
0
0
25
0
4
0
0
13
1758
25746
0
23445
0
114
4
0
655
0
0
0
186
0
0
20
1039
0
4
2
0
0
72
107
3
20
221402
6478
0
7
0
2
14018
11580
0
1
4
8
956
84
0
2135
3
0
1
69
508
0
0
45
23
27
111
0
29
618
0
269
8
104
0
0
768
0
0
0
11
0
0
0
1
0
0
0
0
129
0
7
15
0
411
0
3
1575
1
13
39
0
842
117
30
1
85544
0
4376
97
0
14
0
1
150
267
0
1
23
12421
331
13
0
99
17
114
0
0
4
0
0
0
30
275
1
1
3
0
1
0
0
6870
0
24
88
11672
414
0
14
1971
0
22
116
4
59
4
0
4
42
0
203
20
1
0
3292
0
13391
9183
1062
0
0
1191
12520
16902
47
1
2
4459
0
0
270
95
1304
0
115
13
0
0
0
0
0
11
103
0
1
1
8122
1
0
4438
140
0
2233
0
10
168
0
237
11
309
0
174
261
0
88
0
31
52
1
546
9
0
18482
0
0
0
21212
34
16
49
0
4
10
1
15021
159
0
0
5843
0
0
0
3
557
1660
935
788
181
88
52
19
19215
0
1
0
20
1
25
36
1004
0
0
1452
1
124
3189
13
2
0
0
24
0
0
0
19
0
2237
0
101
6
0
0
72
6
4823
89538
4041
249
918
4
481
45
0
2
0
0
8
6
875
0
2
10
2
0
2
0
47
0
0
0
0
6
1
0
0
18
28
13
51771
5
2
0
0
15
4
0
0
0
0
30
0
4
0
188
15
0
3
146
0
4
45
220
0
0
170
96
0
0
746
238
1
0
54
0
2657
0
0
0
19852
3940
20
0
903
0
12633
5
2334
0
79
0
37601
8
0
0
265317
1
1
5
0
0
4
0
47
0
0
0
0
0
0
0
7
471
1578
2
0
8638
0
14
18368
0
21
2
3
0
0
16
0
3
115
18849
66
27
12503
597
0
12960
19
0
5
0
9503
1606
0
0
0
7
1
0
1
5443
710
0
0
8774
0
3
13761
0
0
27
0
15
0
14151
15
0
142
0
7
142
1
1646
0
0
0
0
0
0
13709
24318
410
2
9
0
0
813
5
2
1418
0
2
223
0
0
0
3
0
200
81
9370
6209
0
15499
0
196
0
0
228
12555
0
15390
3076
0
1
0
2807
0
6
4755
0
1
0
6
2
22
497
0
2137
1010
0
0
0
158
5106
2212
1843
2
3208
18
0
7
0
0
31
0
39385
0
11
0
12
0
0
1
1
614
188
10
360
0
3
0
13
611
1
0
0
24
21
0
0
23
63
0
8851
2
0
0
0
0
34724
3
0
0
0
6
15
21
0
4
0
36773
16
0
0
10513
2
0
6446
5
4
0
384
119
0
35173
0
0
15
0
0
1
0
22
22
7
0
528
1241
633
0
6611
0
9633
0
0
11
7
5509
0
0
4
0
0
5950
38
0
23
1
283
0
7
0
1004
12
2
0
805
0
28
11747
3
29
0
14
156
0
1781
15
3641
3
0
0
0
8
1
3
6
0
14
13
3232
0
471
11730
13283
43
6
7
0
0
0
362
0
0
0
0
124058
0
15
29
0
2
0
0
0
1
87
970
0
110339
1124
143
21191
0
9
0
0
158
0
1148
0
28
5
88722
224
0
24
94
0
115
68913
0
3151
0
672
0
28075
59
0
0
0
7
1
0
2658
1115
1
1
0
64608
3
0
2
0
2
23
0
1
7
0
0
448
0
0
4
0
1111
3
56
969
32
1
3
4
0
1
15674
0
105
77
7111
0
526
16
0
0
150095
0
6
0
42
97785
0
1
11
0
210
0
0
0
0
0
6
38
156
0
3
0
1
2007
45
0
0
5
0
1
0
41
10
1246
373
0
0
0
0
0
2
132
341
529
0
0
5
0
14
4606
0
2
0
4
0
220
32190
0
6
14
0
4
0
0
3
0
0
9
0
1
65
5
0
19027
210
3
2016
0
2
17769
648
0
1
0
1
0
33906
0
98046
34
14
1794
3
1
0
0
13184
0
452
0
0
6
0
0
5766
88
15
8
0
968
1298
2
1424
555
1341
1
7807
36525
16
463
0
28854
421
0
1842
2944
4
0
0
0
5692
0
248
0
12
0
121358
0
1012
125
115
0
1
19077
131
3437
0
2
71
0
3319
32
0
78
4
0
2
13
49
0
36
0
1475
2
5
0
248
126
260
557
0
19
0
11
0
0
316
0
196
1253
2
0
170
2
5
101
0
0
2617
0
662
0
43
160
0
1298
0
17
0
665
0
6
78
2
3085
0
2
803
414
638
18
303
22
0
75
34
0
39
3
160
0
820
0
4
1
256
1863
0
3143
4
0
2312
0
0
8
324
1150
17
0
0
9
7398
7
15
0
0
7575
0
1
121
8641
0
0
0
0
0
8
0
2
226856
3
0
0
29
0
0
0
10337
1
3
17
0
1
0
0
449
1371
3
10
0
0
19
0
4
1
0
930
10
4926
0
48
0
0
1
0
0
51
447
14
0
41
565
0
75
0
28306
0
0
0
34
0
325
392
0
0
51
0
8
26
123
0
1
7
2
33
0
4
0
32
0
0
1331
9
3708
0
0
0
0
0
0
0
6
2
1
0
22
10108
32529
0
0
74130
57
7288
9
1
0
0
5066
15
22
826
0
9
11346
1877
518
20596
473
9147
4
36
3
70148
59
5
32
0
682
12100
0
3
0
1144
271
0
0
42
41
458
374
1
58685
55
10
1
0
13
0
0
2
0
160
257
0
357
106
0
0
0
48349
6
0
2
11
11
16
0
3
29
0
0
16844
0
153
73
16
218
1359
6
9
66
29535
227
3
2
17
0
9
2592
27250
2
7674
0
0
0
4809
15
3
22
0
0
17833
9
0
0
2
0
0
0
554
2
0
0
1937
111
2323
34
0
1700
5259
0
19428
0
8
10
0
0
0
1
0
10
0
193
4349
3
3
0
126341
0
1
22
170611
11
0
0
269
1
0
0
39
0
0
56
0
5404
0
21
2
17187
934
0
39199
0
4
0
5871
5
125
0
0
0
0
82
0
1201
888
0
2
11
0
0
601
100
0
0
1
8
8225
3
44
48657
0
10539
678
2
319
2
3
0
45419
0
0
0
0
7
35
3
1989
95856
357
74
2
671
27
0
7
1
940
0
11
0
0
18
1
0
97
0
7559
0
3
249
42858
6
0
13622
102
0
0
2
16
0
249
2
0
0
2
77
64
1
422
0
276
10387
386
0
163
35
84
1
0
2
0
18
1
277
0
0
29
0
0
93214
1
42
0
615
0
0
22
88
37
115
385
3
2
2
15
26181
202920
2726
8382
2866
0
57435
0
2
0
22774
0
7
671
3077
489
203
266
159551
0
4787
0
0
0
0
0
0
0
0
8551
0
104782
1873
20
3296
128
1
0
8
86
1
0
0
4
30
0
0
0
6
0
2
42
87
5786
33
1
0
0
9
0
0
7593
46193
387
2
1
5
0
26
0
28
0
3321
19
868
66
10920
0
5
119
5
0
35
0
2
0
0
1510
30
1050
35
0
2469
135
0
3051
8594
39
153
8
11802
73
55
9
104537
0
305
10
2
1
0
975
1
4
3584
1
99
6
0
68
0
5
0
6620
2
0
795
10
0
0
4
0
2
1354
5
1
86351
0
78
0
536
0
11821
0
4
84
131
0
23
0
4
0
252
0
807
152
2
96
48
1
23
0
0
193515
4
0
10769
0
0
0
5
0
5526
0
41
88852
0
64
13
101149
387
0
29
52
8
24
27
0
336463
518
13821
0
413
0
0
2
146
0
0
0
1261
2355
282
0
1
7
640
0
0
12279
4
950
20698
21
22103
0
7
12307
2047
0
0
0
64
2091
1177
6
0
2
5
0
4742
0
536
272
0
372
14
3008
0
0
0
5
4
0
0
81487
0
92
0
0
24
0
194
48
18
0
49
0
62556
125
6
136
11
0
0
0
0
353
402
18
16472
0
0
20
1
526
2
145
279
27
4
110
24
34
11
1082
263
0
9138
391
1871
0
0
0
0
24
10
93
0
13
69
1
0
0
0
159
336
3
324
0
49
1
59
0
0
3140
186
3
0
0
0
232
0
2
0
7
0
0
0
11781
54998
683
801
0
0
1231
0
1048
0
0
36
3
45
284
1
1
0
36
56
13
39
1
0
67
0
0
11
18
6474
1443
0
91743
1378
80
46
0
0
0
1
416
161
2
0
0
3483
3
0
6
1433
12
1660
0
32
0
0
31
0
20
0
0
10
0
0
1
595
4
38
103
1
0
4589
0
0
0
0
78
222
9
0
0
0
57470
59
9107
0
0
984
212
0
14
0
715
5260
27
992
2
0
3263
0
41
0
18
483
1
7
653
0
0
175
19
2
1054
35002
170
0
9939
410
0
0
37908
57
52
163
0
0
36
43
0
1472
5
0
0
0
0
0
0
40891
90
0
6
1578
0
6
0
981
5987
0
2
356
24232
1
21
93194
0
186
0
0
155
22
0
1037
2
0
2
5182
13
0
53596
0
15717
0
0
2
0
0
111
78794
1
0
3740
1
5
442
71
0
686
35
0
642
0
0
109
0
0
5
0
0
1
4
720
10
0
33
28
0
583
0
3
23
14181
7
1
9
0
0
2125
5
10369
4493
104039
0
37
21
1
3
304
3017
8
0
2
0
0
103505
6100
0
0
6683
97
0
0
172
2704
123588
0
0
16
1924
0
0
294
0
0
0
0
0
1439
59
177
0
115
0
204
43
0
71
445
11
2492
0
47
214
1011
830
3967
1
0
0
60081
9
13964
2
24
1
114
1
0
1
89
20896
0
51
7107
0
921
0
3451
4845
23
17
0
0
55
1
0
15
55
9
0
37
0
363
0
145
209
0
7545
2634
5
0
3
541
0
1
0
5
1
0
4
3
198
0
74
0
0
4
0
18
105
3247
0
9
2
112492
0
24
13
0
4
0
8
24840
0
1
24
107
0
1
32
34447
15
0
14
0
153
6196
82
19411
0
0
11
209
0
3
92
0
3
0
16
1046
3684
1
1522
0
0
12
0
0
0
0
338
1
0
0
1033
0
0
2
429
5
0
11
8
0
29125
21
0
14
2
1
7
106264
0
10
0
0
2083
51
4
8
5513
0
2
0
0
1
179
721
0
0
0
20
0
0
0
3
0
16
0
0
0
0
15430
21
0
0
3546
0
2634
1
37
0
180
0
31
369
0
811
0
0
29
28670
0
0
97
193
0
0
4
80
5067
640
269
1
3
0
0
8
170
149
0
9
0
3
0
0
0
25
7989
0
568
35
138
3
20907
0
2
1
108
0
0
234
0
0
32
0
258
47444
216
324
1
5
1706
140
0
1181
0
0
4635
10
0
0
12
0
8392
0
0
99
1
2
0
0
3
22
0
0
0
0
0
7
1
5
1
0
0
10
30
1405
0
36
0
0
0
325
405
54
99
0
73
58
25
815
1255
13
30
0
0
2666
5
1949
0
748
0
233
12664
0
0
0
1337
1
0
16
0
63
1184
19
957
4
0
0
68
0
0
148
0
73
3246
43
0
194
0
39592
0
0
0
0
772
103
0
122
0
17
0
0
293
86
12391
16511
0
0
1
1197
0
3
1
0
0
0
2024
39744
11
0
16
34
6
7
6
0
0
15517
0
1739
0
2763
5214
0
79
0
0
52909
9
104
137
1
51
0
0
0
0
0
0
25
301
0
0
0
258
2678
0
6239
0
0
1
0
2903
3
115
1
0
25
0
1586
45
3
0
2
25
6
0
1101
502
3
9151
144
13070
0
1
89
1824
0
0
0
0
3
199
19
39
0
1
118
0
3093
0
0
0
0
4
0
372
0
8
1
0
13488
12643
9
3
0
56
158
0
617
22
0
0
90
0
0
170
0
0
37
4
8
0
6
197
984
48
0
108
5
10
1
8333
265
37
0
0
3879
0
0
0
4
8788
1
0
0
112
24927
16
0
0
0
0
335
11105
5
0
0
96
23760
0
2432
253
55
0
0
0
0
0
0
0
28
0
18450
10
0
2
17946
0
0
0
216207
27
0
0
2
20988
1383
0
4
0
2996
872
2
2
2
2
689
2
246
0
707
0
2327
0
8
226
10770
991
0
0
0
56
0
0
64
0
0
0
5091
0
409
19
310
8
6563
2706
5760
29
16
12
61683
1
0
4
7
0
10
105
0
14
0
5
8
5
0
3
3
0
112
0
0
0
0
4
101
10716
0
1
0
0
16
7
4
0
0
2
0
8
2490
12500
2
0
0
143
0
61
114
0
0
0
1
31
0
158
0
1
3
1136
7
9
2012
28
46
0
580
0
1
0
81
0
12
0
0
6
7
79
48
904
0
0
6
15
0
1
126135
26858
15
0
5
37727
0
787
1517
0
0
4
82
4
0
17809
588
0
11
73
5250
12917
2
2
0
146757
1
26
80
322
32022
0
0
214
20
0
10
6
39
1847
0
0
27
10240
2
730
0
2
0
18248
3
2
0
0
12
0
0
0
0
332
36774
779
0
75
1098
189
206
303
0
0
131
0
2119
114
18253
1162
0
0
308
0
2271
0
0
2
0
129
3665
0
2
36
0
2
1083
0
19
7
0
0
0
8
0
20
3872
5
252
214109
7
0
107
1172
2
0
153
0
13
0
86
0
307
2
320
2
2041
6
0
18
159
3
4578
0
0
33
3
0
0
0
2
3585
1
0
422
22
22
0
0
0
150
1802
0
0
0
279
6
17
36
0
0
3
80
45325
0
0
243
5
0
29
0
316
0
131
76
13
0
0
1170
2112
65911
0
0
30
1055
0
1025
3
0
29
0
0
0
0
353
4
0
9
0
1044
112
6
5
12
4
0
0
0
0
0
0
0
226
145
0
0
1
1
0
0
326
5
11
2604
0
0
0
153495
3635
80
5804
0
0
12
2
6
0
3
48474
0
10
0
0
0
20
205
0
20
5
18053
0
538
3379
0
2
17
0
44
0
0
21
297
0
2529
1
6
0
0
0
0
14
0
11936
1
0
1344
205
10
0
0
1095
14307
24
0
142
0
0
0
0
88
0
142643
0
0
62
9
439
37251
389
5
2
13389
0
0
296
22
0
6
83
47
301
1131
85
6
100
0
5964
6187
0
1297
36083
0
4
1965
0
0
0
72
0
22
1155
0
0
1
474
1941
62858
227
33
0
0
30
3215
0
143
0
5
0
0
0
0
0
0
5788
6277
5115
0
0
0
0
0
56
1
0
0
2326
0
1
0
64
25191
804
0
0
20438
0
0
101
0
25
537
7
345
6065
9
0
642
4
190
27369
1
18
3034
3
0
0
159
12
19
80
321
2
0
0
0
351
1164
0
0
1
78215
0
0
1
18
36
781
0
3
516
64
6
1629
86
0
4
439
0
512
42647
0
0
0
0
0
7
0
22
2538
0
68
0
555
71
121
64
0
602
121
1286
671
3924
0
9938
0
1
0
0
3
0
0
0
2511
0
11
4
0
63
1
10
5
1
260
1014
395
0
17269
4
3430
1
0
0
27
52
0
134
0
10
0
7
4
0
0
0
1
25
12
758
9
0
1598
7
0
382
0
0
1
12
3564
369
10181
47
60
0
20
24645
8490
0
14
26
0
46193
88
0
0
2040
140
0
0
0
2649
51
0
48054
1
113339
199
6365
0
300
0
458
2
0
0
164
40
0
0
0
25772
71
1372
96
0
0
18342
0
17
66321
36
21
0
5
3
1
1
0
0
0
0
7
0
7
174833
235
1
4623
56
32
2
0
6
0
36
0
1376
1181
0
45
6964
305
0
2956
30
3949
9
7
0
3
28
76
0
5
0
35
3
0
0
0
249
1
247
0
60541
0
0
0
2
36
889
63
0
38
7
6
0
0
26188
4
16
27
0
0
0
0
28094
153
114
15
4134
76
1814
0
58
0
0
22
12
0
0
3
45
112
965
1
0
7
0
3
0
24
102916
2305
0
153
57
0
39146
0
75
0
0
10613
18
1225
43
67695
627
39
215
248
0
2
153
4
28029
8
73
0
0
990
0
25
2419
0
276
407
0
10
224
0
114
2
38
21106
0
98
187
0
0
141
2
0
0
0
8601
0
23
0
0
1635
16
0
0
0
4
0
1447
0
20
1
46
0
123
0
54707
27454
1166
6
260
7
21982
0
2
1
0
10
36708
0
0
65
0
33
1386
0
0
1
5791
0
129
44
499
387
29388
0
0
28
10
141
379
42
5
62
0
6
12701
252
10
0
96
70460
11612
47963
0
128
298
382
4
0
0
10
0
0
0
850
0
3026
16
0
64
65311
3543
4
240
0
52
0
0
0
801
0
2
26032
17
38
1112
0
0
3356
0
356
13
0
0
1
742
175
0
782
5591
5
0
6
0
0
0
1
0
1
1499
0
109
106
14195
8
136
40
0
0
0
9
9
10
0
0
23760
42
11
1
0
343
214
47
0
9
0
2
6807
0
0
70
0
1207
0
23
132
14
0
3515
18443
348
4
43
0
231
0
8
1
0
1258
128
17171
1
0
3691
28
0
0
0
2
109
0
63828
41
51
0
2
51
0
1
1
0
0
0
1
923
22
58511
6
3340
1
65
118
41
0
0
1569
16
10395
273
0
16
0
1068
179
18
0
29
0
0
48294
2
283
7543
15
845
546
0
150
7
0
0
760
1461
12135
2
4570
0
3
4
57
0
0
0
6
319
13
28
12
4
20
7
0
1693
678
947
3
19
1
0
0
458
0
1
19
0
27583
3
78
4
2
32139
0
0
6
19685
51441
665
0
0
3
0
8099
0
2266
0
0
2
20
0
0
4
1
0
0
0
5
1
0
170
22319
5
1
1
447
1272
0
1721
0
0
10
0
5
0
12
4
3
122
22
0
8018
7
0
150
0
0
0
0
378
1
683
0
0
0
11354
5
0
16
31
46
141
124411
9
0
113
8590
9
0
2
32
7
0
0
40668
57
0
433
23
20
0
0
350
57
0
0
180
834
3681
3
0
0
197
5
11
0
13057
203
61
4
0
27
3535
0
43
9
0
0
13
10793
0
0
15
22
2840
4
1133
124
1
0
2
237
0
0
0
127
4
0
31778
5
0
67
382
2
14
7
2118
84
1264
84
0
0
163
1068
0
1
0
2
1
0
3
782
1
0
12
1
5208
0
2
0
6
106
2
1495
0
170622
0
353
139
37
133
85
0
0
1
0
0
2
462
0
3036
1
29
21
18
0
6
66
118
11
66
52
2
1
0
0
0
4548
1
0
0
50
249
11
0
0
40
3
4
0
0
0
1061
1929
3
0
0
0
0
0
11
1
6
3600
7416
0
0
31
0
3
0
0
0
1794
5
11
2
0
0
42
8
10
2986
17
0
0
34
0
14936
152
1
688
6807
8081
0
2
0
13
11549
0
72
8
107
0
0
0
8
0
0
6
45617
59
1
0
84038
0
0
1
19
6
7
78556
12157
0
4
367
0
969
77
0
22
5
1
30
0
34095
31554
2622
12108
20
0
8
0
1
26
1880
19
11331
105
6
0
0
18
114
79
1
14
1634
4
18
0
0
4
924
0
4
11
1
28527
0
65
2
0
3
49
145126
0
0
54
0
0
0
37
0
8318
187
2
0
0
33889
15
0
123
41
3
4
39835
307
61642
65682
3510
0
0
5
23
157457
0
0
0
0
1
0
380
0
4
0
2
424
2398
57
3
1
0
4
0
0
4
487
10091
109660
0
0
102
0
1
2928
22
0
276
0
762
1
1020
404
9
35
0
73
184
853
614
4767
0
194
7
278
0
0
216
0
6
0
0
0
0
0
77
2
323
16133
18
130
24
36
108
12756
104
0
254
2630
0
2474
1
0
8120
0
223
6
253
30
280
0
1
10
311
0
1276
7836
7
27
0
2
0
0
9
14
2
0
25
8208
7
2
0
10
3245
0
0
787
0
0
9
25
54353
1
19
0
0
2
0
0
0
9
0
0
0
0
54
3196
0
6646
17
0
10569
1
0
2
17
2
19
0
0
1247
0
5
7
0
0
2
0
1
2443
24
0
299
0
7
12
25
17
0
14
6
0
0
219
13
0
0
0
0
14235
197
237
0
2
19
0
7
2000
2
0
113
0
0
28
1327
0
2
10
10
2023
42
0
2278
5
1
0
0
0
54743
76
0
3
1
22105
0
0
2
0
12
5447
0
0
0
5
0
23
0
0
1
91
3
1
0
46
16220
0
0
11272
43
23
500
9
24
4
0
0
0
0
0
1
465
0
1026
916
0
20
0
6
167
71
1
0
0
293
15
0
12
0
0
0
8
1
4
12
0
3
1
484
43
0
0
126
0
1243
1
9073
1
8
13407
5579
62
0
0
0
0
314
0
371
4
0
24
192
30142
5
0
0
0
4
691
2017
334
439
1041
1385
7
22056
1134
0
0
5
25
0
0
1437
6118
21
6998
1051
38
2
226
1
126
0
0
0
0
217
27426
0
23
4
91354
3525
1
35
368
7730
204
47
6
1
0
5
3
31
36
12167
19918
11
16
0
79
6
5
0
0
2
0
78831
287
4
1033
1444
2359
1
0
0
18
0
568
10845
81
0
40
0
0
167
14
4324
2887
0
0
0
0
0
1
125
4197
1
0
252
0
0
0
1
4
0
0
65
0
1
0
4325
2
164
10
0
0
4
0
0
32681
3
0
19
7178
0
44
2
0
8
5175
0
324
3198
72
0
0
0
27
27
0
0
0
6
0
8952
0
126625
8
0
9
323
0
0
8
30
87
0
133
0
174
63
0
1
0
0
23
0
3840
93
0
0
0
8
0
0
0
0
3
164
0
127
2
0
1895
860
33442
27
0
0
8482
0
0
52492
0
96
0
5287
0
0
0
42
263
3
4
0
384
0
139
128
23058
0
10
5
0
5
0
139164
0
589
1
0
0
71
0
7154
58877
0
13117
4
0
0
0
204
30
0
14
3
0
140
0
6596
0
6
5
6
418
1
68
7
0
0
14
0
2
0
17
17787
0
0
2
282
4
2544
0
6
0
0
0
219
8743
0
0
1
4
6056
21037
1
23
0
30611
8
0
25
2
0
4
19363
0
5
0
83
0
3391
0
0
0
0
1
70
0
96
2311
18096
1300
0
0
15940
309
0
385
187
22
133
783
87
26
0
10
0
0
0
0
6077
0
0
429
43
0
8
1
5
1
0
0
35
1
2
32
0
352
0
41
44
11
0
39
12
6
735
20
5
7
1656
0
0
7
0
1
0
125
34
1
4
49
8
0
56
3816
117
13
0
0
8
0
10
4
0
0
953
2
14
4
8
7
0
264
30
429
1031
0
0
43
73
4
0
0
0
280
0
29287
13
1
9448
0
6
6
184261
7
0
44
0
0
39303
109
154
0
13417
0
1861
0
22
43957
22
182
0
4
0
25810
0
1
4632
13
530
1667
15
0
0
1
611
0
0
1
2
28
0
189
2
0
2
27
3
128
0
7
0
1670
0
17337
0
0
43
63
1
174
0
26
876
0
0
13
4717
0
1
0
1
0
0
46
0
60
0
1978
0
0
0
0
210
5543
0
37853
102
0
89
11
90
3
1162
0
0
80997
0
0
49
23
27
12
714
0
0
1
4305
1
4
0
9
129
0
0
2
0
85
0
0
14286
896
1392
3
231
10
110
87
166
0
0
0
2
60
18
2
16
26335
2147
61
0
0
391
11
6555
0
116
0
3
84
471
1
18229
0
40
26
0
3013
0
0
52
1
2
339
150
0
0
46937
355
314
2
0
7410
26
0
60264
32679
0
0
0
6348
0
83
0
0
3991
0
100666
4
0
156
0
4
18
0
2
0
0
33
26
1
169
29
2
0
0
1017
5318
0
4
0
4
0
56493
0
0
0
0
41
0
85
3
14
0
93
0
0
3
56
0
1562
2
0
0
15799
0
80
0
0
0
317
5
229
0
0
0
735
19292
3448
0
0
23378
23319
2922
0
129
2
40636
77
0
0
259
9
0
36
259
39
23220
0
62
608
16583
22
16
2
180
0
10270
0
11
0
975
4
25
0
1625
110
3396
52417
175
5561
4
105592
0
9
11
45
266
491
204
79369
0
0
2
274
43
0
3600
0
44
0
0
604
0
185
0
0
9
2
160
0
0
3
429
0
0
0
37
0
0
597
5
17
0
14
0
131
28433
312
13
2743
48
70
37
0
87
3
0
13
8
438
4
482
59707
28
17
0
173
14
0
0
3
8596
6
51382
29
0
0
40934
0
36
0
38
15
0
249
2
15
22
1
22
3
0
10
9
352
735
0
3
30
9391
0
1
3
21055
0
0
0
0
0
20019
2
0
8081
6
0
39
0
8
6121
0
0
2555
13
0
143
5
0
0
1
19
56659
23
0
0
0
0
86
1
11
42
15071
0
104562
0
0
50685
5837
0
113
0
47
7828
0
58
4
0
1020
0
1735
0
0
0
0
1230
2
1235
6
13945
0
106
4381
919
36
0
0
0
4
4172
49
0
1396
19
0
0
0
191
0
0
0
0
0
5
10181
1
1
1
341
27
0
0
0
0
0
0
5207
0
19
0
5
0
0
368
0
0
0
18588
0
18681
0
7
4
0
1781
0
12
0
1
0
0
19029
18212
1
2
0
0
0
0
3
1
202
0
54
0
541
0
0
128
0
0
158
0
2534
2328
7
0
9085
8
0
71605
0
0
692
0
0
9222
56
0
0
0
0
1
26369
61454
0
476
0
0
3219
0
15
0
0
0
0
0
0
0
308
20044
129
0
42425
48
0
0
0
3
2
0
33
42
31
1633
0
26794
0
6
8
6
1095
0
0
4300
10256
16
0
1
19
0
36
0
0
46
19
0
0
0
5
6
316
47
43975
0
2
0
426
1502
0
21
490
4029
1
786
2310
0
4
0
0
0
6
8
5177
8
2303
0
746
15
11943
0
0
0
0
0
0
0
1603
30
0
0
0
53
102466
23
8
9190
0
171
4860
19
51627
446
0
0
2
876
497
6659
3
232
61
0
40
3
0
0
80237
5
131
4170
29
17561
457
0
0
17572
0
207668
0
0
100
1
598
124
0
3
2
29
0
349
1
8
41
204
564
0
302
415
21450
11924
0
0
1156
47
161
303
3524
11378
163
7113
0
153
0
5
1
0
0
3097
0
1866
4
0
0
0
2
8
0
89
73
11
14
0
56
0
0
120
0
13
0
0
5
145
13
0
3
46
370
0
204
228
0
652
118518
0
0
3
0
6324
0
61
3
1
140
0
189
0
46
1
16
295
0
84
25
7729
2514
4749
78
805
11
0
8243
13
5
2067
0
0
60948
2
0
4
1931
207
685
8446
20663
1
1
6
0
1
210
0
10
1
0
3
2
6143
161
0
0
29
0
0
0
1
0
12123
23605
24
0
0
2
9
90
1799
0
16511
1845
2
122
0
5
2
4
13
0
0
0
4
0
3
0
0
241
85
1171
0
0
0
0
7103
116
3
60534
2
159
0
0
0
14
1585
0
0
112
4
18
75
5
2
0
1
0
0
0
456
119814
7027
0
0
26
4383
114
10
0
0
0
5608
0
471
9964
0
25658
0
58
5
255
0
0
18
0
2
0
0
0
46
63
15880
0
1307
0
70184
32
0
1
1
0
0
2
14
0
1
0
4
4
4
25
6162
5
48
0
10
0
44
0
4
4992
7720
1682
0
0
65501
14
709
0
10
0
0
0
0
154
3
1096
1
2
0
10201
0
0
0
86
144
119767
0
0
1147
0
0
25
0
4
3850
0
0
0
14803
145
0
94
991
4
0
7
3443
0
0
187
258
40914
78
0
0
6
5
0
4
2
4
0
16
26742
0
3
6
57502
478
916
230
0
0
0
0
28160
0
121
4
4
8
19692
419
3
103
3985
4
0
94
0
0
10143
1882
315
0
33
1
2
0
0
0
0
3
12
0
170
0
0
18109
9
680
18
3356
0
2
9998
0
0
0
0
0
0
27
260
610
4
6944
8
5
24
0
17
0
0
200
168
0
0
126593
59
0
1
0
11186
459
41
2901
7036
0
0
19
122
6267
0
80
17180
0
152
74
1
0
1
119
16
11
31562
5
0
174
0
0
2
0
0
53
0
3
119
154
379
12
0
139
0
0
7
24
199
0
0
0
396
6
0
29
0
4
0
0
218
4
3
23
0
0
0
104066
16
42910
8
22
96
2
0
23
3
2
3
0
0
0
89
4
147
7
0
505
451
0
0
307
0
0
59
1
0
175
3
2
2
1
0
91
14
1799
93
0
0
45
4
47194
73
0
0
1
3
2858
0
11
6
0
0
332
3
2
4
4
679
0
42739
0
10
0
0
10
75403
2372
14
0
1
0
47
8
25874
29
4
5
79
26
1171
0
420
0
60
239
151326
0
0
0
20581
78
0
1
51
73
19497
519
695
0
0
20
21
0
0
4254
45
0
0
0
321
2929
0
1
3
0
27977
1241
0
90880
0
0
4
167
36634
5
0
93
0
1
50
682
1
300
1
0
0
0
2
0
3088
0
66
0
0
0
0
0
0
31
1
0
0
27
0
32998
1
142
0
62
64
41720
255
7714
18718
1
127
3020
0
0
61
0
0
0
1
18
26
1278
151
806
0
0
34
0
44
0
2
0
33
2
0
0
3
0
1014
2
120
0
31
234
4017
0
125
0
120
0
352
9
0
0
0
0
15
5827
0
401
3723
2096
0
872
14
5
2
0
14
0
0
0
2346
7625
10
1139
0
0
260
2045
0
0
0
0
0
0
12
0
0
1
0
3
0
5
13
1
0
4
0
4
0
142
0
0
0
119
5
0
0
0
721
12
5
44
0
26
2
0
516
0
0
0
5810
10134
213
8086
0
0
0
0
9
3
0
46
0
0
76
1162
227
1
323
31
167
9176
14
1
0
6
0
0
3
0
0
3
333
0
221
1
19
839
0
28
3716
0
0
12
11
12
0
0
0
0
0
11
3
0
0
4
8
0
195
2274
626
6
80
30
0
0
9
0
0
0
12175
1718
0
0
0
0
1
0
0
153
1713
44198
5
0
1
0
6
2
1227
857
0
0
121
0
19
0
0
0
0
12
0
3390
0
0
0
0
3
0
5
10336
1
97
4
4
0
178
7
631
0
1
8
6861
147
6899
24479
227
12
0
1
18753
4
0
9
8
3
13
9107
0
10
0
0
30
1
52
36
85
121
41
0
0
1459
0
0
666
88
0
32
0
2
16
199
7
0
111
2
0
2202
266
1950
22520
0
110186
25
0
0
0
0
0
0
0
7
0
3
847
0
0
0
159
0
2
20448
0
875
23181
0
0
1739
65
25
0
898
1
6
10
2981
1
3264
12
11
0
0
0
45
0
0
37982
5953
0
7
4
52
15
3
5
0
0
0
0
0
1
1043
9
11
0
0
216
1572
0
3
7
0
0
0
0
0
0
6
0
0
0
48
0
22
1589
10172
2696
9
64
4
0
0
3
0
0
340
97
2272
0
0
0
0
0
20264
0
3
0
0
0
531
0
0
43
0
158
2
0
0
5103
0
4
3
44
0
0
0
61
1423
6
0
0
0
9709
0
2
115
185
0
438
15
7
0
0
6537
4986
0
196
367
0
2296
6
0
508
44
11147
143
6
0
0
3
8
0
0
32
0
17
4
512
0
2421
2
2
0
317
205
0
2
1
2792
0
16700
0
20
58
0
2
474
0
3
0
0
0
0
4536
0
0
271
15
12
161
0
0
2096
398
63
38
10
24032
1
768
6
7
140
1
1
0
17
8668
0
38
0
0
0
499
6
547
0
1
47
0
9
0
0
0
3037
82
32530
317369
218
0
0
4027
1
6
0
1
0
5765
20687
58
0
3
0
57
14112
16
144598
7
0
222
0
8
2719
0
0
0
5606
16
14226
8
0
5253
168
27144
3
8537
0
1
0
0
616
0
151
13
2
2068
0
4
17
0
12
0
1
0
8
0
0
1
0
0
0
0
16
0
494
0
0
460
0
0
2
0
0
0
9
1
1507
35363
76
0
0
13141
0
33132
74
2430
0
0
10
2065
0
0
25
51579
0
30085
10
186
16
129
393
0
0
0
15
0
0
54
493
60
3
29077
221
0
4382
3
0
55
5
2
29
10161
3
0
95
0
0
5
0
111
342
49
0
26668
22
2
5178
0
4
0
6131
134364
0
267
3
4
59
1
76
41167
0
0
0
16634
0
0
20
76
0
0
0
949
1654
1
0
5
233
0
0
301
0
0
75
2317
0
0
40404
6
0
1606
60
0
0
4813
1488
132
22
10
1
5
7
2178
3
41
872
0
0
0
218
0
1
1
0
0
0
0
0
0
109
15
109179
16
0
2950
200
0
3
38
1862
382014
0
0
4
122
2615
48
6
363
5
0
3200
0
41
0
1
0
0
7
0
90
0
2
6
10
0
0
0
4697
0
229
6
127
0
0
70
0
88
223
534
0
0
0
7
0
1767
2
0
56
15
66
40
13
0
0
5
494
0
0
113
38
22
12
2420
184
5
77278
0
181
114
0
2
173665
3329
31194
1
0
107
3
0
0
9
9
1296
0
0
18
27
0
0
0
0
80100
0
81
12
0
0
0
0
0
0
2282
134
0
1
1
0
3
136
86
238
0
0
0
0
980
0
0
61
2
0
572
0
12
29
256
686
86
0
222
3106
0
21
23
0
0
0
64
0
0
3374
0
7429
1
4
0
0
57886
0
2
14
256
212
0
169
0
93230
0
51
0
22
283
40
17
4
478
1452
180
0
0
100
0
1
0
19
0
0
28
7120
0
0
13
0
0
13
11
2121
1
0
1
998
567
61
63
2
99
3
457
1144
24640
12
9
400
0
0
83
6
0
16
0
9997
1
40
0
0
0
0
0
29
0
0
0
0
0
10
0
0
0
0
0
0
0
689
0
0
0
0
397
513
0
9563
5
21
42
0
0
56106
214
2
20
32
0
435
0
0
37
20
0
0
0
0
1991
0
1
0
61
873
0
3
29266
0
494
0
197
0
7048
9
0
148
36
0
14
0
0
14
94
33
0
0
0
0
8
23019
0
0
8
1
36
317
11
5
65
0
0
299
19
6929
0
0
0
8
5
1
0
0
3
2213
0
0
0
1
4
1245
0
4274
2
62
0
14
3
1526
41
65
1
0
365
572
0
0
0
1219
100
41
56
1341
0
7
0
0
0
72
0
99
2
0
1146
0
47
2
0
0
18
11
1
0
2
0
22
3
0
4
1
8
71
4047
0
3
2798
244
3771
1
0
2
0
84
490
280
82208
3
0
60
469
0
7
18
64
101
1573
0
2
5158
48
1
1697
1
0
0
91
22
0
0
0
35
2
0
26746
237
24
0
45
217
1056
309
167
20641
14
0
620
1169
2389
12120
6
1
41
0
27
5459
0
0
0
5
1584
25
0
3255
0
0
1
9
1426
11989
1
1
17
26956
59
61
24
0
3
3
18
0
25
0
29305
0
1
0
15
0
18
5
1
292
64
4500
0
159
30
0
10
390
0
0
0
345
0
0
1
1
66
858
37072
108754
0
0
2
0
1411
3967
15
1256
93
12
0
0
9
0
14
148
0
3136
325
142
25
15
0
241
4
0
0
0
147
112
66
0
16
0
14
40
9
3
94
0
0
0
956
4
108
62
6
23503
892
2
8264
0
17
0
2
0
0
0
6
0
0
31220
9
7469
102
0
0
410
0
253
0
1
1040
57
22
342
80
0
0
0
212
34871
840
16
2
394
894
1
0
38221
2
607
441
114
0
57
1046
65
5
159
0
0
0
9
1
0
1
113
132
1
2
1
10801
0
1
536
1092
14
0
87
0
0
641
437
0
12
4
0
0
0
1759
1442
37967
0
0
2841
0
28
0
0
0
175
0
30094
0
0
0
1017
322
0
52
24
15
0
0
1789
9
0
0
476
0
0
84
8
0
695
0
435
1287
111
2023
5
25917
17
23738
0
4
38
1553
41134
101
28058
4
511
0
0
10893
1435
6
19
8975
0
70
0
0
13
0
0
59
0
1405
2
0
7
0
20
90
0
1
42
12
5084
2781
0
59
0
28
74976
0
0
196
640
4
0
0
5
7
796
17
14
644
19397
4
0
50
12312
0
577
6
63
5
136
0
16
0
8
0
26
209
5
0
468
3245
0
1500
0
0
0
1179
102
68084
403
3
0
40
0
0
1
3891
21
0
217
0
0
53617
0
0
100
21
398
243
0
0
65
19
0
0
2
0
6887
145513
12
0
0
0
91266
0
175
0
0
0
736
0
3
37
789
201
2
6
227
0
0
7842
0
8
1929
0
0
32
10
5
0
0
711
1
5
269
1561
0
0
0
0
25
4
0
5404
0
169
0
6
7
0
0
11642
0
0
8
72
43
0
0
8533
260
3
18
7
0
350
1
0
0
326
0
6
589
31
12408
0
0
0
0
0
0
4404
0
31
0
1
16485
0
14
0
0
20
0
0
0
1
4383
0
0
40492
20
48
10
39
618
0
1
496
18
0
0
711
3063
1
0
4
0
1
0
0
4215
11759
5
0
688
0
8
722
1
0
30
440
232
0
14
130
4
13
3
0
0
4
0
0
4206
0
15592
5
0
0
2964
12590
0
3767
12292
0
17
120902
0
0
0
18
0
0
2938
8831
8
0
0
11
1
130
0
0
99390
7
4
0
31721
0
11
2
0
27
0
1
4
3261
0
0
6
31
0
0
0
0
0
0
101
0
1
4
1
1
1
1
0
3
166
35
81
212
4
27330
1810
0
2385
3437
0
1
1
6
0
677
10
0
84
0
20635
10
0
0
0
4
0
93
45
15
47
0
40
0
75
320
11708
2
0
15
7
0
0
12
0
16791
1
29
0
45216
13
72
0
1911
120
3
3
14639
1
14
0
7
9
17
30
0
0
0
14
0
0
0
2
0
0
0
0
96907
0
9
0
21710
358
0
50
0
0
0
111
44
22
0
0
27
8
37
956
17
0
0
0
0
1
0
2
3
2
0
52
9
6
0
0
1
169
77
3264
0
249
461
0
12
1288
259
107
102
4
2959
44426
5
0
3
1
0
0
2
0
26
0
7
0
8
346
788
0
1176
0
1212
8
321
4862
45
1
1802
3
0
2
0
6
0
283
3
690
102
3
27351
104
0
0
22802
0
39
0
7
735
1068
0
62
3
116892
60
125386
6
0
0
4
4
2666
0
0
36484
260
6
41131
1
0
0
25
0
644
2
0
98
0
0
15
0
739
5884
0
736
13418
31
52527
1087
0
1710
1246
30
9
67
150
103628
25
0
0
24
1
36444
0
0
45
19740
892
22
30
101
43
224
1
1834
2045
2706
35
1
11262
27
8
3
401
1
0
0
166
0
25
0
32
0
0
34
0
28
0
10
0
0
0
5
15
77
0
0
0
32534
2
0
372
693
0
0
1
1
60
0
188
153
11
8085
0
25
96
6
4724
7
0
0
31
0
7
1
2956
0
0
0
0
138
9832
1
0
0
15721
4284
8
5
0
0
74
160
0
1
49
0
2
28396
337
150
0
3
38
32
29
16
5
0
1625
11799
2291
11
7317
0
124
0
435
73
167
8
13146
3
1
0
147
4907
146
0
760
216
1659
11263
6016
30
2
6
326
0
0
0
0
2658
26
1
7
0
78
0
5038
18
10563
42762
1
47
1537
33
0
0
18614
9
6
26
86
0
0
1
0
0
6
1
0
0
0
3
51
1
0
0
2897
0
4
9
15
0
8
19
16
1
79251
1875
661
25430
2
3
26
1660
6
0
0
1
1
1
179
125
373
31
4645
24315
368
0
2
0
28
0
0
377
39263
20
1328
1153
189
0
0
88
29
6
66009
0
13344
47653
76
140
111
311
0
1
1
0
2
13673
1
7
1
6
0
358
0
10904
0
273
210
0
9997
4
115
2717
30591
355
2
11
141
2
54593
3
0
1525
0
0
11
1328
16
7597
15
0
2
155
11
1786
0
1522
2
9
4
1
3
4052
110
6
0
0
6
0
17
4272
9477
800
0
157
1
3
158
0
0
31
0
13
0
111
18
916
0
0
1966
161
5401
14432
0
9
70
0
1
1
11
15
0
0
0
2791
127
0
95
7
114
1379
0
3
0
0
12385
18
1083
1
4
0
106
23967
4
3417
124
2
0
228
133263
135
0
16
355
18
24
0
464
5683
23
0
1
6
0
0
223
5
45217
629
117
1092
0
4
46
0
34
11
1734
347
0
36
32
1
17
0
300
7
0
77
926
0
60649
5381
479
70
0
0
468
9
0
2281
0
0
0
23
11
3
0
76
0
0
0
183
234
0
0
2868
3026
311
0
3
1
209
1
0
7
0
89021
27
78
0
232
211
0
5
0
227
1230
1796
0
59274
25
0
0
224
42
0
4
8
71
3
4
0
0
0
1586
1
0
1827
0
0
0
0
0
1
4
29
5
214
0
150
552
2
2
244
9
125
2
0
39
13169
0
0
0
28
869
347
290
0
6
10
3
14
0
4
0
0
4172
43656
1
56
18
2
0
97
0
0
744
0
242
0
15
60
582
0
158
177
21
13
0
3861
4322
7686
3
0
3
110
41
0
0
0
740
18
54
72933
4972
78979
0
12
3442
23
0
0
0
0
1088
0
1838
130
49848
3
6
0
0
2
6
5
52
52
1
52
0
26
0
0
0
139
0
1
0
0
1310
2324
7
0
0
0
4
0
12
1
0
0
0
104
0
0
0
19
153
68
3
0
5
0
0
170
314
60
247
19
206
0
125
4
0
323
0
1
76
81163
65
0
0
113
993
0
0
0
5
0
0
2196
3
147
2
0
0
96
2402
3318
778
5875
66
0
3
2
2071
9
30
31
77
0
0
0
899
1266
9
5
223
2305
194
34206
0
0
0
0
16
0
2
0
0
0
0
12339
0
4239
11
149
200668
0
0
4
3
255
2
0
26725
1233
519
2884
3
650
83
12
262
0
265
10
44
8
0
3
23
59
11
459
0
0
146
1305
0
140
58
3
8
30816
5
2617
2
0
0
27
0
10
0
2859
0
0
4
4
0
63
156
6
94
2
0
5
4
25
0
53
0
0
0
20
2
0
0
14559
0
55
13473
0
0
0
9
52363
1
7
116
2
0
0
46651
0
1
0
19
185
0
1
3508
0
0
0
36
0
2319
16
0
0
0
55
0
0
0
3
0
0
205
6
1
0
0
13
1904
0
0
312
0
92
0
2
5
2051
0
57
0
1427
1297
6
0
23
0
0
0
0
148
0
22
1
13
0
33
0
10
19
0
10903
0
0
227
2589
1917
1
26702
2802
0
1
82
51
51
0
12
163
27
71
0
0
8
10
751
0
289
2656
0
22446
33
23
0
0
0
0
0
5
3
0
7148
0
1
150
15
1
0
5
0
110
364
2
2
0
125
1
21
15
0
0
5
1
0
300
0
0
0
89
150422
64645
850
0
0
341
2367
0
52
0
0
347
0
0
7491
0
0
0
6446
2504
2
6
0
2
30
29
1589
0
1
0
0
178488
0
0
131
0
19
60
4011
5
0
95
6
0
8897
0
0
1
0
42
12078
8
0
0
3272
329
2
1
0
3035
0
14
145
31
0
3
1
0
1
0
62
0
0
0
28
0
0
1099
157393
0
9
0
11
5418
3
6
0
625
119
85
4
14
0
0
22
0
813
672
10039
1129
112
0
0
8176
467
91
0
0
0
11875
0
14
30
3092
1417
28
0
9
0
12
57
3
12
0
0
0
0
15200
18
550
0
0
1766
168
0
0
25813
0
0
49
0
0
14
4
1
0
8
20780
3451
4960
0
0
0
0
1
2
0
124
0
190
0
182
2621
940
0
13
80130
12836
0
331
219
0
0
2076
88157
236
8047
0
0
0
1070
0
2094
16
0
4
84
12
0
10
283
15
0
131
0
0
0
0
2
77
0
313
0
15
1459
12
0
545
190
0
0
15
0
0
0
0
1
0
9
0
0
28
8
4
946
56
0
0
2908
0
243
0
3
0
0
0
0
250
7
307
39740
0
499
11
159
2
37
807
1
120
7
0
0
18
8975
0
278
112
5
1155
3
3267
0
201
0
0
0
7
12
2
17695
0
136
30570
6
173
42
15
3
0
1707
0
25361
318
3
0
2
50
4
0
6
0
1
0
0
74
0
2
78
0
461
0
0
0
3823
1
0
0
0
562
0
0
14466
568
12
278
7
130
0
105
0
7
0
0
0
161519
0
14
3
744
90526
0
6
428
21
4
28
1
96
0
2
0
1
2
1
42
9
4
108
0
0
32
15
1
55
28
101
1
82
0
2525
11
6834
116
2785
0
0
20
369
21296
0
337
8
0
0
2
29
399
4769
0
1049
2
0
9
3
0
0
0
7
71
26
5365
229
0
8
16
0
0
0
11232
20
84
0
18930
2200
8054
0
859
41
241
0
41
2341
63
13
21
0
1
125623
3
23
0
8
34
0
5
8925
0
117153
0
2682
0
99
0
33
2
0
3
0
0
93
91
79
1
0
16
2
169
0
7399
1
0
35
1
18
36
0
130
0
429
0
2
11
27
644
2
2
0
15
0
0
2
0
156
1
1
9165
1767
13
0
0
0
1
4
25
0
7
0
9
209
213
0
293
266
0
56248
10
2
0
0
30
87
1082
0
0
172
164
2
33
0
386
22913
1
87
78955
0
2
0
650
4
6
46
0
159
0
0
48
104
11
15
0
1737
91
0
0
0
0
325
0
17
1
20
1
1773
0
305
0
272
0
0
8
21
102
0
68074
15
35705
7
0
307
0
15538
0
103
0
0
0
332
0
16
0
984
0
0
5
0
0
17
0
56
208
7
14
0
0
1671
25
867
5468
578
0
0
0
244
321
33
1056
0
0
143
0
0
0
0
0
4000
0
475
215
8354
10
7
3
0
80
0
11
14
3616
0
0
83
1
15
0
0
21
0
0
0
0
16
17
1830
2
0
0
22240
8
25354
0
3
133
0
9928
94
1519
0
0
83
0
5
0
0
3
0
110
0
1029
1177
128
1
0
0
0
6
3
0
0
12926
6
455
483
11
14
83
2
1
0
0
3
1
62720
3
0
0
25
5
4965
17
21358
676
6
0
92256
27
2
12
0
11
347
0
0
0
10
28
2
81
426
0
667
230
0
11
121
0
66
0
116
0
5242
0
0
0
7
8972
251
6
0
344
78
0
5
0
1
0
0
3
143812
0
0
0
52
8626
0
0
1
329
0
349
28
0
0
14537
106
0
21
0
810
2
11031
2673
0
0
4
19
0
0
0
5
240
0
1307
31253
29
3
0
2
0
0
52
0
0
5
0
9
114
120
0
138
0
0
2
0
0
0
145
0
1857
7521
76425
0
484
0
1
15
8
2
21
59
2814
72
0
0
250
1
224
0
0
26
9051
0
0
17
1718
39
312
0
0
0
0
0
1
0
1496
23
2024
164
0
11528
39
0
342
16
0
7
1
3
3
85
0
40
10
0
0
0
0
1221
0
0
1
7
0
1260
7044
172
8
22
77
17
3
871
3
4
0
0
398
0
0
435
23
1
35
2
0
0
67
0
0
1649
104
0
0
0
29
265
88
24
0
0
0
1
15
11
0
1
50573
17
414
0
0
177
0
3
0
75
0
57
6676
4
40
0
0
0
0
0
3
407
8231
0
0
2
1428
2833
44
0
46
35209
1
4
2
0
13558
78
22
1541
67
7
0
157
4
0
9605
0
5
2
0
1
27
15671
1144
0
0
110
0
3
4
523
137
0
0
0
1439
0
801
0
0
189
0
9
209
2067
4880
36026
24
4052
0
0
1
1
119
11
21
6
0
3
0
267
0
0
81
0
0
104
131
0
52
25361
17540
606
8
0
1
0
10
4
0
5235
2
0
0
0
0
154
1
3
12
0
63
55
0
100
73
5646
29
0
1132
0
0
0
27
35
0
5031
94
0
88
60
2
1255
4
57050
3
95
0
631
0
0
0
0
4327
78
124
0
0
0
141
5252
4
0
7840
92
0
95
2
0
3
0
802
0
0
12
0
236
73
0
0
0
0
127
0
0
22
7
17800
3
1120
2
69
1377
0
146
4536
2628
0
6
0
4
0
153
175
0
26546
0
2185
36
1127
0
1940
895
472
0
44
0
0
28158
242
15
334
2159
241
0
8
2
2
7
0
0
0
24
10
1
0
249
0
187
79
0
83
0
0
0
3443
4
0
0
59118
1
3
23
911
54
3
274
0
143
12
0
0
0
0
6
902
16
596
0
0
17
0
0
3108
0
4
0
0
0
0
0
0
29
8
3
0
5949
46
7
1
0
12714
47
0
0
0
907
0
0
227
9299
0
35398
0
217
0
88
0
660
2
1
0
732
2257
19094
0
1593
0
0
0
85
58907
12
221
0
4
2374
42
13
0
0
0
1
1
1
0
0
213
16268
1215
68026
2193
5054
1
167
4732
26
0
0
44
0
391
0
274
80
0
16
0
2
3
41723
0
414
0
0
25
16
0
0
11
0
0
2123
3180
1
0
13785
0
2
6748
0
3
1
0
10
35
323
0
0
13
5
1814
549
12
1
3072
5170
2
0
149984
142
59782
3
291
0
3
11
876
9
5
0
478
13
9
14
9387
252
291
108
3
1
2
88
0
2
23
10
1149
1
292
275
0
0
0
513
7956
0
72
25119
1
0
132529
251
9086
1
0
2
19
2079
0
36188
5395
0
50
0
0
0
12
61
6732
150
0
0
2
0
1903
0
34
9
0
0
20
906
0
3
0
17
0
2
0
0
38059
0
0
0
550
1
0
6524
894
0
0
0
0
0
37598
45929
0
5150
8
1643
214
0
24
0
235
0
374
0
105
0
0
115
1607
0
45
853
0
174
75
0
0
0
13
0
9007
0
51
1587
2
0
1359
1
0
0
218
494
118
0
0
4
0
2672
4335
0
505
0
0
2
23
16
0
2
0
4271
0
0
99848
0
17837
507
197792
5
4514
0
3
105
9
0
12
30
1
1
0
0
0
22
14
0
3
0
8
109
55165
0
878
2
11
1
0
3
0
0
0
0
651
0
63
9
1
2090
25575
23
16
0
0
11992
0
305212
588
11147
193
82
245
0
29798
113
0
0
19
75968
5
0
8
1
91
3
0
0
568
5
0
0
29822
5
351
126979
7980
1
16
0
15
12
0
0
3
0
18
0
162
0
1
1
5
0
0
148
0
4
0
111
0
0
0
5
1650
0
0
0
4088
1
8164
30
8829
34343
3
0
0
0
16156
3
0
24295
0
0
28
0
0
0
0
11
0
17
10
18475
1515
0
63
0
6
1195
740
7
0
137076
12
62
0
239
298
0
11
47
1
0
0
10
1
72
0
58
7990
25
0
0
58
0
0
0
13
2
0
31
0
2
5
2984
62947
46717
0
0
0
0
0
1118
3
22
0
94871
5180
99
1
4
3817
0
3776
0
4329
40
0
78
2440
257
23
7
0
0
0
0
24
6
6
29
74834
63
0
8
1159
37
34736
13
48
0
0
0
16556
50
2120
0
65
4287
0
52
36
745
0
1
90
0
32
23816
1
537
11
539
285
1802
0
0
343
76
44
0
0
0
3
16
0
0
23
777
1523
0
1
37
0
1
1
4
0
0
3
0
0
10
27
226
335
59
0
15
0
4935
30
502
0
0
12
1081
11
14267
258
14
40
0
5
4
272
0
451
197
0
29
0
1
5
192
29
168
1604
12
12
0
0
12
7
0
44
106
7503
21775
0
11
43
9
53868
50
0
0
0
0
0
0
3
1720
5121
589
91
77
4
0
730
16
89795
45
119
0
0
3
81
0
9
147638
4
5233
942
117
3315
0
88
26
143
1
0
3
0
5
0
0
0
4
3646
44
0
20
9318
1
7
0
0
0
17739
0
47
115
3
51
0
1
0
293
0
90
0
94
4
7814
0
0
36639
0
1048
0
417
3
7
18
0
1407
4
479
1
0
12121
0
7911
1
0
7
0
15
0
0
42
20
8739
22
36
10
7645
0
141
5649
7
0
0
0
10
2
2
0
4644
3
103
16
83
114
246
139
0
1
0
241
19
1
0
0
35
0
66
2082
57
0
6
0
0
1
730
0
25
0
357
0
0
0
0
447
18
92
4
14
4
226
396
4713
0
3584
0
77
3637
0
0
84766
32
42
0
39162
53
14715
0
1000
0
1614
0
0
0
0
9
0
44
14
2237
3
0
0
0
163
14
4
1827
0
4
359
169
285
0
0
45
0
0
13150
420
2
199
162448
0
0
0
35
52
5
1122
455
1830
5
0
8
16
0
5
0
0
0
2
43
2400
4
0
61
0
6679
0
5
0
0
95
1563
1
0
0
0
1
0
0
4
0
16731
1
10
0
732
83
0
10966
8
10
2
0
0
1
0
0
0
0
0
0
1294
2997
0
167
384
1
6
836
0
0
0
0
20441
795
0
3
58237
6
502
1
0
2
0
0
0
0
18
0
0
3
0
0
0
0
0
696
0
30
0
6
0
2
0
0
0
0
2063
0
0
3386
115
0
0
188
1
0
2
0
0
0
1
5
0
17698
0
4
0
6401
7
101954
0
0
11
197
1
10
0
0
0
0
6
7
5642
0
464
0
0
16
0
45
0
25
57
25
0
7095
0
293
1
25
0
362
16
90
1
0
51
671
16
3
0
0
1
0
48014
2
6
0
0
0
3
1
91
97
3
16
0
18
699
1
0
11
10
0
484
3
0
0
0
0
1
45172
12
0
2
1
17
45
349
6
94
5
17
350
17
1874
2
40
0
1580
0
0
22972
124515
3
820
10902
17
0
2
2417
1
33540
0
6
50
0
0
16
17894
1
35699
2
2
1
0
0
0
37
125
228
136
458
13
0
7
10949
1
1283
0
0
206
4637
1157
122
0
44
6245
2
55398
0
0
39317
0
0
2
4228
569
0
0
23
3
0
69
1
8
23
2
16
1
21
0
0
495
0
0
0
7
1
3
1
12
0
0
15376
0
47
0
69
0
76150
161
0
13629
16
0
1555
1
71
4
4
7
0
1034
59
0
27
8
0
0
0
0
17
0
0
22
0
0
2553
0
0
0
0
0
0
4
4
1
56674
15558
0
0
0
117
0
0
0
32526
168375
363
1
0
9
72
146
0
31888
0
17
11063
42
1
0
0
25
64
0
0
10
0
0
0
108573
263
60
33
0
1
1
88
0
0
0
0
12271
0
0
18
11
0
8
22306
0
0
34730
0
94
10
65
0
15
1
14
0
0
13
0
23331
1
98
0
107354
976
22
2
24899
32962
77
0
19
0
0
0
2
93088
19
0
0
0
0
1
195987
12
31
223
13560
913
0
14
9
599
0
0
4
1
681
58
65
4436
385
153
0
36
768
0
0
34
31
2
85
114319
0
668
109
846
18
11730
0
35
90
0
0
117
0
4583
3
0
32
0
0
0
0
1
0
0
123
3630
0
0
0
14
0
79
1667
0
5
1761
0
7928
36
0
5805
1172
4
46
206756
7
0
0
10079
12
216
15
0
2
0
11
54299
0
0
1572
54
97
51
10
0
3
13205
0
7
15
0
0
10369
825
0
0
0
0
3579
5980
155
287
0
75585
0
0
21568
18619
27
0
58
4
1890
117
453
10892
0
21104
1
0
0
31821
17
309
0
1977
0
111
134
3420
156
10
0
455
30
0
0
1
19029
122
6
0
4
0
456
0
1
23
0
0
345
472
0
4
2
0
0
45194
64
646
971
84
2
74
0
0
865
1
11
1128
436
1
314
1681
0
1
3469
0
1360
644
0
2
0
73
448
0
0
0
1484
15
0
0
567
0
1
0
159002
1
4
1
119
0
0
0
396
434
0
2865
4
78
102
99
11709
264
1
0
531
0
0
0
0
0
12996
16821
98
340
0
0
3
0
0
0
0
37
46961
0
1
0
883
0
0
7565
622
18
239
1
27
0
0
1
3
0
11
0
41
0
10
1
40
6523
5
1
2
4
111
104
0
26
573
13
2
0
1
0
215
5
2
7
1
7703
153111
47
3136
20
0
19
0
0
29
0
629
429
1867
36967
0
535
0
0
6
0
0
14
2
0
10
223
0
2
0
9
9
29
917
56924
1
0
2
0
2
0
256
0
0
8
654
0
31
34
50
36
100
38
5
56
23
7
28
0
0
41
65
0
449
4
1
221
88
0
44
0
126498
0
0
1
121
0
0
0
5
2
0
4
12
2266
35
0
7370
64
36592
0
3
99
1
3
2691
0
0
0
14695
442
2262
117
0
0
0
0
293
0
531
3
0
8
105
11
43
0
0
4
5
0
0
855
7
0
0
2722
0
0
11
2304
0
0
4
0
0
0
0
3
4
0
0
0
0
3
29758
0
48810
0
1242
11
4
0
0
0
1
0
4733
0
7
249
48896
0
0
3
14
0
434
0
0
117
17302
0
0
40
0
862
0
48
97
0
0
17
91
0
122
1227
0
0
321
845
796
28
11
1
11
8
1
0
156
1
0
0
0
0
0
150615
22791
86
0
3
0
17442
93
43
0
0
16
20
0
0
4
0
1464
7
150
295285
0
0
0
0
0
0
15381
0
0
753
0
212
0
0
10244
9
0
629
3
9832
4318
10124
95022
963
3
1850
2741
625
885
0
4
10
0
7
0
0
6
0
3897
0
141
0
15829
9
1
0
1825
2
132
0
3988
0
1705
0
0
0
83
2
126060
0
26
0
15
0
2767
0
88
76
0
0
71
0
1
0
0
1071
0
319
0
48578
2115
0
1
4
5615
3
0
4
0
0
464
0
0
0
2
91
0
31
0
2108
126
53
21230
1
0
58
603
4
0
0
9
0
26
2
16
4742
0
18
0
80495
0
1064
117787
0
18
0
0
84065
13
0
49
1
0
242
0
0
2680
0
288
33
0
1
19
6040
3582
6
17
10
25400
0
1
22615
2
1675
8803
0
36218
4
229
1
12605
225
318
0
0
36
12
21
7
0
28469
0
3709
0
0
0
0
282
0
0
0
37
0
137
13330
0
2
33
1
0
0
67
0
22
13
0
174
7331
26
7551
62763
8
28
4
3
0
0
0
0
0
2
0
2
339
0
0
57
57108
7
1070
37745
0
0
2
0
73
798
0
0
1049
4
0
3170
3
9056
0
0
0
978
651
5
0
1299
151578
1205
677
252
0
0
1742
1
210
3574
0
607
0
10222
0
0
0
4
0
31
1062
0
0
0
12
12184
5
101
436
1
7647
11831
0
367
0
4
399
0
0
2495
463
956
228
16
4198
1
0
3
100
0
0
1029
474
2
0
35
0
23
588
0
0
0
19
503
12
0
2455
2379
27
0
0
0
632
32
0
0
25
3
0
2
0
2
0
3
89
3
19295
108
29
10
0
142
0
40483
19155
883
4
5551
2
44
43
0
2
41
0
0
2
0
1037
1
2
0
3
0
0
0
0
0
622
1082
3859
0
0
9
0
0
20
0
8
0
0
11
7
1288
111
0
0
1323
13
45
811
0
0
0
14972
1
1552
2
11072
0
0
123
9487
36
2
318
30
0
1
27
0
0
329
0
844
2
3
0
0
1
63
5605
44
0
0
42100
201
11
3124
55875
0
2
27
0
232
419
4
2161
135
28
0
0
1668
0
9
2
0
136
1
0
58
246
0
37
52
0
0
49
0
0
441
0
0
209
31
7
1
7
3238
2
0
0
830
0
0
0
2
10
1
0
0
2516
0
36
10
109
0
0
0
0
5977
5
0
14
653
31366
0
24
0
4
62
0
970
0
848
0
49
0
222
252
4
1953
0
10
30434
4
0
0
16686
42910
20
4
0
46
6
0
5555
0
16
2243
3
34
4
1
7428
0
41
0
5
0
33
0
0
0
21
1
890
0
0
23
7581
141
0
5
0
66
0
54955
0
0
1
0
0
0
0
260
0
12
2060
1
0
0
298
0
0
1
51
2
0
0
0
0
0
4
42
0
0
288
0
1
67147
0
2019
1
0
37
3
2
0
0
0
0
3
75
0
124
0
9
2
301
55
0
10
0
13
0
1
3375
10
91
521
206
43
26
1
3
0
10
3727
140
0
54
0
2
6767
1
322
444
0
10831
7394
14
3
0
0
462
254
0
457
0
31
44
0
0
367
0
248
0
164
55215
5
0
2707
0
1
1
0
16
11
2
62
1339
1
3
0
0
0
578
67
0
25665
7
797
9
7
0
3
0
0
0
15
18
7188
2323
3
4318
0
0
32609
0
8
0
3
10
0
0
13
16
892
4522
0
14007
30
31086
159
66
11
0
12
1
0
22
0
1
1448
18
5006
1
75
3024
6
0
41
7
0
9669
3142
0
51
0
18
1365
0
1620
0
0
0
0
4695
0
17336
37830
0
9
11
659
1
1058
0
13
0
0
4
345
7070
0
13383
0
7
1013
86
0
52806
4
0
1
0
0
11
8
0
1
47
3
19
268
43
29330
0
72
0
52
0
646
3
6
600
21
112
0
0
0
1
2605
1132
0
2
0
162
21
0
585
0
5
0
0
0
0
14
0
9
0
0
123
1
0
0
0
32
1
12
69785
7
0
22985
24
14
0
0
0
0
0
0
3
0
62
0
5
1388
0
0
14
456
69
875
0
0
1082
209
98
604
0
2
73
6
196
28
1261
0
899
149
33
0
1
196
839
0
598
29
7
1
0
0
0
0
96
1
0
347
169
58924
0
4799
0
4
2
0
10
0
0
212
953
0
6
60
4365
11
0
10697
3
154
2
3
746
11
8
0
0
0
0
22622
2
8
6
11
3
96
1463
0
0
0
0
1
1
5
45
504
54
7
0
0
8130
37
282
1380
0
0
9
0
0
1567
6594
0
0
110
103
806
544
17
5
383
61
0
0
12
81
0
0
321
0
0
0
1
9
145
5741
0
11
0
0
1283
0
1703
58
0
5173
0
0
6150
2
4
0
103
0
0
0
0
248
0
3
1
11
17170
129
55
3
0
11035
2546
228
1946
68
0
0
7894
0
0
0
0
3
1
4
0
0
0
5
3
0
0
3
3065
0
1
0
0
162
0
0
28
0
6
131109
61
38896
0
0
0
0
0
29
12
81
5
159
1
0
49239
43755
0
10
12
5050
8
0
4567
22
6
5
0
143
75
0
2380
615
0
0
0
0
12
14
2
0
0
38777
4700
36
1191
0
3
4
0
0
6
0
26
0
0
266
11
0
0
1798
19557
0
176
33632
5563
0
7507
321
70
6
487
0
106
0
66558
0
0
73
0
65
0
0
13055
4
0
0
247
0
21958
0
235941
29
59
1517
1443
26
202
15522
28
36
0
36
1
0
657
13
11643
7978
0
41
34
5
0
1
1
0
2
0
30
142
7
0
3
6
3
0
488
0
45
0
1079
2
42094
6798
0
2414
361
2468
0
0
15
1
10
0
78
0
0
46
9
0
0
7
10
8958
558
0
1
377
119225
63
15
132
7
0
0
57
1
0
0
0
0
0
4
0
1750
1
2
0
0
0
12
12649
0
1697
22
0
1097
209
20489
0
0
424
0
0
0
89325
41558
148
0
0
15
0
103346
5
14
1
0
0
0
0
0
1111
9881
0
0
7809
2
2
5
0
71
521
59696
0
0
0
0
1
31155
0
0
0
0
83
864
23
2
21
3
1232
7
0
1
0
0
38632
115
12
1
6
1
0
0
0
65
0
0
72804
18
29167
0
2
0
1
0
2
0
115
437
0
0
0
1
1
8
2
0
0
11
0
1609
2
766
2
5
8
5465
2
276
0
16
80
0
0
170
12
0
19402
2
5331
3750
0
5662
0
14
0
2
0
1
2
0
16
55
2099
0
5
0
2
0
15
0
1
14
29
17
0
1565
0
506
0
0
0
0
168
43
6726
0
15
0
0
9
0
0
0
0
0
52
6
157
18
5
31
0
4
0
8489
0
46846
513
0
14
0
0
92
97881
0
0
10
0
12
1
45
184
4659
0
84
10279
5
33
31
416
0
205
3492
1107
0
1435
131
6
59
7731
0
30243
123
0
0
2
0
2
15269
19
0
36
7
150
1
0
14
1790
0
0
143
0
0
9
3131
0
163
296
0
6808
0
0
13
13141
11054
18834
0
0
0
3
0
0
33596
105442
6
0
0
35595
1
1598
543
58
0
2
0
35
59225
0
37265
2
0
0
4
0
0
0
0
12
0
0
0
51
0
0
10883
0
0
346
0
182
0
681
0
6
0
0
1313
0
600
0
7
3
5677
15405
878
9
1
36
2
0
9
7
37
58
6
0
2
66
5
103
0
0
0
73
5
0
0
0
66
0
0
17386
29036
0
60
1
13354
2
20
0
0
0
1
0
0
6
6702
0
0
462
0
1220
303
6
0
6
47
0
0
2495
206
0
0
0
3229
0
0
75161
0
6
12649
0
46
0
73
0
513
1
3886
2252
33918
0
0
145442
0
2758
0
3
112
319
111
8
0
13
0
13
188
241
603
102
4591
5667
686
27
4
0
0
0
1
127
84614
0
220
0
0
0
349
0
7000
16
1
51
4
18
10
372
0
119
90
0
2
4
4
17
0
0
0
0
0
141
2
5
25
2509
0
1
23
0
6
367
1112
0
2
769
1
114
0
10050
1
20840
0
0
12
0
18009
12
5
5
100
0
0
0
2
13
0
283
594
9
208
0
0
122
0
4161
0
0
13
12
264
0
332
1
94715
0
269
0
0
0
15
0
168
10
0
230
5842
495
0
0
29515
0
0
122
0
0
1
27825
8
663
0
0
0
2
13291
38514
1
961
15
11
7368
0
17
2
453
2872
706
0
22
445
44
10
36
7
0
0
0
0
154
6
0
96
3
25995
19788
0
2
277
0
2
0
4
0
0
10
0
616
0
0
0
3
360
2
383
3843
4893
172
10611
20
0
0
8
169
27
18
0
0
0
0
354
682
65
148
10
130
0
0
34725
159
0
0
0
1
0
0
0
9
43
19
0
5294
0
50
0
0
820
2868
0
9130
83
0
15143
0
1
53
350
499
0
491
420
0
0
15
0
108
11
82
2296
2009
22
0
2
38440
0
2855
0
77
0
803
0
4
10743
121604
0
1
0
0
98
0
2
1
7
0
0
1299
2
11
250
6980
0
78
0
0
2
3
0
0
11
21
4
1
0
0
8
4388
63
2208
5
131
1
1
5
8
133
0
0
53
0
60
8914
2853
0
40
0
2
0
0
0
0
2949
25
212
6
18
0
0
7
1154
0
46
0
0
181
9
0
3310
2266
0
0
0
0
307
77
3
3
10
0
2
0
0
560
27
0
0
336
1
16174
0
31172
4951
59
0
0
0
4
1
13
1396
0
52
1
219
0
36
0
0
49
29975
16
1
16
12
0
0
3
106525
4127
237
0
55
0
923
4
18
22
0
1982
2
50
0
20408
14
92619
1
54
0
0
0
2
3
1
5
130
44135
26
0
0
17660
3037
0
0
2
4
341
20986
86
1630
4
0
0
4412
9442
0
0
4
553
0
13
191
0
0
0
257
7
98
0
0
9926
12
15
15
18932
44
53
0
0
5
0
0
8
1
8217
272
0
14344
0
539
0
0
0
0
1658
5496
14
32597
43858
59634
1
0
0
0
2582
11
158
1
44
0
9
0
0
0
152
0
245
0
0
0
0
0
47
18495
8791
2098
2
0
5
0
0
2
12841
81
23
100
1
1
49
45
1608
709
2263
18
0
13
0
0
0
2
1
21465
4
7083
0
0
147
83
0
0
0
2
1
1
40
0
0
6793
2
3
2
0
0
6
4
1081
1938
54
0
0
785
5
8
97
0
8
0
433
2
1
83
23
38
124
33
40
0
2
13309
1659
0
48133
937
21
0
103
0
5
0
0
1575
29
0
2993
50
3
0
1
0
0
0
2
0
503
0
20087
4
3812
0
35
351
9065
0
761
5
0
1
0
4198
0
41
0
0
4200
1
372
0
0
0
277
0
3
138
17
116950
0
8
0
0
3901
0
0
0
67
6
42
0
126
4
1
1
17
1880
32
0
0
2408
146040
0
35579
0
16857
0
0
0
0
2
0
0
61
5
968
5
0
1
41
3
757
800
1153
26939
0
133
75
0
0
0
21
45816
4
0
38
64
4
10
0
1
0
1
6855
10
0
4
0
0
0
3
55
10
7079
0
7
10506
0
0
9
5
2046
1
0
0
2164
72058
462
0
22262
0
148
7
21
1295
29
28764
3
52
1
7
11
26
1
123
12497
16
0
0
0
2
74
77228
0
1467
4943
19
2
35271
0
929
167
3
6
28432
0
1032
1177
0
1
0
0
2139
16
534
0
0
277
1803
6
78
2475
22
20
98
50848
25
4134
0
11
0
9
1115
0
2
0
7536
1
33
448
1
27
212
517
30
0
15303
0
247
0
0
0
0
6526
0
4
30
0
0
24
21
0
18380
0
0
0
0
59
0
94
5
5
0
149
82
0
0
40
21
0
116
0
0
66
0
0
5
18
24
799
306
8518
2
1358
0
3366
0
89578
274
0
16
159
3619
0
14
0
2991
11439
1
1463
0
132
2918
0
712
0
15
0
0
0
0
13
10
493
1
0
906
0
69
0
26455
6
0
0
0
0
331
1
0
19
2
18
10
194
0
10
9
20
2
7
407
0
5
0
16
17
13621
1225
351
7993
0
160
0
64
2
9
0
3
0
4412
0
0
11124
0
85
1
0
33
207
26
0
66
12051
703
1
18
18
0
5728
1
2
1082
174
27
4121
0
0
10380
1799
0
0
0
0
0
0
108
41132
8
1957
9063
4
0
2
0
0
20
0
0
106
8
0
0
204
3912
2
0
0
3
0
0
0
1202
592
55
0
0
0
411
286
10369
24
0
9
15160
0
0
0
32
0
280
6
2
2
40
10
0
0
0
0
44149
0
4
31
6932
1
0
41
0
0
6
37220
0
949
3
67
18
306
21
0
0
192
17181
0
369500
115
7
537
15
8555
0
334
0
0
3
6820
34
108
1
0
0
385
10
0
0
0
0
4624
3369
31
924
0
0
1
86
3
2
0
0
0
0
0
11
1
0
0
1068
2
0
0
8264
0
0
0
242
1413
2180
211
0
0
292
160
0
0
22
36
3933
4
1
17
17881
1210
0
66
0
0
0
0
952
16
2
500
29284
3
0
14
3
0
46
0
289
14132
125
2
0
0
0
0
0
26
0
0
1580
5037
92
0
9
33
1
15
0
0
8334
5
162
0
348010
92773
2
136
2428
30772
0
12
0
1
100
1149
2169
12
6605
4
7
0
0
0
1761
10
0
0
0
0
0
3
93
0
2616
268
13
931
22
3394
0
4
0
0
0
239
14
442
0
1
70
0
0
40
21
410
0
0
1
1
113
368
0
105916
3261
81
11
3
0
0
0
2
0
15255
35
49
119
0
1
15232
192
0
51
578
12949
0
13
0
0
753
148
0
0
386
1158
5661
14
3859
51
0
10790
9400
0
1548
0
0
4
0
760
82
3975
950
0
31
1
0
0
0
7
17
4
0
0
2
164
24133
2
2
8
0
0
57
3232
247686
17
0
28
0
1
4
266
158355
0
0
1745
40
1857
28
1012
6
0
0
1822
498
44
884
5
2234
1
20
8
9
166
0
25
42
0
0
0
1
3
82
0
80
0
0
0
67752
0
0
0
91
0
0
4
0
1
217
0
10
530
1692
85328
0
0
3
0
43
281
1
12800
9
0
0
3
235
0
21
87
0
1
0
0
10358
161
2842
191
3730
69
1
0
0
14
0
195
0
0
141
0
6
178381
0
5
5
0
0
1176
7
42
0
0
0
422
0
0
359237
46
116
20
0
29
0
15243
14698
79536
0
20
1542
43
0
0
10
12930
359
20
2
0
0
6444
1
0
8
0
1481
10
2751
176
4509
224
0
8
4939
158
0
2
158
7
38900
0
13832
48
0
145
0
2844
3849
18
0
11
0
12414
0
0
0
0
95283
13
0
0
229
2
0
0
2
0
82
0
16
0
0
0
0
4
3
0
0
18
361
2
10
16348
1183
0
87
0
0
5
12578
8
5
0
7413
4
1
150
1
6000
43435
1757
239
2
9453
180
6547
0
323
27
2
20
79477
1
0
0
272
3
136
0
481
4
1
83
1
18
125
0
924
0
0
8
0
0
0
769
457
0
94
2
0
787
19
22
28
0
142
31205
9
0
76
115
296
3
186
659
0
0
27
3
17
1
19
0
462
47910
0
0
0
0
0
9
37
0
13141
0
6
0
0
0
0
3
0
14787
0
2
0
454
0
1080
1792
0
5227
4
1
0
0
0
4
39903
186
519
9478
0
1
2
0
1574
0
453
25
6
0
137
87907
0
399
5758
0
0
0
0
17
2843
1896
0
21832
0
10770
0
0
0
0
66
26
96
0
0
0
0
0
0
14
0
1
2
28
0
0
2534
19
19
6
681
0
0
274
96
0
0
0
0
16652
2
0
0
3
0
12096
0
0
0
245
1
1608
1019
1
0
0
24
60
4
0
5
0
0
0
0
8
992
0
37083
0
0
1
1
0
755
14
0
9
37
813
15
45412
0
78
5
1684
0
0
12
16730
0
21
0
811
0
0
0
2997
0
629
17370
2
0
4333
0
1146
8571
3
420987
12
9359
3
30
0
490
0
0
0
722
212
8
0
1
0
2
1
55
0
0
0
0
0
2799
0
40422
0
14
37
0
1
73
0
687
1319
1
2234
0
5730
0
0
2
0
0
1916
3
0
84
0
58
403
0
0
0
0
0
2
0
2
42823
1068
10312
16
0
132
6
2793
223
0
0
11243
32
305
28
2079
0
971
8
19
0
1270
0
14860
1334
0
1100
49
0
0
1
1
2
5
28
0
0
1730
0
17207
4
0
4238
0
5
97
0
0
45
18750
1
11228
4
0
173
67
90
0
114
0
0
110
0
0
0
4
362
460
0
145
1
0
98
0
0
525
67
0
0
0
0
0
3
17867
5
1451
136
0
211
1
16
86225
7
12
12
137214
0
22
0
0
0
0
0
1
0
1
221
0
0
0
0
1
2
3
2
3
0
1
53420
2
3
3
1
235
36
524
5
0
1
0
0
957
3
13335
0
42
0
0
0
19
0
2279
0
2
3
20
1
0
5430
32
0
22
8
0
0
17
1235
2396
24
260
11
5
2
0
14
1710
0
5
3
4
102
3
0
586
212
0
1
435
0
3
0
0
0
4826
265099
81289
0
12
16067
56
1147
1
0
0
13
1153
1
0
350
24
0
0
0
0
0
0
0
0
1
0
0
0
1
0
0
3
0
0
9314
87
1664
0
5
0
0
11
8
9087
518655
22
0
0
404
0
0
0
3593
43
17
0
0
7712
2
0
10849
2
0
0
8
11
411
1
67
0
0
186
219
24
115
52
83
0
832
0
0
0
6864
173
11
8
23
0
80
9
0
359
23701
0
26
8
265
0
131
0
9
0
1247
17
2
2
29440
0
0
206
247
68204
1
6
1
5
0
24510
19
1587
1
0
0
0
46
420
108180
111
0
6
0
0
89
0
3
0
4
44
2153
5
47
0
4
22
0
7
37
0
0
2
0
0
13937
0
1857
631
0
1500
3383
1
5
0
276
487026
1
0
305
11
31
0
4
18476
1
20
14
33
1
0
0
0
693
0
12486
1
0
0
0
3
3685
0
0
0
0
54
94
895
3
95
7
32
129
0
0
0
52
77647
0
5505
0
14
12727
44644
40
0
7
156
0
14
4
0
1464
3
52
0
6415
0
65
0
0
0
2
24582
1
0
9
7
0
18
811
0
482
39
21
17
0
0
197
0
33
2
0
251
0
11632
88
0
3221
0
28
3364
2367
1
0
0
0
0
0
60058
0
0
0
0
0
8778
21654
0
9
45
124
0
0
42
137
343
253
1
12
2
0
6
280
1843
941
474
3139
172
11
200
0
0
0
0
870
7169
0
0
32
1
24
107
16732
2
0
2388
56730
4
0
0
0
41
1
2
16014
1784
0
0
3
0
0
0
0
9244
8985
0
0
1361
2
9
0
3
17
0
0
0
0
40
0
102
0
4894
0
0
1
50861
0
0
0
1237
0
8891
147
0
3070
0
827
0
86329
0
15
0
59
0
29
4
0
139002
2
8
212
1228
0
0
0
0
7431
0
0
332
0
178
52
0
45
0
429
22
113
0
0
0
4696
0
3
0
0
0
74
3
10
16
0
0
0
59651
0
30
0
4
0
4
0
2
19090
0
0
0
651
0
0
337
0
0
0
393
16896
0
657
0
24993
0
26
11010
0
0
0
0
840
0
0
3
80
0
443
9
0
23
0
0
0
1
0
0
60938
0
65
0
0
252
0
0
0
154
19443
24938
0
0
1
13
3
241
0
0
0
3
318
1
778
1
7571
0
23
0
216
11
208117
4
1
0
20
7
84
41594
5
0
1
13
10
0
56
0
0
959
0
0
79916
0
0
51
0
255330
2
0
15810
0
0
18729
0
753
2
0
0
2
0
0
268
30666
98
338
0
429
5
9
109
0
2
294
1
22
0
0
13631
1174
86
10677
0
3
28
0
8
25
154
0
10
0
0
6
2
4
776
2
0
21
1
0
10
30
0
0
0
6
0
0
0
0
119
0
0
0
17093
0
0
161
129
600
33
0
0
41465
0
1
527
0
8636
3
0
6
518
5460
0
1952
0
51787
65
161
0
0
945
9578
8
12
6
1
0
749
91890
6
0
0
75
0
0
0
0
0
620
37
0
31
0
0
325
1
0
0
0
24733
0
7
1863
0
9
0
55292
25
0
11
95
13
4
35
0
38
0
3
0
26
0
47
2
0
22
0
0
37387
10
0
148
0
742
3
6231
971
3
1
591
27
0
4
102
3
2
0
1
13
0
0
0
0
105362
2
51346
21122
0
0
1065
42060
0
0
9
44715
34703
2
6
151
0
0
0
2
1030
167
40458
2
1
0
180
9
0
373
0
5341
22977
0
95
0
0
0
0
0
0
554
0
39
22
0
794
2
835
8303
0
0
6
300
5
0
0
4
0
1
0
2
0
3
0
0
13
1282
3
226
361
0
0
1
8
71
0
781
33
218
0
13521
884
1
6
47367
0
337
33671
15730
85
0
27
0
71
21757
226
3
16
1
9
60402
5926
389857
77
24
271
0
1524
0
1
0
7
0
1
22570
519
0
0
7012
0
81505
1
0
0
54656
0
686
0
0
0
0
11430
1
13099
2
0
6
21
0
0
0
0
703
1
92
8824
118
65
152
3982
3
33
0
2
9842
163
138
76
0
0
0
5
28858
179457
7
4
0
1
0
0
0
0
5706
0
0
629
2
0
18898
1
0
24017
0
112
327
0
0
1
0
0
0
7
88488
20
120
0
920
267
589
0
0
0
2
0
6
23
4
192409
0
826
1
175
0
7
2
0
0
1
0
26
0
2
0
10
3
0
3
18273
0
5
18
46628
5
3
4
8
0
110
5
0
0
23
24
0
86
132
19149
19
0
5
2
