"x"
0
3094
1
0
0
460
0
5
10333
243
221
24414
13498
0
1
3
24
55
0
0
0
15
0
0
0
0
8621
83
150
2332
0
274
1014
21
3
0
84
0
0
0
218
2906
0
0
0
0
0
0
0
0
91
236
0
0
0
3005
0
84
0
0
0
0
0
2
18
0
3319
5504
0
0
0
47595
0
2004
225202
43799
22
337
15926
0
160
2373
1534
0
22
0
23594
0
0
32
0
116
0
0
0
0
3
460
0
3550
356
49
374
0
546
38733
0
910
24
0
13
0
38618
854
11087
0
0
1
2598
0
0
0
85
1
3577
23
0
3413
250
48
0
255
898
48
0
18782
69
0
0
0
22
0
4101
0
97
0
0
1392
0
0
0
4850
10679
0
0
1
280
0
0
4
0
0
0
5
0
21676
12
0
954
23
0
0
0
165576
0
23
7467
0
15
0
50
0
5436
16
0
0
0
524
0
0
29716
0
7124
437
0
0
0
215
6
0
61
7
0
27930
7
0
0
0
0
0
0
0
1178
0
0
64
0
0
0
183
0
3853
0
10
0
106
0
0
61
0
13198
0
0
0
0
1099
599
0
0
0
59420
69
0
0
0
0
9
9
0
0
0
68
0
0
2
1907
965
151
0
202
11901
0
0
45
0
0
74
0
1123
0
0
16686
0
0
30
15116
0
0
139
129761
0
51642
0
2830
0
0
5
11
0
0
0
2
2
0
10044
106
88
29
2
2514
2529
0
548
21483
0
0
0
1157
35
0
1615
270
0
0
0
13
0
29503
0
0
0
0
6
18250
0
0
0
0
95
64254
9511
0
0
0
0
40
5956
0
3664
2124
1
1244
91781
2
0
0
12594
0
0
0
43373
0
0
0
0
0
0
0
0
2432
0
0
0
13
0
0
0
0
370
272
0
139
0
0
6749
147838
0
0
2367
57720
0
0
0
949
1212
0
0
0
118377
2
4
89
0
0
0
0
0
11508
432
18
0
0
512
1
56624
10835
7489
0
0
0
0
0
780
0
6
0
0
2670
0
0
23696
0
0
0
44
1
0
0
29724
0
1
0
218
0
37787
5
0
0
0
86
0
203
48
2827
0
0
0
9332
0
72
7212
0
0
0
1338
18611
0
0
0
0
0
0
0
0
0
110
0
0
569
0
493
5771
0
2387
0
0
0
0
0
0
0
64
0
0
2
0
0
16306
0
8114
0
26456
0
0
0
10
0
10765
223
0
0
91
0
0
1271
0
1138
0
0
0
0
218
0
0
0
18
0
15242
0
0
2032
12742
1273
790
5
0
358
0
206
0
0
0
8
0
7187
44
0
0
0
169
0
0
11826
2
0
0
2674
0
31
0
0
1
233
10564
0
0
1404
19
2399
248
22
0
1
0
0
0
0
270
0
0
4
0
0
0
24
14
0
0
0
136
12
0
2880
1199
0
11673
0
704
0
0
0
0
0
0
1333
0
0
15360
2
0
0
0
0
166
7453
0
0
0
0
2
0
680
11
0
0
474
4073
92
0
910
13879
0
0
0
409
3
0
78
21
0
0
0
0
0
16
2716
97891
0
0
0
0
0
1366
2530
0
0
1
0
0
0
17009
26
1406
0
178
0
8
332
14
16
0
0
0
0
0
80
0
1
0
0
0
0
0
0
4358
0
0
0
0
45799
14
0
0
0
0
713
70
2360
2369
0
52
0
0
0
0
0
199
0
0
288
0
0
0
6688
0
0
0
276
0
6
10204
0
0
0
518
0
0
0
0
0
2266
0
0
0
0
0
5664
4
8251
22963
2
0
0
0
0
0
13285
0
0
0
0
4268
0
655
0
0
0
0
3461
15
942
2
49
0
0
349
0
0
4948
0
42303
0
0
0
0
45
0
0
0
0
0
31
12
0
0
0
1220
325
121
0
7053
0
0
0
294
0
0
4475
0
0
0
0
0
0
0
0
0
0
0
5
3
90
0
124
104
1241
0
0
99
0
10687
74609
807
0
0
139
0
0
0
335
6
0
0
1728
837
0
0
3
0
0
4866
0
0
2
200
1
0
0
2
0
18093
0
185
5740
0
0
0
0
0
0
131
0
0
18
44
230
7722
0
0
47
51129
52727
0
0
2215
0
3857
77
0
0
10
148
0
5494
813
0
18332
0
0
0
0
1
0
20
0
0
0
0
138
62
111
101
0
6957
6
0
3
0
0
0
3
188
46
0
34
1086
0
0
0
120
128675
0
0
0
761
0
0
0
1561
0
0
0
0
0
10169
0
174
98
3020
0
32771
6806
0
1
22727
0
15
21
1536
0
1
0
1628
0
0
0
381
0
185
0
3183
0
0
0
19
364
0
0
756
63746
13
0
0
0
0
94160
0
0
0
0
123090
1
0
0
281
26724
0
0
0
2439
4
0
518
0
0
126
4
0
0
0
0
20
0
191
38883
262
0
0
8
610
0
9
0
4
63
1717
0
20714
425
0
0
0
0
2551
75038
0
0
0
111
0
0
0
0
0
2524
1
882
231
0
0
0
0
0
62
508
0
18175
0
0
0
343
0
0
770
0
0
0
6
0
0
111
4021
24
0
0
0
41228
0
74
97
0
208
0
147
0
0
99
0
118
4
0
2
3379
18571
0
0
1810
0
29
2
1
0
30534
0
0
0
0
0
0
1827
0
553
4
2
0
403
0
0
11427
4
0
0
2
0
79
248
29200
2045
0
5062
0
0
6
0
50
12
0
0
7
48734
10230
58848
1710
0
0
0
0
0
0
0
8466
36
94
1
373
0
4
0
689
0
6475
0
1
0
0
0
2021
54572
39
374
0
0
0
25369
10484
0
0
0
0
0
289
0
0
23862
0
0
0
0
0
0
0
0
0
0
3
2
0
0
244
0
3776
0
0
0
91
0
220
0
0
330
0
0
0
0
0
41
0
2174
0
16
36552
15689
0
0
0
0
0
7
0
0
0
28668
0
0
0
17
24
0
0
0
10
0
28
0
0
0
140
0
112
0
0
1
0
0
291
0
20575
9106
0
3565
0
0
137230
431
20
0
0
0
0
1578
0
0
29
0
1724
8578
0
5
126
0
0
1920
0
0
1
3677
0
8184
2717
1341
0
0
0
13
41
0
0
0
0
0
0
429
0
100
70
0
99
147
0
19787
0
0
2006
4502
8744
0
13
0
12814
0
877
2
0
22
562
19
0
0
0
829
0
0
12
0
33271
1245
808
0
0
11
0
2
2272
0
2290
0
0
42
0
0
56
137
0
0
0
0
0
3642
18
0
0
0
0
0
186
0
0
0
240
18331
20
0
182
1880
11959
7
32
0
2852
0
6
1
0
14211
0
319
0
0
110
0
0
10
467
15
0
0
0
0
0
0
3788
1875
0
75
41
96
180562
0
0
0
0
351
0
0
0
5941
0
0
0
0
41
972
0
0
0
166
0
0
73
0
0
0
0
0
48727
32
181
0
213
0
1
562
0
95
514
6872
102
13039
0
0
1
11028
0
4734
0
0
183372
0
4191
0
289
0
0
21
0
0
100
0
0
6
1
0
264
0
2
113
937
0
0
0
403
2
0
0
0
0
0
0
452
13
0
5
0
0
0
502
0
202
0
0
0
0
563
0
52
0
2167
64
0
0
5
0
0
0
0
6
80
0
0
0
0
45
0
0
0
0
92
0
0
0
18
106
72
1971
25032
48561
324
9
2640
0
5100
0
0
564
0
213
0
1
7740
0
0
2
5741
1
0
1006
4043
0
44
0
1204
0
0
0
2
31
0
0
59
5401
8
0
3344
2
4
0
2
53
23
0
0
6
0
7198
0
0
71
3
0
0
0
1
14
0
0
0
0
0
5
118
0
1073
125
0
571
0
0
0
0
0
2211
11
0
0
204
165
250
16817
0
0
216
709
0
0
68
0
0
155
0
0
0
0
0
0
2
8
0
8699
0
12
0
47079
5817
2329
0
0
1071
0
7
454
13927
0
0
44
0
3
1203
30804
1848
0
0
0
245
0
922
0
0
0
0
0
0
0
0
0
47983
3457
403
0
0
3
0
4
7386
29
2422
4765
0
0
45
0
28778
15870
129
0
0
0
1613
655
0
0
0
0
2287
0
0
2177
2775
6
0
0
0
0
1429
0
0
0
0
0
0
0
0
5417
0
0
162
6
60
2429
4
41
0
52408
0
296
0
0
0
0
3
0
0
0
0
4529
0
0
0
0
0
3059
0
4
0
301
50327
1
0
0
0
8745
0
1
0
0
7473
0
0
1
0
0
0
0
0
7001
817
54
0
0
0
0
0
0
29045
0
1394
0
7
466
104908
0
0
53
0
8508
0
0
6191
0
0
0
0
1161
0
0
110661
6994
0
0
13349
0
0
646
0
0
564
1376
0
0
0
1524
272
36434
4316
10367
3796
845
0
0
0
0
0
59993
0
0
0
0
20579
6
0
4
0
0
27
1950
5
0
0
5882
0
0
390
311
0
598
0
0
1719
19743
6
13088
0
0
0
0
6985
108
0
0
0
1136
0
0
53
0
2020
15815
0
21
0
99
0
0
0
0
0
598
142
187
0
0
96778
0
0
0
0
0
0
6
0
46251
425
0
466
0
3
218
0
0
0
0
0
109
3152
0
0
0
37088
0
52
0
0
91
10
0
22321
0
0
0
7
72
0
0
0
0
0
208
166
183
0
0
4680
23599
0
0
1567
12492
0
1524
7460
0
24018
5908
0
0
3
4
0
194
0
163698
575
10
0
0
1194
0
0
51137
30878
0
0
18
1
0
6
0
0
0
0
0
0
57
0
1
0
0
0
1634
0
24
0
8182
0
0
9
0
15
0
1767
1251
0
3
6374
0
0
42
2069
0
0
0
1959
0
0
294
0
34644
0
1
0
3553
0
0
0
0
0
5565
0
0
0
100
0
0
46
0
1549
36969
268
0
0
312
265
0
0
0
0
0
0
31
0
0
0
58
7
0
65
52
0
0
273
0
0
0
436
35
212
0
0
0
10410
0
0
43
0
7
0
0
0
1333
0
40
1
8
0
0
0
1
0
0
0
879
9
0
0
5188
2
18
25
0
0
3755
0
0
139
0
0
525
0
0
0
0
881
0
0
0
3440
0
352
0
0
0
0
0
5974
0
0
16353
31743
19249
0
0
7805
0
0
7
0
10
3707
0
0
0
10176
0
0
0
0
81
0
0
8501
12883
0
0
0
4882
0
0
504
16
0
0
46
2544
14774
0
0
137
0
0
2
0
1577
0
0
0
8
0
0
0
0
1
0
0
0
5
0
2434
309
0
0
13460
30323
1
0
50660
886
4
24
1572
0
0
0
0
1628
0
0
167
0
0
1063
0
8672
0
0
34
0
0
925
0
14
0
6
16
0
0
0
1260
5
4630
595
0
29
0
0
0
0
9
1860
0
1
0
1802
1147
0
1370
0
447
14
1967
0
0
0
69190
0
0
0
12
0
0
2216
0
39
180
0
0
1611
19871
3055
0
9
0
0
0
0
0
0
0
0
0
397
86
0
1
107551
0
12
24359
0
16930
0
9600
0
68
0
0
60799
0
0
254
0
0
10944
0
0
4061
0
0
2472
0
1018
11
0
3
135
3
0
0
0
0
0
0
2
225
0
0
0
19125
0
29
0
102
0
18
0
4
4732
131
0
19
0
0
8
177
17
0
703
3
0
0
0
0
0
0
23
0
0
11104
16
0
74
5
0
1126
0
621
0
0
0
0
0
0
0
0
0
0
11
919
0
0
42
0
8939
0
0
0
0
0
1103
11
0
234
8618
0
170
0
0
2084
86
0
0
183
0
5497
3
0
0
0
919
0
0
0
34385
6
0
0
6
0
0
0
0
1686
904
0
352
0
2668
0
1709
0
2
66
0
0
0
0
0
11
13
8
0
37
0
36102
0
0
250
0
0
1778
43099
0
388
0
15
0
139
1
4997
21
3670
5
2
21
189
31953
0
0
0
417
5803
104
0
0
5
7
6
10863
76
1
4
48
4
30
0
0
3549
8458
2437
70
48
0
0
0
6198
0
0
251
0
355
48150
17517
0
0
0
0
229
0
0
11277
0
55
0
8
0
3629
0
0
0
0
207
3607
0
0
0
32300
0
1
2042
100
0
0
0
0
1481
227
0
0
0
0
0
1
0
0
3
0
0
5
0
4255
0
0
0
30870
5842
0
29780
0
0
0
0
0
3517
0
0
1369
15
24168
0
0
0
608
67442
57720
0
69
10
0
0
0
2828
0
746
2
0
4
0
110
0
0
4
416
31546
687
0
47
37
2742
0
0
0
0
0
12
4776
5
35
3
21154
0
0
53
31504
0
0
0
2845
72
2315
0
1208
0
0
0
0
87
0
0
428
0
966
1865
2
0
306
20
0
16147
0
284
31849
67
0
0
0
0
0
3324
0
0
0
701
0
0
0
3445
0
0
0
12538
0
0
0
0
0
0
0
0
234
2
0
0
0
9
0
2
0
0
830
29
226
5
0
0
0
2473
21001
1
0
7
17751
141
5
0
0
0
0
0
508
0
0
0
80
2
0
2
0
0
0
0
4897
447
0
0
90
0
255251
0
0
32
0
0
0
0
4
0
0
0
0
315
0
0
0
419
4673
231
2
39
17
0
1278
0
0
0
0
0
2249
330
0
617
0
4
0
0
0
0
0
0
0
126
0
0
0
3
0
0
0
0
0
728
0
5
14
3
396
147
8617
0
0
3
202
41
0
0
0
0
0
0
40648
0
135
3
11363
128
0
11
0
0
0
0
0
0
0
160
0
554
0
10835
1
0
5383
0
9
2
0
27449
0
0
82
0
1622
0
11
0
0
0
0
0
1850
0
54
0
0
218
0
36
0
8250
0
0
0
27026
0
286
9633
0
3
0
1548
0
1377
807
4088
1017
587
0
0
0
13188
0
0
791
732
0
0
0
7462
3911
67
0
577
3
12653
0
0
1822
0
45917
28
0
0
0
1556
14767
0
0
0
24964
0
0
0
93
0
3425
2255
27069
797
0
0
0
0
0
0
35760
51783
0
0
9719
0
0
2211
0
0
3470
0
0
0
0
0
360
45
0
3
2
0
0
0
0
0
0
1
2
39
0
0
0
0
0
153
2314
0
0
0
10
0
0
7783
0
0
0
0
0
8013
0
0
0
0
0
0
17451
67
37
2
0
0
761
1910
0
16
103
25
0
0
0
0
0
0
0
0
0
52659
92
33
0
0
45
0
165
0
0
1067
1
0
1437
0
103
0
786
6896
705
0
0
27
12590
23249
0
0
0
17
13
5080
0
21241
0
0
0
3
0
35
3
0
0
20090
0
0
1
0
0
3
98
1
4
0
0
8613
0
1401
22
14216
0
12571
102
2010
0
0
0
0
0
0
0
0
16349
0
0
0
24
6
248
0
0
48621
0
0
0
0
142
0
0
10381
0
0
0
12
0
17
4
9
0
13
0
41
0
12456
0
0
0
206
0
16
0
0
15964
0
447
41
6
0
6125
348
4
2821
0
7254
0
0
0
17
1841
116
586
0
0
0
0
23067
0
0
5
8141
0
0
253
563
489
0
21
44297
0
10760
1216
0
44659
0
0
9192
0
0
8904
256
0
0
3
3179
161
2134
71
349
0
695
0
2598
1713
0
0
24151
3
0
7
0
0
0
532
0
0
129
0
6
833
0
71
0
2690
5
0
0
75
3
24576
4532
0
14
0
4
211
0
0
0
1
3265
0
0
0
3182
0
0
0
0
0
12
1326
0
4
11182
10428
0
0
0
0
484
3244
50106
0
2
0
0
923
212
127
0
309
0
206
13
0
79437
0
1061
0
0
5851
26
0
0
5028
0
0
0
5
6567
0
0
16
0
0
0
0
41
11424
0
0
0
177
26348
1
0
0
16060
0
0
331
93
0
0
494
0
9242
1
0
0
0
0
0
4253
0
0
0
109
0
0
0
522
37485
39852
0
0
0
4
0
0
61827
0
0
7074
0
0
0
0
0
0
0
381
0
15
0
842
0
0
0
0
410
0
0
3
1
6
35
0
0
107
0
3764
0
7
0
53
0
1263
0
0
0
524
0
1323
0
17221
329077
0
0
0
0
0
33
773
19951
0
0
0
0
4
17
9
4000
21
106
0
4170
3
20
0
0
0
0
3193
4477
128
0
27
0
0
16
0
0
20771
1
0
0
0
42
4771
14168
0
26
360
0
51
15
4191
0
45802
5077
0
8
0
0
55
1486
0
20
0
0
5
0
0
26
1641
0
1424
0
424
0
510
0
371
640
246
0
0
0
0
300
0
349
0
0
332
528
0
0
4
1713
0
0
3
1912
735
153
4
20049
98
672
11
1
26425
10998
180
30
19
320
0
10458
0
0
0
73
0
12
0
0
0
0
0
0
3272
2
0
0
0
0
19957
148
58272
0
1
0
0
0
0
305
225
0
229
0
0
0
135
0
0
0
74
816
0
0
13
0
0
0
0
0
0
61
0
0
7956
0
3339
0
32367
0
0
0
0
1176
121
3
0
0
0
0
0
7834
362
0
144
0
0
0
0
0
557
34
0
30
0
0
0
0
0
0
20
1
0
0
0
0
0
0
0
1426
823
1516
15
0
218
0
0
4051
3
1015
464
0
0
0
173
0
0
0
3
0
0
0
6
675
4
0
0
0
0
0
0
1163
383
64
8
0
5638
0
0
0
1
0
0
13634
0
1340
0
0
0
0
0
242
0
4313
0
0
2532
0
0
0
0
0
32970
0
0
3956
0
13488
0
0
0
232
0
0
0
0
9599
449
0
0
0
0
28837
3
0
0
0
16
39586
359
61139
0
0
0
3363
0
0
1206
0
0
0
126
18
0
0
194
1928
0
0
134
0
2486
410
19
12
0
0
74321
65062
0
12537
0
0
7596
0
6548
27
18818
0
0
0
0
0
5
0
245
24603
0
3400
67
8950
0
690
6
0
3
49014
0
504
10
5934
0
0
22
0
0
1230
0
0
0
0
0
0
0
0
0
0
3
0
0
0
27
31
66
0
0
0
1829
0
0
0
129
0
0
1895
0
47590
0
0
1779
0
0
0
31146
0
1090
0
0
0
321
0
1
0
0
3865
0
0
247
0
0
0
0
130
0
797
0
0
47
0
23
1014
0
20379
0
4465
0
0
0
7429
0
9875
7
8118
0
0
0
1
0
0
4550
0
0
0
0
23
0
0
0
0
1972
5608
0
17600
1254
138
0
1
0
7174
1386
56780
0
0
583
2
0
23
0
0
945
156
0
657
0
0
0
0
37
0
110
0
0
147
0
162
0
0
103
21
991
0
0
0
9
1526
0
0
0
0
74
6
0
0
3308
0
0
40277
0
732
0
2722
16652
2
0
0
0
0
0
0
0
6472
0
14031
305
0
0
14
1820
0
0
20
16
0
0
948
169
0
0
0
1058
3356
0
345
0
0
5
0
1104
0
418
0
0
5
0
0
59
24798
0
0
163446
0
0
3428
0
0
1609
3480
979
0
0
0
0
1500
0
8377
0
0
34
0
0
105
1786
1004
0
0
114758
0
0
0
0
0
0
0
0
0
957
0
0
0
0
10347
0
1458
0
8
0
29
0
0
0
0
0
14
0
0
26
0
11
0
14
0
79
0
0
6
0
530
1635
0
0
0
0
0
0
0
0
0
5427
2
0
0
0
5105
82
2522
0
0
0
184
0
0
0
1682
0
0
0
0
0
28428
0
0
363
0
0
621
0
1677
0
0
0
81783
0
989
0
0
0
0
0
0
0
819
0
103
254
0
0
106850
0
0
4729
352
137
0
6290
0
11901
0
0
4
0
308
0
0
0
675
0
0
6
0
0
0
1094
42
1600
0
0
525
3691
11125
4670
0
0
0
0
959
0
0
0
0
0
2389
0
4401
17437
0
333
12
0
0
51
0
0
55751
0
7361
0
6931
0
0
0
0
0
115
280
0
0
0
0
7
701
0
4
903
0
0
0
0
0
2732
3
15873
0
0
0
0
88980
864
0
4
1780
0
0
538
0
5
94
5374
0
0
0
0
0
14
0
0
7
3629
24
0
0
0
0
130916
0
99
1177
0
0
267
4418
0
13272
0
0
0
0
0
0
29
1104
4
31
0
0
0
0
30697
17099
0
26387
17
2
8
4149
0
0
163
840
176
45
0
17397
0
0
0
4
0
6
411
0
0
6
0
5032
0
6
0
0
184
9098
130
0
15
1
0
0
0
0
0
0
0
0
6094
0
0
0
0
2
7
0
0
1014
0
0
0
0
1
0
0
0
0
35
0
0
659
0
0
0
0
56
0
19
0
203
0
3
0
3
0
55
0
0
0
17183
4
14
0
0
0
0
0
141
0
0
66
0
0
1916
6911
4
0
1193
0
1536
0
0
0
54
51
0
0
12794
0
0
0
2736
1871
1127
0
175
0
0
8479
278
4
1
0
0
1
46
7414
0
0
0
45
0
2059
0
1839
4
0
0
0
81
11
368
83
0
38
4041
58
1739
1
42
125
0
0
0
1
0
250
1432
0
2
0
3289
28096
0
1129
0
0
1
34035
0
0
5
0
6726
0
0
41002
0
0
0
0
66
0
0
0
3
0
0
0
0
1678
38
0
1
30929
0
0
363
0
0
0
0
2964
0
1
0
0
0
0
1749
0
0
0
198
0
0
20089
0
22
0
0
0
0
0
2317
0
18
0
12
0
27
0
70409
1107
0
0
0
5214
91110
101
0
0
0
1252
164
177
1591
280
0
0
0
1471
287
20483
0
0
58
0
52
14723
1768
428
4560
423
5
193
0
0
0
123
0
0
0
0
861
0
0
106
947
0
0
0
0
7
0
47289
0
0
2867
0
0
0
0
0
0
0
36
0
0
0
0
3601
0
0
32
0
11212
0
0
112982
59
434
0
0
0
0
0
0
0
0
0
4
4
2017
199
0
0
0
0
665
96
0
0
6
43
0
9782
0
13
0
0
0
107373
0
0
0
0
1863
67
49
181
507
0
0
40
130
0
0
5
46511
47
9650
0
0
0
3768
0
0
0
127
0
282
0
0
0
0
0
887
207
998
0
0
0
0
1
0
0
2
1671
3
0
0
60
0
0
0
0
200
0
0
0
1778
2
0
0
20954
859
0
1457
868
0
1349
0
0
0
0
0
0
0
12
824
3523
0
0
0
0
0
0
8
0
416
2
0
0
46
1
16944
0
2481
0
0
1
0
0
0
568
1
14
0
0
0
634
0
0
605
0
4075
0
0
0
0
6
0
583
0
0
8241
0
0
0
0
424
0
0
0
0
1
14572
0
1
277
16
0
3661
0
0
266
30757
103294
0
0
0
137
0
109
4
0
2
0
2
82
0
0
0
0
0
0
5
0
49
2460
172
4
6418
0
0
2070
4
12
0
57
0
0
0
125
3295
2358
0
0
2529
16
0
9333
0
14036
0
5147
0
7524
0
77
0
0
0
0
0
0
87
23
0
4
0
0
0
857
23385
4
402
19
0
0
3
0
0
0
48698
0
0
0
0
3158
3
304
3671
0
0
8
893
105
0
0
0
0
338
0
0
0
108
0
0
0
0
0
0
0
0
0
0
122155
0
391
50
0
13
37
0
142025
415
742
0
4
0
0
0
0
0
0
840
102
1
206
0
1
19221
0
0
56
4300
0
0
8
164
0
0
13
1
0
0
0
48
1455
88
0
0
0
6126
0
4
4987
0
0
0
0
0
0
0
2838
0
0
0
1
315
7
0
0
11
1027
103288
9
0
0
0
53
0
41396
0
0
0
60858
5215
0
0
3275
0
0
0
0
0
6
19
2384
43
0
0
0
0
0
0
81
0
0
0
0
0
351
0
0
78
0
0
175
0
22
0
3435
0
0
0
0
0
69
0
614
17295
0
0
95
0
141
77
0
2722
0
0
0
2757
0
0
941
3
0
64
0
0
0
0
21422
52
0
0
7
247
0
0
0
0
0
0
32
0
0
4571
37
0
0
0
0
1
0
0
0
95
52284
1
2
0
1
0
0
0
0
1538
8
0
60
205
0
424
0
0
8532
60
0
0
0
9
1
11
73
0
1958
2616
0
0
0
3832
0
1
0
4465
468
923
2631
0
1300
0
0
88
0
0
0
727
0
0
113
136
0
611
1279
0
1974
7
48
13
0
2891
0
0
1658
0
5248
0
0
1
7
0
0
7
1
0
0
0
0
2436
0
6
0
60
0
9
0
0
0
15
0
0
0
414
0
1
0
0
0
1757
101
0
0
227
0
0
0
0
0
0
0
0
740
0
152
1
0
2917
0
0
196
0
0
2
972
0
4999
0
0
0
0
37
0
0
594
0
0
0
0
161
0
13
0
119
0
0
35
0
73515
0
72
0
0
0
0
0
0
0
0
0
8229
164
0
37
0
0
6
0
8829
796
1
77
0
0
0
2092
0
0
0
16557
0
5
0
401
1033
0
0
0
0
3
113
0
0
129
0
7
0
16857
0
0
0
0
2248
4
10918
0
0
29484
1149
352
30
0
603
0
0
0
0
0
0
0
20096
0
0
0
5747
236
0
0
0
0
0
24
1118
36
6087
0
2
0
0
1
11139
0
20
11528
0
0
0
0
0
0
0
0
39154
0
0
0
0
0
111
0
0
3
0
0
0
0
0
243
116
0
0
0
75
7508
36
0
0
0
0
4007
89
585
864
0
0
0
0
0
0
0
0
0
6381
0
0
0
0
9241
16760
0
0
108998
888
503
0
0
0
1014
329
0
0
0
2743
0
0
27471
0
0
24
11
0
1344
0
0
0
0
1
3
68
454
2909
0
7
0
0
0
0
38750
0
0
39557
0
135
62
1982
0
0
11
0
0
80
0
0
0
0
0
0
1790
0
0
23945
0
0
0
0
0
9904
0
4
2025
0
2749
0
0
7676
0
0
0
1228
0
0
0
0
101
1040
0
45
2929
0
0
0
0
0
0
1908
0
0
0
1877
0
25098
0
0
0
0
0
0
152
0
0
6
300
4868
0
4237
38
0
0
7569
0
0
0
2
0
8146
0
0
0
7
651
0
0
0
0
0
0
6799
61
43
8
0
0
5541
0
0
0
3327
190
0
1226
413
0
36
0
0
106
5
16019
0
0
0
172
0
724
1506
132
742
0
4312
0
90
25
2113
4
0
1788
0
5264
4
0
10
0
0
241
0
3268
0
0
0
67
0
1918
2
0
29
0
0
367
2
4
253
169
117
0
3320
14843
0
0
2
572
0
54
2
0
1
0
0
8
0
0
0
0
908
0
0
20
989
0
56
2115
0
0
71
0
3371
1586
0
338
3035
0
0
0
413
782
0
5
1561
3
340
9362
0
0
0
0
0
20
0
0
0
107488
382
11
4
0
95
0
0
0
0
0
0
56
0
0
2
0
0
61
153314
0
0
8126
4083
0
1
0
0
0
23
50425
4
2
0
307
0
0
3
899
3105
1508
2
344
217
5
67
169
294200
0
2
0
2784
0
0
354
0
39
0
110
0
0
0
29
2
0
4937
0
0
0
0
4783
1164
793
21
0
0
0
0
9452
104412
713
9
0
3
0
536
414
30024
0
111
0
1045
0
243
0
2
0
0
3238
0
39
0
1
0
0
2546
0
0
0
0
0
2856
3395
1
0
0
0
0
0
0
0
0
4854
174
0
0
0
0
0
0
2
1241
0
0
4545
0
0
10994
60
0
0
0
0
2068
28
1800
0
0
0
0
738
5
0
0
0
212
0
0
2337
2580
0
0
7822
0
14
0
0
0
0
4
0
0
0
0
0
1220
100854
0
187
32
0
0
0
0
0
0
0
0
0
7
0
26
1324
0
0
1190
0
861
2
21613
996
10784
0
0
38
19757
409
0
0
0
0
0
0
106
0
296
0
0
0
4
175
541
0
4257
0
419
1091
0
14
0
0
26
0
0
34156
1572
0
2
30291
2933
0
0
0
0
0
0
0
0
0
0
0
0
0
0
0
0
89
0
10495
0
17231
946
0
148
3521
309
13523
4321
360
0
7
0
0
0
33517
0
0
0
0
2176
0
0
0
0
0
103568
0
11453
0
0
0
16
0
400
0
160
0
1
64
0
0
0
0
277
0
0
0
0
7
147
59
1071
1385
0
0
0
0
0
10812
585
7
35
0
1
14877
218
0
0
10735
0
0
0
0
448
429
76
40
0
106823
0
168902
5
701
0
0
2337
0
0
0
0
0
0
66
0
30675
0
6966
0
275
0
686
3634
0
0
12
0
3500
180
0
0
39
0
0
0
45260
0
333
11
245
800
9
0
0
1680
15249
0
0
239
3
713
0
0
0
0
9
0
0
0
1
3
93
0
0
0
1273
0
4218
0
3
0
0
7
0
3254
1609
3326
0
248
1
0
0
0
983
0
0
0
0
0
0
493
0
0
3627
20
0
481
242
0
5620
0
1785
141
55
3160
0
0
0
0
0
302
22717
0
0
0
0
0
8916
1
588
6177
0
0
1
2923
45621
0
35010
1
0
0
84
0
1777
1
0
0
0
0
0
14
13
0
0
0
8
0
0
0
2
0
0
121
1
0
357
1107
0
31
2
0
58580
11
0
0
47
0
0
67
0
0
47470
7
0
0
4
0
8922
0
1685
2
150
0
998
0
0
0
0
30511
36
0
0
0
216
0
0
0
1
0
0
3704
0
32319
0
973
2753
0
41384
0
0
0
0
51059
9
69
1426
0
2097
0
0
0
0
2
4868
0
19
0
0
87
1156
0
0
0
1784
2
0
0
541
2113
0
0
1097
0
2328
0
42
0
0
0
0
0
112661
0
588
0
19865
0
0
0
0
256
0
0
0
1857
1550
322
131
50545
0
0
0
346
188
0
0
0
56
0
20
0
0
0
711
1064
2539
0
0
0
557
0
0
0
13089
0
0
1
0
0
6
9
1
3251
0
17402
6912
0
0
4514
516
0
0
0
0
0
0
87
0
0
0
4609
13371
1114
0
169
0
5
0
9062
0
6
0
12
0
0
10346
50212
0
0
0
72679
0
0
0
0
0
16
0
45476
0
0
0
9752
183
0
2127
0
0
25884
0
2592
0
0
0
3981
0
0
0
95283
1721
12040
8
30878
0
0
1514
0
0
3101
0
0
0
0
0
3
0
0
452
0
0
0
0
0
0
0
13382
3049
0
0
0
211
0
0
0
32
277
0
0
0
0
724
2976
0
0
0
0
4967
9
0
5
0
0
134
41012
0
0
0
0
102
0
0
18
1
0
1715
0
0
0
0
0
0
21
0
35
0
0
26430
0
6
0
0
0
0
15
111
10842
44
0
0
0
3
0
17418
0
0
5183
0
0
636
14137
0
0
0
58673
0
0
0
1020
0
5486
38
0
0
0
0
0
0
22
4180
1698
0
10
73
6
0
0
2271
24606
0
0
0
0
32
0
0
901
0
0
1470
0
0
9568
2435
0
0
171
887
2307
32
7
0
0
639
591
0
20301
0
0
112
0
237
0
0
0
0
988
0
17
0
59
0
0
1951
0
0
0
39
5630
0
25925
12091
0
0
0
0
0
2529
3
795
0
1709
9645
0
0
0
0
0
0
0
0
0
27544
0
0
0
0
87
4
0
0
0
0
0
17
541
0
5
11781
0
2487
8567
11965
4
0
1
505
0
0
0
3
0
1605
4180
58
293
0
0
122
0
0
9046
0
0
2958
0
0
692
0
0
284
787
15
223
16
13
0
5904
14
0
0
2351
37
15
0
0
0
0
0
675
0
0
0
0
0
629
0
1967
0
0
1
0
3663
0
0
62
0
0
4975
0
16
0
74
0
0
0
1003
0
3370
0
34
0
0
4
0
62410
2555
0
2684
34
5685
2613
4
2
233
0
28
4
11671
70680
6
0
0
158
0
320
95
0
3624
2518
5713
0
0
0
0
92
1204
0
0
0
0
5771
27410
0
9
0
0
113
0
636
0
0
0
76400
118
13
0
25
0
0
15
0
0
487
0
51
2131
3696
0
0
0
0
0
0
0
0
0
0
0
0
0
1015
3
29
0
0
0
0
337
0
0
0
605
0
16
0
0
107
58
13
0
14769
5870
0
0
0
5
0
17410
6
4749
564
0
9512
0
0
2
0
0
0
0
0
0
488
0
2
1046
0
0
391
154
0
0
15
0
0
9561
0
23516
0
32
0
401
0
0
1432
0
2065
0
0
0
0
2015
18
0
0
0
134
0
0
0
727
0
0
166
0
3810
0
0
416
0
470
0
24
0
2
0
0
0
0
0
0
2
154
0
0
345
0
281
22659
32688
0
0
686
8630
0
0
0
1546
628
0
2
0
126
0
8
0
0
0
0
0
0
3453
0
0
0
4
1185
0
0
5
0
0
1283
121
0
0
89
0
0
31279
0
0
1530
0
0
0
123972
1179
0
252
798
0
41910
96
67
0
0
0
39709
242
0
0
1001
0
92
0
0
130
275
0
0
1890
0
0
1
0
2
917
0
21
276
1358
268
58
41
1023
3
27703
20940
0
13289
1
0
57
0
0
68
0
0
14
0
0
1119
0
0
2510
520
0
0
0
1679
0
1
0
114
0
0
86
27570
0
0
0
0
0
4121
157810
0
0
2279
0
0
0
54
1
0
0
0
3381
0
1275
0
24641
0
112
0
0
1844
0
70813
5542
1889
9
2
685
0
0
2
80876
0
0
0
0
0
0
1
0
148
0
0
0
0
3886
144
0
318
0
136
0
0
4530
69
1
12389
0
21069
0
2
0
0
5084
11
0
0
0
0
0
0
1504
0
15348
0
84561
14574
0
0
139
140
0
5398
0
23
0
0
0
0
0
0
1159
1421
5585
1878
27196
974
0
0
0
0
10236
400
0
4
14
0
6
0
0
0
18525
0
0
101
14
1194
26882
0
0
284
0
549
0
0
27008
0
0
0
0
7967
1198
1
270
0
0
4741
30
0
1693
0
11
454
0
0
1438
14
0
325
0
135
5
0
0
0
0
0
0
0
0
1808
0
17771
0
0
0
0
4491
0
0
19518
0
11571
926
0
0
1
0
19667
3378
82
1860
0
0
0
0
25
0
0
6
923
11
0
0
0
0
250
0
117629
6713
0
0
934
2611
0
0
41686
2085
0
0
116
164
0
0
0
264
4689
7297
0
0
0
1051
0
0
0
0
220
0
0
0
539
0
0
0
0
13256
0
5086
0
858
7
85
191
23
0
25
0
1404
0
0
0
1704
3446
0
0
0
0
79
0
0
0
0
1078
5814
0
21
26167
0
2
0
17
1542
9
1153
34405
0
0
0
0
0
0
11
383
159
40
0
0
434
140
2329
0
0
0
0
1778
20649
430
86
0
0
0
54
14
0
710
8
0
0
87
15
1
0
0
0
0
0
0
42249
8
26
0
41
0
0
4
0
1152
829
0
4183
2311
0
0
0
0
0
0
0
2031
0
0
1158
178
0
7
0
0
0
128
0
367
0
0
4017
43866
0
0
66263
5
0
12645
4612
0
0
0
0
0
7
0
0
0
4
0
0
5
0
108
0
0
0
0
0
0
4
41
67
0
0
0
7477
531
2321
1068
0
0
0
0
0
0
33
689
77071
0
0
0
1710
6
26
0
1540
54670
0
0
74653
1186
4439
1
13
0
0
0
76
0
0
546
23
2
3657
0
0
3
39
0
46827
302
0
17
0
11702
0
0
5385
59
11
3111
0
1153
16770
0
0
0
25
0
0
58630
13992
9
116
0
0
0
3319
7
0
0
0
0
0
419
111
0
0
5
453
0
0
0
0
0
0
0
28
19
230
0
454
0
0
57
84
0
0
11086
0
1574
0
2526
0
133
0
0
636
4264
0
117
0
63
0
0
3013
0
0
1067
80
22
0
45
0
84581
0
304
17872
0
0
800
0
8
0
105
0
636
0
0
69
0
3
0
74
4
21581
0
0
0
2
1893
30
0
1151
55974
0
5
0
0
0
0
3019
23
435
0
0
3
7003
1
0
2205
0
1
3
6178
47102
21416
0
5
891
0
0
0
0
0
0
0
72
67
167
0
2823
0
7940
60
0
0
919
5
0
0
134
0
187
0
0
0
57368
11
0
1879
0
0
0
0
0
263005
0
0
0
0
0
486
1810
145
0
0
3
495
0
0
67
0
50
0
0
0
0
64
453
0
0
184
0
3
3557
403
31393
0
0
0
9
0
0
0
1
34
0
6
1
0
0
77
0
0
0
1
979
72279
0
0
0
0
2
1356
0
23
5304
0
0
3794
28543
0
0
0
0
0
0
32
0
27350
0
0
0
0
0
0
0
0
0
0
0
2
0
0
0
0
0
0
25
0
1
0
0
6442
0
9145
319
0
53
9126
0
1557
89
0
1502
9
0
18
168
0
0
5179
0
0
0
0
0
0
45
4591
0
0
0
0
0
0
0
0
0
0
21
0
2
1695
0
107
257
0
0
0
0
0
0
0
0
0
0
0
0
101
0
164
70
0
0
983
1734
16
0
516
997
0
2569
0
0
27
21957
3300
0
0
4379
424
19837
0
9
0
0
0
0
0
136
199
0
3
0
133
7
27
31
284
0
12
0
3245
135
8692
0
0
0
0
138
2
185
0
0
0
0
1163
0
0
0
0
0
0
0
0
0
5458
12
115242
0
0
0
0
137
0
0
6700
0
6594
0
1949
9
0
324
0
16
0
0
989
318
12
13
0
982
2
0
0
31782
0
0
0
12
0
10257
0
0
0
2395
0
415
29584
770
0
0
0
127
0
0
7221
428
231
0
2548
34878
0
0
0
729
28728
144
44858
0
0
0
9
0
2821
0
13
29092
4
0
3533
0
18
733
0
0
7701
70
0
4342
0
0
282
0
0
0
0
0
63
0
0
0
2248
0
2499
0
0
11
2
772
0
2363
0
0
0
664
0
0
0
535
0
0
1271
0
0
0
4
0
0
1088
0
0
5879
0
3
830
0
14986
0
0
0
0
0
1571
119
2354
0
0
188
19
0
488
0
0
0
5362
1632
16774
0
2289
3669
1476
0
0
0
0
9700
1
61090
28
25614
0
54
0
3
0
0
0
6167
0
0
680
0
0
0
8
0
0
926
0
0
0
0
0
0
0
0
74
1
0
363
0
56741
0
0
0
0
0
35581
0
0
0
0
0
0
2
328
0
123
35
0
131092
0
0
0
45
6
281
0
0
0
0
0
0
1094
11008
0
0
0
1
24784
0
2771
0
0
0
0
0
29
0
3
0
0
858
26
1224
7
0
0
76452
0
1
9401
0
0
0
0
1
2785
4
0
0
1630
0
0
0
0
0
0
263
0
155392
141
0
122
238
6869
0
21
16
1
49
50613
12962
0
0
920
0
0
2020
3162
134
0
0
0
5878
114
0
1393
0
0
15
3
398
0
0
0
169
0
0
0
0
0
0
0
22
0
0
0
24273
0
0
1
3
0
0
0
330
0
0
0
99
0
3
0
3768
0
0
0
6920
0
0
0
0
0
0
0
0
2485
0
0
2
8
205
0
0
0
0
465
0
0
0
0
0
0
0
0
0
0
0
6
31
0
0
4
0
0
0
0
0
0
1351
0
278
10227
772
0
1
5
0
0
0
0
12749
1
2769
0
3710
1
0
0
0
0
38918
13
0
94
416
4508
0
0
0
0
3
0
2575
6
0
324
1868
0
0
0
0
10
321
0
0
0
0
0
0
9805
0
200
0
0
0
0
0
832
3807
0
0
0
0
0
691
0
6807
0
460
299
150228
0
1
0
0
32
65
0
0
0
0
0
326
862
0
9
7326
0
3
789
101
33189
690
0
0
0
0
61
0
138
0
8
111
4
0
84507
0
5
100
0
0
6
0
309
220
0
0
0
11
0
0
0
1031
100
0
0
0
37171
62
0
2901
2030
885
0
0
0
0
8
0
12245
0
2235
1276
0
5
1431
7835
0
0
0
61067
2
0
0
0
0
521
28
0
0
3
0
0
0
2
3
0
111
0
3
0
2618
0
1
0
1416
0
18095
0
0
104
3797
98
55
1128
10
4
0
498
55
0
1032
1152
81
190
0
0
365
0
23188
0
0
0
0
0
22496
8497
1080
0
0
9
0
0
0
0
13664
0
108
0
0
1
468
1
0
1
0
0
40
3478
0
1290
1979
303
0
0
0
3
0
0
32
0
0
0
0
0
0
7
0
0
1
93
0
0
0
95
0
1780
0
0
0
0
0
0
0
0
4261
0
2
14
1141
0
17
2
29173
0
0
78
3
0
0
0
0
125
0
27
0
118
243
0
0
58
5
2799
1
4
0
247786
0
19599
0
0
0
13284
4
2652
18956
0
0
0
0
0
0
0
0
0
2
0
4306
37
0
0
0
384
308
0
1
0
0
6
70
0
953
0
0
6461
0
0
33362
0
57
37971
1951
6390
3258
0
11
6
0
0
267
2938
0
0
0
5149
0
0
0
0
0
0
0
0
0
0
0
155823
0
0
0
3120
0
0
5215
0
0
0
0
0
0
380
33
0
0
24
0
0
0
17
3733
7
1
2605
0
0
0
15790
0
0
16
83612
0
0
3
322
581
0
5176
0
13627
0
0
0
18
0
8302
294
0
0
2432
0
0
0
5187
0
0
765
0
0
0
0
6
32506
34004
0
40
32
0
0
2
0
0
1491
0
0
429
0
0
0
742
0
0
19
98629
0
0
197680
0
0
0
0
2298
0
0
0
0
0
0
0
19
0
0
2254
0
0
0
0
0
0
397
10497
0
0
0
0
25344
0
4
30298
0
50051
0
413
0
0
198
3970
0
1
0
6610
0
0
16
51873
0
0
0
1
12704
0
871
9
0
0
0
0
0
0
6
0
11371
0
157
0
0
15
0
0
4514
66675
960
0
0
0
559
0
0
0
0
17264
0
0
0
0
0
0
0
0
680
0
0
944
0
0
410
0
0
5014
0
22
0
0
0
0
0
1191
10075
0
163
105
3
0
0
0
0
702
5223
67
0
3
0
0
0
159
1555
127
8819
0
0
0
0
24
0
0
0
1
96
0
2328
7552
0
114
0
0
61
0
364
0
67
0
111
0
0
0
0
327
0
1649
0
83
1051
3
0
0
0
0
0
0
38
0
283
12725
0
77248
3080
1315
70
7479
0
908
0
0
0
0
0
0
0
0
0
9001
0
367
63
0
0
5
0
31
0
0
73
0
0
0
11
0
133
26
152
11
5
0
0
0
0
0
1341
37
0
0
0
2540
0
0
535
235
70
1
320
0
3039
0
0
0
4794
0
0
0
44
0
1912
39
11
4
67
0
0
10
2358
5
0
0
58110
0
0
0
0
0
0
0
363
1472
161
348
14915
0
0
0
0
831
88
0
0
0
0
0
0
0
18589
119
0
11
0
31
0
0
0
13
96
54
0
0
0
52726
12
0
223
257934
0
0
0
0
0
0
0
1986
20
0
0
0
366
35
0
0
4165
134
0
0
69
517
0
0
0
16
0
0
0
47
0
0
0
95
0
0
0
9
0
0
19795
0
0
0
0
0
54
22
0
0
2
1478
0
4
0
0
0
0
0
0
2760
0
0
0
506
0
0
691
0
0
1544
0
0
0
0
0
0
0
9
19682
9337
0
0
8507
0
0
0
0
1009
241
0
178462
2
1667
0
5725
674
0
47500
12
0
1029
564
337
0
0
11
21289
1487
9
0
0
32052
0
0
0
0
0
0
3446
0
584
13
428
11730
17272
23
0
1196
0
1403
23
6
0
18
0
0
0
2518
0
0
0
0
1557
0
123
471
9
0
64378
0
2354
10
0
4190
13
0
0
251
212
0
0
3049
112
0
0
0
2283
0
0
0
0
7
0
0
5
0
0
109
1
0
1261
0
0
0
0
447
275
0
73176
0
0
0
324
4
2
1747
2228
21
4
62
0
1168
19590
40607
5030
0
6774
89314
0
0
0
13529
0
2
0
0
1
0
1
9623
5141
1764
0
52
0
0
22
0
3
2643
5
0
130
0
3
0
0
193
3457
2
0
1
0
0
0
3523
0
171
13
117
0
0
0
1
206
6475
0
0
0
248
0
76
0
0
9584
3
0
2530
78
1444
0
200
4371
55264
13167
133347
0
377
1
0
6271
0
0
31
94
0
102
1
0
8129
0
0
0
0
0
1581
0
0
0
24307
0
0
0
0
0
0
0
0
0
0
0
0
0
33
0
620
3
87
0
0
0
117
1
85
0
0
0
0
86
0
0
0
495
21
0
0
29
0
101
0
0
89
10
0
97
788
305
2417
0
0
12
1827
40280
7
0
0
11522
137
0
1
89
0
0
0
0
17499
874
0
59
25163
0
0
0
3310
1689
0
0
5227
0
0
0
0
12
6372
0
0
0
10
0
0
0
0
0
90400
0
1332
1090
259
0
7078
0
28
348092
0
0
0
0
0
0
0
0
111
0
7763
1059
0
0
0
6505
0
0
0
0
0
15
1
6596
33
223
0
0
936
189298
572
0
0
0
0
20
0
0
0
0
0
0
129
2167
14851
1
49
0
35747
0
0
311
12079
0
0
0
0
0
0
0
0
19622
54
0
46
2390
0
26
0
3
0
0
39
16
3
1027
8137
0
2
1
1
0
18
0
41349
0
0
0
1602
0
0
0
0
86
0
0
0
4509
0
0
0
82
0
0
0
3184
0
0
70825
7
45
567
633
0
0
0
0
8281
0
0
0
1
0
475
0
0
12
52
80
0
584
0
0
0
0
0
0
0
0
0
0
26448
0
0
278
0
68
3813
0
234
0
0
0
0
0
0
0
0
0
0
0
9
0
13452
0
0
0
3
176
1337
0
0
0
0
0
0
0
47
26
11
0
242
0
0
5424
0
95
0
42
0
0
0
0
0
17
0
0
202
0
0
0
0
0
0
3
0
28
0
0
1303
1319
0
3749
0
0
15358
0
0
0
3425
20468
0
942
0
0
0
13
24
0
0
0
795
1897
1018
11
95
0
0
45
0
105846
65
1098
0
0
0
6
5192
1374
2
0
1
5106
0
2478
0
0
207
15
0
0
5898
0
0
0
0
0
0
0
0
0
325
0
0
0
0
0
0
0
0
71
0
0
3078
0
995
0
0
0
8067
2215
1548
6
0
217
85
0
90084
0
0
0
333
6
0
1
0
0
96
52
0
2
41
0
0
312
0
9
0
0
2
165
155
0
23
4
153
0
0
0
0
0
0
0
9139
2678
0
0
1363
0
25410
0
400
0
15
0
61
0
0
2297
7569
322
0
361
45
105
14083
2754
0
0
0
975
0
5
1845
0
828
0
176092
0
0
0
0
0
0
0
139
0
21
47
17
17533
78
1521
0
0
4129
0
1067
0
6
4177
43
9
2
0
0
1197
0
0
13
0
91
0
16
2014
47
0
57
190
0
45220
90
0
14
0
0
15
0
0
5
0
0
0
0
3576
10397
0
0
73
5269
0
0
0
17431
0
2088
47198
0
5
0
0
0
0
0
0
41
0
0
0
500
15
0
1385
6
568
0
0
0
1181
0
0
0
0
30
164205
0
0
0
12
3057
124
0
505
0
37357
15110
306
2083
0
593
2
9
0
0
876
0
0
0
5
0
0
0
0
0
760
0
1137
0
24380
0
20
574
0
0
0
8
97
0
0
1568
0
0
2024
1198
151
147
3442
0
0
144
0
0
0
0
0
729
2849
0
0
10590
0
13394
527
22185
428
6439
0
0
3045
0
11241
2
0
0
29
0
7
0
43
0
0
0
18841
308
217
0
0
12
0
0
0
0
0
0
0
0
0
0
3
12711
2947
129
6
0
0
10
0
57
2035
0
0
0
0
0
19246
0
0
1980
0
4816
130
0
0
0
0
14
58
0
0
0
279
0
7731
12195
4344
576
11
0
8449
0
1276
3928
0
0
0
0
2750
0
11
5
0
0
0
0
0
0
0
0
122
17340
0
5
988
0
0
0
1067
33
0
0
0
18
0
67
1
0
0
0
0
2
0
0
3
0
3230
0
14
35551
0
0
479
36
23278
0
314
0
44
0
0
0
4
0
0
268
0
6233
0
0
5
0
0
0
0
0
0
124
0
0
0
107
0
11
0
1493
0
11696
0
0
1218
0
7633
134
0
0
32334
0
0
16656
0
0
94
0
2148
5
12722
0
0
2086
0
0
0
0
0
0
6469
399
422
0
0
46
0
0
3774
0
0
0
7
822
0
0
0
136
0
0
0
167
0
4643
1360
0
1
0
0
0
0
0
0
0
0
2
0
0
0
0
0
18488
0
0
0
0
9123
16
0
0
11
0
13557
0
0
0
0
4
26449
5454
0
0
12
4
0
0
0
0
0
2078
17
0
9
952
0
0
0
0
0
10982
6836
0
0
0
10755
102
0
0
0
7
0
53
323
0
4
12742
0
20
0
0
0
44
0
0
0
161
0
0
0
940
1065
6
67
0
1
0
0
0
0
0
30
3024
18621
0
0
15
5
0
0
0
3568
0
0
0
1712
0
0
9298
7
4724
5
0
0
0
0
0
7110
1
3892
0
4
0
0
10
0
16
2654
0
0
10248
0
0
0
396
0
0
0
3108
3
3
3880
0
0
377
11
5703
0
376
0
0
0
315
0
2837
0
1220
3
0
106
0
0
0
0
1554
0
0
0
342
0
903
0
4083
0
0
0
0
0
0
1
1
0
431
0
0
0
0
1
0
68
0
9833
1078
455
0
1561
0
3758
43
0
0
0
0
2489
0
0
36
0
0
13242
0
0
15
0
0
0
0
3965
19
0
23
1451
24116
0
0
26517
0
0
8294
347
920
0
0
0
0
6029
1827
0
3062
0
2
2
55936
11956
0
0
0
2
0
0
1908
0
0
0
0
3
0
1976
26
1122
0
0
6
0
35
17
11205
0
5
0
13139
0
130
2
1996
42
7
10594
4024
0
0
17824
0
625
0
0
6
316
13
40
41
0
0
33
0
851
0
183
0
0
2225
8894
2154
0
0
0
3
0
79
0
4118
0
51
0
0
2
0
0
0
1702
0
65
0
0
637
0
0
1854
0
0
0
0
0
0
0
0
93
181
0
95
436
0
3901
9
0
0
4067
5
0
548
0
0
3
0
0
0
0
13964
1102
0
0
0
0
2431
0
0
0
1712
2
1854
0
0
0
0
6384
0
1321
0
0
5272
127
0
0
0
0
2148
2989
0
0
16
2583
0
0
44
0
71
66061
0
464
54422
0
0
1388
108
0
0
1776
0
0
0
0
5
0
5
5544
142
2
0
0
0
0
0
1761
0
38
2158
448
0
0
8088
0
0
0
1768
0
56
0
699
0
2729
0
0
0
0
0
0
0
27
442
51
0
0
0
0
0
0
8
30541
0
8742
6
0
0
469
47
0
0
0
0
121181
2138
1
0
0
19
0
3
0
275
6118
9406
0
0
0
0
0
11346
0
0
17
0
232
0
0
0
0
0
7061
0
0
0
51773
190
68660
10734
76
37
2496
39515
2
0
412
0
8
6486
0
0
10
0
265
0
0
42
1
1254
52136
11919
0
0
12434
0
0
28
0
0
352
1072
2650
31
0
0
0
0
167
2239
7316
0
173
5686
843
4191
30
0
0
0
48
0
16374
2294
0
0
0
2
4802
0
0
13
0
0
0
8740
0
0
8805
0
0
8
0
0
0
0
0
0
0
0
0
1428
0
6
5992
11905
0
0
170
0
144448
7
6
0
0
37
4
4187
2
11
159
0
0
0
16
0
0
0
39
27520
258
0
0
0
0
44
0
0
0
0
0
66551
23
0
2012
377
1040
28
2653
279130
0
0
0
0
10325
272
1
11
0
4899
0
0
16534
3720
2875
0
100
1034
3624
2442
0
14314
796
0
185
0
1114
0
16
32
0
0
0
966
0
0
0
3718
0
28
0
0
0
0
0
0
0
0
0
0
0
0
2265
0
10438
1468
1015
48580
0
20188
0
0
430
89179
0
6
1
0
4
50
0
352
464
10
2709
223
0
0
0
8
245
0
0
0
0
0
0
0
0
229
0
42
0
1
80
0
0
0
19800
0
0
0
0
2
0
0
0
0
0
116
0
6
0
0
78
0
184
0
0
2408
14
0
10464
0
0
171
0
40
0
0
151975
1557
79
0
0
4513
0
0
0
2526
0
0
0
0
0
0
5234
554
269
0
0
3918
0
0
0
13571
0
0
0
557
0
0
473
13
0
0
0
0
0
1092
0
39897
9
0
0
0
0
0
0
0
0
4599
54472
62
14
61
0
0
0
0
0
0
0
11255
0
0
9
0
0
185
1
0
0
0
0
126
7666
0
2
20
0
0
0
0
11
972
41375
11
137813
0
0
0
3
1
1
4
0
0
0
627
0
0
0
60589
0
0
566
90
2351
460
546
16
383
0
22
52
0
2
0
0
30
7
8
0
2
0
20278
2061
0
4947
0
0
24883
0
680
0
23810
0
0
0
15041
0
0
11809
0
0
0
0
0
0
0
0
0
0
0
0
0
5
0
0
0
71
0
0
0
0
1203
1857
0
161
1
0
0
164
864
358
0
0
3646
0
0
0
0
8
41
0
19
112
0
0
1827
0
0
97
6441
28
0
7983
13
2839
0
1329
0
17
67
0
1097
0
4780
680
0
0
0
0
833
65395
0
2
22
0
0
6879
37
274
0
321
2540
2
517
0
1
1
0
0
5334
0
0
191
0
2
3
157
0
510
3
0
18
0
0
0
0
0
0
212
3202
73
3
0
0
0
0
4512
91
0
0
2051
344
0
0
0
25
6862
0
8858
0
125
0
0
97
0
4473
1560
1406
0
0
49
0
51
0
168
0
55
0
0
16848
95
18
436
0
0
0
3200
459
0
0
0
0
0
1
0
0
8011
0
20
0
0
0
0
644
0
0
0
913
47
0
1
0
0
3609
0
0
38
0
0
0
0
3
1125
0
0
0
0
60536
35
0
71
130
0
0
0
0
0
11
0
0
58
0
106
0
0
2
0
3
105
0
0
0
0
0
0
0
2866
49020
0
0
0
0
2308
0
0
0
0
197
0
0
0
0
6224
13536
0
0
232
0
36437
0
2628
284
0
0
0
0
205
0
0
90
0
43
99
0
37
942
0
0
0
1313
19
0
78
68
0
0
0
1789
0
0
71
0
430
115686
0
0
0
108
0
229
0
55
494
0
0
0
379
0
9839
0
0
6526
0
0
0
0
43
172
0
151
16
0
0
22918
0
0
0
18
0
0
0
0
0
3145
15433
133604
0
4
0
0
8
5
0
0
5
2418
0
0
33249
0
0
3299
1786
1036
0
0
0
5
2807
0
1552
0
4
0
0
0
775
0
0
1259
0
30
0
0
35
35182
0
0
0
0
0
0
694
0
0
18
1241
0
0
488
52
495
0
0
24443
0
0
193446
0
23
0
1
0
0
108
0
0
0
0
760
0
0
0
0
23
75
0
0
0
0
4
0
0
68
50
0
0
1027
0
6758
1047
0
8
0
504
1056
0
10893
0
0
8008
1637
679
0
0
241266
4402
0
3274
2
5545
200
195
0
38
0
0
3
0
0
0
407
0
0
11170
0
0
0
0
0
19
27
0
0
36297
0
0
0
67621
0
0
453
289
3340
2
37
434
0
0
0
7293
0
0
0
233
0
6
0
3121
1664
0
1
507
0
0
0
34
0
0
0
1
0
265
118
26
0
7
0
16
0
7849
0
0
0
1
742
0
897
0
0
0
3
245
22666
710
0
0
0
897
0
0
0
110
0
9
0
31962
0
244496
0
1292
0
50
55
2849
2722
0
1
0
66
0
0
0
0
0
0
0
0
45969
0
11
55
0
0
0
15869
0
0
349
0
0
0
1
2864
0
0
0
0
2943
0
0
317
1574
0
0
157
0
2
32
0
7
0
1264
2394
0
0
0
14
0
0
0
855
4
0
0
8
0
2143
34339
6461
34
4
347
1
4
0
9185
0
0
0
3607
0
23
549
0
0
7702
99
23326
0
0
0
292
0
0
227
0
0
0
0
1196
0
3
0
0
62
0
0
1134
0
0
0
0
0
0
0
2055
422
0
0
0
0
382
8176
0
0
0
0
0
13
428
825
46
4456
0
674
0
0
0
0
18
0
0
0
0
0
0
797
0
0
53036
0
13004
722
413
0
71575
8
0
0
4505
0
0
53
218
0
10
266
0
662
0
668
2347
0
4712
0
220
1
0
214
0
0
0
0
0
2603
4997
195
0
0
16972
0
150
0
0
0
0
198
1
9896
351
620
0
0
174
80371
0
0
0
0
36
1690
158
0
0
0
1281
0
7330
0
56
526
51
0
0
0
0
0
0
0
13
0
126309
1006
633
1018
0
1080
0
29955
0
1200
27
1843
108931
0
0
17139
0
37112
5834
43017
1581
527
19
42659
4047
9736
629
7
0
1
3813
0
18353
0
0
78
137
521
7683
0
2006
0
437
118
0
0
0
0
403
0
205
4193
2
0
0
0
1642
0
0
0
159
0
1
39521
0
0
0
0
0
0
0
3
4929
0
0
0
2398
0
8684
0
0
0
72
55
11776
0
102
4
29239
1625
0
0
4
22
7
719
0
0
47
0
0
6607
14323
0
0
31
8615
0
726
0
41
0
0
0
0
1
263
0
73823
2857
0
0
0
0
0
0
0
307
25
0
101
3738
5002
0
2243
0
747
0
1
108
0
10
0
0
0
123712
0
0
0
5154
0
27
0
22
14031
599
183
0
0
0
7645
1992
14
0
26065
5
403
5207
328
239
19
0
0
0
0
0
0
302
141
8587
0
0
7283
4111
0
0
0
0
85
0
4
463
0
47822
31
16002
9711
0
12
5
1666
5
0
16
15
11155
0
0
0
0
0
25276
9266
0
0
0
0
0
20555
0
0
0
0
2
0
9027
15656
0
27
6523
0
8056
23
0
0
0
12
0
0
15
0
0
0
0
1669
0
0
27
0
1
0
0
0
0
4772
4
0
107
0
209
328
11039
0
0
176
15
450
0
0
0
0
258
0
0
44
58
18
26
1096
0
0
11
0
0
766
0
0
0
0
0
0
1250
33906
0
0
0
5004
0
0
0
52
15
0
0
0
0
4905
0
1561
0
6013
4
0
0
0
0
0
0
2548
0
15
0
0
0
617
53
0
3066
5
1
41
31791
122
0
1
0
4
0
14
0
124254
162
0
1306
0
0
253
14667
3805
0
0
2
0
0
0
12
0
0
169
0
3238
133
168
0
0
299
21
11
77
0
0
0
0
0
0
11686
185
6200
13311
84
0
0
89856
0
123
135
15
0
270
0
3
1
856
1811
57
0
0
0
0
0
0
0
15
31070
2640
0
0
5
0
64
0
14298
0
0
6
0
0
67051
0
1073
0
0
0
1052
0
632
0
62765
10
2
0
0
0
0
0
2274
0
38
0
0
0
1900
0
0
219
37498
144
0
108
4
0
0
0
2156
0
15
0
19
0
1
0
0
0
2
0
0
0
34944
0
0
0
0
0
0
0
1
21149
0
0
0
0
13896
0
51
0
0
0
0
0
0
5
0
128
0
0
304
695
38
3946
0
462
0
0
6
990
0
0
0
510
0
0
0
0
496
0
0
3606
0
0
5930
0
5696
0
1
0
26545
0
0
0
0
0
0
0
0
0
0
18
0
1
0
0
0
0
0
0
0
281
0
0
25
0
48
106
4
0
19
0
489
2957
0
0
199
129739
0
2
3440
414
47
0
10847
0
0
0
9706
0
0
8
0
0
5139
0
0
0
0
916
0
0
0
0
10
0
0
5
0
0
0
4
7138
1300
67
0
0
0
0
1
0
0
1008
3031
0
0
241
0
0
0
1
0
0
0
3365
0
0
59
0
0
0
0
0
1350
0
0
0
1
313
0
0
0
0
0
0
0
29
722
0
8785
1736
0
99
0
0
0
0
0
0
1744
878
1134
0
859
0
0
4
0
0
0
4898
25
0
68394
6
50
25943
885
0
8571
0
0
5107
0
0
0
0
0
0
0
0
0
6
1245
2
0
0
0
0
0
0
221
0
0
0
0
0
316
2458
113
0
0
217
129
0
203
0
1
0
2
7456
0
12288
33
0
0
0
72
643
0
0
0
11291
0
0
0
54
1013
1
0
0
690
0
346
1552
1
0
0
483
0
0
5
0
226
0
0
6370
261
914
0
0
0
0
0
0
4856
1
1
11899
1732
0
2892
0
31056
68
0
70
3
509
0
382
7977
0
0
0
0
0
0
0
71
0
0
11243
0
235
0
382
0
2059
0
15781
585
0
621
0
936
0
0
0
0
0
0
0
0
0
304
0
0
0
756
1552
0
0
0
0
676
0
0
321
0
7879
0
0
0
0
716
6915
491
0
0
0
0
0
0
905
0
0
72
1
5747
1092
243
35
5119
0
1506
537
2089
15002
0
0
0
3585
10
7179
0
0
207
0
0
0
0
920
0
0
0
14169
0
0
0
0
20
0
0
0
0
0
0
14
0
1
31592
566
1958
278
0
1262
1352
0
1
0
0
0
0
0
0
0
0
0
1962
0
0
0
0
937
12393
1
0
0
407
0
6
294
0
0
0
1956
144
95288
15150
0
1846
0
0
0
0
0
0
0
0
0
1
0
0
0
3531
9
0
0
913
0
41
1
0
0
0
0
2
1037
0
0
28
3878
0
0
18
0
0
1978
125
0
1170
0
7
0
0
0
0
0
1961
354
0
0
53
31277
11
0
939
0
0
0
0
6009
0
2619
0
0
11771
8888
0
0
0
222
0
0
0
3265
0
0
0
0
0
0
1837
0
0
14524
0
0
1
4556
22
0
8600
0
0
0
0
11
0
3155
0
0
0
0
0
0
0
0
0
0
0
0
0
20
75
109
0
28
49
0
5814
0
0
0
0
0
0
0
0
0
2400
0
13270
649
0
0
25216
201
115
0
0
0
0
13199
0
958
14
0
0
30811
0
0
0
3
0
0
0
0
0
0
0
2
0
6341
0
59095
0
0
6640
0
0
0
4
493
3
0
0
0
0
3
17796
0
118
0
0
0
0
13903
9354
73
0
6336
0
671
405
209
0
189
526
0
2126
0
0
14
12976
276
0
0
0
0
0
0
0
940
704
0
1388
0
2
373
0
0
2529
8627
0
0
0
46125
0
0
17
38935
307
0
0
0
14743
0
0
0
0
3
0
12
0
0
0
0
570
9
4
0
0
30
0
91906
0
0
0
16869
20335
0
0
0
18
0
16
0
5868
0
224
0
0
901
549
0
0
560
0
0
0
8
0
507
56904
0
1116
76
0
4409
0
0
0
0
0
0
0
1
0
0
296
0
0
4412
0
0
0
1
97
231
1
0
9
0
0
2964
120
0
0
70638
0
1495
0
79678
1160
925
58
1
809
0
0
8
0
0
4682
0
0
0
0
2209
0
1
0
0
0
0
0
0
0
627
0
2734
5122
141
0
17989
631
7861
2627
3735
0
1
0
49
493
0
0
588
219
0
0
29
15
3528
2
0
1457
0
0
134
0
0
0
0
0
929
1
792
0
4608
643
3
0
0
0
1589
0
1008
78
9
3
0
10086
7
25468
0
0
1239
250
514
0
7
5426
0
304
9024
0
0
0
0
1
0
0
1571
415
0
185
20
3
0
0
0
0
0
323
0
0
0
107
76
10297
0
0
713
0
33235
148
0
0
0
0
0
0
0
0
0
388
1
34595
0
0
3
0
0
180
14520
25
16134
0
11784
3283
925
84193
2257
0
0
3945
0
0
424
0
74
6
0
17
6733
0
0
5011
0
12
2
0
0
0
0
272710
229
0
1
1193
0
167
0
661
2930
38
0
0
0
0
1697
0
0
0
0
2393
1
0
0
0
1249
0
0
4
0
14471
1475
40
0
4886
0
1
4
0
0
132
0
0
0
0
0
0
0
12
0
15
0
162
129
0
0
1783
1
0
0
0
0
0
0
2213
7861
0
0
0
2024
0
32535
863
0
3
0
4200
3
0
0
4
9910
8
0
0
0
0
0
2881
13
0
0
0
8
0
25
0
1396
2
0
27
2
255
61954
9
74
2
0
0
0
0
0
0
9
1
4133
503
0
862
0
0
0
9
4989
0
5347
0
0
22
7489
0
0
0
1602
1114
7
82
0
0
25641
0
0
0
0
0
1141
0
0
0
64
98
0
7471
0
0
0
0
0
2
0
0
0
4822
96548
0
0
8
197
0
587
0
0
0
0
0
5309
0
0
182
42117
0
106
629
0
2
0
643
0
2
0
0
0
157
0
0
896
25
1315
0
0
0
4592
704
0
1567
7533
0
0
0
0
0
108
1439
2
23
0
0
0
45
0
33
0
214
0
24
0
0
400
0
0
45
0
2346
0
58
26
0
0
0
0
0
0
0
0
0
925
0
185
37339
0
0
0
0
17
0
492
9650
118
10697
38641
8477
0
30
0
5
0
0
58
0
0
0
0
51508
69
14374
0
0
303682
0
0
83589
0
7
390
747
1380
0
0
0
61
427
0
17
0
0
84
0
0
0
0
6
0
22
27
1475
0
49193
1238
0
0
0
0
396
0
0
14942
0
13
0
2
0
0
0
3358
469
0
614
3
0
0
0
0
0
0
0
0
0
0
0
46
31
0
0
1723
65
2500
1547
63105
814
0
0
1
0
0
14
0
0
0
0
1480
2037
0
2044
404
0
0
0
3
0
133
0
0
58455
0
0
0
124
0
0
16
0
0
0
0
44
46
130
7
0
158923
305
130
761
1
0
0
1
40
1420
2920
0
4655
968
7
0
816
1
0
3661
0
4490
24
0
0
86
0
0
0
2
0
472
756
0
10
3
0
0
554
0
0
6547
0
207
2
222
0
29476
1132
0
0
0
0
22
8145
0
0
0
3
0
183
0
0
1094
0
0
0
30
83536
5717
0
3
0
0
1044
1
9
0
69
0
0
0
0
0
0
0
0
12
0
178
548
115
0
0
7088
0
0
1
645
9117
0
0
0
0
6891
0
0
4
0
0
18252
78
0
493
529
0
6
79
1973
0
743
12
0
44512
552
0
0
4804
0
0
132105
29650
2238
0
25
987
515
0
6333
2073
4
5101
9813
18214
0
0
0
5
0
2316
0
0
0
29997
6638
0
0
4
0
0
0
0
91
0
0
0
4636
1334
357
50490
1844
0
0
0
0
3392
2992
0
23
9
0
0
598
0
0
0
186
0
14
0
111
0
0
0
54
0
1412
0
0
13440
459
0
0
3
0
0
0
0
71
0
0
111
0
0
41516
0
0
0
0
17
0
4866
270
1818
0
64
0
0
0
972
0
151
0
0
2481
0
74
0
0
2572
0
0
0
0
0
20309
0
0
0
1
0
0
158
0
0
0
0
2
6
0
0
0
31180
0
0
474
167
3
716
0
0
0
351
2971
256
5588
1719
0
143
230
133
10080
28
0
15852
2
0
0
2
58
0
0
0
0
9073
760
88197
0
344
0
0
0
305
7
0
0
1
1167
799
9
5171
0
1
0
0
0
0
0
1267
91
7
0
8522
263
4795
0
1846
0
172
0
0
10
0
0
0
0
333
122
0
15671
0
153
0
1582
10
0
53
0
0
20
0
0
3
0
0
353
7993
4494
0
1242
8246
0
0
0
960
0
0
0
0
0
2199
1163
1357
8554
0
0
0
68
31
227
0
0
0
87
0
1
3330
0
0
0
0
323
0
4677
0
0
0
0
0
165
0
0
38
0
0
14801
0
56
18615
18227
0
0
42
0
0
21
10
0
3997
0
0
0
86
0
0
0
0
0
751
0
1
2
9
0
0
6
1225
0
0
0
408
0
0
0
892
0
17
0
902
14514
4009
0
0
131
6310
13
27
36699
384
0
205
0
31738
0
832
1
0
2091
0
0
379
0
0
14817
37560
0
136862
71326
0
30310
0
0
57
0
0
0
26
0
14
0
2301
17
0
3
0
442
2699
11
0
0
0
29
0
0
5441
0
23626
0
21
32
2
1191
0
12443
48
9367
13014
0
0
125
5339
0
0
0
0
0
3
0
0
8974
0
0
0
0
0
0
3
654
574
46
0
0
0
0
178
0
1014
2
1567
0
77884
13311
0
2
31
15
0
0
0
0
11
1744
161
0
2
0
0
0
1326
0
0
0
0
0
334
91
1
1
68
122
0
0
0
84179
224
0
0
11918
0
19312
2608
0
0
39
14
0
25
514
53
629
0
0
4
0
94
0
0
0
886
0
277
0
6
167462
0
0
217
0
0
3
8
0
668
0
18218
0
142
222
0
0
45506
3
0
0
0
87
72653
0
42
0
7
11439
1063
1820
0
0
0
0
0
225
22
0
0
13
0
1359
0
887
17797
0
38752
9
0
84
0
0
0
419
16
0
11988
6
0
0
26986
2282
2573
6
0
3
0
0
159
21
0
0
4187
0
0
7
0
0
1568
9705
0
0
1455
0
0
0
0
0
0
7454
0
5
292
0
0
0
0
0
0
196
34
0
0
0
11
0
0
0
0
0
0
0
0
384
0
0
0
23
0
5
0
5100
0
3
0
0
0
0
0
1990
0
69
84
0
0
962
31
0
0
0
0
0
10
0
0
58569
0
19013
0
0
12
13
28
0
115
0
0
0
99
4697
0
0
0
0
0
0
37
0
0
0
0
0
184
0
6
0
0
0
0
1
32
0
3
33
196
0
46001
292
399
31
7397
14
0
0
3342
0
178
0
0
1652
383
0
0
0
3378
2946
0
2199
22660
2148
18386
0
0
611
4022
5499
0
0
1
0
24420
73
137
0
1
0
0
0
0
0
81
1
1986
1637
1618
0
1985
1235
4327
0
2
324
0
517
223
0
0
2
0
8537
0
0
0
0
0
496
0
2000
0
122
0
0
0
0
1360
0
0
718
1
610
0
0
0
0
0
0
0
145
0
0
0
258
46506
0
0
0
16953
0
21
65616
0
192
856
0
3239
0
0
13
0
0
11089
47
0
270
0
0
6269
595
239
0
0
0
0
1
0
8476
6
644
0
3925
57
0
0
0
0
96
7999
2012
2
0
0
0
0
0
0
0
0
0
0
0
7530
0
0
0
4
7
0
0
0
334
88999
2570
175
57
238
0
13
0
0
2
0
0
51
114
0
0
4
3081
0
4
583
134
0
2860
60
78
0
10218
2834
86
0
0
259
6154
0
0
12
0
90
2747
0
283
0
38705
0
33974
0
0
0
0
0
0
517
1
6
89
0
0
0
0
0
0
0
0
0
8
0
91
0
564
0
0
0
23382
0
0
0
0
0
0
35359
43
56
0
0
0
0
9
540
0
5891
0
0
753
0
18
0
0
0
54
4197
0
2628
0
1880
0
46
30
0
0
0
0
12
0
0
0
0
0
0
0
50
0
0
2994
0
0
0
0
0
15
9
0
0
0
2
0
0
475
3635
0
7791
54
27312
0
2587
0
0
0
12029
0
0
713
0
0
215
362
0
13
0
35
212
70645
1364
13
0
3802
0
81298
0
0
0
0
3
0
5366
0
0
0
0
20
1087
0
113
0
0
0
0
111
0
195
2
0
497
47
0
640
0
0
0
0
0
0
573
0
0
0
4
0
5
1
0
13
50
88
4566
0
0
2282
22
5609
0
1997
53580
132
1105
0
0
2
0
73
0
0
13242
1
0
61
0
0
0
12
2
0
0
0
0
0
0
0
0
155
6
2
0
305
1198
0
22
0
0
17727
0
0
0
0
0
0
6744
0
0
60593
0
344
0
16
7079
0
0
0
15978
10025
0
0
60647
635
23
4333
0
0
1339
0
0
818
0
12345
11361
0
0
533
96
0
0
0
0
135
1
8756
0
1858
5198
0
2547
0
227
0
10476
0
0
0
0
42
759
2307
0
0
0
26
82
8006
329
0
0
0
1512
3417
0
0
1834
22
0
2712
0
0
4
16381
0
0
850
0
0
745
0
1906
608
2719
0
0
0
147
0
0
36
0
0
0
0
0
70
4
964
3866
2797
36
0
0
24
810
0
0
0
0
0
0
0
443
0
0
0
0
7626
5742
0
2
0
4
6412
0
2590
0
0
1558
16505
1527
3
0
2
0
42
0
0
0
0
0
10908
0
90
0
0
23
0
5
2847
0
72
0
1679
0
0
35
0
1771
0
22547
0
0
0
546
0
0
28
28
0
71
4604
0
96
0
1
0
476
0
0
0
5
0
0
5
0
8
0
0
0
0
0
0
0
0
0
6255
1359
2637
187
0
198
941
0
0
6451
0
1
72
0
36
12834
67
15607
0
0
0
450
4159
415
21
0
0
65
0
0
1366
0
0
4
0
0
65
0
156
19
1535
0
3087
0
1
0
1
0
7267
1062
2353
0
0
0
161
0
0
0
0
192
0
0
9
0
0
0
50
961
0
0
0
75370
10667
0
0
0
0
0
0
0
0
0
1987
1
0
0
1170
1
0
0
0
339
17
0
0
0
0
202
0
0
8
0
0
0
0
0
0
0
5
8
3
6
0
0
0
7713
0
6
0
1
340
0
0
993
23934
0
0
6
15
0
5789
0
2
0
0
1653
479
0
0
56
7625
10
0
0
0
0
7
0
0
4
13
3786
1483
5
31
0
0
331
0
0
6041
2127
13
100
0
0
1393
0
0
69
3104
0
2546
0
4292
0
108812
0
4309
0
0
0
12
4926
127
0
133636
36
0
215
14
0
0
1148
7912
0
0
2
0
49903
0
7535
0
0
0
24898
7
0
0
0
0
45
0
0
0
0
52
0
14
217397
100
15510
0
0
103530
0
102
710
0
0
0
0
0
0
11
22
180
0
0
23
0
104
0
0
0
1
0
0
0
0
0
0
40
2
0
0
0
0
48356
1101
0
0
0
0
0
2143
0
470
0
0
0
0
0
0
1292
8834
0
0
0
0
0
0
79872
181
0
0
6925
0
0
0
0
6196
4
0
0
0
523
6
0
525
3
1768
0
0
21
0
0
3333
0
0
5637
0
0
0
99
0
4191
0
0
0
0
0
0
53
0
0
16
0
10271
2124
0
0
0
0
0
24102
0
0
7919
0
0
0
0
124
3766
54
0
3
21
0
0
353
0
18100
0
0
0
0
0
0
0
0
34493
0
25
14604
46
0
0
0
12825
0
150
95205
250
89
0
0
9
114
372
0
4
0
0
48
0
0
0
84
0
1341
843
461
0
0
0
47
0
335
64
0
0
6
0
0
0
603
0
61
125
90807
0
49
0
15340
0
0
35
70
0
0
4868
0
933
104
0
0
2522
0
0
4149
0
0
0
0
0
326
347
0
0
12600
0
0
2662
0
0
0
2588
8
0
0
0
0
20205
0
0
1
2713
0
0
0
0
0
0
0
0
75218
2968
0
1
125
0
0
9969
0
10121
0
0
0
0
0
748
0
0
4360
271
0
0
0
97
0
0
0
0
0
1768
0
6420
0
0
0
599
82
0
0
0
0
0
1444
0
7
0
1551
56374
0
66889
438
8
0
0
2931
9
202
104073
0
0
0
0
40
0
0
8968
0
0
20
0
110148
0
0
0
0
0
11463
875
0
0
0
0
1
0
0
0
7
0
22
58
0
0
4882
0
0
0
0
0
191
0
0
0
6831
0
1
0
31
0
0
0
11926
6778
0
0
0
2
168
0
171
3
232
2789
12
4179
12
0
0
2456
5121
0
0
0
5144
23470
10
12575
0
0
2643
0
0
0
18
245
841
0
0
0
0
2
6826
73
0
1
25745
3
0
0
0
82
21
5
0
0
0
0
4
0
10
0
4760
2280
0
214
34
0
26
0
0
0
0
0
0
2
137
0
269
0
0
0
0
0
762
0
0
0
0
99
0
0
0
2882
0
0
0
0
708
0
648
17
0
0
0
3582
143
0
36319
0
7
0
0
20
4
1
3958
0
0
2675
1086
0
0
42
0
2
1520
0
371
640
1136
0
0
0
0
47
0
0
0
1882
0
684
56
780
28
0
0
0
653
7814
10731
0
3661
1
0
0
1
0
0
0
2293
0
39
8
922
7533
1
0
0
0
0
0
0
0
14831
0
0
0
14
127
305
1955
0
0
0
0
0
0
610
0
0
9
0
0
1894
31
0
0
0
0
11
0
0
1128
4393
0
286
0
153603
6685
0
0
0
0
0
21
354
16168
0
0
0
0
0
84
41
472
0
9490
0
1938
0
262
0
11463
7909
3
0
112
0
0
0
1385
0
634
0
93
2
111009
0
2370
1040
44
297
18877
1113
1951
0
0
0
0
0
0
0
7
0
33313
0
92
0
0
33
4
0
40
0
1303
890
0
0
1124
3
0
0
20
0
8313
0
0
1
40
0
0
83
1353
0
1454
36506
1349
0
20
0
0
0
32
67
0
0
1460
0
69532
161102
676
7
98827
0
0
0
0
0
220625
6
0
37
0
0
21
130638
0
0
35
0
90
0
0
17984
3256
0
0
5
0
5293
524
0
0
0
18643
99
0
55
0
0
9511
0
0
23956
0
264
0
321
4005
29863
0
13
1
0
0
0
0
0
0
0
16324
237
0
888
0
7714
1852
0
0
0
0
0
0
36768
0
404
7237
0
0
3
0
0
0
54310
5468
0
0
272
3566
514
46
3549
0
0
0
0
0
0
0
0
0
0
307
16
10
1
0
396
0
0
959
0
0
4
0
0
2
0
2926
0
0
0
0
15
0
9
0
89185
0
18
3
0
0
971
0
873
2326
0
203
67673
0
2458
46
0
1370
0
292715
0
10004
1605
886
0
0
0
173
0
0
1691
0
0
13
0
0
2
0
0
165
0
0
0
46
0
0
0
1660
0
0
0
103
0
0
15
1
0
0
0
0
0
0
0
3166
0
172
2720
114957
199
4070
0
4548
0
86487
0
0
186
0
0
1
0
39802
0
0
1
0
154638
515
0
110561
30043
0
7089
0
0
0
0
0
2292
3
0
458
0
0
64
87
0
2
0
0
0
0
1256
722
0
8725
4
35
168
0
0
0
0
16
67267
702
0
30
0
0
0
1
0
0
0
0
3
28
0
4056
0
0
159
0
0
0
0
1
1
6091
0
0
0
0
0
0
149
0
0
0
175662
4
0
0
0
0
318
2004
3
101256
2
25
0
76837
73778
1
139
0
0
0
6
0
2105
0
0
0
9027
0
0
0
278
5581
96647
3779
0
0
0
0
0
0
0
0
1800
0
0
619
0
0
31
17
0
0
0
0
0
2348
357
1343
0
131
84
0
0
768
0
0
0
0
0
0
0
0
90803
0
5
5493
1
0
10348
0
124
3
6003
0
0
24083
0
0
0
8
0
0
293
0
0
286
0
0
1522
0
0
0
11
27308
0
500
52
0
0
0
84917
0
211
0
0
0
0
0
0
16752
0
0
0
280
4
0
0
3
0
1
0
15
4358
0
2
0
7
176
9731
29138
63933
0
0
15
0
0
384
753
0
5410
0
0
22944
0
3920
999
332
0
0
0
0
1
527
0
1599
826
0
0
0
0
15
0
0
2422
31804
0
29
0
3845
0
0
0
0
0
21
0
0
0
0
0
0
0
0
0
0
3502
0
0
235
0
0
2542
0
6
390
123
0
64
0
0
0
0
3020
0
9
0
0
227
0
0
16780
12
98
7
903
0
0
0
0
0
13276
130607
0
0
1161
0
50
0
110
0
0
0
0
18742
0
0
0
0
43
28
0
0
5593
4429
402
0
293
0
33
1
322
0
6
2592
0
0
1
0
5
43
0
0
0
0
11
41498
914
0
1
0
0
1202
0
1590
0
7
0
0
0
0
0
2826
1
0
0
0
0
1
0
0
0
4021
0
0
723
0
341
0
1319
6
373
0
0
0
0
0
0
0
0
0
0
0
0
124
0
2115
0
0
0
0
0
99
0
4
0
0
0
0
41
0
0
0
0
0
0
0
3
7
0
0
117
0
0
87233
3195
3
0
36739
52493
0
0
5
2140
310
0
0
5
0
0
0
0
0
0
0
0
33
78164
0
0
0
0
0
73
0
1018
0
0
40
0
0
0
3
130494
0
307
0
0
1106
0
0
1215
0
0
20
0
0
0
14
10246
15
82
0
0
0
0
0
0
16470
228
131
63
4
0
19867
0
0
6
0
0
0
0
0
0
3501
0
0
0
44
0
0
0
0
0
114
377
1282
442
0
924
0
0
0
1597
0
0
1943
129
0
0
0
0
16
0
616
68
0
0
0
0
341
0
7944
0
0
0
13
53
110
0
897
180
1595
0
0
33
0
0
1
258
0
0
1824
0
0
0
3
9
1962
0
963
0
0
0
0
63
0
3
0
11277
0
66
0
44
0
0
0
28920
156921
7
3196
0
356
34
0
0
0
3
99
0
821
0
0
13
0
0
0
3
0
1
8
15027
0
4
0
0
5513
0
12990
0
38
0
2
498
57
0
0
0
0
0
5749
2
0
115780
22
0
56838
31
895
1614
0
0
0
0
0
6769
2902
40
145
9
0
2414
0
0
0
0
70739
0
0
0
31
60
0
3100
23610
0
0
0
1743
0
0
0
3
204
489
0
0
559
0
656
0
2
718
142
0
0
0
0
30
0
0
0
14
0
0
74
0
0
0
216
0
0
0
0
0
0
1
0
0
0
0
0
0
2781
0
0
0
0
0
332
45
0
25094
0
0
2389
462
636
0
0
0
0
0
713
77623
44
0
0
23343
0
24982
81
60
0
0
0
0
0
0
0
0
4369
0
13568
112317
0
1456
0
0
235
0
0
0
104947
462
0
0
0
0
34
2998
809
0
0
0
0
0
0
0
9765
0
0
239
89557
0
11
20
0
0
0
453
0
0
0
0
1
0
0
0
0
0
56
0
0
195226
0
0
126
0
0
0
0
0
702
58
435
0
0
0
0
1019
922
12
592
6655
0
0
1206
0
0
1
301
1254
84
0
0
0
0
0
0
0
47410
63
0
903
2105
0
0
0
0
3106
0
0
0
1560
0
77
0
906
1896
9
16243
20
0
0
0
0
15
0
0
13067
0
0
15886
0
0
0
0
2232
0
1338
0
1
0
0
0
0
98
0
0
0
0
0
0
64
0
0
0
0
2745
21
0
3445
0
0
0
19
0
0
0
2856
0
0
0
0
0
66
5
1243
17
16
0
0
0
0
730
63
0
0
236
0
0
0
0
154
9409
0
0
0
184
3
0
0
0
0
39256
0
0
0
11
14518
0
118
316
0
0
2
0
0
912
2201
45
2
0
0
2704
0
0
0
3
374
0
4584
0
0
263
0
0
0
0
0
0
0
85877
0
0
345
0
41915
1
0
0
0
5814
0
270955
0
353
0
0
2
0
0
0
61
0
83295
62
0
0
0
0
2
0
0
0
10001
16
0
0
259
0
0
0
0
0
24
18
23
0
30
0
168
249
0
446
8105
0
0
0
0
0
1
0
31533
156
0
0
0
0
0
23
0
0
3
0
0
2266
0
1771
0
23
0
0
0
0
0
0
0
0
0
0
0
0
226
27
5052
0
0
0
0
247
0
0
24391
0
7
25
285
0
0
0
0
0
0
1606
0
0
1
0
453
0
0
0
1154
0
0
0
0
0
0
26
0
167
2
0
0
0
0
0
0
0
47
0
0
0
0
570
0
0
3227
0
0
0
155
1453
2744
88
0
0
2367
0
0
285
14953
0
0
0
0
0
0
0
0
0
0
47
8864
93408
26023
0
34
0
0
4
0
2
82
0
0
189
0
0
1
0
1968
0
29167
65
1611
450
0
38084
0
0
0
0
0
0
0
0
0
42
5783
15410
0
4
0
0
0
3
498
0
8065
44
0
0
1000
0
0
2040
0
0
1
15
0
0
0
0
0
1753
0
1210
0
0
7656
0
0
0
0
88
1
0
4156
11410
160
0
14
0
7
110365
38
0
3526
14
0
15579
110
0
1
0
0
0
967
0
0
0
3
6
0
0
0
995
0
30473
0
0
0
0
13
268
6
0
0
0
0
0
2854
0
82
0
11548
7599
0
0
0
0
0
0
0
0
5924
0
0
0
2482
0
22886
18338
2003
0
33432
0
0
271
0
17520
1023
0
0
0
0
205
3
3534
0
0
0
76
0
0
0
4325
0
0
3204
8790
0
0
6176
13
0
0
115310
0
13
0
0
0
0
6014
0
0
526
179
11006
0
0
0
340
0
976
0
3
2
0
0
0
0
0
147
0
25343
7674
23084
27964
3930
2065
1359
0
0
411
0
121
0
0
1634
0
5667
92
0
0
5263
28
0
1977
0
0
13377
7822
0
0
0
0
0
0
2405
0
0
1611
34
0
180
0
0
0
0
2615
2
0
0
0
0
1
101
0
9894
1681
2880
18
0
0
11
0
1
0
142
0
0
339
0
0
640
0
0
13
0
78
1
0
0
0
0
743
0
212336
0
0
11066
3535
55
163643
188
1128
0
1514
0
78314
4
0
27694
0
22741
0
0
0
1
2
90
0
0
0
528
0
1908
45
1
0
5
1721
0
0
273
4
0
0
666
7
0
2171
0
0
0
0
7
85
0
0
0
0
1928
1816
0
0
6987
0
10161
6
0
2
0
80404
0
0
3211
31
0
0
0
0
55
0
0
0
0
0
0
0
0
0
0
433
0
618
0
2
601
111121
1149
0
60
1058
0
560
333
0
28
22
0
0
7
12639
1379
0
6
28
0
1246
616
0
0
6423
1118
0
0
0
0
40138
152
0
0
0
1539
0
0
0
0
9
36
5
0
0
0
0
0
0
56
0
8009
0
0
0
0
13
0
0
10
0
43
5
0
13
239
1119
0
10
0
17
179
0
17234
11324
62
0
4057
0
4396
1228
0
0
0
2
10115
4
0
0
294
0
270
0
0
2
74
2982
0
2240
0
22
0
0
8319
0
0
3
0
0
0
0
12759
0
0
0
226
0
0
127
24
100
0
0
0
0
0
0
3
33870
0
462
0
0
3
0
24
0
0
0
0
0
1
0
0
0
3
0
0
0
0
0
0
7468
0
0
0
0
1081
0
0
0
0
941
0
0
62
815
1432
0
13
339
26
0
0
0
0
0
0
97
76
0
3
0
0
11211
169941
14
0
18
240
0
2191
699
0
42
1530
301
8480
0
0
0
0
0
0
6329
5045
0
0
0
688
0
11
0
0
0
1992
11
0
120
2
0
32157
1422
0
2423
0
0
4739
0
0
0
127
20
3
44
1287
0
35
0
0
0
0
2043
0
126
206702
0
320
70
0
0
7
50
0
2188
0
853
0
862
0
0
1
0
2532
0
0
12612
56
15464
0
102
0
37297
0
0
0
0
0
0
0
0
0
0
3941
0
0
0
15926
911
0
0
0
0
1
46410
0
283
0
0
0
8222
90
0
6
0
74
2667
36480
0
0
495
38
6313
0
0
0
0
4177
0
0
0
1155
0
2187
2
1394
0
0
0
0
12137
47467
0
0
0
0
40
0
0
1
0
0
0
0
0
0
3157
0
0
5
28823
0
49
0
9
9
235
3655
0
2258
3
15
0
0
0
0
763
0
0
0
0
3
0
0
4
0
0
0
196
18620
0
6
0
0
2191
0
0
0
0
0
0
0
0
0
68
0
0
0
0
406
1749
0
0
0
1
0
0
150
0
0
0
0
3
0
0
1116
0
6964
21
0
1
0
0
0
0
0
3550
0
4096
209
57
0
5
108
65
0
23292
2
847
0
120
0
0
3575
71
0
0
0
203
0
1
0
0
0
127
0
12
0
0
1470
0
0
9
0
0
0
2
5
0
17
0
0
1060
5201
0
6397
0
0
5
0
0
236
0
4
0
0
0
1
0
0
44
0
92
22
0
0
0
4748
0
6508
4
0
0
14858
295
48
32681
0
1520
0
5064
0
0
0
15
3266
0
0
0
0
0
0
0
3556
0
16
0
341
0
1596
2
169548
0
198
0
0
743
3663
8
74563
0
0
1
0
6
0
162
0
0
0
0
613
0
7
0
0
19316
0
1
0
0
2207
16
100
11617
0
0
0
0
0
0
9
0
0
0
92
292
697
0
0
0
0
0
30955
0
2319
49670
0
0
0
0
113819
0
3761
0
0
0
0
96
679
9
0
0
439
0
0
0
9328
749
0
47
0
0
0
0
0
424
249
13
21
2736
253
0
0
0
9
0
0
0
0
0
0
0
0
0
548
0
0
557
0
0
0
0
0
0
0
0
3
0
4
0
2
2998
0
0
0
0
0
180
103
0
0
39303
0
0
11545
0
0
0
0
17777
289
0
0
33
0
150
0
0
21961
0
1266
49
94
0
9037
0
0
3419
0
0
0
0
336
0
0
7142
0
80
0
11494
1562
0
0
0
0
0
0
3070
747
3
0
0
0
0
0
0
92
0
0
2
194961
12664
19
720
0
0
0
864
0
0
5660
841
0
811
0
0
209399
0
0
0
0
0
0
85801
0
0
0
0
35
0
0
0
0
167755
221
178
0
0
0
0
0
38
5958
0
26163
14
0
0
0
20419
0
0
0
202243
0
0
0
423
0
0
0
29131
0
44582
347
0
189
0
0
14622
0
1001
0
0
0
0
47808
0
0
0
0
223
0
49
0
4125
0
0
2
0
2596
0
7
0
0
0
160
0
0
0
3860
3362
2016
0
458
35
0
0
27260
0
0
0
0
0
0
23
0
0
276
0
4534
2255
0
464
7041
0
928
0
3924
22
0
8
0
0
11677
0
0
0
0
0
0
0
0
0
0
303891
105
0
91
2103
0
0
0
0
0
0
99678
0
0
3535
0
0
114
0
0
0
139223
0
8372
177881
9
0
14343
63753
0
48
0
6685
22303
0
8308
0
0
6833
3554
354
2053
1285
2430
0
198
0
0
0
51
0
0
2900
0
0
5
3
0
115
31
56
0
0
114162
0
0
242
31611
0
78688
13028
0
0
0
2146
632
0
385
0
53
3
1425
0
1725
11801
0
0
0
0
0
0
0
0
0
540
33263
25
0
2366
0
1693
0
0
0
3361
0
514
259772
0
0
0
0
0
23
1
94593
0
7666
2
0
0
0
0
4157
0
0
0
0
0
0
12768
0
0
0
2
0
4
0
0
109090
0
0
51
1
24
7009
0
0
0
13534
1210
291
8133
0
0
0
0
0
6
0
0
1
0
0
118048
0
0
156
0
0
181
55589
0
0
4725
24
2
0
1192
0
20
0
0
87300
0
0
2016
302
19
0
0
0
0
1178
58150
0
5
0
0
14870
38115
0
39318
47018
0
0
210
2
13413
0
0
5041
0
0
26390
294
0
0
0
0
1
26735
0
2396
0
0
0
107
662
669
9245
5
0
0
0
0
28
22899
0
2257
56
124716
0
0
241
30
8246
46
583
0
1654
0
0
235
0
0
480
92
0
0
0
85532
0
5
5765
10
5858
216270
0
0
19473
0
0
0
302
0
0
0
0
0
0
0
13
9603
0
0
9159
0
0
0
117558
372
0
4
8122
0
32
819
29781
10632
0
0
0
0
0
828
3
0
0
0
0
162086
334
12380
61
285
0
7715
0
0
0
2959
0
1
1911
0
0
0
0
0
0
0
0
3149
457
0
0
40
0
35
0
212478
848
866
2032
331
4
0
38
91554
155577
0
7
70272
0
0
0
0
130474
1
12161
441
91
0
0
33472
0
0
4
76
1962
0
17957
5652
74
0
0
0
9659
107
1
0
1330
132
0
0
0
0
0
0
0
0
213
206
0
0
0
0
0
23018
0
505
3
0
0
0
0
0
0
0
1
17467
0
0
1522
0
0
0
10789
1984
23
0
0
0
0
0
0
6927
0
0
81335
341
0
2312
32172
0
7
3899
829
0
0
0
0
0
0
0
0
0
2391
15
74590
11
0
0
0
0
466
0
0
901
33188
0
374
1909
268
0
1030
0
0
0
80
387
1
0
0
0
0
0
0
0
31
0
0
0
0
0
2067
0
0
0
1177
0
0
11388
31650
0
0
3385
27168
0
0
0
121342
0
0
0
0
0
0
11760
228
7500
0
0
0
33
0
71312
0
0
447
3986
205999
0
0
0
0
0
30
0
0
0
5
11
0
0
0
391
24486
0
0
29
0
122431
102213
0
0
67
0
0
0
0
0
0
3547
2792
2151
0
0
1
0
0
2229
106
24
0
1203
24
0
288
0
7007
0
6045
231598
3605
577
0
0
99
105
0
0
0
0
16654
0
17240
0
0
0
8
106
0
0
0
0
0
0
838
0
0
0
4
2
0
0
0
34072
180
13842
0
0
20902
0
0
20131
3448
0
0
1966
0
0
1933
1148
0
322
11025
346
682
3
0
231334
0
5975
0
2
0
0
941
0
0
393
0
13608
0
14
1
0
97172
114726
643
16201
0
0
0
469
88
0
0
0
0
0
0
0
505
0
933
0
0
96
0
0
0
0
0
0
0
16
1175
0
0
0
1580
36495
2058
0
0
0
2
0
0
0
4796
908
0
5946
0
0
9921
0
791
0
2
106
320
0
0
0
0
0
533
9
6060
18679
76602
2198
0
171
0
1
10
0
0
0
0
2865
0
4
5777
0
0
0
3529
0
0
2057
0
0
3892
1
0
0
0
2904
14
0
0
0
0
0
0
17
12
0
2074
0
0
5265
0
27
34
0
15898
0
2
0
8489
0
99815
7598
5777
277
0
0
0
57
0
0
0
0
0
601
77
0
0
120
206
5580
0
0
614
1153
0
11
0
0
0
0
0
0
19
0
0
0
0
9
0
0
0
13
0
132775
55180
40
46808
0
0
2
0
3722
1
0
0
0
506
363
107148
0
0
17443
0
467
49220
0
0
0
2
0
0
0
0
7
5353
2102
0
0
45856
0
0
180
0
0
0
117910
1707
0
0
0
35
0
0
0
0
18792
1250
892
0
0
7
3
41229
0
97104
1
1139
11
0
51388
20267
0
498
0
2477
0
0
0
0
0
0
47
5520
0
999
0
31
540
50
8414
0
0
2
0
516
6301
0
0
0
13728
0
6658
0
0
5797
9499
0
0
0
1791
0
68813
179623
0
0
0
23
0
0
0
0
0
0
0
535
312
106
24
4577
0
3
213
0
131976
0
2050
0
0
37
5552
0
742
0
0
511
0
0
511
210
0
35
0
1
0
0
321
0
0
159272
325
1083
6467
129
0
0
0
0
0
0
538
0
0
0
0
1354
0
0
0
17513
167
10
1619
0
0
328
0
0
0
0
1574
0
0
8
0
0
0
5883
0
0
57268
0
0
0
45038
0
0
0
0
0
0
2350
0
6473
62059
0
2
0
0
0
0
0
8
9
0
8641
0
5603
0
0
136
0
3
0
0
464
28
0
0
17554
0
2
1885
0
0
90436
15
113
645
8
0
0
0
0
55351
0
0
0
0
6715
0
3682
0
0
0
0
1
0
0
135
235
0
0
0
5808
0
0
3950
0
0
15242
0
0
0
0
0
0
0
422
672
0
8
0
0
0
41
49112
0
0
1173
0
115
0
33
0
10704
0
0
79
0
112
0
139161
0
61
15165
0
1760
12831
0
168
0
0
0
0
0
3473
0
0
0
133
0
6560
1789
6
0
132
70718
0
1071
0
29099
57
0
5538
1045
0
0
1926
0
0
2923
0
17625
0
0
0
185804
0
0
0
41315
54751
372
18238
4
0
381
148823
785
0
0
0
0
1
0
0
6
0
0
33850
1578
21356
0
2068
2
0
1317
99
0
0
0
0
4481
0
10385
0
0
4375
82396
19500
0
0
0
0
554
10
1328
6577
0
7967
0
552
0
0
6
68165
1349
1
0
0
0
3330
0
6641
994
407
0
6224
0
0
0
0
0
12235
0
0
0
0
0
0
0
0
0
0
0
17
0
0
0
0
4
280
1477
0
0
54616
0
0
0
0
38
4841
0
0
24
0
0
0
0
0
0
91
0
836
0
0
0
1460
0
31010
99
0
1363
0
0
101
0
861
0
0
0
0
0
0
0
12
264
0
0
0
2
0
0
156
0
6
0
10
2507
0
0
0
0
5
1
0
0
0
0
0
24
0
4298
193
0
21
71
0
4932
0
2362
2030
0
0
128413
0
0
0
44
22238
0
0
5
22
0
0
23566
0
4
0
0
0
2662
228948
0
721
17986
0
0
2
838
10
0
0
14670
0
0
1135
46905
3739
0
1190
14335
9
0
4910
0
227
0
9350
0
0
0
0
0
0
0
153420
3400
0
0
0
4315
0
1014
0
0
0
198175
0
0
0
0
0
0
0
0
0
0
0
0
7
0
920
9967
13
0
8
5
0
0
1107
40099
33522
156
0
944
0
95658
5
31114
0
0
0
0
8
0
0
200
0
32
575
0
401
0
4517
0
0
0
176
0
0
145
0
0
0
24
0
7186
1845
0
0
0
0
0
2020
0
0
0
85
0
32458
0
773
0
0
0
1441
0
2690
97509
3938
246
19099
0
0
4
0
279
0
1302
688
0
0
0
0
0
2775
0
0
49102
0
0
0
0
0
12
1
3844
213
77752
0
0
598
0
0
0
0
0
0
0
1116
11
0
0
1943
0
66897
0
801
0
0
0
4
0
0
125280
11037
0
264
0
160
0
0
0
0
0
0
12085
0
33511
0
4
2
0
32143
4
0
0
0
3799
104626
0
0
11
410
0
0
0
0
0
2471
0
0
230
3
0
772
48
0
209
805
430
20427
1729
1
0
4
0
0
0
0
0
0
24
0
0
27
0
0
9
0
806
0
0
0
0
0
