"x"
53
114004
73390
130784
170
23158
0
123754
0
25
8230
701
20949
107500
0
864
317
3143
0
16
125
452
891
0
90047
0
371
3643
43
683
4214
174
11497
141
21
79093
4004
1
136783
0
80
1637
0
0
6191
1130
1142
0
0
91974
3
718
207996
0
52314
0
47653
745
1888
58505
0
0
7
12
741
2
28921
73652
0
9
78
0
309
213
125
36714
131
18056
115204
0
151
365
0
1
21
416
5449
719
19
11697
0
467
189683
6
0
7
0
78
0
403
3147
106
127137
76899
13061
2942
0
1264
7836
1714
272
0
4776
10893
160744
25
154360
28
83361
0
73
5
3
6305
6515
4930
0
0
2
42912
0
99204
3212
5277
5493
2465
114956
0
502
83
19
41
97983
0
13
0
0
14
22618
0
138
131231
115355
9
1459
1098
26672
3
83
48
0
131296
0
22
72108
29118
14
0
135331
1028
0
2
93
318
11188
302
43377
124
4845
3
10
122547
161
1975
0
0
0
901
0
13727
173
0
51283
11471
74
0
22833
582
188
32125
61111
94651
0
1029
62
3632
5152
115525
74522
11
0
0
35417
13
0
234534
105036
14820
540
234
0
1248
22
363
0
88
7046
148028
322
526
309
290
1241
584
0
118926
58
1
3
22712
212623
2033
1
0
957
174
1539
1
2
0
139769
47
0
11
4
8956
0
5718
76501
1059
30881
130
23876
24188
22
3394
0
59
92989
0
424
3658
1342
619
0
773
0
17
1765
3071
10
33809
16610
7103
0
391
526
143
115613
554
8193
16
127
3
262966
10467
3980
43
729
23900
102329
0
148
1278
5
532
0
1117
89
0
0
84949
0
70489
0
653
61167
11904
0
0
21617
2081
2
81
0
0
498
5336
152
19712
93986
0
18
0
0
1399
1296
377
4161
576
78
2101
5350
90029
79468
142481
27613
8
0
82
2487
0
224
0
6430
0
105173
272
0
131
0
0
0
0
152
397
5378
0
16774
52566
32
55
0
0
68571
1014
348
291
1007
104916
18707
308
0
113696
4497
37260
0
61324
998
2
1
0
62922
0
59460
1230
0
1169
320
201755
45358
156323
411
0
4830
38537
663
39188
1434
203
21281
25
78430
45
1
10
64
58460
0
0
31
0
35401
0
67
58428
0
2547
1782
143
457
40
301
132056
73
114
57777
17
10
15
0
1
72
430
0
25
277
100417
0
300
135144
0
4317
948
1517
0
0
920
19
0
103157
738
67
5432
0
3636
11047
19
431
0
186
12562
0
1556
10283
0
0
74685
0
0
0
18
0
0
41
3
0
16946
0
400
0
37249
0
27381
220
2
0
62980
1959
54
341
2
0
18
1631
0
1341
1
5896
16
7120
757
95984
10530
399
929
22
27197
150799
8418
53
18574
334
1956
74644
0
3130
39267
108
0
6
2266
135
19
0
44898
0
36
391
1307
0
5
5
48
0
8227
373
0
18
60
1
9
34
185448
14589
1067
17
1370
2931
29786
2
21
33
30
1560
0
0
1
0
0
672
0
0
60454
777
353
483
54923
69145
243
1802
128919
5615
21690
6
19046
0
7075
0
0
0
205
68550
26
27
204
109
30893
5
64537
1
8209
9
2536
22964
0
0
0
4271
0
52197
45
16
63473
31288
101442
114
5651
21
171220
100986
496
0
29170
144231
4350
260
3842
79656
171654
54
775
146
12
1967
916
165
0
0
3572
672
0
667
0
0
0
122
186
50355
49
938
68
819
0
5595
14
293
14357
43703
4787
0
9726
80
226
113
18445
3305
183
0
44
9
183
0
169
0
28
0
255
132332
3759
384
1
0
39549
0
1307
28
0
27
0
2
0
2646
9871
13926
0
1851
0
0
117194
0
0
0
44736
861
0
232
72440
8386
34
2419
0
29432
0
72
110
1
37
185866
8583
10458
0
91
40
0
62
17814
16225
77
52012
58
4
5
0
1
866
257
0
51791
0
0
71932
20
6270
55390
61707
178
573
1164
13
290
91314
160
92765
136
17518
6
0
8468
0
84
0
103473
819
218448
1303
67
46709
0
0
7536
1756
9
9553
0
0
39496
20474
0
42
47586
177
1670
122626
26633
311
36930
30146
0
0
263
33
4
0
48715
721
0
11
0
2304
72007
5
0
10354
0
207
37
466
61363
7
58
0
22126
23856
72036
11532
107028
0
208
1424
30
32
174704
24864
41745
7338
0
1442
0
0
42147
6
118682
5018
2946
4
6124
5
1
25387
3961
0
92910
17845
3001
130
0
139
854
0
65
89
0
50816
69970
14321
969
81
0
0
330
106
2042
0
55821
0
39859
16
2
268
153912
136452
15482
121263
26
19180
462
94324
80269
0
106
340
1116
8700
0
6548
0
13359
3868
250
24804
36
0
62427
0
59454
301
56
44
2
196
622
13282
158
11
2495
0
7
4383
0
2014
0
67553
103234
55798
13
1
96283
169426
0
14213
19
0
12190
18309
0
1320
2607
89885
493
39
19213
2497
2148
26
0
35
418
22230
69
1
0
88012
0
62930
0
9
0
1579
56815
891
3796
0
955
87
0
0
1
401
3022
123
0
0
22224
372
1249
0
162276
0
85
26
4464
24247
126
936
87895
0
1
14187
41427
70
4
339
12401
0
1413
0
6312
0
1
119
101970
40
0
8895
14
146
6951
16
15917
0
84241
16
4
2
22503
17
123
30
38
1175
0
887
7682
0
2
1392
5092
2606
12
167
408
3192
133262
4517
522
21258
88
0
0
8
298
44983
1354
333
42
1818
0
0
0
73342
0
0
0
263433
1201
0
0
20
3
3
19842
0
14923
790
0
6878
0
33
247
40
521
3
41823
31
0
472
0
10249
15
2
7043
79287
4031
0
2
37929
61696
25045
25194
41
8110
17548
0
38480
47
6
3
788
8
151534
85
2
0
23519
636
22624
0
540
0
97
0
17
109
67082
11248
7016
2353
5226
124
0
2
56
6
239
7
0
0
527
87866
30921
127823
0
0
0
3260
173870
878
18
1
3101
76290
12
20
359
4030
3789
12
64
0
87799
0
40
15
749
2697
2719
12806
728
6442
184
192
1
1223
30955
126
0
0
0
9
351
119870
0
2373
10303
9
1
0
80709
87793
0
19
0
0
39328
369
0
0
3239
97
28101
2277
0
114715
666
156324
89
83
20
137
0
0
4
10
619
120472
210194
401
224
1089
45
2300
75767
115
2428
0
14
21
104884
148
0
9283
0
0
5131
67
3
349
107705
36475
22
63089
1
1413
117
161
9
0
22828
0
0
68035
0
133
12707
0
74578
81437
0
23
0
0
8710
0
3
12
7332
3
515
6815
63
0
28
0
0
187
44014
201
85
0
0
115694
0
11
98
132
0
41
7282
4172
46
4152
4
1
2044
0
20873
74999
93826
0
1428
103113
0
322
2287
10967
3083
2013
366
5200
3
1
30634
50568
7
1
0
0
5930
0
583
3833
0
4
0
2446
2205
0
310461
2590
3
0
18
0
1387
6661
1637
2
54
12
28345
20
33461
2838
134998
78
145
0
179
4600
29379
0
1300
0
0
20
654
0
216
193974
3
612
95863
18665
44
6002
0
82
10257
9819
3360
0
1133
57
0
0
172651
152774
63228
127102
205
0
0
2158
247
30776
51917
0
75830
5
0
140146
6109
668
0
392
17883
0
0
1
5636
13
234
26
809
86631
433
0
53498
0
871
248
3017
0
1
1751
0
5
20216
0
1750
31
6674
674
0
474
0
0
27
0
3
1
946
0
16732
7
1995
1347
136
269
234
138942
25896
1789
106
2721
1286
7180
6
68
32
20353
165
88218
96342
0
3839
0
2509
0
58104
1
0
4
3
165501
0
0
0
2
31
23475
104
211
4
314
675
0
49374
81
190
7
49938
76
1
15466
0
0
887
0
20078
0
0
0
3039
15952
54415
15312
0
0
0
0
1153
34
3
12943
13032
40275
291
6136
125086
0
15
9102
0
1767
14438
745
0
101948
3930
43868
0
10256
0
0
1
0
6341
63177
96
313
2
116637
43677
103230
6908
28
1
2
16893
0
750
79673
834
150
1
5498
803
1
52053
2
303
5253
47
11990
8017
0
40
0
111126
26591
53
0
2
62408
0
79
5
90
29
425
286023
618
291
2
64
1
0
0
147529
94
4
29631
0
34
56
57
0
1
0
28
193
20269
0
0
0
56927
2
39
1436
0
0
19
1620
1677
44
60
4
4582
1250
32
22849
926
1824
21474
44
1557
0
729
333777
16738
1
106
7374
7
134590
37
0
61988
0
0
51216
0
918
646
1
0
155
13118
32
12021
30825
1712
222900
91
0
0
56
31
2385
15723
46
81
0
330
53544
33708
26953
1062
53
0
358
55126
709
325
33629
6667
41907
213
39
22
284
5
171279
4070
275
0
48
30
0
5048
81432
31
57623
3852
11
41416
717
44515
5624
383
461
0
0
80475
6005
41
80261
14
0
2801
1094
1594
0
24102
402
335
0
32840
1
0
81
469
2239
23
11
85
1735
10703
723
193343
0
81
851
19
68
62
0
59
0
12242
51820
84
57439
96025
0
0
0
102
0
0
0
24
6536
7141
432
17196
1
498
411
8
0
63
5561
143
47
0
1156
73478
2879
78
0
135
4728
16192
637
32
37412
0
0
24037
0
2072
142
5
1259
4115
2
747
3
0
1294
223
93282
259
2
69113
81041
224
0
9
1001
28054
0
0
535
0
782
21
0
85663
0
0
4993
31
0
0
978
8
0
5634
1
239
48768
31
8946
7
123702
5515
52904
11251
32
51302
42940
850
22
17
932
0
0
3675
6068
1
161
0
24268
729
41
3
0
234049
0
178771
50
205
1676
11061
0
0
0
57866
0
893
1
256555
0
5
18
83511
5
6659
0
0
37582
11125
1146
0
138302
2010
6594
40
15898
82560
30764
30640
211
361
74499
94
0
0
3
0
2176
2045
79
18
45726
3803
42909
6613
569
0
39989
0
0
5646
698
2714
2854
61829
5480
25
106
17951
238
0
10876
148
0
205
2401
0
195
55408
2478
0
3612
50966
0
3678
27
0
36771
39
0
13
34
1437
2
0
0
6752
372
5348
361
140
3145
0
7812
718
434
0
162127
5436
0
230
196624
18
141574
26191
728
215
69
3449
0
221
0
496
234195
12
6290
12
17439
0
0
1543
1326
485
15
24322
868
0
11533
34017
7414
232418
0
95
145
906
1896
2
0
0
3
58078
106
2138
219950
80
72
45503
265
93935
68
4683
2671
28403
1138
329
1082
0
0
208
0
0
2
62
0
0
0
0
19
2811
32
2281
120792
38709
16
0
308
0
4481
39190
0
0
0
0
0
0
103531
751
105030
794
150
19237
4680
13979
0
0
0
6565
368
2
367
109
475
2628
0
9
585
162
11400
0
0
1109
21
0
0
118404
418
35
159
0
0
112
51343
5
0
118
2413
0
26
0
0
21244
0
21
357
0
129313
200
65
68
147683
155
0
0
114
0
334
259
7381
77322
685
0
0
15
0
3983
59
1
0
9
0
16930
0
1663
2460
222703
1214
0
108
48615
2308
0
0
0
0
0
45240
33819
0
27
756
0
6
0
10874
2
134
142
0
8464
0
22
0
0
67849
202
33
0
0
10
0
0
61438
11655
0
19644
118
26194
610
0
11133
55360
1189
0
64
40212
213154
21
70949
903
0
5
199
98
17967
12587
195
2
0
0
0
4562
0
8211
32536
24074
68
20
203
2314
104596
6
221
12079
22094
545
17
78800
3980
1055
28
538
0
33
113
4295
2447
11
147621
1
0
374
703
131
87992
26
606
460
0
12
13706
5821
3543
0
23
16
422
121
19
131601
0
887
0
0
391
0
280752
11
0
60
188597
0
3
0
338
15011
10
3283
6604
33853
187
78369
322
2
0
18894
0
1711
77
40
25
53119
100848
0
4
64
0
4625
8568
12451
131
17
2
0
1316
71
756
758
623
9328
3
3449
6712
45538
54141
2
0
0
6
12469
11
597
155
1434
29
980
0
0
84310
7
468
202
0
94534
30649
0
212
128882
0
3025
8473
44
90359
764
5
246
258
0
0
143708
523
14
0
105255
12482
3436
3507
0
0
69
111651
435
7567
0
0
0
8
1
29118
1559
12
1240
531
115
1586
40443
1356
12185
2535
49
0
0
0
2
3116
0
84
0
0
8632
1018
0
3186
2080
4
40043
31
106
0
1542
0
0
267161
0
0
27
0
0
27
7077
84414
0
750
0
406
22
0
0
0
135821
5
14
994
10201
6972
74640
59
10002
0
1616
110
1528
0
63641
0
5
13
0
0
13298
54
0
0
2453
0
1647
28362
328
0
0
611
0
179
8154
82
0
77
3065
29169
10
92
836
1451
50
12
42480
2952
9099
58786
228
17
38
4
19470
89
82717
8875
0
0
37
0
588
19443
292239
38331
0
78
98354
28931
14
60
0
337
207145
69
32
6449
255
4
0
182
3113
24
121201
0
0
4
0
300
19018
0
5
20
0
327
19
2
0
105516
136911
97613
267
222
68
83
0
153995
37971
92
45688
3182
99748
2482
633
0
0
0
38154
871
0
100
24565
0
213
12
23
5
4
158571
1
124
0
16413
10597
420
589
174
274
109643
58
0
1074
13965
1
0
2122
2296
68827
0
40
0
0
544
59488
0
93
3449
0
0
599
0
71251
3542
3
14
1053
37402
23
15553
0
5
47112
131
0
2556
0
0
6899
15866
12964
0
0
67
2218
71415
0
14
4652
8
150650
0
0
5
61782
53758
12928
0
38
0
2151
7841
1396
2
202411
80
38835
206
47873
1214
9186
7202
0
0
86854
875
6
229
42
1139
12
24291
0
1887
74
11
192
6946
728
155761
98255
376
0
4971
0
0
0
0
1425
3
151
0
49466
27
2480
0
0
261
10674
0
64
2088
2
11305
163527
0
6361
62497
1519
0
23008
0
13
2619
14
73381
0
7
3663
359
13
954
2413
0
0
2
0
0
158726
0
77071
3032
2
287
0
0
17
11458
2
449
6
212
13316
3187
0
0
18970
40661
7914
49839
3
0
4
1237
0
3651
0
94696
53962
6
24631
402
527
2311
39965
25693
98
0
8
0
0
17
39
96657
45005
223
0
12
63011
535
0
445
94025
0
0
0
0
40
0
0
7037
3500
177
0
41
320
362
53
42873
100
17
129
959
8
61473
32
138
136
0
717
2
0
0
71906
264
52
0
29879
1
0
0
22381
1
0
80
0
27
0
46
19363
0
4
344
11366
274
198992
0
112796
33
60
0
57
175
51384
27
0
37
12
30
13650
169
5551
39
0
6
2140
14376
19938
9
14
8
411
0
0
0
104
85
0
4082
7
8675
6357
14125
110
0
1
3
138
1918
10
57
32
5852
157065
47081
43
156
0
263
0
0
27387
0
897
0
133845
113
13
2493
44923
1013
0
84608
29
2188
0
1561
241
0
105
78
944
384
202310
11149
0
89024
118882
62
577
75766
12797
510
0
3214
93
118
0
25
85914
43
41
0
79845
20275
53
333
2575
75982
2216
2459
232588
2462
77
7
2677
35331
0
0
0
61046
291
19
0
459
0
2140
0
41588
74905
0
46680
238
0
150
0
986
8794
0
3
9280
22
3
3097
0
1868
371
0
0
0
49
0
85029
974
0
9
2047
0
195
0
0
0
0
2
46358
16
0
0
0
4124
0
160
7
1
0
13
54
2216
0
59502
0
7
0
76925
16279
10200
7594
0
11
1
1117
404
70617
69600
36327
0
0
8
142
2759
12261
81
3878
0
21
240
0
0
0
366
5088
0
0
142
71
3
706
165361
19
21437
13661
70163
6
108836
181
808
15811
12048
256096
4
1650
15641
1785
35134
0
39
3936
832
463
0
0
312
102768
71978
21
87943
0
1
0
1395
0
4
9
0
0
1289
3346
14426
16
343
1
200
2629
1393
1955
6
203
0
10426
81
573
33
3
17
38
0
9425
35
0
397493
4
123
293873
272
0
0
254552
0
1
0
57
0
79501
4084
20994
86050
0
0
391
39246
0
1
0
1146
5
0
0
10
464
4284
0
457
237
139
136
92440
0
7
0
52
9858
1678
1
0
10608
7520
78528
22
209
8042
234674
7357
1184
768
67619
142821
0
0
16388
4
50656
1
3895
0
2
4206
121255
342
21
0
0
37206
0
0
33
94032
10174
53835
908
34
64834
5135
3273
0
14581
0
61
41
0
0
0
9
601
323
15
220861
33
114434
370
586
2
10
877
11336
74429
1
90479
136
609
72
1
16381
65287
130
7556
0
74
269
0
0
97232
1
0
4863
2082
366
98
47860
7
709
9859
28724
158
1
0
38
158369
0
0
2
34
113065
0
1
4000
13168
11123
24626
1
13
219
1898
659
8
11
19388
217430
0
115225
28
13
0
1613
7883
2118
1
24
0
1415
18
19764
29
12379
10699
14
2734
47759
4027
282
132384
145078
9096
15
26
83300
0
21706
527
68
6
39280
135953
0
0
3
0
26
2
64279
1741
94222
259
26
0
21
18073
0
20
9473
0
418
111199
1909
149
0
10652
1
0
144555
356259
0
0
200
0
252
15956
23
11
175211
0
0
3
0
8841
872
12954
12
0
25
742
36172
0
7551
210
660
10031
831
0
340
0
0
14776
0
2111
16
1
414
194900
20
841
83369
99336
56
157
0
107
472
3
140
0
0
310
27640
49239
0
12
0
9
0
37043
0
0
143077
567
27
62984
0
22674
61
1488
167
390
0
319
0
4
237
90527
184
8263
6
23
327
90
3980
2650
263
1
416
261022
20
0
162104
3920
8
2460
4774
14017
6507
53
1018
0
525
0
7094
1771
27
0
0
650
17
156
719
4
2277
109869
0
2764
404
52600
16605
2948
3438
0
15
122065
92338
4995
5927
17629
638
24359
124238
22
85351
345
127
234
6
28933
4542
0
13
104
1292
486
1636
3370
2
0
1463
8
8932
191
9
0
11
72025
0
90646
0
11209
46549
0
265551
798
3
1252
18111
1
4020
7
150
1959
53077
7465
1685
450
120
11
297
0
23109
0
0
0
68007
74252
9
3
162203
0
0
108
1096
29621
1
2
4
0
0
18761
9211
9296
4
2650
0
0
153355
8865
87
2352
45446
3932
400
0
0
108172
14
136
466
276
31381
581
94328
1880
13
3327
160621
2
0
0
73
0
0
34071
17
89234
8711
89496
7
0
7645
0
38244
6
97
111
0
18479
0
376
77444
9873
0
92
0
40
32
83
161694
139
7693
1048
11
4
62465
396
186
7
15
464
127034
51
1195
3812
0
47216
0
0
70717
29351
597
563
806
0
77003
636
2016
0
13387
4
6
51982
0
97678
51069
42
0
676
83
86466
3283
1610
2
2
3
111709
0
2
0
40
1730
2591
45708
4
3150
59140
3
18391
0
0
0
47
6
0
42674
32
0
0
236
0
13
820
124544
7
0
2671
0
24
0
13866
22
6110
187875
10
24955
380
2036
104157
14
0
128624
0
37568
0
290
9816
431
0
4735
0
0
0
0
0
0
0
0
31295
21165
21118
0
40
94429
16320
63301
86368
3124
0
0
183719
23
42
21
0
6
7984
0
230
57033
672
89131
0
7938
40158
0
0
5500
8962
0
72
20
6065
12
598
124589
0
200
1994
19038
0
7
0
202
1149
73
0
0
28
1058
932
38950
7457
1019
88619
32
110455
0
49693
4
0
0
20864
25379
238
0
251
10
0
0
0
15413
0
21
142
10
0
3
266
40
2270
20
15
1
2941
0
42399
148645
411
0
0
16187
0
236
119085
0
80
3223
9711
23
1320
168
0
0
214
0
3
0
464
1589
0
13
0
197
149
0
0
8011
7
0
19
12
63
0
73294
24481
31857
92910
185
2077
1042
349
67
6
206735
22
212628
0
12268
120
400
55649
4161
1
27193
0
4
76811
0
5119
85451
0
5
0
52190
0
0
865
0
59
47284
0
27516
1011
28
0
50583
71624
2173
40
4793
21
2737
0
287723
1
290
85
105
174114
11722
172
196886
122002
13189
29286
0
414
1
4
68
182
22761
128791
16
2859
93
738
3
168320
96
13065
35827
260
30312
126444
2
42017
44
63
232
2942
1299
0
0
1
5699
0
18212
153667
288
21434
440
0
107
0
94
1927
920
0
1337
924
33850
0
63463
11016
2647
123948
129
101989
14
1002
0
0
68
165
0
0
0
17460
520
15344
7
616
696
4866
0
0
0
104768
0
3335
1521
9063
11354
127571
0
57081
0
3112
0
0
28619
1083
5
71355
44
272
10
0
0
119
1382
2769
319
0
0
408
2
1
531
0
86315
250
219
60770
181
0
4
182
0
0
235312
0
323
196017
0
54149
0
0
9918
0
137
862
12
77
14167
0
0
2090
18369
43
115596
2873
0
270
27
0
0
121
6
1
0
50
0
0
156774
495
0
1056
0
0
0
720
0
113
0
0
0
51381
0
27
72569
1094
118
492
79421
57451
24158
692
268
0
84917
0
0
14769
141
24078
18
18
0
86593
0
0
1032
329223
1947
0
0
2906
3483
0
419
0
2410
33766
0
2425
0
282
10691
23332
31
895
6442
0
967
60858
0
48941
114
6
96300
1476
0
2287
208
156930
38
2254
6050
0
0
0
86085
392
0
0
9192
368
0
60
90954
11
12013
313
71
30
228
145576
39
23
9
7407
168282
0
0
1564
179
0
11479
0
24759
9156
0
9531
181
0
6205
1299
45776
0
148
0
52181
4
1782
5087
18719
98943
18
11300
0
2
29727
18524
0
0
41477
1
21604
7
57287
782
14
72961
327
0
4790
38
27774
0
0
28
44
161299
0
0
149383
93
105807
15456
0
52287
43
1075
49495
26
5
0
17
0
127
0
0
2547
55
450
719
0
0
8616
49
8767
580
118121
52
0
110964
1659
0
3
4503
24312
1221
0
43
783
199
58269
52
55465
3412
206
0
1612
999
74341
2785
20379
419
35
24
0
129479
110219
325
4559
284
32625
8
17215
126
0
0
6
0
90
0
147
46584
83
0
284
15
30904
8
356
79
17206
98596
0
906
3683
10
133420
1039
1
0
0
89520
236764
101380
0
0
20
24
845
106
86
77785
58963
0
27186
0
3558
72
0
0
0
7
6
0
10
155
732
55787
0
554
3
123222
12
11
2524
469
46
88259
44
5746
159
0
124386
692
0
204823
0
73
46
126871
0
67458
458
0
0
1456
1
1517
857
129369
1342
1385
123
0
82528
0
32
0
38350
40
12791
9945
2
0
0
1
22350
0
48335
0
8387
83
0
0
173196
1619
6
7052
0
4970
62
112
14237
253
188184
51924
3172
123378
43444
113938
11
0
0
330
3
152716
1184
11
0
21
26647
144817
6642
0
21208
9014
0
0
0
11
0
29648
0
0
600
8
8289
8274
0
45656
199
12
5310
1660
641
0
158075
2
6349
0
1
199
0
0
14
69380
14415
19
0
307
574
8553
10677
22
3828
155
0
451008
263
762
12
0
56752
0
17
99921
318
0
16357
35268
1
0
0
0
203152
0
78790
3918
52136
4687
0
724
129
1018
6358
2010
0
64
0
52512
909
6222
0
232
76
24
36964
5736
3533
44
0
0
17349
11974
50
32
47
0
117312
71
75
43567
10596
30
525
0
479
10672
20
23233
290131
263
111546
133516
10783
73162
6
2711
547
664
3325
0
0
0
561
0
30724
33
214989
25154
40265
414
4103
53192
174
3606
127
0
42
745
297
10
0
48770
0
0
0
1077
1
1125
77162
18244
215013
67900
8
23
785
139
5
33194
42
579
0
0
2016
30
215
0
0
22637
116
0
0
932
8
0
0
116378
0
415
0
0
606
0
1
31
3248
6143
1005
1420
7120
928
0
222
1
0
0
2591
38
61562
0
0
65978
40565
18
20
29526
0
14
67
129
111436
0
0
10757
0
67092
160
0
15645
20
0
74050
26
275
0
31
17
2879
5682
1120
0
64325
0
237
12249
280661
0
0
106
0
25438
47
143
73
0
0
33
0
0
0
74
895
0
0
165
17
613
0
60806
43
908
175551
0
517
92
31
18505
283
70
0
3122
188
1
0
19141
0
8
0
452
0
503
9
4315
0
47335
12073
208
0
2
8
5529
0
63263
5491
0
15
52405
33165
2831
2195
0
8
1
3811
0
1485
70578
0
73639
0
411
1047
0
3091
0
0
1
1174
0
0
27759
198
0
0
1
3435
1343
0
796
669
3131
249
29
162
0
82
2447
5916
106609
30265
8
226675
591
14047
1294
0
28
0
51014
0
0
1616
324
14
26626
7668
0
0
0
0
1
86880
7
3
57
11472
1393
14283
149
0
106
5859
117
55
30
7
0
103
48
2355
967
18
88
98260
43406
1
17068
11549
9781
0
8488
1097
82
397
115
0
69480
115
234
22
81165
68
269
11
3
4
0
234052
243
7188
17
51634
3
186
0
6
17719
58257
0
99561
0
161205
166879
0
35214
859
892
60764
69007
739
7
43
208
1585
0
107
6377
4
0
0
2266
8881
47080
7
4
0
11719
2
0
4087
40
0
64500
11503
20414
3
376
41
98
112
67730
62
107359
0
1526
3
31
74
13
2
0
928
6
6
148
289
35
5213
0
11737
96
70225
2095
243
23
111
0
40691
9493
1926
33645
44
0
22
48103
2571
324
99
7
90638
6537
0
6
31480
0
81668
144
0
116009
0
4198
1
0
0
3788
409
580
2148
0
16
27611
3635
1670
0
0
62633
177
20002
139630
0
0
67
1005
20
28
0
65
539
391
0
454
27759
9819
5790
145588
35867
2157
33
0
132
0
75
0
0
4
0
921
0
58281
0
9403
286064
0
189
29204
18849
15683
0
145250
0
0
0
23
6994
166
67
161499
12132
6278
497
50
6152
683
1253
0
1511
0
128589
0
14514
0
945
101
916
555
0
88908
0
28050
10569
16590
0
0
392
100554
1311
7976
0
27
183
0
0
657
140
65
3053
3324
0
0
55
168
8
993
31905
16
289
9569
15
1513
148
1
0
5274
3856
33457
45811
59052
7
70952
99
0
195945
0
82951
8786
1001
200
11
68811
52563
1832
238
12
86
47245
539
0
208680
63166
56690
10227
12
0
712
169
238
5015
0
762
241121
0
1525
9158
67
0
11456
8283
4252
34
109
0
5
4173
0
10179
23
70
43
45438
412
14927
0
39297
18444
3808
0
91
2
6196
474
84677
76596
129
0
475
0
86
16
6956
21
10787
0
241
30
0
0
1
50899
3
0
0
6
0
6
92889
0
1
13984
2242
69
0
37
0
70011
0
2
0
0
35929
540
2721
276
4417
275
642
0
41673
0
70
91
0
5
567
190
2097
2
0
0
98
14108
1082
0
776
52
0
1
34
300
79956
105604
83860
4143
0
12039
5614
21
1051
1
451
0
8085
4
90
0
0
0
53
0
0
302
0
17
0
20833
47593
63904
787
73
3
430
0
296
383
38676
0
5
0
126434
0
0
4
2927
76
25
0
5753
94178
9
0
89647
48
2
0
0
426
55221
29944
3775
132712
165321
191513
30
521
0
0
153
2110
17646
29
0
269
0
2228
523
1310
107
3
24577
46503
0
0
0
19139
153089
713
141
82260
0
202653
2580
0
81536
128
3
7
30925
36156
3
1207
0
4906
2082
0
0
20
10256
111
0
0
2
3459
0
18
0
0
0
140
12
0
164
0
78580
1
241
3158
3150
32
93
0
131564
5
2458
109
1734
0
362
79413
0
10638
128
76490
11
0
4942
0
314
0
21265
16604
0
138773
71
14
61225
0
4
44
0
0
69163
390
2146
258
0
79
634
122
14840
1
0
777
0
1652
23918
22868
827
0
97
0
3604
1692
0
3119
19
4
35
1
52035
2771
0
137
571
0
429
0
162502
0
153
886
0
956
227
81007
420
0
2
0
28784
11
34631
43975
0
13554
367
0
7649
374
0
254
0
469
129
0
6700
43541
343
312
63920
496
19
0
64750
0
0
30
1
601
0
0
13802
0
15928
27
84088
2
31
0
1
2769
175
0
26597
35878
2
923
0
19
43
4052
0
3540
0
3
0
16647
96
4921
0
27
116644
1281
2400
1364
394
0
44
9542
0
61165
0
1
0
133284
19
0
0
20041
43067
0
118
0
73796
0
0
1531
27510
378
65
0
4107
73491
949
4517
0
45017
6
6712
39
181921
90781
17
755
114735
63
15
7623
201860
482
2
0
0
23761
13878
2938
3464
2878
68
13
3
592
70552
3
2
0
427
39847
1
2
16
17
11
2776
0
18325
7
0
0
47
0
0
0
0
47
0
6
88079
271
41233
62350
4
12798
193
1239
7824
0
0
17257
0
0
53
959
138
348
2
101
5740
0
0
5298
5
157833
0
24
53
11569
4739
142
5520
0
9
39
4
3899
2934
1932
90955
41200
158541
54638
28
545
12466
130
247
131644
0
418
2318
22
71718
120490
4380
0
30810
0
0
16
10355
16
98663
323
105422
154
0
224
13315
142
136
10548
37
0
2
31
35
4665
3021
252
0
0
24504
67623
673
1
7
69413
1
81590
4
0
46
0
56152
0
1
61
149
14103
3175
9290
89230
149988
14
0
13008
1517
0
138
283
2
0
41496
1683
0
181
581
2
126643
175
0
30
410
0
68333
0
20700
7278
2142
159265
363
2991
29620
0
7759
0
0
19671
6
31
68
0
122
187
184
302
3836
0
306
88
371
630
196
898
0
9128
0
7172
0
1
247945
185
12
38767
84856
45856
1395
0
0
18
7360
20
10
11260
7558
89235
0
38
18
9771
2732
5359
85997
604
12
0
479
0
8141
544
1371
4
0
824
784
47162
100219
1
0
522
2
0
112816
4317
90331
0
8
41
4321
1027
0
84
5397
2492
59
264
5
462
117275
0
8
17384
0
15
8
0
0
51155
9
0
33
112
2467
0
1226
8
24
68
0
0
8124
0
84
0
1
49
33872
72153
3
0
2158
16662
7
1358
136
0
5779
1330
2168
102671
109916
1409
0
133
20496
0
24560
61
541
0
0
0
25777
0
23
72044
179400
885
31
2
0
0
203160
0
218
69
0
435
58643
13
77
1571
29
34038
223
0
1
2586
2753
0
6194
11
574
96349
2
71
3086
1738
0
0
0
64572
1720
746
0
182
16
106489
38744
24
5
0
56656
0
127922
5253
0
230662
9343
0
0
0
17
1485
2819
697
532
145805
42595
1842
2687
0
0
1
976
0
28809
0
40
0
469
131
866
0
835
0
447
210
0
0
16
5832
48787
0
290
1229
59487
0
0
6564
24999
7
61
0
119877
0
1315
8985
71
0
46083
118465
1133
5100
455
0
0
14161
54
655
79841
0
181207
16
9745
772
7
112797
25
9829
813
214
32
8250
49915
0
0
0
0
33641
68008
36594
0
7688
69
119482
0
59
0
53134
1108
177
0
721
7
4556
6377
29971
0
3188
0
58
71029
15
64
102
37
6
37389
43
0
10
4278
5812
134
98422
22682
0
0
14321
798
3949
0
177
2182
111309
66
6338
204
7054
0
16812
0
68874
0
8204
0
9
5544
0
20
0
11438
2501
0
8
7566
14
0
0
0
4967
235165
0
422
0
0
28909
0
6
9266
63782
25
0
6
8
916
17
510
70174
0
10619
1027
0
30
0
14566
2444
2
33092
36389
98082
0
95813
42
108077
657
20
1049
2
23
194
20967
5
8
3
57
0
269
883
46319
82
5045
14
0
1
18
0
138
9
595
41
5840
2
100882
1059
10450
473
271
28
44611
0
0
25
26330
127
1
14
1375
2181
2890
0
0
23787
4798
4903
2
102398
0
497
0
0
2
238
91
391
0
1828
112
5546
782
4412
2
34
1486
3699
15
11684
0
1
280
2722
4
153348
0
824
64830
12
5039
820
0
0
325219
1304
1622
72128
2011
1188
1359
0
711
76
24
28330
0
3339
644
0
41
10
23
222
299
17
137
0
5
0
48
1
41567
139
15
1066
5736
9006
112052
242
113
9489
95
4939
0
438
33658
0
5
69
0
15837
1971
420
0
6688
0
0
60042
53985
3628
9
0
0
21
14828
38
50
8203
0
0
7343
6
5
0
0
2
34211
57
137
0
0
26
141252
0
286
9
0
0
212
28
13215
175084
53316
0
0
116
0
1
0
253
101
544
701
45895
1128
0
5
68991
19
0
0
0
0
101
0
56352
0
1433
0
1522
8463
55216
674
299
42
0
1366
14936
0
10
0
76
0
494
40604
36
127
0
12
49
702
100298
0
536
32
1233
0
1472
0
0
15385
67013
1
0
2718
0
0
1013
246
2081
38
0
0
9552
0
17
196
142319
15895
5673
19
48810
66979
50584
76806
0
11
21398
0
0
121456
4781
133
82271
2974
0
6399
0
23749
0
0
0
0
164
33
51226
3599
0
0
37
79
1629
0
223
128512
0
2
0
897
0
7537
0
68083
204
3
242903
33
0
163
0
0
2106
13274
193
22819
0
0
128
0
30187
401
1
1
115581
0
299
693
0
0
14
131
158
142
0
0
30577
150
869
30
14437
54
541
52191
1830
53813
150040
5096
0
1
111
8602
29227
27105
5106
126297
2
0
205
54465
25
90897
0
9809
0
0
71
4430
82708
2809
1906
4021
33
0
5
18
0
9
20414
53207
0
34
549
1
58
58794
116656
2276
0
0
574
18194
129
2
0
37
0
2028
9534
0
494
41335
7
0
854
475
1
0
650
3997
3
0
34982
851
273
24395
21
299
0
0
55
0
62921
100413
12
273
0
118
11808
13
0
51099
0
0
0
488
263
463
229
573
1035
49299
1
48
59467
12445
2775
11
7202
0
25387
6158
0
110
5504
0
0
149
0
0
0
65092
163
24553
0
0
6
295
68783
20
67984
50
1466
932
8470
5
0
9757
0
0
0
803
2
139
588
11559
92946
0
2
11
0
55393
0
2722
1062
0
5799
309
0
15
207
689
55956
91050
0
20
1618
0
14400
49
24131
3699
99933
5
0
3
53120
52
0
0
19445
91
60
2325
0
0
2274
546
7764
0
242
573
5
0
8661
0
127
157
60
119
0
87351
38026
0
2
6
3337
26683
3629
4
9666
800
0
207
5
4446
5
87089
22209
31
4
8
80687
0
5929
4414
1393
107072
264363
68298
4607
0
731
21
1
249
21
72909
3356
19
80
0
207
0
14049
9052
114467
0
33256
85702
4
0
14
0
3171
7
0
0
209951
3
17927
2213
0
225
8
23
555
52180
584
11531
4
0
87974
187
249
0
3041
0
0
542
25
7
12896
0
70
154295
0
36542
6
2210
4737
0
6529
0
3
1
91415
2
497
0
18181
6977
22
681
25130
721
3336
47
0
1818
22
138
0
2
15
25804
4
2430
1307
111
53
531
3
4340
0
996
35
3680
7
2125
215
1
3
2353
99
1240
642
816
1
88
9703
0
140
2774
44020
539
36054
0
14445
210991
32
104755
537
68
27220
7415
0
323
0
9404
0
49244
0
0
4747
1
65892
830
17
0
0
86
46043
44573
2919
0
6213
0
0
1920
45135
3
0
177
195676
21897
0
39972
3
213
2589
0
3041
3
10326
0
81251
0
0
6026
103667
72
115
0
46
92426
12976
94093
80573
26034
17682
0
1260
65
4
65
0
2375
27
135203
13
142825
9
0
124525
159571
183
95165
17
160
0
13790
6697
2556
104
122
24872
0
6016
34
67685
267
0
5542
8
1058
14
65894
179
15
10858
0
3773
0
2208
0
1169
236573
0
10274
26722
20545
12095
121946
832
83271
4
0
1584
18
1561
280
224388
25119
2049
2
5457
394
21
169
39886
15301
2922
0
3
0
6
24626
0
4
701
16
1100
4
2
2322
78
14867
3090
12238
1594
0
226307
0
0
0
10
4351
0
1057
0
103252
0
1871
0
21553
6466
184658
0
45562
0
12
17
32510
1689
1459
0
596
649
0
11857
0
1603
0
153297
3162
0
1476
35359
0
119
0
22
12
0
5
197
2420
125436
159126
106143
77
0
13768
1727
0
115999
12
32809
75
172
2
49
45834
5
64738
1087
5091
0
6
21901
100
83
82575
191
0
1332
0
0
98176
11536
65499
265
0
48998
66
36
125
0
102616
8810
73204
98235
24915
16111
0
0
13688
1
26093
17737
0
541
36
0
694
0
425
2920
58694
5518
927
0
1383
85994
170
154
5857
463
0
903
0
0
0
1312
0
182499
6
225142
3621
34762
4620
55764
1
2
4916
0
42521
270
0
88
66
12
10451
28823
1176
30825
18590
11629
146006
935
10102
3361
9332
271
0
152
1505
6
17
0
48571
0
19
9
0
393
696
4
124
0
68459
110214
295
0
2028
188
939
638
94
0
536
0
4276
0
81
35945
1345
53759
0
36839
1015
3
88498
31045
68
60951
39380
279
4892
19
0
95797
1967
0
0
1791
15677
7365
0
2061
0
0
1072
52574
8017
26768
739
0
0
22252
11687
150
55754
4127
116331
83456
66
1
139
0
11
203
193
2499
5587
75664
2
0
61244
1
136
2634
5574
78255
2
1207
181305
14
0
0
0
758
110805
0
12451
17208
65040
3
1791
1651
0
110
0
17
0
230
11052
57461
25
0
0
0
30990
62
830
251
7830
116278
18
11
20
1575
224741
0
0
0
2
795
0
3132
7
0
536
0
0
0
0
2565
25774
42
62
27836
517
24
0
10624
1777
250
55737
8137
0
3705
12750
5362
0
31
37
2170
45600
225
0
0
25
29
4
0
47
5
0
116209
116
157
70139
140279
0
0
209262
243
560
48914
0
11950
0
10
0
5
0
42193
2
58
92
0
92773
35623
383
1084
1949
25
1
1
5412
10700
97
619
0
74324
79289
17
0
4687
0
121835
1153
21
0
63672
228999
10
4
1
0
547
8
11364
103015
11
116161
123
92
7506
27
0
7022
10202
32669
6203
870
0
11157
637
0
0
0
0
0
1985
456
15977
0
15
941
958
0
0
74
0
174
0
0
6
88
0
161
282
11815
32097
64836
82
70
4417
690
193415
3
1087
185
56037
62808
0
1
10
23737
20
6675
315
30636
310465
0
1503
0
1
176
3
22975
1
334
0
155
39804
1
68
505
292
56208
0
12557
64449
723
70686
44684
822
156386
133655
0
571
13
72687
123943
2195
82213
126716
0
0
877
83315
0
143
1546
98938
0
160
1013
37
475
51263
0
0
15297
269
65292
0
0
25373
67
13057
0
46589
135414
61476
12759
0
0
83
8101
86308
0
0
100
8510
71479
8028
22405
0
0
57
36
47
1
2
3
130566
822
112933
4
153358
0
0
81913
41588
9
1676
246
0
1738
0
25895
40554
10611
112850
39
1
2
17
139
214
0
7
723
4412
4567
131159
701
2
0
20
0
4
1045
82
8
0
99
0
202
98
18894
28008
72384
88
0
67384
26
4
0
0
0
48
192044
0
133
0
590
47
169015
104640
0
21
1699
449
0
2102
36
115
30
16034
2904
5125
0
96
0
1734
29
221
55946
6
26371
0
3749
16574
108
0
98276
0
50542
20318
0
3
160398
68340
3
0
53
12027
101226
1067
23
0
11088
77
7
1154
0
0
35
0
124050
0
155
0
106212
0
0
0
3
2032
0
0
0
89001
76
134269
98
0
29
3593
3351
121
7804
40087
9248
0
0
5271
45325
37
18540
56460
2334
0
0
5736
2366
0
18
0
3
84
4
63
35110
0
0
335
0
46
0
307
59695
96
0
0
0
16006
71
0
0
1
153828
0
0
0
22327
0
0
0
0
0
0
11
0
2367
0
0
3
296
185
1959
208
9276
0
70
83378
65
0
0
10
31
313
4
0
27
2
4611
3
17513
5262
1
168
87
1783
6685
0
14
4
0
26319
48
0
26
228006
100682
78
3919
79
40993
0
11989
0
0
3287
54572
0
0
182
0
0
17
0
0
1
1
322
71768
0
34716
0
791
110
8
16
98025
0
0
0
48
1239
0
0
16664
50
3
1136
1982
896
12
821
5860
56684
8
0
85470
238
0
118589
3824
0
17
5092
100845
0
19
28686
52293
210
0
4
19
0
231
9238
637
98
177118
48913
55
6
532
0
57476
24128
274
149
2804
0
28098
207455
32
0
11
167
2395
1
1
9341
0
0
354
0
107383
0
427
0
13006
0
28756
360
4
19121
0
50831
4080
0
0
142
0
4608
31387
0
0
660
285
26
3894
1
3
1707
11
67
100886
0
13
30194
113
1
2638
24853
82
147
3
2029
58377
0
0
161
856
77908
926
6
10258
30097
142447
69891
5716
8481
1
1162
3
614
3
0
803
61452
124455
894
57
6114
0
0
131
84
23755
94
28193
10
177115
14778
9
12
10011
6
61
3
42
0
416
597
172
3
99567
0
87834
0
66
13269
0
1474
15711
0
1665
466
8438
0
14593
39
14048
232
20
0
5801
0
20
13591
1937
2
63
35512
4609
131
2
72452
0
52
1112
226495
3
185
43992
47939
20851
111
9
0
16
94427
74
31194
2655
0
0
238249
0
39
46
925
37
43122
197
0
16
0
0
0
100
45
10400
1
1031
9208
0
153
19336
25
16
17383
0
188
0
558
0
9641
36280
23
1682
603
154792
49
24
2
3449
3542
106444
74555
107191
0
0
706
27
40
4022
3
0
100
139
41634
0
1
0
0
0
0
10049
3
20
43
0
0
9
0
0
0
53552
128122
10
0
106018
290
39995
2
23
583
60
31514
24
0
0
2281
0
2
0
17
116873
120
14
0
24
648
14
3
240
0
18931
185254
44895
7
3117
0
99300
360
17664
10
0
22
155455
237
3
27
1017
7032
324
281381
97325
9
32
569
0
116515
0
1067
0
0
6438
51
72257
1
2
0
88306
15729
13945
37
0
182729
320
291
31
275
15627
96419
28
15
38049
12674
263
194
246
23366
3619
14955
0
191922
45042
36
0
65834
74252
796
78230
110
26
832
14
0
115417
48778
430
439
4
97127
156114
13677
20941
0
0
28
798
1053
739
236
75
4
5315
133097
467
819
79057
86037
272
1
10
42233
183814
281
1294
1
0
41559
0
29
4
0
18
0
0
0
0
0
0
5
0
691
2
0
96063
32811
0
4063
159
1108
147447
0
0
0
84
0
233
2
93145
0
0
15691
4
746
473
96449
10659
1196
0
479
47
2609
1455
11
68
2
10621
1249
14
57
82357
909
11
74
88
0
1273
1015
628
1872
2
12321
141
1873
4023
0
0
9
0
216
227
50
1227
20989
353
15
13649
24620
0
10
0
5209
583
6888
74910
18403
5
29
0
6281
4
350
68
125
14418
0
93982
0
328
137531
267
0
0
2167
0
0
7606
55843
0
0
0
46549
0
6
12
5649
0
567
3489
1131
3612
14
0
8
38405
50
0
32757
599
4119
16655
67
209477
1324
151
0
0
23
149
28
59939
0
72
124092
0
0
15877
0
1238
1889
64
31682
2
64251
21545
0
15640
6
0
645
9
8
32143
482
2
277
33342
41240
0
0
2167
27571
12988
0
0
0
2016
5
18
63
1
72833
0
0
0
132
102
26530
2693
9936
0
84
94857
66
14835
8372
1958
81683
14
48381
4187
0
2102
0
511
1602
79
0
13
2
4
33
93300
11
498
0
9786
89693
52
316575
0
0
26
163721
94458
87
31152
0
0
230066
67561
888
128611
127698
588
22
304
2
14
6376
246131
9211
0
1788
123204
0
31363
117821
125
238
40
14
23401
0
2798
139272
586
0
368
0
18
0
445
553
12269
581
179
369
2
93
4
15
0
510
40
575
146
118469
14
8084
47975
1128
50025
322
164117
0
0
81
97
358
0
316
20230
0
257
17
9
89
3394
312
27275
4452
0
181
18487
3
0
0
303
37905
171714
11351
24662
48132
30527
0
23
215
892
106046
138667
17306
5953
908
5802
53233
107305
0
4
167
46
50
0
670
0
472
130821
101706
6715
295
49
54424
110
17
0
220
5
98006
5236
1
5819
4471
4
77435
46455
6
0
0
19996
5209
27330
0
0
0
1
0
75099
3
0
0
2
6073
1283
0
83
63
33954
18
2446
0
42273
0
0
4477
503
9346
2396
96241
3397
5078
50195
117
31575
351
360
120881
6
3
2637
0
109
10775
438
21039
0
156
0
0
0
134699
140
125
0
270
0
2154
0
0
17578
122781
89444
1019
505
0
0
0
12823
250
0
96
14
7394
15029
1380
66
41
44258
6653
5999
2
127832
124054
0
1
0
1015
81
3
47
5927
0
0
131
24
152
270
0
14463
17040
76760
473
414
1
0
1434
4
30803
990
761
0
80
0
88846
16937
0
435
0
4
0
0
53
25986
20
12245
46
2582
0
1204
7
0
4323
2459
0
252
40094
11378
0
0
19624
0
178
591
15742
87616
10221
148
1
0
0
1
15921
1
0
0
0
0
0
0
120
0
0
3073
20600
8
0
166631
0
89695
297
1663
0
3444
24
10
16402
0
0
15969
0
10844
0
751
43269
60
901
10124
4
360
28114
36661
0
80
87721
73
8165
0
1321
0
764
59
376
0
0
0
0
13830
0
0
3
0
1218
0
42
0
0
3051
82145
0
5506
6270
65572
8
0
133
0
102656
0
1
879
7814
36
1989
3
1520
4
0
9
556
446
0
0
780
20
0
91
0
1664
7018
3
439
0
7
0
5816
27474
28
1409
0
62
19
116
8945
195
0
0
2
28593
70
2
161
120
6049
668
111708
15
17
0
98876
0
58415
0
238
0
0
29438
3
27
2713
0
168545
72855
204
0
12
1
123748
252
133
9
0
42
40
7103
304
0
0
404
68130
0
453
143886
5237
0
26643
40
25567
35
14315
0
96351
338
27963
10
4884
160327
1336
90677
52544
1221
1
11
0
6
0
0
25
136
0
37
512
213
105729
209
359
0
202018
34217
5718
0
0
173002
0
81066
0
649
224
79
467
38010
7790
0
1511
29142
5745
0
0
40505
77
41319
185
13
20140
0
97
174944
76
125
1535
304238
85
38192
0
28
0
2608
15
0
0
57
2280
0
254
7
2168
155
0
0
704
7461
246
0
0
8885
0
154
193
109040
392
0
0
141179
1467
26
162238
5
207299
65
0
382
2783
0
0
0
176443
0
0
0
0
170635
790
51
68
0
373
0
231775
18
24697
1140
12672
70
0
15
1349
94116
0
14340
58
5
3324
251
154712
0
5175
72540
9613
63024
1
6733
1572
2063
70206
388
0
0
17
0
0
1997
1
0
0
0
5904
0
77235
0
7212
235
438
0
78
63825
315798
21037
914
0
99137
522
13
0
33780
361
73
77541
42
84
21
161327
9435
64
0
82777
0
231
36
34
2310
10813
0
0
13
2294
69912
57692
1
25
3790
14468
14
76
0
38
0
0
1699
5
5920
302
81295
0
39760
1911
49
0
0
0
1397
130
17726
243
11
0
0
0
57488
145
4686
0
80541
92
23
469
152113
15
14733
0
0
2482
2552
63383
0
0
1110
1
0
634
15520
0
2369
8
99599
4485
1248
9
2821
186
0
16
283
39
77677
91
2
2121
324
393
9
1199
31
0
66392
596
79871
2132
2251
0
541
841
1330
39
171
1453
45
0
8
5112
60
0
26
0
11661
6290
12471
0
72651
0
0
0
11157
5614
1
5165
0
4
0
2
2501
0
120235
110
12
0
6
11
28009
0
165847
0
14
0
50191
1
8
0
26490
1001
3380
254
46530
4
33414
11188
285
0
215
2439
0
0
0
9060
0
61399
142
0
4202
0
395
76140
57
42348
0
1101
144
1
3600
46562
0
37579
0
0
5
0
91347
2037
147
437
4
2
0
0
0
0
4
165
251
99384
17064
2924
142904
0
0
11535
146196
1395
3711
4
0
71426
9
435
0
0
45201
275
7
499
1318
327939
28938
133
48
17450
14844
1801
0
97827
0
0
0
99
3
61267
3
0
1313
12014
12426
68119
1333
330
161
203
0
542
397
12
0
0
87149
2751
56851
0
0
0
479
0
5
0
13
6130
1
5124
0
11
35
7
0
0
0
245
34
16
7021
16850
41
0
31
0
0
12933
9
905
63079
653
77
40
55042
2
554
735
5
4
127
2384
205097
7322
54
0
665
13941
3255
0
19032
0
6995
12
302
183
5
0
51804
172274
77
3202
73398
0
1
17
44279
133
0
124236
16786
3636
86
83760
2
1121
70029
77
242
41472
0
0
0
102
2943
4
15256
58
47
7005
8081
24
70
2
19149
39649
153
10
1291
25395
0
0
0
0
42
112456
358
19312
143
7887
65352
532
0
7
1308
2800
1029
1821
4267
0
74549
0
0
52
36101
314
127822
4096
726
766
0
0
9
117612
36
52143
0
0
25
0
127572
555
935
61991
0
2
0
2462
4
2517
12196
31545
372
0
23
462
9
0
0
73877
11120
86
10
144
9
4075
3
0
20
4
0
4387
18
1098
11539
63411
41
205789
3
0
12
25786
65
10742
15
0
548
564
0
24417
16567
1
867
5618
5606
0
0
0
111455
76
0
0
327
0
317
128075
155
80290
218
0
62818
15
458
0
0
128436
0
0
27576
0
223
0
30137
9
746
3295
3
1
636
45041
15
0
0
21
362
249
12046
92292
774
15514
651
1
1
68
57428
43
112725
0
31104
20
64
7624
0
694
2974
0
0
0
525
0
0
97951
169547
37
0
10857
73
59
0
19
0
0
53
0
0
0
226
389
120
1213
33703
34516
4532
196630
20168
797
13
39
1
0
43937
0
515
7
0
79983
23912
0
61
4
14044
822
0
27
137
316
6169
86389
3842
107925
0
1621
0
0
0
63905
8
0
29273
88602
9675
104892
49
154
0
64
7405
27274
0
60
467
155
4611
1572
3082
21861
0
2627
490
3803
658
49
3
71180
86409
11
37098
53
0
10
826
26759
0
128979
0
16
88
24827
1250
184
6323
1657
2201
312
0
0
0
35
1119
5
11238
0
1
98
50566
234302
3828
86443
2743
122
0
91307
53
10349
6
0
0
1
24091
88143
991
379
0
317
65914
3374
95478
15063
0
26689
36
0
580
1
102513
0
401
354
0
4
0
0
751
351
0
681
102677
233
0
222
83716
874
109949
59
104
10504
5
0
0
11
0
0
96104
44397
0
758
321
0
1516
1
2646
53
1
32911
0
0
101968
758
595
73666
0
5
5383
7945
1257
1349
7
91098
906
299
13
42
947
0
91874
5042
515
4014
54
4985
0
432
523
5
21995
0
51
36
362
2401
18002
1660
899
0
134046
0
1
885
2
102862
8
0
12970
0
21336
0
0
0
3789
0
13540
0
169
21987
79
34853
15
662
48
1320
0
129224
5106
0
488
17
3159
0
1
0
966
14
0
4416
11570
0
46723
340
235
4622
0
1
11948
0
11732
5200
3588
126
0
10811
1
0
0
10
1781
0
0
99351
9731
3483
0
429
1
0
0
0
0
109573
56871
354
0
0
0
269
33535
6766
31
12981
2
63
0
40
2725
10843
20
150986
61725
0
2180
2
0
0
386
4912
22
0
69995
6597
9
0
2
0
0
103343
15870
4578
18
6828
36090
809
16378
284
0
43
0
46795
32
3973
120
361
83
431
1
359
969
3
0
0
16
3850
29047
113835
118
0
34631
0
131488
47
2527
63
46436
101
1042
78640
1122
0
58360
166067
25
504
2456
0
80334
3013
0
4275
134
162
232
277
3
34554
49259
5
73352
126
1
0
0
6235
183
0
50064
48796
44242
20
6028
8
152
309
107140
8
0
7
229
0
9794
54076
236
160
634
1954
2360
10094
809
117932
42529
0
89069
26231
38961
1
37
0
17444
108
0
0
0
13
0
13666
35748
91656
42597
17
17
120386
1
0
0
80
21903
0
83
176688
117
254
0
15
147570
0
0
0
82793
26624
0
188
231799
0
4
80268
235
263
15
2019
4792
0
17
391
286
1257
2099
3639
51454
0
0
1403
314
43606
0
110
116311
27939
0
210
4187
0
0
15567
0
4917
64
115
48
0
980
1
60
6608
78513
804
6380
6143
16
234
27304
335
173
0
0
8
0
279
5
0
0
47
0
8880
37
54954
52699
0
122
391
0
69921
0
89719
1215
0
0
6444
0
1678
4362
140195
1265
30
681
0
21
39021
512
5677
31
33034
7
0
6599
0
1
2857
2668
53
39267
237092
94
6
5514
0
0
7
57
4923
445
12
5
0
65
10
9
0
966
24
0
94956
0
19
134788
47
0
0
8
58381
20078
0
31
9
92962
0
0
29
107581
0
4661
0
0
15835
255
26
15
34752
392
50744
20704
2439
52
120
872
0
27409
0
5
9
259
0
0
1
229138
6849
99
40033
8193
0
56111
1
0
0
248
123
31
90767
9199
2529
4478
1236
31
242
157628
0
53
0
1281
121075
41
1649
3336
1
0
0
2
8116
32
64
0
0
40
84
4339
11
1
886
277
144
841
17
120410
20
27731
0
36184
89
7625
101409
62
88682
452
126
0
86016
96
72250
10761
10308
0
53062
8477
16791
10713
746
6323
1
0
76
0
258
721
5196
482
83
47978
31
9375
187
159609
0
112
1946
22
6789
588
10
0
101247
0
0
0
0
75624
516
0
4975
8825
0
4141
5087
5779
1284
279
130877
0
0
818
151115
10686
17
77580
74
0
2
4
200
60336
0
2972
28
26749
35
11
241164
63
0
10758
954
20
74
19212
0
17506
191
680
99
1321
61025
2415
17
35988
222
86
0
44899
1345
116822
301
17062
17712
62130
0
40
0
417
1
2
160
0
31
39563
0
0
12950
2033
19
28483
0
0
41130
0
151
72865
4
0
68
13884
0
218
37632
2956
0
182934
98482
85491
38553
3
133548
0
17628
0
0
83814
0
336
12922
4
3885
26
0
2
12084
0
4860
15503
0
36726
92
1
853
0
1010
35709
110826
33
21
599
0
170647
125
18247
9366
123
4106
28052
3
36767
2240
188920
7767
84987
15599
214
105515
1469
8627
51054
781
248
9792
278
3045
113041
51
1189
89569
21
43928
0
95
132
0
5
0
124887
129
102040
215
4717
0
344
21
1263
271
17135
0
76306
0
4
26
5197
24
0
95
0
7244
71234
60
14949
0
0
781
17
1596
23
76948
3
7395
2
0
217675
2514
0
2
705
6
165
36254
24
0
32842
38
695
163588
21413
0
14
34
0
0
0
201
0
0
0
0
0
66
124
60747
1633
860
140
0
0
0
8933
0
7540
0
73052
131596
60
4333
66197
2413
14
0
0
27632
0
230
0
36
678
1
1779
292
13932
1030
11543
212
2107
164365
53895
1092
0
31
0
81323
5453
0
24248
10
0
8694
0
1587
0
0
5
5
0
6857
0
0
0
0
311
41865
17553
22
0
0
918
0
17
126905
0
2599
292061
508
0
0
0
0
0
5824
33
1945
0
1032
48
3
0
0
1
0
0
6429
32
2
3
100519
264
46904
0
149747
315
149
0
1055
0
2262
37478
2514
10
1
36208
72919
106
0
2408
4457
1292
106778
1
254
13854
229669
133
0
4
675
0
15009
126438
8066
35889
0
0
119404
1
14
0
892
0
9130
0
19699
13
12
20037
7
0
10560
159
43
21
0
3
1197
0
260
0
11
2
471
2527
12196
473
3311
1
13
0
47
26
97715
8
103849
30907
3781
30
0
3
589
1
8132
35112
12127
0
807
31820
4
13042
0
0
143032
23
4
0
14765
26555
0
0
3252
6394
32473
511
0
706
58
22597
57047
690
180
11
1291
0
0
20
0
943
965
19
73
20
818
2324
4178
429
48765
219
35
2857
0
2
1057
586
1087
688
1
1212
0
0
2
2366
60
39
70464
1391
0
0
2029
5127
19
73454
6
1760
832
3
161358
16268
1
42
0
0
0
257
262
282
356
254
754
276
106144
13138
145354
1597
0
0
0
239
7552
16277
13
3
0
0
16602
1
105487
6033
150354
0
144
191055
1070
126808
1
105003
1230
0
63
0
44844
0
114641
2181
0
0
125
29
4
0
3478
0
792
0
1231
3
190
3300
127204
46597
144917
103
21
32467
6068
137233
6755
4424
44808
3054
38
46922
3220
8015
0
1216
0
729
160978
0
0
2
24
39946
1254
230
2023
76
179
76082
0
5
89
18
47
1961
1790
18181
0
11929
140
3
5
1074
0
67
301
50
23
0
9
0
112512
0
7830
1668
0
724
5450
63510
1017
243
38240
10
0
3
0
0
216
0
13889
284
3101
2227
1743
0
181051
85578
0
116
1199
98
108199
3134
682
46829
102
0
0
0
65
0
0
205425
69641
262136
20
4286
0
43230
16735
0
493
1193
4
19311
75
110651
5250
22
0
52237
0
12
6
1541
625
34
0
11
0
0
170814
363
0
19000
6
1
50855
7677
0
15
7821
21
3
19887
5942
3
1097
618
37227
51
149818
0
3258
38
0
15869
0
0
51
2
0
532
27
10054
0
45
16676
0
18496
38
60
0
0
3
1879
2
3484
87822
187892
5748
177
440
11
0
56902
194
268
132
28634
1
0
1824
31019
2
0
52584
0
72535
142119
12099
40570
52465
88640
554
130
0
9
65
0
0
1
1
2
1
5035
0
3
366
9398
3305
1
18506
423
0
20234
57
53
10972
1633
10
3347
4996
82389
0
0
6230
8084
4520
0
0
2
13912
19
2912
0
85504
0
136
0
21
55
24335
5755
80
44
172
101
0
25648
0
1320
3565
0
0
502
812
2136
154132
125035
0
78
70800
0
329
1305
198924
292431
0
3427
3
11
0
82330
578
0
90
0
29
4
15268
13
8978
0
4072
0
1
4079
0
106854
177273
12171
1040
25
4596
40
30188
689
29779
1
236
5955
38977
0
34966
15634
11066
2572
90276
90
8173
0
1633
15
56622
0
0
63493
11657
4072
15
96
0
1
0
171
6747
4262
0
104
0
52
0
86186
0
68165
4
68665
45252
23
7
265
156
0
85797
81
106689
0
55839
15242
9275
704
116009
3
746
7545
49722
1444
3
59282
0
167971
72041
7472
0
125
43125
0
85
132
0
56808
370
74663
24
103041
89
4400
79
1
5339
0
10
20
117243
1309
0
280
102
5430
248
40
17973
232
6859
2
5
10
0
2
0
69329
11
41
0
50835
777
3236
0
44
21
33162
77
322
30
6
2
12
1
662
6891
0
0
92
2
533
2
53
255
12033
28338
86
0
5
0
156955
0
0
148
10217
4
1
14138
1919
83
1655
87
72794
0
0
0
1219
22498
12833
152310
3194
10
1
53875
0
23516
0
0
0
538
1
0
157492
0
2301
36413
2978
0
461
256195
6
75589
712
92
9762
35479
19
49777
0
0
2
0
67580
3
3598
0
141855
79
3321
0
6465
0
162
3954
275
6
157929
13
3033
2115
62993
0
176
3342
29220
6703
2024
135
50755
16563
14209
0
91
0
279
1518
0
3
40
187
0
315
112
42
1549
0
15
96576
0
1
162
530
540
67
0
17
11357
0
7
102920
334
0
4
0
0
0
77174
144667
78
0
1
3244
16589
1
17
0
1
91
197627
0
0
24187
11
0
51324
104739
447
21503
0
9001
13
14
3601
70156
0
0
569
18
0
122714
368
3423
145
2058
980
0
98
9843
719
1
2
2
0
0
103
13782
56
3510
0
0
19847
0
289
3846
106064
0
2
126522
53
40356
481
16
695
0
3
1245
10
13793
24255
288
986
0
113496
873
15058
0
48
357
4129
0
0
0
0
29
0
0
433
24246
414
6292
4649
1
4717
273
0
28
9679
24422
2859
14
11516
77022
0
1349
78380
770
0
0
54
116859
61
18601
398
36027
96497
928
2693
0
0
0
234
17
78
0
3375
14648
0
98363
0
1208
1985
101
97
626
4
0
1633
2754
1
0
0
93260
1575
99018
1240
72530
585
4679
29
63404
899
75363
0
64519
0
8645
10793
846
123
237
0
51093
0
71
149
137829
8
0
101638
7856
0
470
4635
7375
0
0
748
14
129
2293
0
184
0
37035
90492
11413
67
14
53
92509
20483
0
0
0
20
1
6383
11484
0
26680
52031
317
57754
0
0
1348
14
532
0
6019
0
216
0
5
32
44554
101
64884
76460
4739
0
117382
0
0
0
3
1575
47369
13987
187
142
29753
0
204
72
0
187
41
253
46643
0
448
849
0
0
264
14322
19071
0
104288
7
50298
27
0
61
290
1033
0
16
0
0
6
0
429
2482
76212
175810
9068
33
35
0
577
0
65347
3576
290
26
104
142
4605
229272
2673
171
15
71031
58
1898
224
7
1534
10
0
287
16516
64700
953
21718
0
0
84063
0
25257
1012
22387
0
44020
20175
127
1080
4620
0
88070
176
4368
5
54
7
20921
16239
64339
255901
2415
0
1520
11222
0
63
1322
0
96496
73364
6377
0
0
1302
62637
1217
0
2363
0
0
0
535
57979
2
3
146057
0
11243
4712
0
0
1003
55
0
39
1226
2
3
67
71
0
80
3042
2425
106691
191128
1334
169
11084
10
6708
99
73070
0
1
34
51
1
3
2842
177
413
12709
459
0
4
0
0
165400
475
0
84484
2065
0
30
0
11
30555
56980
137
1026
32376
767
0
131656
56522
0
19233
12
1479
664
140
0
676
11
17308
50301
10536
4
0
0
4446
3261
0
0
297
1265
961
0
0
171
0
5
2275
1770
80
0
73978
16
3882
0
0
103
0
641
29073
683
44447
7520
16512
0
63459
1242
845
102
1099
75
0
8996
29939
0
19920
7566
6358
34799
32344
13136
55229
512
3908
185149
14632
29240
2
84
0
27101
2804
50
160
32
368
98307
0
3163
572
612
2787
0
0
47
102
32
46
117982
1556
18
0
2072
2697
133210
0
1530
0
3
28
328
1345
1
0
88513
0
25544
17
17987
1
5009
0
103435
31
4335
0
465
0
0
5
907
1148
1091
0
127
230
34857
1
160
0
11
10556
198
287
0
0
9215
84
0
60622
0
753
0
17553
40855
327
6728
114
331
0
4
123
88082
0
235042
22
16823
11483
11
38880
0
0
29
16
0
13
260
0
5425
305967
0
0
121
0
159
0
39
0
0
1
0
2
5
304
0
0
0
91735
0
5423
3
18747
89024
42559
0
9454
0
331
1648
79759
1504
23666
27710
17
3
98280
14835
32553
20
8
74038
2
219461
0
4
7
16597
0
6339
52
15757
152
174612
1687
0
687
22
41979
201
412
7367
5715
314
8723
547
30
6
1
76720
0
196
4
63045
5665
51
8281
0
0
0
12686
5005
261
0
953
21703
21
4648
1281
106511
0
121
3
83320
91611
6850
4
244
56700
0
28365
2
642
4220
521
12
30981
9
145
0
44
98591
63987
88427
1
0
7
0
3348
685
2907
19
117175
38883
20
0
171
0
169432
79261
6606
100441
0
25194
537
178782
0
2
0
4
79
0
1
166
29
19
24547
101625
0
392
7
5
33
2789
89149
15
167129
22353
0
25
92036
1816
103
51018
7102
697
0
416
0
1
18
0
0
0
0
781
7458
85510
0
15453
1267
0
0
2
17
230
89323
149638
23
3713
0
0
3
140394
3
30
34770
48
11
375
408
233
53943
74617
502
1037
0
3
0
369
496
0
37663
7483
0
140699
44643
44
0
7580
63
14437
41924
0
7
0
0
341142
0
0
1248
17
416
915
3
0
1124
18482
1123
11139
59324
474
10294
7
168139
106
115027
984
34
3
45
130
0
0
65
404
3
424
3
1149
22829
2376
14921
6
121
0
1
0
178
1
22079
17904
86802
5327
0
526
2
0
16
0
4296
2
1434
1
1560
0
4926
0
58412
3518
3872
15718
196
6
12175
6
2719
30
7
254
83101
0
134
0
85054
0
4
99133
185
2
21380
11
50
96
14
318
1503
40476
101
0
4
19
167
9147
735
1
90882
0
14
160342
0
319
243
596
1792
1062
80
12
4710
0
4
5392
0
0
34
4627
45
112100
43287
0
33790
0
8
5627
0
0
0
0
0
11
1
131
1
43453
5755
3599
681
42199
0
6
3722
21
56
216257
81131
143872
0
57
163
0
15
0
81236
0
0
96
59
47
3258
0
1
23
203
1879
2768
1449
462
74
12476
0
91982
119467
49
3696
3308
111
53
0
78
0
1249
45
39
0
19099
3
0
573
635
0
124223
1
37205
0
14
171
49
9578
243
30
6527
48922
0
285
4
8
5
1008
48395
37225
62059
0
131
0
0
4710
567
173
63836
0
0
0
0
228
0
0
67
36
40773
0
6557
11
4
66682
0
25
97124
0
36
17
0
0
164092
0
0
0
3199
421
3
76
1715
2
120
0
1
15
169997
0
99503
86407
71
124
0
8
46
810
55
58161
0
18403
884
44
2845
20866
4146
0
37743
8
292
19
101899
81188
1276
148
8222
1
152
5743
0
59
0
0
2007
361
0
0
187
0
0
0
200
36
0
32360
18
77011
2101
20930
0
390
11449
39774
2
418
28
0
23512
13757
480
0
10
0
119191
988
2012
1
1130
5507
28
0
11
38
0
1
0
781
2210
829
84636
0
10446
234
0
51509
0
0
980
580
25988
1
5
16
46520
162
3276
602
1
589
0
4
54733
16
84037
0
19874
2323
56274
238011
357
0
1764
480
998
105727
0
35413
0
12
48733
89
32175
53
53561
0
0
10730
0
9
8272
0
1059
63933
2112
1
136612
467
99279
2136
9
4
19
42
463
61945
170311
494
6
8093
110
0
2394
577
4
0
67
213483
5903
0
46298
137
1612
50609
48498
2
9
1245
0
0
155504
0
92138
419
12774
0
6
103
1820
75
0
226726
0
1
0
102
0
0
473
36792
0
11
81213
14
110
37
60
0
6
0
233691
7
0
18815
45
34662
57407
2302
33036
448
0
651
3
98777
62440
932
0
847
0
0
96
0
1
16
31
293
542
256
5864
1784
39488
9265
31
178211
97
609
0
167
93273
824
158877
252
32
0
66
69
1830
925
9650
0
12
0
146969
16
5
155580
697
8
2349
0
13
0
113
0
77312
242
1
6535
216
2876
1151
1
1623
22950
18988
32
1721
0
5
29
0
0
893
0
73
227
0
259
806
0
6637
65018
78
0
0
104
16
4008
4474
0
0
0
370
101
30656
33846
0
149846
145307
128
17
5997
0
153892
6
72897
0
1
2907
45
2
0
13
6
0
4428
0
104
0
461
0
75309
41982
35
92461
383
2336
2320
132861
0
964
2524
0
0
1075
16
9
196959
859
0
3
200
56429
0
51825
872
6556
528
206
24
4312
0
1
1
4745
5
66
20517
26017
180
7778
105
10
3873
9667
32
8114
0
33501
0
82750
23
11159
57
31355
1
0
0
20738
76895
28724
0
20772
19
5312
13
421
0
6
183
42
17
0
81947
12
10870
2775
11
256
0
519
168628
291823
733
0
0
25392
2
518
0
19847
895
115
43
1
1770
0
311
23
8537
9
0
71446
0
30250
45015
0
16814
0
3188
545
0
6
3938
22521
128
0
1
4986
0
0
2
305
66430
50333
0
1300
115697
0
807
4
0
0
0
0
45
1008
9
4090
226
62155
11
7717
135930
3514
59986
5188
0
31
20
3
4
20756
77
0
356
13
0
0
12
0
5456
5
96741
36085
94262
474
18921
20970
0
3119
0
25
54
944
23282
2
73178
44
0
5640
1464
887
473
0
0
0
0
21789
0
63493
0
8065
85
0
483
803
0
0
1325
36
80
61375
46
276
0
65695
99
1102
5
4
5
174665
765
1
1466
60821
0
784
0
1482
8
0
0
0
79928
1061
60
409
51490
70376
0
4244
2602
213
0
370
160859
75
0
0
106
1
1060
0
17434
0
10145
0
0
64597
991
3
1
101319
16228
8
0
49
0
11
204244
25
43518
198
0
6744
51275
128365
1
0
155017
0
19190
900
0
1434
0
0
0
793
107
63
4
94
786
8
9
81
4
0
0
139693
51706
96011
0
6720
23
1925
0
749
595
174
0
166
254456
0
235861
1735
84379
7643
116
3628
10
29
0
52031
0
87
3
49
0
26240
0
163
3917
7810
3
789
82301
12
0
76531
9
75548
59012
1944
48
8827
0
1158
48720
123863
76604
13769
2
0
135
1
1954
66949
8
0
15
0
0
81462
39728
0
0
0
294
247481
9
21840
0
43086
7830
28
165
0
0
24777
1114
52
1
23
1188
229
466
1422
3959
53
214538
65383
12790
2308
255
115
35378
0
2024
84
0
3
376
0
6143
39
0
11696
316902
54295
25
1
0
0
0
3
3909
0
325
940
0
101
892
0
152891
0
2
67744
0
12141
47
1098
326
0
90429
9
21
0
0
0
63
23
5169
478
0
104152
0
0
301
135441
14
14250
2199
30447
161828
3611
5240
58
8
15
5839
0
230
18577
0
788
41823
1
997
0
0
17
293
0
0
21
13
0
0
0
23
841
220
172
218827
30184
90
0
151526
28766
225
0
17
150
0
1448
0
48
4550
0
1
6
0
1
39
60621
20
3680
25
0
130
50404
106305
0
2862
0
12
6
229
0
2
5
43
0
0
0
139325
90860
0
67377
1195
0
323
374
53317
11111
10282
3
2478
45261
1821
3
0
0
37135
0
0
80
248517
15351
0
4766
13749
0
2
0
51764
947
52221
0
3242
60239
2
0
0
33
217
14
10459
11045
53
60426
0
152
0
0
40383
3220
4
0
2
7
50783
100609
8
17
484
0
148280
1012
8
1808
60164
17
700
37
14313
0
328
666
88
1463
1900
111554
32
141513
19552
378
89
181591
14263
441
1253
26
3463
0
282
105412
0
29141
384
0
0
0
147
226
1
7796
45
346
3
416
0
18013
0
124
58609
0
25
113
0
7
80398
2267
10
0
217
2491
0
81290
105747
0
2
0
0
13236
2304
0
0
2796
182
937
46508
4982
51471
13873
386
0
12826
30510
0
15325
465
2
0
394
8236
226
755
0
0
45291
96749
108
6801
16278
55064
132
0
0
0
120057
11427
117
615
0
2
0
148
25
8
544
46789
320
0
0
0
0
363
80
1290
0
48613
53
1
34
6030
3531
16
24
78
0
0
12289
82311
1185
437
0
538
704
25
0
0
2220
265
4731
11183
229
5552
15661
316
89930
68026
55
80
0
0
0
17889
327
0
74541
1195
795
9
0
86999
70
31
0
142415
2
74
265128
46375
17
58736
0
0
779
601
0
1070
1032
0
9382
12
16134
14778
44
1216
0
577
120955
1234
49402
466
74
3262
75980
0
0
1536
284
270
187
395
63189
4383
15698
1936
0
0
1364
13
90574
1368
93315
17
0
0
71523
187
32
0
0
135079
13
0
10139
5
22
1
37958
124
15675
0
281
42585
0
1
22
6
729
8302
1
10
35248
0
23
13533
31791
1656
1078
0
0
0
84550
0
221
0
0
36890
1064
0
0
140577
11070
0
1
0
0
0
110
7
1010
7
695
0
1691
667
8
129557
2
13
0
1517
0
283
101
0
102
275
3946
28
1285
2
64377
1555
7
2444
117
57
231
0
0
0
214688
0
37
556
53645
61291
0
9
0
3
10248
1
0
15711
65953
56
476
21
0
104
14332
0
3155
15
0
12
1481
0
8
497
25
2647
37817
64
11
42451
0
0
0
146
115
75274
1
1219
75963
64
2045
190
108
8
325
0
0
1533
2181
8797
13785
7371
0
215
43566
76323
0
8213
0
778
0
0
0
1
1
8704
6711
0
0
459
574
80348
419
883
8986
1245
1620
99
6
81
56707
85
8122
7
17699
0
37252
1
0
5145
2921
1
453
71203
0
0
1381
0
123
0
688
745
4311
0
40101
220
62
1547
63799
257
414
12940
19
128
0
934
0
0
242
24
86457
0
63752
5
5236
0
0
0
831
0
0
0
10023
60962
175
4984
73329
46
777
1
0
188745
70213
0
1050
4
184
353
19153
360
13365
151
54186
16847
20
0
15
0
0
15
29649
20896
15916
38411
0
1041
763
11
0
747
0
91180
101419
65
942
0
1121
133840
999
2372
38937
1
29198
39
56026
0
0
0
7
2381
0
0
555
56
0
32874
0
28632
0
0
29418
214
2968
8980
12
163290
9
0
0
18
1396
3418
0
98
23
6035
93190
2530
4445
74
0
43
0
158830
1589
0
269
0
0
25
24
0
18
42
3858
2
2
0
174
18222
171
19003
189
11093
1741
397
13
179
29276
0
13434
1561
12104
644
18310
127
0
0
0
1
3943
1131
2919
1754
151158
0
499
43
5226
102
13
0
0
53255
12379
78
261
15
43
0
736
44497
242
0
19513
1275
1194
0
4100
42573
0
1
77404
368
833
0
28
9680
162
57798
0
77788
78
29467
0
4128
16
12322
0
2770
17
141
135
0
27
404
0
0
2074
210
0
7
5464
235500
733
4
28029
15689
11
0
89694
163
17
30
0
0
136982
31507
19347
2773
9995
0
0
1264
8
391
0
155959
15
14
1579
271
16063
19
71
0
5
52924
1
9619
4
721
17093
202
0
114659
60
0
1917
0
0
26508
3240
86654
253
0
0
0
607
0
0
1
47373
31867
753
0
0
13
4855
964
0
1
2
0
30
369
151
2
23
0
6316
1450
131320
6072
0
1
954
77278
68144
154110
0
668
0
9028
22349
6472
90248
201
74
69128
26
18
0
102131
122
1173
149
0
7337
0
13667
4
54
9932
101959
0
0
11672
0
761
72
0
1474
134
0
73
70733
0
119377
0
0
6435
6986
0
39481
1
81035
1
1
42919
31
2
4481
24204
318
132121
907
2
33
298
60778
84117
80
0
2
2625
194
2721
14
71052
1
16974
0
2112
10
95
102229
0
10
0
705
0
2558
185
11044
3
262
0
104781
0
407
0
22
107614
946
7186
0
0
10
0
24938
0
40595
7
5662
1
3055
23232
35
5
491
305
0
0
0
2
168
1165
659
162688
2251
0
262
0
33345
7813
1
0
41335
18
0
156702
104
0
20
397
5
0
116535
287
48
2
87575
105356
17
1
830
32004
0
121
3016
0
41052
169
38960
64699
5
23739
1
5
134
50
0
0
6169
140302
5
0
656
1238
0
1573
6536
1
32441
100
77639
42334
4438
3
5008
0
2
18
32362
190
1722
185082
0
0
16
93502
218418
0
4
139
35
5673
1844
1991
0
114
49783
193
1
124
292
0
0
176
18349
61
22521
1
795
0
10684
89
7577
715
818
30664
467
43
15
11026
10
14
14034
0
1329
116154
859
18
0
37
0
76136
140774
109
91
0
29623
233
14
4052
6246
0
30066
1154
3
8
1482
0
0
0
37142
47
6
46138
0
0
0
0
395
0
3
8
20322
15648
153
28
4251
61
2177
0
1055
13892
0
10759
1190
3501
0
45306
0
0
1656
698
0
56
0
76262
378
0
71819
0
100982
81
36533
23726
0
20
1481
67
0
1
7
275
53
0
0
0
0
0
479
11861
4
32096
2
10225
82
20
7765
0
9414
5
1121
5214
69293
963
42
297
0
6705
10
85915
146373
0
1
871
0
11758
55
0
39
52494
25
452
0
18
3
36
17
3139
22
346
12623
712
82
0
83127
337
7131
70108
131
0
10
7
202
0
6039
0
5
11
56288
11356
5
2216
32698
2857
11
47157
580
5487
68
0
0
0
52
0
22764
289
40
1644
276
0
104935
0
6
0
7684
37
4588
540
7
76150
141891
3453
12571
2046
0
63740
677
68999
76719
14
163
8
0
7550
1
33296
0
4
5
41814
1058
4215
1519
69180
38662
21
28
0
3225
0
260
8
0
107
0
0
13522
144780
0
0
17
10
105
0
19
393
166
11
77018
0
13858
953
2
59537
0
135216
690
0
15959
0
46
13
308
0
135
8
2
10
27
15202
543
572
66428
78
0
98918
158139
0
0
189
5
2847
369
7508
31725
0
0
0
0
420
16367
174845
22
45367
0
1124
854
0
12913
5
2817
116356
77955
0
81110
29
132175
50027
41
26
0
0
6
11172
187440
2070
120
0
51180
330
63
0
593
422
0
46575
0
96494
0
0
33
46422
0
345
15941
118
1917
635
394
0
0
56457
78177
21
0
0
39390
1114
0
0
2
345
625
48991
5393
732
1948
583
270
20461
1981
0
1978
0
0
3382
238
5
0
83
0
24200
161
46
13
11598
0
0
6743
78
46537
100
217785
0
0
0
0
14
3
0
0
148
0
0
210
177449
22
0
71
103346
0
558
35
25310
14513
11210
311
86367
0
3
58
287
456
183
9603
93583
331
161873
174
0
7159
133
0
84
0
0
1
0
0
79972
39568
110580
162036
64058
9256
15
0
8259
275184
75630
0
334
680
80412
1110
0
0
0
0
39370
5891
71076
18002
0
64965
286771
4
0
100217
0
5
0
125397
3
3360
184
6374
0
64457
0
149605
86
32131
3
25
20980
0
1863
18
647
106158
5619
87207
1311
0
0
165
0
288946
42120
73556
0
0
9
65292
0
36
141572
0
54317
0
78049
456
21987
192
115308
622
1
138782
132
51705
4287
5
0
0
6332
40247
39506
78824
202200
2
3011
38
15
167
184
19320
578
79
0
0
3024
1470
6024
7
193971
10160
1268
338
442
1
647
413
443
7
5
958
3
0
0
22
2
2974
2
0
12156
141
2662
3
877
0
0
0
2
1
2
3
0
110337
0
662
2
83487
0
0
15269
88814
47579
14
80
3815
797
0
94764
270
635
99471
64
35930
0
306
0
84467
6217
0
0
137099
142645
58
9934
51
101690
45
384
0
91176
52
12856
84365
0
0
1160
3552
151
0
58
0
16
10
48226
41645
149
132005
0
73895
0
433
14
2962
3672
2
6168
2893
10760
1448
44
0
0
0
660
158
2216
57
0
20068
0
95520
60645
28
15
59
77558
0
82887
3748
0
224
111741
50711
41575
25184
4
39565
38730
9021
8402
61273
3108
10158
0
211
7244
0
182
24824
0
0
1
0
53
54
7
3964
15010
6832
36
0
0
375
554
114
12803
74
0
100
0
0
1720
0
5873
73
223512
11
13
1353
140
0
5272
72860
25518
8014
3605
0
13811
381
104211
41
58
136
0
1021
5727
1
5870
0
0
2674
0
53
5
8567
3
0
593
77493
0
2858
221758
1559
5964
0
2521
0
0
106
52600
1
0
145
215
1326
115236
6417
1523
34
5825
898
0
3618
0
311
0
17790
0
0
0
45
0
8
162
0
27
0
41
1315
69250
0
32887
15
108
0
116046
106013
5709
280
46029
97
7689
23
0
7
34644
88
17962
0
96
51625
1410
1577
0
1
58047
82380
77171
6234
25
777
2
17
461
0
146376
0
0
1
32741
0
0
12
210
313
0
53130
3142
93238
0
23
64
1733
30414
58
7959
3
195
10
11588
40
807
1673
30422
238
0
134
266
89324
2578
0
32
63282
0
1435
479
97
0
18497
0
0
18
0
143618
1475
0
799
0
84
29840
0
0
0
52035
6
26496
0
301
5
0
0
1346
26934
3908
1504
41
801
526
22
3164
0
0
25
12
2
49921
552
89387
0
0
1778
0
0
7199
0
2770
49
54743
625
26861
70
238
62
10018
87
12633
0
4993
118
662
53577
14768
3076
9185
43
36195
169
4565
187929
23915
28
60
0
3252
1
0
0
574
13
88
0
1
179734
16
0
59
91472
11
130759
0
0
54794
75900
92848
11
2095
74
73
758
111628
0
5105
90
126693
0
0
0
7
36604
0
109030
1332
34266
432
117847
183
1
1898
1056
42355
314
3429
40
0
98349
89
482
47
14515
61
4587
39201
19
0
0
112996
94
17297
0
0
0
57
28
1
97
953
262
8
295
43
59934
551
778
106
0
51
8
1
1355
102
3095
237
10
33321
168
104900
859
90
9
0
0
23419
135706
172343
804
162
0
13
237
4
0
35898
0
6135
34949
47
0
0
0
5585
125526
0
11280
63639
3
0
3545
0
3
3130
15
921
81608
0
33
21212
0
5313
4641
0
1
28197
74
683
0
0
189418
31
46030
0
120
596
13
0
0
34
63
597
397
83788
4143
0
3674
5406
22981
4173
91
0
89291
552
0
660
0
114
0
15
2255
0
19547
0
107413
756
0
125946
205
34
0
19
0
0
530
56167
0
44706
165
0
148822
1
75436
24
168117
66707
4246
5342
2402
353
474
99017
42483
560
5038
82514
635
127168
1165
60709
566
1285
1219
34
3152
46
163065
43236
0
0
1090
483
2264
651
35275
1
1386
138240
1378
20
0
128128
143544
0
14304
0
1768
0
38
0
687
80348
12
175514
0
4
18
0
4
7
15477
0
48
0
1726
287650
546
42013
2204
0
2400
7
642
44
11557
10
0
7
39
7432
4
70991
584
3780
3686
182719
63
0
3
1820
10518
187852
4546
0
9504
56
146653
14684
0
0
83276
63
11976
40067
26
156943
905
872
0
5542
0
0
4917
2060
0
0
2
62438
17
0
0
742
265
10595
0
252
1699
3805
0
149
7
412
488
40873
199
212
0
101856
0
0
0
28610
0
0
27807
47
0
15
3985
353
458
0
136
6216
0
76221
16
11509
0
50
0
7573
198
0
0
0
4488
0
112590
71510
2963
9
157467
17769
0
9295
895
1
1
0
55478
9
7835
54648
2
0
1652
0
158
9784
440
55188
33
186242
106
37
0
69
1636
127713
5
109
11217
2452
0
4945
0
0
275
7399
502
12
50
1860
3
174457
0
0
50591
0
7
49
13459
25
23
29666
29
43521
30
0
5445
6562
5
4
0
0
10071
17316
0
0
0
3
1789
94
0
11911
1
120462
1732
10145
268
3
0
4986
0
4371
0
26
4231
2323
4
48382
2
21
463
1
3
100189
19766
3
341
15561
0
73
2114
27
223
3672
25
0
105052
1007
5151
0
0
1947
6
62
1086
97
1521
93
266
0
12217
0
0
17
21
264
21
310
955
0
4083
0
0
0
17
1313
54041
0
29
0
23869
39845
0
3
1283
0
495
63499
1
0
32883
0
274
320
5026
0
0
0
0
0
42
189
0
0
427
121
441
0
222714
0
3
1491
0
34
550
3
178585
6279
0
172816
27975
1605
4
27
17596
11
119332
0
12938
335
3093
0
0
142
259
0
0
52449
152148
5350
0
1350
1266
112254
14978
0
12
69
81548
28055
38508
89818
91324
176
24
13623
740
0
0
0
0
7
2
13
35
211942
25
25
0
2068
5954
54
51887
22585
43398
0
0
2
0
4448
0
2049
23
0
0
0
0
0
0
12938
0
0
71993
32
66068
65
0
0
898
4
1554
43919
0
8
115270
0
8
4657
3187
5246
242
8912
0
74093
2
0
75560
11275
44875
0
106316
9982
0
123
2
123
0
603
60
0
0
2
0
688
64470
32
21
0
0
0
9
340
0
3747
0
1501
0
80955
2
1515
87537
15
2101
1177
77
0
91
60194
2700
290
369
6134
19
90
8107
24
2
405
25
48463
69
1
0
1
46
127878
31571
0
0
28890
749
0
62
2959
0
1446
1034
45
39
28
0
0
315
57374
4212
5518
4204
528
0
14
249
154314
0
1235
0
0
0
25003
0
148382
10166
50924
497
928
92144
42
3
5
10
38
8784
0
23252
132587
0
300
158
16800
79
925
0
0
7
0
93435
1439
0
2
31
0
0
482
86126
0
2
98692
99
1538
22393
8839
195697
18873
0
66090
809
11252
369
0
12589
187
51581
83406
1025
662
0
3729
87567
7753
78
318
0
44359
28036
23
6188
0
26329
0
204
0
1
37221
0
1535
0
3314
1
34
0
17
13
0
0
766
13951
1651
0
0
159
8977
238
43003
659
0
7507
1103
1
0
12
0
265
43
92
29
9
2546
20
1888
106
0
34215
1245
53
0
79
0
83971
22
596
0
7401
72
540
6
19
123059
6
0
1215
3443
161
3158
79755
3368
23978
83
4608
152791
0
1359
36535
4
59038
15087
36003
114677
60447
3395
0
498
24
0
91
21987
0
9294
0
0
35802
116144
0
0
0
618
15
0
0
87559
0
375
251527
14
132595
32
960
0
0
0
2527
4136
0
4635
12
102505
166840
0
16163
0
0
0
22
5864
110
5746
412
5114
6
169
0
8
0
2412
0
0
4
0
430
0
0
1238
150182
0
6
7
12
15
3026
73209
24352
47517
1410
0
51080
8
912
0
74677
54
15
1086
0
12778
869
87
77132
6123
90
6
12624
0
6363
63331
6564
8
115
6
210
0
2842
0
0
1
2661
44
0
0
0
20
0
1
99326
15044
0
782
39
25765
0
102644
1
41
997
7
77126
271
9414
0
6
415
248
0
30
6
0
0
86034
12950
126559
21
0
222
56924
67
6960
2
21
224
3421
274
58
119
0
5027
196
93
25
51014
3
0
22859
0
671
4280
0
3334
3205
411
13
70822
4897
160431
92711
69766
11213
3064
26
952
0
0
6
0
10439
53447
38
150
161
0
7
560
2713
0
0
158
45
52
95550
20805
0
334
4753
0
98
67700
13625
123316
125812
0
0
757
0
15546
367
93
24
56
47
0
131377
2
74
30
4192
3829
0
68
0
111
0
42
263
71
33
48
0
76781
569
14
105
0
0
362
7771
12721
0
3
22703
0
6720
1392
5850
17
99346
4
0
0
5
0
2
39
1104
64489
558
99549
6
0
68
0
19
230
22
934
9373
0
2
23559
32
185
45543
4755
1277
360
4
0
694
0
0
33
0
31627
0
0
6054
5
33
5366
33
0
0
0
154027
0
2014
2
187
0
0
0
152243
452
6476
1073
134294
72217
46
1142
0
0
30830
1437
0
11300
123
85690
24
21
0
0
0
0
200
15
29198
54128
65901
5325
0
0
3
16
2353
38917
73252
1233
73
51811
11
290
0
387
434
95979
66586
0
0
0
5074
62161
250
0
0
29
124296
1834
43078
1573
39
0
5796
89470
1181
17961
0
0
28628
14
48
90767
12114
0
1259
0
0
880
0
0
197
3782
998
0
73
0
16134
1411
441
1
33076
124
0
1
12
2398
26
248684
0
16
131
6
23
337538
1376
0
0
6
38209
1453
30750
0
134940
96
17739
8828
94
125220
0
165
3596
1110
48
0
590
24241
3
3145
30
5868
40
19
0
3
922
76892
2975
0
51259
0
17372
172
12
6
438
174390
160
0
0
3
0
0
0
7
326
0
12
6584
9228
651
1798
0
67
1
1028
79033
0
233
4256
51
0
4437
384
13192
0
35538
1671
0
322
687
47
2106
0
3
38
2
161
1370
26458
23
0
17922
15540
0
2
4
106
141112
171
0
10
700
0
544
0
0
0
0
10375
102
6653
0
5393
18
1
1087
110
322
4344
21871
40
6258
0
18178
0
333
939
4414
0
0
0
222390
0
1016
24837
0
154
46
0
1
0
57
38340
4
13287
87632
0
3
29271
88
0
2702
1688
55655
1345
5585
480
0
0
22
111250
69107
0
305
92659
1594
34
0
0
0
0
78
9
0
3
0
691
2479
239
117887
753
0
3461
18
192
0
23254
0
134
3238
6575
214
190
94
91181
16
12
21
478
0
0
436
2735
78728
0
28649
12
0
0
1738
97644
39
78476
83
2
96704
7
27
17
4581
516
6
5
0
47526
72824
787
5
7
3
524
106677
0
216170
22658
13445
51
6
3719
86850
39
5
77321
124722
224
2527
13
20
1363
0
459
126
0
55
0
8541
1456
1876
0
0
1104
122
7
1011
17
0
4574
0
5
3
0
0
154
80
6024
9
15
11304
17
3008
1981
3
0
2894
108
53
33411
169
0
0
0
1373
0
4683
115063
717
940
1167
134
6770
0
67
23985
40481
3670
14
319020
996
175006
252123
533
258
17600
0
5400
1
0
30890
258136
3992
21
15038
0
4
0
0
107204
422
0
0
8
1968
390
13930
0
18
6416
17770
2575
0
177
0
162735
0
78
96952
93
305
402
0
17
1881
3
2615
0
354
28529
30385
21
39294
80
0
42
36902
0
0
39
0
0
1967
2
750
56380
30936
19
297
0
0
0
1038
0
453
30180
125567
0
1862
0
34
1428
102
1969
0
0
28887
0
39
310
18126
18
742
0
58730
2167
143486
18
36
4
52
0
13
0
0
0
0
0
0
0
1297
0
26185
0
0
9
59726
0
12
685
29723
13354
205
0
10490
0
18446
23129
0
0
0
0
3396
0
17
9525
86
0
85
5258
5
28
43
9
43
2
204471
3260
0
42
5851
366
0
0
0
62983
72
79813
45116
67126
838
2618
0
0
184596
0
164
137633
0
21
6
40011
0
18
0
2337
91995
4
0
170316
4233
0
1
25072
109
17688
196
1244
114
168
0
11651
4264
30
8266
669
0
0
7338
0
8517
37700
209570
0
92266
0
230
969
0
0
14716
242
3
10395
3372
30343
17025
34764
509
0
0
3488
62867
221
290
0
878
91
0
279
0
174
0
1866
128
0
0
3290
0
15955
131506
2856
1942
31833
175
2754
35
0
0
801
34893
0
0
266
0
3191
73
384
53053
0
0
0
25
142101
93264
3
12714
0
5
9
1555
139595
0
363
54585
4
3
50
68689
1
0
319
38
29
34
332
14
0
179153
847
45064
40984
20
1004
0
0
1444
0
2
34196
2773
5
5399
34
114561
95
91425
0
0
103
0
0
42787
0
0
638
266
0
99
6515
1635
112092
0
0
0
4
758
15
0
457
0
114628
479
0
68023
5530
144015
0
0
22349
6003
43918
9
3
1646
79
0
0
11
442
6976
331
0
36413
76
15
22
0
0
944
82428
352
21319
133
5
7562
0
16534
34
29357
0
1477
170777
15324
504
122
59053
0
124048
6
23663
50714
26
13
118933
8840
18964
0
6976
59037
0
104607
171464
5
333
153
141
226
483
4
0
431
10389
50
626
4
222
906
0
95343
178
0
0
649
51909
23
2566
6
21
239
0
1589
0
17423
4
28
16
1658
314
188
2311
483
2436
0
0
1
0
23344
0
22814
24863
193
231
4
558
0
0
0
0
0
0
100705
0
208
2
112
2
5355
0
76
2274
22577
0
1
49
0
78
4961
27
151472
132
32321
801
16
40
0
0
450
822
4811
77115
21
0
1721
0
1
15113
1
33
0
14966
102282
41
3301
0
1
187731
2
0
462
37095
0
316
422
78
0
1332
196
8
4149
2191
398
2242
55074
73338
54
16719
0
1
0
0
1107
69
6
0
2867
136936
0
0
0
0
11080
115193
5
30877
1299
0
15280
0
0
802
881
5765
6875
157
0
20
8061
1236
185491
0
1630
1
112
856
149
81
63
775
0
0
0
101011
65
0
1098
829
5342
1946
0
1152
65031
0
82
4862
9711
1073
1356
178
227
9929
0
0
476
0
2250
2924
0
38609
29544
88557
14256
5483
135227
7
583
467
0
66390
96363
5
14015
305
0
18831
47
29
0
87023
17
6926
4
0
32
512
1
11
12572
0
6553
3
0
0
2560
41618
143073
1
10
0
15183
0
668
2139
92
2097
0
25300
570
1
0
14422
372
104033
0
0
0
20096
0
1139
0
225278
0
10
8494
118796
123818
44729
415
0
48699
19
81118
30024
0
4
23
9478
0
99
142533
14954
0
79
2
10257
0
2
1894
0
28
369
1497
3
1
614
17
0
66
2388
0
114
218555
28471
1988
13244
2104
0
25729
0
16645
59289
14
153
58240
165971
6
9978
0
8
371
83786
1
84441
485
0
6075
13
11
916
0
107675
59105
2689
18016
2071
0
240
0
16
0
118
35953
8856
42885
15643
179
27
279984
1
0
2605
0
0
10
13313
0
0
17
3
1
86
1162
47208
25
1
1403
212
1359
4
3
2978
29459
33702
119
157
69061
15
9
6
229
11912
292214
10799
130613
3
0
0
336
527
8297
0
49
0
2
77748
1
5454
468
9260
13623
157180
5
2265
6
150
40
0
0
576
0
38
1
10
412
0
7721
40278
7431
8747
0
145
1
10657
1
16
271
34724
15514
37
162
22
1187
3
11
180418
0
965
0
0
258774
70
8872
0
2117
156
1269
0
18398
14
0
0
19
13
27
144153
0
0
35254
0
573
471
0
33652
0
66482
14544
1246
1
518
155418
128
96778
283
4092
34087
708
146
91
0
0
2384
979
96
445
27
149
0
0
2
159
135209
0
0
7951
0
0
0
402
57322
129
367
7816
39338
34076
0
836
27883
7
127
33595
2
139
9
6
0
552
12
36842
82041
68
18
2
67076
111026
26834
0
5355
0
29
162469
0
1470
24446
21
985
188431
13060
5012
208
17818
4
152300
10
280
573
129299
0
65
74743
0
0
40276
0
97
337
71046
42484
0
1
0
1754
11
46
5
58
0
592
0
196
0
1809
2412
1225
1
816
72545
1463
352
1457
71974
21915
92500
942
22
184458
0
179
17559
0
108
0
51146
89
215
78211
108161
218681
70
3969
0
249
148627
96
4
909
78334
0
0
8884
0
155
0
0
6619
0
1484
3995
0
868
0
921
2
10
1705
23725
0
0
26320
112445
178
4620
1
0
0
3
80
0
15
4936
0
27
0
967
95
131573
39437
0
140169
0
0
8
0
1
4232
27253
3
144735
0
82
16416
0
100
0
0
720
7363
55829
88
3946
55573
0
564
6
142
148
0
22912
0
38185
141
2585
2
5831
4771
0
0
1187
0
4530
0
26
273
6696
9290
171
0
111985
1606
198
28255
0
2
75288
1923
0
0
23894
82340
21
0
744
119473
23
4
117
5
121
10
0
177
823
3196
425
35579
121181
0
1969
0
0
4075
92
33989
0
112399
0
6
1548
80102
19
934
0
2
1531
0
286804
0
0
104
508
84778
8
26
0
10
184
0
126247
54120
11614
8
0
135
0
21
2811
29364
0
0
214
51612
73
0
448
8
131216
1815
139
611
26941
0
0
126
209065
79064
29066
2374
13478
3
0
18846
588
0
56
5439
8
6028
24378
0
1
0
25233
30187
82771
4
135
0
95961
230
2042
113
2455
7221
0
130654
0
11534
2361
9486
49968
2277
85
0
1
6288
0
65114
0
51879
0
48825
4
15
20633
20945
254
31201
0
96
31
1
2091
16
9
0
0
85277
0
6
6
1167
15990
3
1
5903
935
23
74
372
15
5432
666
334
3
163
57
0
3278
0
2739
45
0
549
115783
503
0
96
11
2801
2712
5950
140507
2670
11060
4
91
395
811
6046
30068
103
8
147646
2
27
1086
1
129
4
449
0
19
0
5879
135
0
0
0
0
4046
5
1
0
6
0
9669
22
35
469
0
3685
605
257209
5
0
0
251
86754
32
247
0
4999
18028
15097
0
3153
40662
0
37
19674
15
10176
0
6
32972
2
11
0
0
26
0
135
0
305
0
128
1346
885
0
494
0
28
732
10416
0
43
0
1945
16851
348
23205
0
80
26403
0
12
38551
0
27697
33144
45
2
15718
0
13
0
13675
0
9
35728
38
205506
15
584
0
368
0
205
1533
126
5292
0
949
4
8
0
2073
0
36484
89696
6
1
0
0
95890
0
158878
165
76075
0
59
0
0
0
0
0
6556
0
554
0
868
722
143
15
38070
6218
48
115301
0
193
61120
210
1951
19
0
2
0
45201
9
23779
0
0
0
295
134186
5
78824
0
0
4093
0
58152
5166
1593
18
206
164051
25233
0
0
5
0
0
2
4
0
2644
1246
4
51
55099
0
0
0
62
5880
8454
1
22
415
0
0
57833
127036
744
121433
12796
456
4
159296
96
86
170710
0
0
0
4817
3820
0
0
10643
0
1
0
0
0
823
0
560
83682
61705
6
12057
11344
26
659
16
0
19741
117
0
282
1911
0
0
24
2604
0
102
211593
237
27205
0
0
0
105454
1681
2478
0
13
3112
0
20
0
101115
45035
7626
1147
309
965
0
5012
804
44
502
8622
0
29
204
0
580
100297
0
12194
697
14
0
0
0
41
24113
1326
12
0
1252
1
27
1146
134
130078
40298
133
0
56
190633
612
23
0
1067
23
742
25
39
525
2313
20411
0
7
1
0
0
97836
991
0
220
1044
0
768
77
422
53
235
0
3771
153
95
0
1026
0
21349
13728
21702
0
4041
71306
63
111771
93
227
271
138
159131
0
31
2
51617
7394
14416
0
111860
164
30588
37
0
101522
4
53095
371
2821
54
5562
0
372
108
51958
348
68062
48606
4438
29409
175
1491
177
2812
0
470
1
170
56
5084
0
0
0
76353
251
13
25
67
0
0
1772
0
2
5899
4951
209
8576
8946
3447
19587
0
48
0
88141
0
238
0
1014
2
15
142216
0
1500
539
237210
1
46
122012
137010
13857
329
11
0
127
2
15
22961
106997
2
409
12621
3212
92
0
24202
0
144943
92000
50
6
0
0
28
0
11884
14205
0
210642
24
63
1
1266
12
58966
333
42
1394
0
2526
47
102
0
0
13
1
10446
0
0
135
2593
152
32
0
4121
83
13
0
0
0
0
63
10454
48326
35265
13
8077
1484
1198
7
0
70034
16263
8346
5642
22371
1267
298
2096
7906
411
25315
3316
4212
109
2977
18617
3
0
387
47493
150
704
81941
88727
93183
27525
1023
2447
0
2506
3
9134
78072
17000
400
382
7
618
0
1106
30824
0
14
0
22431
0
4035
0
118
103308
400
13797
7
116399
13198
8
65
60135
603
1
64
419
21605
32349
38794
0
88760
0
10106
22
60601
0
0
186
124
2
4862
47161
0
52064
106473
0
0
0
2870
153
109
32
161
0
0
0
3
0
3389
18
1576
49228
0
0
0
0
827
146342
0
0
18
37
0
100
0
163554
0
101
88
15
2743
1222
2333
0
10929
235
1
14954
154275
2
367
482
869
0
175
288
0
22
21
194
280
3
0
143
7
0
50
59368
0
0
142
351
0
246714
42
1441
0
70
3921
6490
0
54409
0
36
5055
0
395
43569
0
673
1842
35215
0
0
0
16417
18
0
626
210007
587
0
27
5
705
942
5282
995
94
6
109
143566
72942
0
198
144
0
5
117031
25742
263
52
44
0
0
20
1708
93
7
2
0
4084
16384
40352
0
82852
6175
11258
0
4
22
781
64
121
116
347
15
174926
853
0
8
76300
0
401
24887
7
8
76
13127
0
175513
0
164096
0
6633
138894
1
19379
158
3725
680
0
48
139
7977
0
59
699
0
48
0
0
3721
13
111
3429
1
84856
1375
29436
66
177
0
68766
205
1021
408
4
45
1
30905
0
5161
1218
0
148431
2
99290
4086
44066
39600
0
0
33933
918
764
75
45
0
0
57
0
2
2024
28643
0
12088
211
1006
10471
0
5
0
7
0
128
74471
68
0
0
261
238
6
0
216
8
158
0
20
3
1
70
24
13863
0
11838
3089
606
16
0
24
41480
1
141411
0
31
135309
0
7397
0
163
7532
2424
5633
10749
113064
170
69
152
0
36
443
7063
8
0
7310
26126
0
0
0
8444
74
0
3
12
208
1266
1526
0
69285
15
0
17
0
17
6
491
115
2
3
110730
94
44708
0
23529
0
0
2
74283
0
0
41
149619
175111
36
49
23
0
388
34
25
0
2
1285
629
0
42699
164963
301
1
3392
19
0
21
190
702
1400
16
61
101
79
5416
2359
27
991
0
2049
0
68
27
7636
35836
0
57
0
80692
2032
94516
77
23
16352
0
0
133582
420
872
0
45
239
207
8
80696
1650
538
2
109
0
260660
10
29431
7
0
2630
238
59
24582
6789
1663
10871
18
88
1
0
0
0
131
0
0
2347
1006
0
80216
101
419
178
0
98222
0
0
16
5480
6
19
1827
14305
14599
0
0
0
0
0
2701
361
2
27
145
1
4
25
211
169
9
200448
106219
6487
4
2016
217
137701
0
25
89034
0
70
0
0
2264
149
114609
119
0
0
96120
0
20419
81
18
4
49027
0
59058
1203
39243
1
5
3036
2030
262
368
7017
103149
0
2
47
0
0
9
5
0
0
81072
11
17680
0
7
27
7
18
34
0
0
0
1227
37873
782
545
5
9
12932
100
4899
0
135
300
0
0
78
0
98
16221
65116
1
0
233
1481
0
2
57
18122
16512
925
23
949
78
0
297
0
263239
2
12012
213
1512
1553
3
21864
166312
103643
385
0
8
1
8
624
98
25363
464
1914
0
0
1781
3036
8
0
1823
11709
0
310
0
0
0
102
0
21
192
10315
9518
0
126482
0
1845
3066
7
44549
407
30991
0
97105
73310
0
3061
0
0
5
49532
0
1
2809
537
1110
36203
18
0
197
9
1074
5294
1
730
106905
1463
317
0
4
14184
148102
799
8528
2416
7329
18
3781
38
45872
2709
19
161673
0
78
0
5
14976
61
1101
12
0
0
889
17
1094
0
15850
0
104872
7
8847
189
1
24
24
52
94659
0
0
22075
0
2
0
0
4
0
0
123
0
0
39
16
676
0
81
0
0
6
20
21
4647
172452
26
0
0
11688
146
0
0
0
42
58814
7
59
0
3198
6
3927
26
10
208837
9235
228
174
133
29
132
1
0
285
128249
0
32558
72
38541
2
136871
0
53516
86681
0
67
311
122072
5978
83526
0
767
22890
0
74
0
0
77
18
0
112631
0
150
512
254
560
5084
39
0
2419
11
72
19
0
7
303
4537
3543
0
2364
1122
63487
134087
2561
0
36373
0
409
6480
45
18871
9198
20679
81
985
317
143
23402
64
52
6502
2
3986
15
90391
0
89
15
267
4
152
104
7276
0
39
85114
755
9190
0
1270
0
9199
258
2
165
0
450
3223
5
0
7
37
2425
0
3
23125
102595
27
0
0
69565
1378
4
208
134168
43
2818
24495
2093
108
6324
21759
7
376
169
0
12287
2184
105
0
39
0
382
128504
3
1634
48
154591
188
977
0
16035
196
53
0
788
0
21
3158
0
7804
30795
975
104868
11980
318778
0
0
3
3589
3212
0
173
75645
6887
83051
0
9
0
0
101
36140
410
370
5419
620
0
9311
1
0
0
13
407
0
43
36899
20883
0
0
4122
17298
0
33
53
229829
1729
36880
0
0
21813
1863
4
0
47881
25772
0
2
328
113
0
97
86729
53684
4365
5
400
0
0
7180
0
0
8671
2964
0
43770
4272
108263
59
0
130312
0
6526
40672
112
5176
9
235
2
1160
0
0
83440
3560
239
239
217
13
25
1146
1
2093
2430
215
95
0
20567
185
1655
11
0
5
0
0
3542
797
153
148
3
1121
164222
6488
32
164
0
0
0
1
40348
582
0
14733
171
107336
8383
0
16441
0
0
2807
0
0
2621
22
132
1207
66955
4
63881
0
23235
2572
203
11
71658
140
1105
26
24
25
54186
19668
0
11129
12
5567
4
330
56
0
40
0
355
0
743
956
1955
8730
0
55
50
0
18181
693
0
0
0
0
3191
0
436
1103
0
26959
18
1562
0
1
42
12568
14
20
9758
2735
4220
0
22
80
56371
5
42800
59994
2270
10234
101453
1851
81479
0
36824
160
0
29774
0
53
6649
135
9850
143
504
269
89
8608
0
0
0
0
0
9
1651
3
8
2
1448
75
211
0
75857
83650
65
76
196
161674
244
10536
0
12113
33
9220
33198
168061
0
9920
1372
0
43239
24
14800
89250
32831
89349
143
361
10
83530
143
135
133929
191548
942
193685
7922
0
1908
0
10681
0
8826
18581
12073
1
0
1301
0
8
0
224
51
1173
0
0
0
91
483
5691
0
45310
0
0
114
2105
3192
0
78314
9396
265
8154
17598
64844
0
3281
5
6198
1242
6
1074
1286
95
55
1052
0
76453
191390
292
88836
75
27044
78985
101753
0
2836
54481
188
0
372
0
44
67
1758
133
7920
13
220432
0
2342
0
0
12480
168
8271
14143
92464
0
0
1597
76056
30
7
4542
93
1
90
42726
0
636
59
211
3567
4
0
0
0
8302
0
14
0
13
180
8
1334
99445
12
11038
19
11
36
1532
6620
1920
0
141696
0
5898
395
790
0
10
0
153623
54920
37601
0
13440
2
575
0
0
54
0
20571
13398
13960
0
947
8486
15826
0
739
2531
0
3089
96365
104
6308
2186
21962
7960
105252
0
43
343
39584
0
62269
7966
81365
0
55427
10028
0
2261
137
0
269
0
0
3961
17
2
1738
0
953
209
3
0
0
0
1173
7983
7
28439
29752
2
0
111814
43
1929
19136
1500
8965
0
20
21
0
81965
89738
3069
81
0
0
53001
5369
217
238
1790
2662
225
0
3514
140994
0
104
10161
0
1084
693
0
6993
0
19
2864
0
10324
0
423
25078
7
0
377
18142
80
30
5
92
148
0
0
0
7
8675
3888
14429
1
51590
0
1817
0
437
0
0
156534
30
0
84615
36
17
613
2549
0
74
69
570
21895
4182
33624
157
17
355
0
0
4129
2
10264
1281
185
0
0
7
1762
35463
0
79
2453
1516
13672
0
46
2031
1345
154
4969
27
0
43071
0
59218
72
35209
20
0
0
3079
6227
180913
7
308
1974
635
98086
0
51225
2233
1072
79
42
762
0
0
10104
34
18
2750
12451
1173
1166
160346
6
1951
0
51280
165
162983
22
2559
47
300
1458
30961
90
0
1168
2985
0
286
0
420
200
0
21201
144
0
176
60
631
6548
10742
4
13333
4
655
0
727
0
17988
269
725
0
0
15
77
1893
185228
0
69377
4744
2
103978
20208
0
10
4953
0
