"x"
58
3449
5
13622
7866
1
13881
590
0
61293
5786
5952
0
13224
1140
840
12611
0
4981
37
6946
0
0
1692
0
3674
366
50
38
0
0
219
29065
0
156
0
40176
0
20399
0
0
12
0
36
0
0
30
58
49305
0
0
350
0
208
0
4327
0
8
2380
0
97
0
2
0
427
176
533
0
0
0
0
0
3690
5582
17988
46
1
1796
0
0
0
0
0
302
17470
0
6024
1073
0
14
57
0
1
0
0
0
73
414
0
1120
10
0
0
0
4
26073
2995
91
1413
10163
0
0
2422
0
0
11273
879
0
0
3
101068
0
4199
1711
0
14
0
32
2
49
11
0
190
0
3190
682
516
624
123
1
4909
1
1422
5
14620
47
1616
123
231
0
86
3967
5582
292
763
1
27214
5502
0
8303
7
15
60
35
9127
2
2
0
305
0
4
0
0
1412
46
0
2
0
0
1
0
3278
4
3567
2345
0
12906
0
1007
67376
5126
0
0
1617
0
0
0
20
124
0
47
0
4518
4
0
0
12722
251
0
10
0
10
0
121
9
12
0
2700
64790
18
36363
13914
0
0
254
6
0
0
571
57
14546
1503
0
121
2269
5905
20
0
0
148
1096
21
7361
49
0
2359
51
0
15221
4938
23
10
79
105
5591
1
0
0
7811
0
43065
129
29646
62100
427
25
0
300
1393
35
0
4
0
7247
1365
305
10629
4888
3440
0
3508
47049
0
0
195
0
13256
1026
0
0
5
0
0
0
0
0
0
42319
0
1000
1282
13708
95
1139
39
5
46
95
16
0
186
0
0
875
9444
0
0
33
1519
51
1136
0
1066
1552
6911
0
26612
18
4921
0
0
0
405
0
71
2016
25
812
0
0
471
0
0
0
1483
0
23
120
362
1256
455
1440
0
2
19
0
978
0
764
16
0
0
0
0
1326
1
82
1253
2
1
1
3820
25
5849
0
6
3174
1558
0
117
616
15682
346
0
6
14504
578
13147
69
5927
0
260
4
3224
333
1
887
0
0
107
3193
0
126
21
34
0
1601
4712
0
309
2
502
91
0
1
0
0
0
189
0
0
47034
77
86
274
0
9253
11582
0
28
0
4108
6
0
43059
39810
0
0
378
0
6
231
7524
0
34
51
18
18986
6452
2672
0
538
86
2
79427
0
0
16304
2490
11100
0
2357
20
0
36793
0
6031
1
365
0
161
0
0
21
0
36
0
0
95
1
0
0
0
44
0
0
68
12741
0
2
700
11
0
0
0
24518
0
4795
0
1728
0
7
0
0
0
621
1686
13
1
0
0
0
300
57
13355
240
0
1
0
3
2202
30150
0
64
0
0
3
21
4386
57438
0
521
8639
0
17
242
0
282
0
19861
0
820
9636
0
0
0
72
1180
544
60
11593
15551
0
0
5171
0
13
12
41
0
0
0
0
22
76
0
79
21656
0
6
0
188
6230
15
30513
198
470
2227
2
0
1
5151
0
5231
0
712
101411
11
5922
0
32956
111762
2517
0
8
0
428
109
11898
24
24036
1270
7
10153
0
319
7192
0
6147
10
2279
7283
0
0
13
2230
2
4554
1108
0
0
8
0
0
9044
0
0
98
29
0
0
0
1466
62
0
30
0
5
20807
0
5790
96
0
1795
24425
0
0
31
19
11
9621
0
3
237
0
0
1
0
14070
692
16119
45421
0
10788
2
383
0
0
23846
10
12508
719
0
0
2979
19
1609
0
0
2
0
523
21
0
409
0
0
0
30021
0
122
0
1356
0
0
3
510
25958
258
74
0
4984
0
38
1
0
735
147
1
35
184
801
78
0
5130
166
6440
505
60051
766
41958
232
1716
48
1808
3
0
0
231
1026
46995
0
1
3259
0
0
5
15
40
232
5623
351
0
193
495
1369
2046
1030
1126
5767
1
0
0
0
45
61
1612
921
313
151
0
0
22
22
916
5
12298
11822
0
3
0
131
7092
12
2726
7678
1
6422
22217
3
366
0
0
0
0
0
1853
0
6820
537
22070
0
575
0
0
46779
0
0
0
0
27308
36
0
156
0
3051
35493
0
96
0
2
0
291
2
0
60
0
29
457
7758
89
520
0
12639
0
2
5
31365
0
3892
7
14
30548
14663
2401
4279
26
1913
47
7
10777
8
1305
32
0
0
28
1781
168
0
0
51126
1296
0
188
1914
6890
0
6137
0
1506
0
261
0
28471
0
0
0
0
1
420
0
65025
206
0
0
107
1143
214
1068
59
0
1586
0
0
0
562
3919
0
19
340
640
1635
0
6
0
0
0
4709
0
0
0
5323
152
0
4
0
28
1766
93
53
0
0
0
1725
728
525
0
0
4290
1
1820
607
0
0
255
45351
15809
1475
55
530
0
8643
706
2125
0
82
1107
0
14198
4726
0
0
265
6
0
1
0
184
0
0
51
739
0
0
0
10269
0
13
30731
0
1474
14527
51
0
2053
0
64397
788
2746
33022
13226
23
93
357
2198
0
1
2870
40
0
0
17613
5
3
77
1
20
0
193
14
1295
0
10
0
6603
0
0
0
13
0
0
15082
2212
0
70
0
95833
0
0
538
0
1
1455
0
7175
0
0
0
193
21
0
19
110750
0
5
12
194
25506
1
0
0
3185
23326
686
1
0
701
2
8838
20322
409
114
1
504
0
19583
79
800
65299
1126
0
63
522
2504
0
148
5613
269
0
480
0
0
4
176
0
3
0
49991
42141
2833
34
0
27603
469
15
4
0
0
0
3841
0
0
10885
272
0
3675
5
0
1
290
0
0
1
3
0
1112
0
41215
53
44661
0
123
0
6467
6784
531
612
10
3
0
0
0
0
2352
0
10951
2455
0
4827
0
0
26013
0
6118
0
1
3756
0
0
0
0
0
10
4
848
4814
0
43
0
9676
8
0
6
36
66
34
2024
5
0
432
3
13648
7594
0
6314
44
0
11295
3
0
36315
191
1
70249
1
0
170
0
132
106
0
153
4
0
49443
42
27658
91
0
3317
20
0
16940
0
2189
0
14
1928
88
20
17
0
20880
1837
1314
19362
45
0
0
100
4594
3
58326
0
0
22657
0
30
0
4520
5643
0
0
3
0
230
363
4
487
0
306
1
0
32286
22308
0
59
21920
0
11509
0
0
18535
94
0
542
1326
20531
0
5
249
0
0
10343
0
1114
2849
0
142
0
612
0
816
100
3351
0
36940
3716
0
33024
10
14
49
0
32
0
3086
0
0
0
0
488
1
48
0
0
0
64
3089
10248
62
21961
0
0
0
313
7094
16
0
38
483
2580
0
21193
0
0
0
2
79
811
0
3578
172
1
0
4599
0
14733
56
43
0
39
24074
12
0
45
24
40
0
0
0
1326
0
43
6595
0
24101
9
22496
0
0
73
29
153
50
5823
76
85
0
6260
0
74
7
0
0
6
18
0
0
466
38
735
85330
36061
0
4
1454
2
20
0
9603
0
0
29
0
59
0
14732
0
24458
14
0
0
8
13
0
1446
0
0
10187
740
216
1649
0
3223
645
9
0
0
0
330
0
5001
6060
30496
0
41009
620
13438
286
2
37232
17
0
0
4928
26
0
59
262
0
159
1
0
628
149
175
0
3288
3080
1442
0
14385
0
12
57646
0
0
0
44
0
0
3824
2
0
775
3589
5566
33
0
1971
8241
7044
3874
3
15
13
1429
0
0
5398
214
27426
544
0
911
4
0
0
0
333
7939
51
8
2
0
4
461
0
2044
9460
15
63448
0
5
0
452
0
17699
0
6
286
0
461
0
0
84
0
58
0
11
0
0
3
4977
10408
3133
1373
16271
1502
330
2
2
0
5
0
13178
0
6
29
6
102
0
4853
24
2
0
420
0
317
0
2798
1
0
11
18
0
15
187
99
8438
9114
16055
1195
10
0
19821
0
11768
1175
318
7543
0
1342
0
7
29
0
49
9300
11
26
3
0
0
0
3332
3140
4
22083
0
0
559
0
26135
20838
1111
5564
15862
159
5
5663
0
112
0
3721
0
0
24797
0
0
10962
6
9076
0
1
440
460
0
0
0
9544
0
22112
246
10
58
0
5
0
12
429
130
564
0
0
10551
33259
1
0
0
1597
0
0
2897
26
35996
13
2
0
758
1
1
1410
9
0
0
4
40847
0
285
0
13766
56
1910
245
332
1
10
5
2084
9
13523
1
13
0
35
30167
1153
3338
1110
156
0
0
0
8543
0
0
333
7759
2911
14
1281
422
69786
701
0
0
12206
45
12314
17
6217
7896
0
0
0
3917
555
36943
39661
0
29766
116
17
12940
1463
0
7244
0
0
2716
1518
0
3841
188
0
0
742
27773
21
0
0
1324
33
0
236
0
0
0
0
0
0
0
301
0
0
1760
0
29
14931
3163
21
1
24268
2
49
1033
305
446
15
236
0
0
0
0
0
46
0
25
1499
4539
20144
5
1033
5
126
180
8301
0
185
3363
120
0
0
0
6296
4490
1100
104452
156
188
14740
3
14733
4749
0
2889
0
329
0
0
220
16731
194
0
0
0
29882
312
0
0
74
0
0
0
200
14493
10879
3
0
44
0
6872
0
30793
123516
7
42
170
0
74
203
31
1574
401
0
0
8437
7301
2
0
937
0
2882
1036
1
92022
0
1856
285
923
744
9435
7
34
69814
2
0
0
419
6255
121
29621
0
0
21205
230
0
8
0
5
0
0
0
97
0
713
50
2
6
0
115
0
287
444
0
0
1
12064
0
82
438
0
6
15
1
7005
6299
0
25552
32
805
237
10
2219
0
22
311
0
2
33
17
7039
3818
0
17408
35248
50113
0
0
0
0
4674
1346
1630
84
0
1
0
1
3
149
80
4
2997
5
37
806
423
3
163
0
49
2
0
28
114
0
280
0
3070
0
11402
0
0
8
114
0
6809
32259
23
0
6
0
99
0
0
16
12159
24
282
32
0
488
37
3511
480
19035
725
227
74
57
30586
0
191
0
5319
173
0
1
270
15466
117
1404
0
473
54
0
8462
0
688
4
0
0
10
99
2305
103
1973
0
0
1115
1743
22
2361
2
10
40
161
93
0
0
0
0
90
211
0
11
19498
0
0
0
0
29
0
0
67
0
1504
0
27
17122
0
2130
0
0
18457
15
2
544
1930
15466
2849
35
0
261
0
0
14142
0
84
0
0
0
107
0
7802
0
10101
0
8291
1047
0
0
2
538
0
240
0
6
31
0
16863
8041
767
254
276
37328
2
1
1
64
3271
12
0
20529
20800
0
0
0
563
0
80
1965
0
0
10539
3116
0
0
0
636
5321
11
0
51
0
0
3440
254
1
0
0
442
1
0
891
0
0
16557
726
104
5375
173
31084
0
0
7091
15264
0
0
2599
1962
429
1
0
2014
251
56
32
2040
64
0
0
0
0
36050
1
0
23
1053
183
3372
8327
0
40027
41669
47366
62
0
69
4
24669
0
0
0
2317
8
431
3
0
284
867
2
6
23
9587
919
76
0
9
11
294
30777
19288
58
4504
0
1615
32
17
179
20
566
10998
2690
8629
16565
2248
0
1
0
0
3728
4
19
0
17711
11046
349
23329
3824
2
1
8596
13
13646
91
11632
781
12099
0
0
43674
0
2
0
78314
130
0
4
2
9720
0
0
258
607
7456
0
9
85
10695
8
510
15
0
0
0
0
2466
921
49
2901
0
0
0
0
1829
8
8199
0
0
82
140
52
157
77
13377
0
3
1539
73
3
6320
254
44984
0
0
1875
604
6
0
8811
0
32
20320
0
0
20156
14462
2283
35204
0
3225
0
0
0
146
58
14236
0
52
0
23
55256
0
13259
0
15787
6321
0
2587
1016
4001
290
92
20
0
429
0
1438
0
0
0
0
3
0
214
458
0
0
8
0
1563
0
0
113028
2
26925
112
312
0
1344
0
5514
0
0
0
0
4
0
0
0
39
3614
0
1607
0
1
2
18
50
65
274
512
1616
0
2028
2414
13
22588
0
10
482
21911
4
1198
92
8
102
3338
0
0
0
242
6881
89
0
0
1573
12
0
8482
10823
7416
0
3499
24796
385
0
2
10535
6
819
0
0
0
0
9842
0
21754
0
96
6
439
49
0
0
546
0
193
0
97669
11
0
0
0
20103
1032
70
0
0
695
2622
55449
3
3562
40
41
0
0
39403
0
0
5570
0
4
26
32
2
619
1333
511
0
109
0
1970
13116
859
1573
6508
11734
5
14580
6662
38515
26790
7914
0
14
91820
0
0
0
0
139
51
0
9
99
0
0
420
1
17
13630
0
0
5163
2376
0
0
1
50
0
0
2571
0
8
2
2521
0
0
4353
59
0
570
75
521
257
0
6
16206
4
1767
0
17
0
16450
35588
0
2
0
0
34
1
9098
0
0
0
1
917
11
221
2229
15
62
25
16849
0
269
0
0
0
69
6804
6287
70938
240
0
0
81
1941
2
13
124962
1109
297
1619
7
0
3844
7872
31583
0
5
0
15568
1388
3586
29
17971
0
340
0
692
2697
1424
80
0
0
4
0
1758
0
0
0
10406
0
75
24
0
7683
69
5837
560
3964
2
0
676
3138
0
0
0
5
0
530
6010
1726
5244
0
28
7
0
69
11849
471
148
0
1
9134
11
0
0
42125
9994
62
12991
186
47
43
110
0
0
19562
0
0
19
0
10245
398
0
12
228
3867
107
1364
1947
2889
2849
8
45342
16
6810
488
0
6
0
21
26
1
21698
336
44132
163
0
0
3697
0
0
34
12164
98
0
3384
11285
37
11269
1334
6
0
28
2706
5400
6044
5
1476
0
42568
2020
5
0
0
17204
722
10
0
29
11909
0
0
613
5950
95
32672
1264
37766
0
2
9
1091
0
9
9663
0
0
0
998
442
0
90
152
0
7928
28
18332
0
0
0
7
67
21
8217
8
46065
5763
12
38
17883
0
7
10
7
4
0
36
254
1
0
795
0
21
104
23
0
19
1
0
0
0
116
2
3415
0
14447
131
4
818
0
108
64
70
5
0
0
834
8080
0
1820
34662
0
3
11737
259
0
423
0
10440
634
33996
463
558
76782
0
0
575
6851
0
23
0
28984
47
5424
43
0
0
3
846
3
0
38
3114
0
352
51021
0
0
4507
10
731
3
5676
1067
0
0
4
128
20741
18
70
10
0
309
4
47
3743
0
0
0
30645
0
0
606
6
108
12
45747
96
0
10
3972
3506
1
0
822
0
10993
27
0
24
0
24
156
0
0
1424
1
0
158
4185
0
43
11
13627
30832
3
22769
0
724
271
19780
645
0
0
5843
98
0
1690
2526
0
0
76
0
64
711
78
0
369
651
0
45998
197
226
45719
9
1
0
6724
0
13
1589
270
87
0
0
34452
0
0
1
126
765
0
4239
0
0
35
30
333
23
0
0
26
3
8
5
916
350
1209
0
650
12466
17
5
0
0
13
1860
408
54142
0
3278
8
0
1
49881
181
0
0
425
0
0
0
0
45
4
3
7
0
0
112
7554
541
992
0
74
938
0
0
313
76
3035
46
187
4732
4740
9807
15
143
0
9894
133
22
0
34
1699
40397
1
71
574
0
168
0
0
630
0
0
3
38375
691
0
0
244
169
0
11055
7273
7097
335
9120
4394
3
0
0
3695
800
0
1945
98
0
0
10
13266
0
60499
714
37
0
15750
0
6171
3483
0
2
80
56
8
247
2870
0
1171
0
0
0
0
9
0
15724
6
1
0
0
0
0
10102
40
10371
0
0
1715
24156
23169
5877
0
0
255
0
0
9354
19
0
11
39533
0
26
0
0
333
1309
0
0
0
5
376
0
41826
0
55
0
9
0
31
0
31
9
6
55793
68
152
4306
0
14523
142
16
27150
3
1378
13
4
0
0
0
22
18024
158
0
74
25
0
983
0
2
1
1
1856
62
7016
10577
0
0
24757
1238
54
0
334
2
4311
23
7738
11
14
10088
917
0
0
16
0
705
0
0
62
0
39
0
1
21565
16631
4467
6823
379
25
0
1
1
2
0
1
0
35894
2047
0
4948
7
1365
0
1
0
169
1063
0
17
2407
0
2
0
326
21269
1334
0
8972
0
2
14
31243
8812
21
32
0
684
0
0
234
0
64
0
0
3
97
2
7
13094
1071
16961
6
0
0
0
0
0
53
10853
14
7622
0
76
1229
129
25
0
0
0
352
11141
95497
2125
7509
5397
549
0
134
55
455
0
9935
88
94
124889
75
2303
31
3609
3008
175
2011
1011
0
8284
571
0
3
3
41061
0
3229
12483
19
2345
42
631
4951
0
3
9888
22333
4770
0
0
0
12245
0
2
0
17962
97
0
4
225
0
8
1149
0
41878
189
9637
53
2
2774
622
86
2400
4129
0
1439
5646
38809
9598
2289
185
11224
0
4260
0
16172
0
2782
0
25
37
3039
26915
43
524
26
0
22650
0
531
814
0
5349
235
687
6
13411
67
3
53
0
0
0
0
2
0
0
0
1788
2
0
2593
0
10560
2840
49185
0
0
1
0
0
8849
125
0
36
0
32082
20989
0
3
2752
63
0
0
649
1589
1211
2725
0
0
9441
494
31
39439
0
0
8894
6555
0
5730
60
17517
636
3491
11
0
1
10
0
0
8
0
1
833
0
6182
252
33393
58
0
1
0
0
0
2205
683
22151
0
0
38463
0
0
1935
15289
297
27181
420
0
0
490
67292
0
1387
0
0
216
47
304
4238
7
1
0
0
0
0
0
0
2603
690
10304
842
753
1
2
10
1267
528
5309
1462
17512
0
147
28
0
226
168
0
0
70
0
173
2140
0
7
3245
0
0
4830
10175
0
25
94
3743
39253
161
0
789
2894
0
0
0
9998
1
0
0
0
23
23754
22376
7795
62
817
0
0
13316
162
17148
370
9061
0
0
191
0
0
6
15773
3135
0
43
0
147
806
0
0
0
0
36614
10122
238
92
16612
27525
20314
20825
0
11648
6
283
7288
69
0
152
0
0
154
247
6727
206
381
0
12
384
0
1734
45
0
12156
19246
149
0
0
0
3094
0
0
0
23
0
7
0
0
1235
220
13943
0
93
0
67
26
1753
0
5
0
860
100
1
3
154
12821
51480
10865
0
1071
0
1
0
0
0
0
3518
1637
272
79
0
0
12360
1714
0
0
0
11
402
0
0
0
110
0
0
6
25261
2
1287
3715
1434
31
0
0
0
614
0
0
2017
73
27909
0
0
0
761
43
641
390
5587
0
1031
467
59
2
0
330
0
5172
13576
635
0
7
13
0
16152
15022
1
3
367
0
0
6612
0
375
0
0
0
0
1966
0
0
745
7721
19
0
0
21999
4
530
15
1003
679
34
14315
0
32
28
8
145
0
316
1083
0
2
0
778
4802
1
585
1
98167
0
25
69
46
815
3
5286
0
10
0
200
817
0
611
21833
0
1338
5
3
3082
0
637
0
2
52
57425
3852
0
0
50101
1
14432
11
41
37
53366
0
22
13
6
5633
2874
8
539
741
0
0
0
0
7
34
49069
0
0
47
14
0
1697
0
343
9273
2066
31186
2
6676
27658
5
0
2300
150
1
0
387
4368
1
79
11607
0
7
0
52046
0
10
0
105
0
47526
0
4
2
22966
5
277
4896
75
0
0
0
0
1113
2166
281
1957
784
212
0
32
0
1
0
5
903
0
0
0
334
793
0
3350
0
191
12186
2993
31326
0
341
0
12356
1841
4430
5
0
10
497
16482
0
1
0
0
1328
458
3322
0
2150
39581
0
11758
11
453
130
28
0
73
5
300
0
0
19
4
0
0
0
2202
0
0
14525
3
0
0
27258
24759
0
1740
1821
208
0
0
214
0
2309
10
27
0
140
131
0
5786
325
44310
0
226
63511
76
3
0
6948
350
97
42
1
4
23
0
0
6582
0
5219
0
18
0
61
114
3382
147
19831
0
2
431
3659
3860
8
23964
0
6310
546
2983
414
602
3210
0
0
0
18194
6529
35794
0
358
7031
22
13008
134
155
0
0
0
0
1268
0
0
0
20647
0
36
754
6
10574
5555
468
430
5276
0
971
0
0
129
0
30
0
1226
1644
4478
4
1702
17
89
0
3
9786
0
0
0
3463
0
26
101
56882
14040
0
0
0
0
787
30505
13378
8778
5677
854
0
106548
842
0
3
0
0
3837
219
106
0
25326
25
0
0
215
31
1699
9341
7
27682
0
324
4
0
0
26
3678
5898
7777
0
230
0
25144
6827
6129
6
2
0
65
27
0
29
13333
86
617
0
0
27598
1737
0
0
72205
0
128
7
9734
0
0
4827
0
170
3
81
0
36
8
38
0
8010
0
3356
4437
53716
0
81
0
2353
20
0
18
3226
128
614
19330
9
22402
5
306
0
0
1698
70376
1
11
513
60595
1
46
13278
33679
72
201
44033
17579
0
0
0
22
735
169
9
1468
5
18758
0
8694
1
42
0
10
2028
0
0
50
0
72
9
31141
0
28920
0
474
45
53295
0
0
0
0
290
334
3182
13
0
0
0
52
64
0
6026
17
64
1086
86
0
798
83
0
1893
18775
0
971
0
10106
101914
44718
0
5336
0
6063
23
33
358
1
85
0
2306
8778
3
0
348
594
19
435
0
71484
55
0
0
458
0
0
0
0
108
6
3
13265
0
0
1
2197
43
0
21
51
2
3474
756
0
797
0
0
232
0
38
0
0
0
35
6
0
34
0
161
30320
3266
1266
208
21653
685
0
5265
0
0
898
930
0
472
568
190
417
6406
2371
166
0
213
5538
1106
30
326
1946
354
8808
0
8187
0
5
247
40872
0
0
1
0
2
0
0
380
11282
346
53
0
1796
0
22779
23
312
7434
717
0
0
13
16775
7
59863
1917
20003
240
429
0
8
0
263
2749
8586
0
160
0
5596
1950
24844
4
1
1212
344
1247
3597
0
15809
625
4
0
377
68
67
0
20645
12530
0
6
607
965
1203
0
519
26
1922
13
113
269
453
442
6371
686
32548
0
0
110
5346
14
30598
1
0
299
0
16144
981
0
0
0
12802
24
16953
0
20
4
0
32268
0
0
655
555
0
166
297
0
4
0
12
0
13
5563
12319
14346
0
40
81906
0
8
10
0
1372
0
58886
3
4
0
0
50
0
15065
0
16550
0
586
1162
0
4865
798
1004
47727
21124
0
163
382
506
445
20934
8639
7569
50
2844
86
1
5195
0
0
212
1427
53
71298
42
23
4625
14
0
0
0
2181
4
1021
0
0
8
11099
559
0
71
0
13141
0
0
0
0
37
6
3023
38
28
9
0
2642
166
0
0
0
0
0
19195
1
39
0
1
0
731
0
0
0
0
0
1
12
0
0
1201
45
0
1241
2398
4766
578
0
7
284
7252
22
1603
0
96
140
2
0
436
4
41
0
0
97
19550
50
0
0
3
2
883
0
2396
0
0
2113
719
714
19962
3758
0
731
2
12
0
23
31715
0
1291
70
80
1159
16864
0
0
0
286
279
0
1
14
189
9113
598
83
96
0
0
38
4
0
34
0
0
0
175
0
37377
0
65
1
26
0
7
539
0
7343
35789
2301
0
5
0
0
42425
0
40874
25024
0
0
66
2
0
21133
668
23
0
3
2422
6
0
10581
0
146
0
18520
15429
388
690
301
0
0
2
0
1437
0
50573
490
12
0
1388
0
4462
0
0
0
1
0
149
0
2614
250
17682
0
0
23
0
325
1456
5330
0
117
26
0
1643
121
74
8769
0
409
0
0
5
25627
0
0
0
8829
17879
335
1365
0
0
9346
21795
0
195
58257
0
0
12
0
0
358
4
227
11542
32830
7240
0
73
0
0
14
7807
1873
319
0
45
393
39
11193
0
25
0
15
0
1
40
5049
15031
125
48870
2488
933
3369
2064
0
3341
0
0
4725
25
3
0
401
89
0
30834
47
0
0
44384
0
632
0
13879
0
0
1205
23710
0
0
28152
0
0
0
1636
178
0
51
27186
60
0
850
28
0
14945
0
480
0
477
843
0
146
0
136
4478
22
64
73938
2
2615
747
14
0
0
1534
511
2
0
0
0
495
12665
0
0
198
1
0
0
4009
0
0
0
1712
73358
0
0
98
0
0
22821
0
1
711
8186
1925
153
12
0
19274
0
19742
0
228
0
356
27116
0
998
4201
0
0
623
0
305
150
113
0
0
0
0
0
45
1
56
8785
10
51
0
656
0
1
5445
0
0
98452
675
94165
0
0
1
44
251
16982
3138
1921
0
2141
0
12704
621
71416
31
59
10847
0
18858
0
1
5214
0
1597
19
41132
1
590
84
4
0
0
11
0
0
424
465
309
0
54
554
67
1
3
0
0
2
1105
79
1
0
97
35
0
0
0
546
929
4390
4736
0
8544
0
55
11
0
5173
2466
1113
49779
1
338
2311
35919
4291
0
2
5457
15
34
0
0
15573
1731
110
113
0
81896
0
0
10518
3383
0
347
0
0
0
8938
6
264
0
682
680
207
752
170
2820
45
772
0
508
23
13443
60
19
43
0
1382
0
12296
2
13557
13
8561
0
12
690
21539
0
708
197
0
31
3
0
0
9103
5164
0
28
714
0
2157
30157
0
18324
0
2
2205
21
1587
35
0
0
1806
20103
3570
28626
0
392
109
3146
782
1
15
0
20233
0
32141
103
424
54299
60
1251
0
54
0
63
31
1432
3
0
422
0
507
0
2
0
50
0
0
0
6078
2
8
0
25
0
600
4275
2523
0
0
15
9598
0
9559
1
38390
19
9
3122
156
1
0
982
531
350
0
341
4
12068
6
3804
0
122
15374
3746
8
7
5686
0
0
0
4
21455
67536
0
0
18588
4
2674
0
791
0
4013
0
0
11
6769
31486
0
0
0
4270
12630
0
0
2
2
544
0
14
0
5
1
0
0
23
0
0
614
1385
4
0
0
38
45
1
0
9579
54388
0
1503
1095
0
0
281
370
0
0
0
8743
10495
80
166
1126
7860
30
0
1
21170
6126
0
853
534
167
0
1
1
15
158
65566
0
2678
8909
46591
0
31
53656
0
0
2
8
2
0
19516
4217
8
2
649
12502
0
0
0
35
0
12577
602
4959
1723
3235
357
2410
0
0
0
1241
0
1069
0
0
3605
797
5
32
6
8
161
1
156
494
5719
10
21
0
19
0
0
0
0
31589
0
0
15601
0
0
144
10358
22
0
0
0
189
0
46506
0
56172
33
0
51
1528
0
2
3082
1114
0
1161
1178
0
2608
670
14244
251
2172
733
337
1
587
2508
0
0
905
0
27
6
0
167
140
165
0
0
1144
227
0
0
501
814
822
0
20294
0
0
425
111
2579
20952
2171
2114
6064
0
7
2010
11363
13366
38619
0
12
7586
36
5
295
7
0
8
25798
0
0
0
0
62
202
3565
5503
0
49
0
1027
164
4559
6059
354
0
0
1058
12008
32
163
6592
51
184
6100
397
0
0
0
1750
0
7190
75
0
0
0
0
0
7
74
17
0
1
5164
1327
31
1017
0
0
0
34399
31
1658
17097
5723
82
1301
232
194
1
16
2504
13628
232
78
0
9475
21
79
9695
0
11050
362
134
4256
7804
24
73
19
385
12587
0
0
0
29
0
12
20998
1993
5
0
15074
20375
1
523
2
88
6
0
13
29
14127
5083
279
13
30
7621
69
0
13422
0
7039
0
188
33
0
4
17346
0
1
4045
14057
0
0
0
146
2
35815
170
47
417
6892
0
0
0
0
0
47
2117
468
0
777
1702
4837
0
18348
8
21
0
6707
0
0
74
147
508
0
0
2
809
25
2
0
2136
3
0
0
29
490
78
2603
1342
20662
66
2631
18691
0
974
0
2339
168
0
15
1
11
2560
21500
0
987
0
552
61
32
0
5640
24
23
0
281
0
136
321
0
2475
0
75
0
735
16
78
2037
4
57638
0
0
0
137
4014
10037
0
0
1302
2
5
0
2881
0
4608
17
0
3705
836
42
3
39
63541
964
6
0
16
1
5873
95
8
0
2204
16765
14
16715
0
0
0
10960
379
848
1807
6097
0
507
223
5398
5055
20
3475
0
5
3
0
282
2
8
0
1
0
2
0
0
264
1
63
56494
3225
1008
456
0
262
0
0
7
1131
0
0
1
0
71
0
6642
136
0
172
0
34
14496
620
3792
6
9430
12
40
0
0
2534
1257
0
581
0
1
0
36
171
0
257
0
24
0
0
1206
0
87
1091
25
34
4
27
3
0
5958
0
6
0
29181
10491
34
32
7215
0
0
231
3209
2299
74
0
712
286
0
133
1
25931
100
6475
0
11
12379
39450
0
0
0
1388
2426
613
0
22597
2516
0
1739
128
300
0
17
0
5615
5132
208
6514
200
0
49
0
0
965
4
1569
152
0
3822
0
0
0
223
0
79
0
0
0
44285
2520
148
0
2865
0
58
0
0
0
0
2
6
121
32
905
33279
0
1719
1068
5668
3
1089
0
0
0
0
0
10386
12335
0
11
0
0
0
87
2298
248
97
0
8
0
4251
173
0
94
6
8
0
261
0
0
60
0
0
307
35
4
6367
17826
1
1193
600
0
10302
192
0
0
3
0
24252
100
36792
3808
0
1
24
9590
309
2086
0
174
0
5
0
19
0
4645
220
4017
2158
5
4
231
0
550
54438
0
85720
4875
212
57
6518
2
0
1075
23830
19394
0
73
0
4
0
0
0
212
4959
1432
174
0
144
0
5
7778
33
3709
6665
0
134
190
5
316
121
0
323
2
0
0
0
0
40166
0
86
0
4231
0
44882
50
113
3897
25025
0
12
2160
7518
0
18
3580
0
1825
0
1250
105
2
10264
0
0
2294
1189
537
8328
35475
0
102
14452
22494
30676
55
883
0
934
4617
9
0
260
27
0
715
654
20496
31569
18033
0
0
11081
0
0
32348
0
12
0
3953
3344
0
19
1
22002
4102
0
12561
227
419
3
3939
25926
0
0
1
927
992
32
4644
106
4221
0
174
0
0
11048
0
0
0
0
51
0
0
0
0
0
150
24231
409
0
567
1539
0
14
509
212
0
0
0
615
0
12
5
29
727
0
0
31117
1158
2
539
0
1
192
1
3305
122
19
14
15775
0
194
0
10651
14369
76
71
205
0
0
88
32
1
0
0
92
516
4636
15852
23
1209
68063
93
0
0
10454
0
0
0
614
0
3
6
8059
265
31
8
959
0
101
0
41
124
13
609
0
253
62859
157
5080
1105
4
3801
2084
524
4520
2216
39439
0
166
87
264
4
1039
3
1203
1
371
20139
0
4074
0
0
40
0
0
145
4016
22497
0
1
0
324
2681
7
0
19190
2062
0
40214
17
3
7037
20243
21
4456
439
467
7
911
0
0
9
418
0
0
0
3368
627
16
380
7085
3958
2213
12
13
6120
2231
3369
121
28358
0
0
0
0
8778
3457
0
0
34652
0
44
4
3321
0
15944
52311
5
0
4195
0
0
0
0
35204
0
0
1
404
42
2553
1410
208
82598
8524
0
0
46
17075
61
2
73
0
128
0
30
0
0
0
117
82
11774
410
1517
233
0
0
52486
0
2162
0
52
983
139
60
0
0
51116
1334
27964
0
0
0
3388
131
0
0
4
3900
60
20252
0
412
1673
196
104
8771
0
0
5
7
981
2
2
3
0
0
11
0
0
32130
28594
4261
39721
7628
1442
1413
10061
0
0
7
108
0
0
755
0
40
100
187
1701
0
3109
919
0
7
0
303
0
31036
1400
0
29522
2036
25165
21147
7110
26
0
0
20758
3821
0
0
2617
2684
0
201
0
303
0
16418
86363
0
33874
0
0
0
54089
3585
10193
1058
8
410
11880
348
883
31081
0
47748
0
2841
3535
21
9
0
23
9271
2
749
19
340
29445
124
288
20
0
111
0
1
16749
50
28
496
0
221
22955
0
8
3699
0
0
169
0
1411
0
0
11483
4235
46
2
0
0
1
0
5497
541
1316
20
7645
25204
677
18130
0
68
4
2
65610
260
0
4
31639
625
3891
10
32
982
0
80045
0
0
0
4997
13
0
39
6
159
6
0
355
0
65
531
1
2
0
0
0
14
1370
6
250
7345
0
0
1
0
1485
0
0
116
188
0
51
529
1310
1
181
6719
82058
0
0
2
101
2374
50825
17601
257
903
2833
99
51
0
46570
1117
0
56
15
46
26520
3036
313
0
0
10082
33
16
0
0
500
248
56669
397
16997
1
0
23
795
0
0
2
5806
0
252
71
0
5
456
356
1257
3
13853
0
23
243
243
0
1386
22049
8
258
0
5015
343
0
0
0
10109
883
0
109604
1
0
28
24570
0
4112
51298
0
7003
0
0
2037
422
554
684
28
1
0
602
5800
292
3990
0
0
0
11
1638
1
411
0
4124
0
954
2003
6071
0
54056
0
0
0
39312
87380
1164
10085
15126
0
27
7
38983
4
373
25395
0
12
1807
2
27
1899
5462
0
88
404
16
349
0
13
551
0
0
0
29
0
3572
3
69
11834
14
49155
32920
1
10
23
0
59
0
0
285
0
10110
3929
981
13
798
11
5282
7297
486
28538
44443
0
10588
0
77
245
36
13600
0
0
231
2391
0
40331
0
0
1753
732
2436
9180
10564
0
2
0
0
1336
0
1209
466
6280
0
2275
0
617
0
3074
0
92
10263
3696
706
8307
2
211
0
5
0
92920
24
288
637
7
12
4836
31
660
159
0
187
1609
0
0
0
0
45978
3
3
11620
31696
0
0
2513
0
0
49
238
0
5723
4208
1
139
0
7
0
1198
8367
59710
49
15
0
0
29
3970
0
0
6713
22409
140
125
49
9318
0
0
64965
997
0
0
2
224
1135
1650
0
26
0
3105
12954
5045
1034
5
23789
20833
218
1085
0
22151
13097
0
4
17975
0
0
4912
10
8
3
0
48
8826
13448
1762
0
376
7
0
23723
1
1825
0
2
58
1702
0
38526
20789
0
1566
5041
2687
13803
3
61
149
1
17815
0
15871
1968
126
0
35
2062
0
2
57461
0
27
9
558
4250
0
0
0
0
0
4
0
36
1223
0
20
47
0
0
2
529
25
608
0
0
10213
0
0
310
14
0
5624
12210
0
0
76
123
24483
0
184
4403
0
468
0
0
2391
12835
1
0
140
575
0
462
13
4
0
0
368
10
0
3099
6584
0
15105
5592
0
922
483
4597
987
577
0
0
0
1813
0
8817
0
82
0
0
15298
0
0
187
8518
1363
808
0
0
7
0
0
28170
17176
41351
5
6
738
1
1
0
801
51803
4248
0
23417
650
0
0
2995
13100
5180
1646
0
0
0
10089
0
34539
1673
54188
0
0
0
0
6
0
2564
0
9969
244
36
32099
0
0
0
8
0
15123
14
7
115
0
52411
5793
1597
266
158
41
11036
0
4463
94
3064
33164
18967
0
8
377
942
26
0
189
707
12908
0
0
2378
12
0
1764
0
0
1425
5263
51
1392
30498
344
0
0
97
16225
0
92
19326
0
2
0
433
239
0
0
1577
28
15095
13
55498
29
15287
26053
2250
17718
0
0
5401
1273
1
0
33
0
0
0
803
5
8635
27
15
0
2240
18638
2094
21
181
8041
0
0
49863
10
1649
2
0
1909
153
373
20
688
990
860
0
11
23
0
345
142
11
2453
0
0
1
18593
0
371
20
0
72
3
24
760
0
221
0
10
16478
0
50254
0
2525
0
0
13762
217
0
4207
0
137
33665
0
12465
134
10
24
710
2400
41571
2
0
9
14055
22
63
0
82
3
0
0
5
0
0
11
0
0
0
43
13
13643
587
0
26
0
0
14
0
0
2
9336
17
0
225
14
2427
2148
0
43
908
27032
0
6
0
0
1774
13538
30
55786
191
4311
0
0
0
0
0
6
0
1579
2679
1
13207
508
0
7
0
1776
0
1
8456
107
138
1
6256
0
0
0
0
9226
0
0
7
1848
95
0
0
13
0
6
0
1
0
2592
0
0
0
13745
0
28
0
257
91
4340
17351
11252
0
3
0
0
593
199
336
2354
1729
0
390
2393
0
0
0
0
0
1838
757
0
6107
0
0
2057
0
41764
11949
3
49177
4571
83
860
99950
0
415
3184
227
271
2
5
479
0
100380
12102
0
4260
0
1
0
0
0
21
0
2089
0
629
0
0
0
0
0
17
34
533
0
0
2141
3088
57
53
8
1
46
0
1371
5763
2108
0
0
0
5633
1977
0
1537
20464
878
14329
0
0
0
1235
413
0
156
50
0
1467
8196
0
227
431
22
2082
43
422
506
441
0
0
1
0
0
4546
189
3780
73
0
55
18750
795
3044
0
7634
25
0
2057
912
4133
0
0
0
695
36
0
6360
0
6497
0
9052
439
22779
0
546
396
41914
965
1
8
2011
0
3
0
253
0
12210
4669
3
6539
530
40
1877
23
0
193
0
0
0
16
494
6058
5612
0
0
3203
174
1
0
0
134
0
0
0
27562
0
15
0
0
2317
1
35330
417
0
365
11450
0
257
3067
445
1766
7972
9
32
0
863
651
296
4983
550
529
0
16
0
0
0
0
0
0
0
0
0
0
2279
0
0
111
0
594
0
61
219
7
0
121
54695
217
0
2431
0
2629
27392
35
1244
45410
0
0
0
0
376
0
9130
7196
107
0
207
0
0
0
414
0
0
1
5352
207
0
0
0
67
24
676
1222
0
34
254
0
0
700
22524
0
163
3818
238
0
1173
6886
0
0
5599
6
22
0
99
0
0
0
18472
26
0
1032
112
0
0
0
0
0
6
1033
0
8778
4752
5969
0
0
0
745
1824
2
3
0
0
2
9933
0
7232
19
284
0
0
0
0
3509
22964
5759
9
0
24
4037
38680
5608
1638
7491
1
3334
16
1687
0
57
14695
0
2974
0
0
7
0
29965
28
1685
6207
17
25
187
24
38580
1168
4920
145
291
30764
35125
552
38341
9
0
1853
11837
0
3594
0
0
2320
0
0
0
18109
0
0
71491
10
0
473
1222
38
12608
68
0
3526
0
4195
0
337
0
870
0
0
3333
162
357
0
627
3
3
0
0
2
24658
185
6
11
0
0
22
11929
0
202
0
1710
8591
0
37
0
8
6605
0
1353
0
5
13
0
6165
4393
2896
505
0
0
2359
0
108
0
69576
2042
0
94
0
10909
1
0
1724
0
793
64
119
3947
3
26
7911
83
2
91
0
1200
0
8238
2235
1556
0
0
48
0
21
24873
13
2777
1
54420
2
65
6307
13437
1815
0
13856
0
3
0
378
0
1
1157
17630
2
571
0
0
365
0
53
926
0
83895
0
46008
0
884
348
104
0
0
4
11
1293
22845
3
7525
9890
5148
13662
5059
300
612
12321
10
0
875
2
13957
92
706
4610
0
3380
0
1348
42
138
0
1420
0
3
11
124
0
9
4
0
627
464
0
1
7600
769
2107
0
1607
0
1
44
29
0
25
2
0
20612
5103
0
0
8
490
30
0
1579
1
107
0
8002
0
164
258
0
8826
25
5
2468
0
1400
21
0
6
0
2506
21677
0
0
98444
0
0
0
84
0
1196
39416
4
0
0
0
1628
7992
2020
0
0
0
23006
109
0
4875
32007
247
428
0
3
620
44
1404
140
0
0
0
5
16675
1133
1
0
2
922
0
581
6
19780
0
9619
197
11
142
131
0
0
0
0
21172
36
25233
153
163
0
1
57029
0
129
0
0
0
1382
6
2
900
6458
53679
0
48
1734
142
0
34873
0
17224
742
0
18682
1245
13
1077
0
1118
225
26
380
0
0
426
44277
654
0
0
0
1263
6567
0
22280
0
0
3178
2308
278
163
17
107
0
4457
0
0
842
2648
4
0
0
0
39
83
8
56
15870
0
7
1905
5864
71
0
182
13302
11231
4251
8463
2043
0
4
5549
1267
615
0
1
0
4106
0
1
93
2130
1505
0
1161
0
5
0
0
342
4
21
0
8
5
0
46786
3137
4372
95
2811
19691
0
5229
0
3
0
76
0
169
1471
0
5124
0
0
0
0
28370
0
24
0
306
0
455
602
5361
9284
14612
2993
0
14
0
4092
1
0
2898
10872
5544
60801
19590
1
0
213
1839
15889
0
609
0
1814
1439
0
966
0
593
22
0
0
126
0
0
40
8
447
43637
0
304
0
12
0
0
0
614
4
2
0
5
1358
1461
83
91
14705
3553
0
0
243
903
1
0
0
0
47
694
162
6
1743
31553
0
1898
766
0
0
2733
18313
4
0
31
19
64
22806
2820
205
0
2
208
1
3063
6470
557
0
23296
0
8283
8638
0
6855
0
52773
0
0
0
59
11504
36356
8
304
0
5
254
0
650
0
40
2131
18994
0
54358
51
25
4363
1
60705
0
9342
3402
0
0
1039
0
0
0
2
962
37
909
12
0
102
0
90
24669
13514
2339
55
35902
4713
0
18508
7410
0
0
0
0
0
4612
509
238
4
3383
14
2926
0
1317
0
919
144
15
21
3786
0
972
194
5
31
13
3
0
6590
4180
23
203
125
874
21
0
31800
0
105
72
591
439
0
2134
7334
11
10640
1273
0
70
0
0
29935
33689
4909
36
432
11590
273
2306
2
0
0
0
26
0
0
30
0
71414
0
3
627
9269
274
0
49
397
740
0
223
1
66
16
0
0
0
1406
0
28240
721
6359
1058
429
6
6884
0
0
883
1034
57
2218
2
0
2628
710
60493
0
1657
0
8776
0
2314
20975
39
28682
6809
15161
0
0
0
5
0
4
1
4032
0
69725
0
90129
12
4
0
29
1983
401
0
4884
322
0
8
623
0
965
2
0
1449
0
0
2827
0
0
209
0
0
0
91
40507
236
11398
7
3715
82
124
0
2
0
10796
1
2345
120
62904
159
25
0
110
0
0
80
11
209
4
3
2
0
0
19
0
1514
0
292
0
0
0
4926
0
574
6
690
8417
36
1
0
935
0
46
48
12
0
0
47
0
15754
0
1
0
0
1
279
1923
1202
0
2014
9
2
47
1429
14307
2746
3511
0
0
0
97
0
7621
3161
57144
1
12
5
492
1214
0
1
4
0
0
0
179
4
0
0
583
0
6545
792
4808
0
641
29
0
3
282
13799
144
43
0
1
186
0
921
196
1
710
0
13
2174
3746
59
0
9601
57514
169
0
43
0
1
0
7
1102
0
7380
136
42247
0
41881
0
0
7
0
3
6
0
4
0
2405
1
43
12530
27
0
205
1651
83
0
88
7887
0
134
0
40653
1488
60842
1439
1
0
1189
369
13189
243
0
56
0
0
2
627
2
12706
2
0
4784
0
2126
1245
14005
8
0
77489
7517
331
1405
21773
0
21775
9157
26
44146
410
60
8
18855
0
14
4900
743
70
351
0
0
22
11
2693
2985
22923
16
0
38
0
10077
126
0
1219
294
872
1196
0
2
9118
7
4
242
56
0
7
3
7
8
20859
20
18179
941
0
1063
0
18
6766
1807
32364
0
22394
37169
46
0
14128
26504
0
0
3
24915
5
0
771
0
80
7
0
55
0
1754
0
1549
47654
737
0
0
3693
10033
58
0
0
13
616
0
4
785
45
777
0
19198
0
5
0
6
2546
589
0
0
7
0
1490
1292
0
28611
0
15539
12024
12
2083
30
3022
0
0
0
699
23621
2274
0
6752
80
10
0
279
0
4
16
0
26
79834
36
186
2655
143
0
1776
3
0
52
26367
29604
17
5
0
0
18374
3860
0
1746
0
38
3956
0
917
0
39
31472
228
269
0
86
0
0
9
1
0
90
36972
0
0
0
8
97396
1022
49314
0
0
586
25919
48
0
249
290
1043
4105
0
23840
13723
657
6
290
20371
47
35207
3979
0
0
0
0
7
0
5119
284
120
0
33837
280
0
0
254
21
2
11
0
0
0
5706
0
560
13815
3648
18
59
32
74311
0
17080
3434
4945
0
0
2200
32390
0
76
72
0
4033
61
0
128
12199
0
0
1
76
1923
13
80765
0
21676
1723
187
0
0
115
0
6558
29
9373
351
0
627
3258
0
50
1
1
1
76
0
0
0
0
5124
7
0
22
3404
306
0
82842
3
0
0
93
2075
299
4128
3
4791
0
63921
648
89013
53
0
2592
30
7
0
0
187
10031
21
42
0
43283
5
26632
1559
33
3039
2
0
7853
0
1624
0
24
11202
15
2
6969
1
8
6994
0
55
2
7
26803
799
0
1
0
38
31
410
0
0
2
0
41801
0
44
784
366
808
43237
0
8244
61796
0
10
2614
338
0
0
191
37
17903
48
12920
0
30768
0
4498
2
579
2276
0
0
0
2908
0
30578
32
0
0
0
7
0
3
0
3430
0
456
6252
14
0
451
85321
90
191
0
6
0
0
8595
17290
0
10538
0
31304
792
2
0
16
1
542
1712
3307
416
19
0
83
1
0
8
2
503
352
20131
1060
0
38693
64
8321
1891
13721
0
1457
1
33
0
132
4046
0
181
17753
0
86
30
10
1
28823
586
633
8277
0
2079
0
367
0
49
66013
0
0
22
0
12375
0
24671
161
996
13
0
591
0
0
3
39
17372
2247
0
13899
3
267
906
0
23405
0
342
531
5468
17
88039
0
102
294
5
0
109
158
12359
0
14355
7590
0
0
0
0
2982
25760
9492
0
0
57782
4
20
5957
0
238
474
1
51
795
0
155
660
83
0
25034
0
10
0
10
49380
0
0
0
43980
0
0
4
63
434
0
548
3833
27706
3050
19
124
546
3223
0
414
0
17
0
60
548
57
1423
8718
19629
42598
0
0
282
11
8710
1
0
9342
0
0
0
615
2162
0
0
772
5692
0
0
454
5147
4
251
472
162
4
110052
0
45
0
15970
10393
0
0
90
2202
0
89099
0
0
0
799
4
828
0
1
102521
15
44
3453
2501
16076
0
17
0
26075
0
86
3173
5799
6941
30
0
5351
0
0
43521
12243
442
1
17178
708
1130
183
43
1077
119
1
329
2749
0
11
0
26
0
927
5974
1442
8450
26942
0
148
5449
117
8803
0
105
28853
42
7
584
31
0
365
12
4
21
0
7
2
8743
16045
93
5755
0
6328
1192
39705
0
0
41
58
158
0
2065
6
0
0
11976
0
20326
3
9625
0
3030
0
0
3318
343
0
0
265
0
0
0
0
17723
38170
14
3372
0
0
3571
0
0
39204
0
354
4715
15402
721
2306
0
13975
43771
0
0
0
10814
32856
64
0
4465
584
68
6
0
61
5899
0
0
0
35
0
0
3
7
30
2
145
866
1148
0
43
2719
0
0
1
46609
17
46
0
39
8398
0
0
1167
100
202
0
2966
1106
36754
15638
377
18
9468
40630
283
0
3253
0
4
2704
23007
21
396
60
78
8
37
4
661
3
0
9
0
0
29212
2705
2673
9857
1
0
25
137
0
37562
12
18528
22056
2
1
0
0
57
0
70728
65
95
8597
0
61
1300
0
1
77
20
924
0
31
33
14291
0
15603
384
975
0
407
14329
724
87
0
5
10264
80239
8
12
5768
567
1201
30156
180
0
4970
10243
2
9466
2968
0
2207
58
21
21513
0
5
195
3563
2068
877
0
1832
0
13152
0
0
820
0
0
0
1
13375
593
58856
0
7183
0
10
0
42146
3625
9
0
308
3944
1469
411
0
0
62055
0
1442
0
1010
0
0
0
7016
1095
10
5781
31486
977
0
4
5478
6
95
4
10362
0
25
23
443
465
33
21
186
311
0
10991
0
13
0
0
43277
46417
1059
175
6123
2538
2370
180
30266
996
95
0
2
12504
0
19
0
20771
0
0
2637
3
813
12
0
0
12
46618
0
1430
0
26119
0
58
21
12070
1
14
0
932
1
0
0
10414
6
12
0
1403
3340
29
467
1262
0
94
125
0
11252
0
3
0
133
0
0
331
52
2
0
19
1
0
0
0
0
0
25025
11
11199
2
0
0
41015
148
0
25
0
0
8080
0
0
0
646
229
43599
0
0
0
501
0
2412
493
51
3706
181
6
22304
0
19037
24
6
1
0
2
98386
0
1
51531
728
4
2183
549
0
232
2732
0
0
0
0
5802
37860
7
1530
28
0
0
0
5316
0
0
44870
0
0
0
236
0
435
202
20724
61
1266
1307
0
0
4
646
0
1
0
0
5257
36961
109
0
4519
3099
1558
0
41
388
233
741
64108
0
82
1311
388
1364
0
1737
413
237
38094
482
178
4
236
744
157
0
633
0
0
252
0
0
90
514
0
2
9771
0
1795
68
2339
0
35370
0
7007
330
21
1992
0
9
33606
0
17
3109
20266
0
14
0
2
5
106804
0
14
19
720
10
8
15
300
40
735
0
0
4
0
0
0
0
1
0
160
13
0
0
0
1
3
0
55
3
10
2
53844
851
0
0
391
1126
398
2820
0
1105
76
21066
0
44
44
0
136
10
0
3822
493
0
55932
21
467
96180
1959
0
75
22
5060
0
23485
0
35
2583
0
2786
0
3461
5325
0
2319
8
384
0
6953
0
32
7110
3541
21201
616
4611
0
224
11374
0
808
0
3
0
227
126
0
14
0
9
60
8
10
9247
0
0
795
3034
0
3589
1
0
8094
2
62
23
72
0
1953
21
0
35472
4158
13
7594
0
202
22441
251
9
36819
617
0
744
24
141
15185
0
0
0
30
0
0
4
1130
1000
1
0
3453
22710
59
0
0
0
1
0
256
2
18
0
1276
465
1
197
22411
0
0
227
20667
811
32
0
113
0
259
474
163
0
261
27706
13464
25
0
0
0
0
18
641
8649
137
5
61
456
0
4
1973
0
66
0
13582
937
58110
0
3920
0
222
4674
0
1
62493
0
344
0
0
0
40674
18034
334
0
2525
438
318
1
34
1711
0
80
0
5421
0
1709
14
6396
928
0
166
0
0
0
0
136
559
242
0
0
808
32009
0
0
134
0
24060
19661
0
1
0
1185
35684
0
88
0
335
44
0
0
0
161
0
0
1998
1637
108
0
9865
591
8
0
6156
23232
34
0
560
0
5411
65975
10754
29
0
9
0
270
469
74
11
29578
1
199
0
0
2344
2089
333
382
514
64
3059
20
4
18
0
5799
1
18581
0
9567
20
0
28
0
2
0
0
0
453
0
0
0
13567
0
2764
3769
362
2758
0
19089
978
0
367
571
0
0
0
195
2293
6
1221
342
6018
4
0
0
2
2281
583
1382
5919
0
359
0
553
3
1
45
59
42710
0
21
479
0
230
57119
39
80142
388
0
46113
689
117
0
0
864
0
250
0
0
25231
1294
52
2
22446
568
3457
820
84
0
15887
43
58
90
57365
0
615
53
60261
104
6
157
23
0
1916
2090
11918
0
0
1376
172
7475
0
25230
53
33
63
832
242
924
35779
0
0
0
0
11373
39331
11424
14412
5341
2178
10
23
3
1571
16
10533
0
145
8
0
0
507
92
0
120
21791
2685
11617
9430
0
75
75
127
314
0
16667
11
13465
36
31953
27503
11
0
0
5724
2157
2148
0
3696
13941
161
0
0
173
1
0
0
0
0
8458
0
23264
0
337
51805
1294
0
16
19
0
0
6
15049
56
2
0
0
0
418
0
0
15132
0
522
0
9930
964
0
71328
406
118
1
17838
1829
48593
42
2
0
37
366
87
3169
60
15796
0
6781
57432
64
4506
785
566
0
3498
15259
348
12609
548
0
26
2
1
6024
72
28505
0
5606
0
1
0
4
890
16
517
8
1227
12686
0
0
0
59
7279
115
1662
0
0
13
2453
55258
395
1809
0
5
383
0
1
0
361
0
51
0
0
0
2380
27921
0
3892
0
0
10
1950
0
21
15
0
40
134
297
2619
782
567
23
67
504
157
0
0
0
6165
0
0
2871
2
20
179
0
276
0
138
22699
39006
0
34898
0
0
0
10083
4
0
13346
917
84
198
53
0
57
0
55
2
72
7
161
0
58368
8459
0
0
2315
2514
7000
0
7
1
0
4870
13984
396
0
1
1
8985
454
444
4
107
3498
23
0
35
75
719
0
0
58
325
203
0
2898
2
32862
116
45
0
0
401
18
0
0
425
438
568
1108
54355
0
60568
89
20966
0
4840
0
20881
13244
1706
21
9854
0
0
0
2428
4889
13
3
102
0
0
381
4948
28
0
14843
0
1857
0
0
23
66
2389
2309
34321
0
32275
0
468
0
1792
1103
139
0
4
0
0
451
0
376
12783
0
25
240
6697
583
2
22572
4
0
540
233
1
1
0
1
278
5
884
0
0
11548
800
1077
214
0
1102
0
0
13
272
15086
16
31
0
4612
0
38233
9644
0
0
410
0
34317
9
5
9889
7257
158
757
0
362
6
3551
0
0
0
2
97
0
0
3
7
16912
2557
0
0
0
15
419
319
1535
0
1
8
0
0
3006
1
0
19301
199
9
0
124
0
15860
118
1728
14
17
1303
1
0
12540
0
41
0
0
71
0
26
82579
3
106
0
8448
0
1250
0
638
9
0
0
70365
1
142
0
0
0
0
23
0
5
399
14447
600
0
1096
19662
2694
48738
2339
1453
0
304
154
0
5167
0
46254
2
0
0
17773
0
256
0
463
3
10
0
9125
74767
3
7
142
259
0
2966
119
0
368
49
0
0
10829
9229
1354
38978
0
129
0
73
34611
1905
298
3
177
1084
86399
121
0
1111
0
0
0
0
0
0
0
657
0
34
598
0
5428
16524
0
14616
5578
89
14
218
34484
367
3087
41783
1880
4
14
0
15
0
1
18362
326
16919
2075
0
52
0
27
359
0
361
115
0
2869
8106
6288
3934
5424
7
700
2614
5
16546
141
200
974
0
0
212
51
2802
7827
41
25
0
0
42
0
0
684
0
0
0
9454
29
26
7371
467
8591
7
15424
44946
0
4255
1225
0
5
23831
69
986
12
10504
17
96019
1800
0
24
3
0
11236
1454
0
0
85
0
9303
4
2
10315
5630
0
813
0
0
2680
24307
15606
167
142
183
0
380
55
5484
0
0
46
0
21616
0
0
3
869
2
0
405
31577
0
3265
9030
1025
1809
1837
7518
5
1
0
96
830
0
353
0
0
1
0
5
2
5101
1846
0
0
0
10
46669
748
10883
239
3309
883
4724
25
6804
0
0
0
235
1
3649
1632
7614
18020
21810
16113
0
20564
22
0
10
0
308
14488
132
432
0
1
0
0
25
92
11173
7787
0
156
132
3451
677
116
11712
0
41
2190
0
301
1276
2325
1461
360
0
23931
0
407
13616
206
5745
0
1598
1541
2127
0
289
7081
106
0
1526
152
1
864
1
67982
14566
150
0
0
0
1
11
71
0
137
0
1396
0
0
0
51209
54
0
1392
0
0
5341
2
25787
0
333
0
0
142
152
0
0
18123
28661
2
4010
0
41753
102
13
27
7
16385
0
0
69
3031
3
0
9440
1
35
9457
1080
21178
24817
327
582
12022
0
0
0
6205
0
0
10987
4181
0
23
4
0
0
1356
27
0
442
0
584
3480
0
1736
236
703
535
424
0
0
73
276
0
145
0
0
0
18
105
1919
23636
27
3
0
24
0
0
9
10233
1738
758
0
0
179
0
0
0
6311
4
0
0
3
5
0
3
0
562
3
153
1
0
12014
4
5
2942
0
9816
418
29543
0
3065
4
17
0
0
1
0
0
46845
31238
0
0
0
31
27768
0
253
174
13310
0
5
0
2050
59
0
22611
0
0
179
0
1751
154
523
13341
45967
0
0
30
2
1
0
16227
0
48273
101
9
0
74
1303
31043
7911
141
1527
171
241
0
10
113149
0
0
229
349
3205
49377
23980
499
454
9
0
0
0
25472
722
42
0
637
0
0
2
10
0
41
4
14117
16802
63
50
0
518
0
53
0
0
2
96
2
0
7983
3086
0
0
2425
0
676
265
27
241
83
0
0
5
9
0
174
145
1206
4
17
34120
134
46
0
36
132
13391
2328
82
0
0
1927
12
0
0
507
0
11
23417
2070
1478
0
0
0
8320
0
15844
533
335
0
207
1432
0
22
0
11899
410
142
0
13
632
6935
11
0
0
0
0
0
0
5
150
136
0
8022
0
15537
0
4246
201
7222
0
17
888
0
4
416
9515
0
77
0
0
60807
10186
14775
0
2
0
12562
2192
10836
0
891
21840
53
45
6411
2333
9213
104
14
81
0
0
1414
0
2024
12612
9565
0
0
0
101
0
18201
0
165
1
6755
31314
0
461
87
2718
0
5946
2539
12
7
0
0
99
521
4
81
28
0
222
3843
0
15
0
0
0
0
0
286
0
150
0
5
14776
36
0
148
0
0
2598
1831
0
550
0
0
172
0
4
1
0
101303
0
8
0
13991
7445
0
0
101
10761
1023
0
0
7906
0
17691
0
524
24
0
4
405
9484
238
11
484
2723
0
0
1455
3682
0
34
0
20
0
67
124
371
660
1144
0
0
33
43
1
0
0
61
0
0
0
1
0
20
108
0
0
226
81287
1
333
0
5512
108
987
767
114
66
1006
0
0
439
0
3734
0
96
69
0
0
71858
3912
3
0
0
96
678
53719
5
85
23
19
97
896
0
0
10
40
0
137
15479
0
11
9528
57892
0
0
0
0
0
0
21110
0
85
0
47912
3138
978
0
13
3
9
0
771
0
69
15
44
0
0
107
2
0
37247
27
0
0
13
0
1030
0
0
38
0
6
0
431
132
757
863
49005
3
3621
0
54
0
4060
0
0
69
0
7
321
3315
1769
1
0
34632
0
0
1
0
0
0
20
28162
4291
774
48
0
2
0
71
530
1537
3946
1328
33
13757
4
0
2
0
7899
46679
1615
3895
9767
0
10
0
924
0
0
0
35
30793
12
11958
8
26
3
10900
0
59605
13286
1307
101
0
332
864
597
160
186
0
583
0
0
0
1
10
11580
1
14
1535
67729
33946
12
0
2150
0
213
40
43304
0
32298
46628
3
8
7306
0
7094
10
0
54895
0
801
0
16
31
56
18022
229
98433
897
1835
0
0
279
2
39
123
0
0
0
0
407
1092
0
0
194
0
0
16308
189
2987
0
211
0
1628
10
5372
0
1448
207
0
0
368
26926
15987
19656
3
0
0
0
0
6459
29
6
4823
14094
4394
2623
3003
13629
22
1
35
2096
0
0
205
0
292
0
1410
149
453
17
9278
19458
10167
663
319
0
0
112
1
9246
471
17927
0
15
102
0
47
0
5395
103
32753
96754
18
0
1276
0
0
1211
0
58
0
0
58
29241
0
5426
3387
10616
2237
0
0
0
0
501
205
0
0
0
3593
0
3759
0
0
0
0
36413
2357
420
0
9
0
5
0
10
349
0
7
0
589
922
13433
643
56960
809
0
1
0
4651
87885
58
211
90
38
0
116
160
34
1562
8039
9079
1290
0
2988
294
0
168
2
0
0
10671
0
0
6
15
222
144
0
2
0
136
52
397
2582
0
0
463
386
2809
0
7522
646
3185
0
10481
6816
4
0
7447
0
0
0
107
9527
71
5
0
0
2264
4780
0
20033
72
0
3
33
35
15
0
0
1843
0
41
22745
0
0
3967
22712
0
208
1776
4136
12
12970
63844
0
0
14
2375
846
25314
6255
542
1
2375
173
290
0
1076
5298
108
2
81385
546
0
0
4461
0
0
21517
0
26155
9410
0
46862
0
368
0
0
1
0
16
7786
20562
0
0
0
30
5
521
0
3999
9209
0
32
11
1
0
23330
0
144
0
98
0
1396
5310
11237
0
734
2940
0
7084
0
1
0
57
30
17302
5777
0
819
208
14
0
1954
487
37
7
2
4939
4
12817
0
0
0
8223
167
2
0
1
2940
11752
235
10324
0
2818
471
0
122
960
0
0
928
465
0
0
1319
0
50286
228
0
0
6150
15962
2095
0
1251
20363
1390
0
456
161
863
0
8
1957
3932
13
3
19953
0
0
187
870
1164
18372
0
31
0
381
605
31
906
0
10
403
9200
0
3028
227
220
2
46821
3470
0
2309
0
2
3
0
14493
86940
0
2784
2440
0
97
66
182
1457
20
16
5
0
50909
0
0
0
54
3162
14753
7
10931
152
2106
5
2
0
20513
98
2
24370
0
20
0
69991
8600
4205
209
0
322
2124
5
18202
3625
2493
651
7260
10992
0
14296
28
1
0
1423
6685
0
0
85
506
76
4
1227
2787
18
117
0
10904
0
814
1792
14195
103
2
0
19032
440
0
15
42
42818
4
129
59
0
0
30397
18379
127
0
0
0
0
22509
20
0
80
551
518
9339
273
1187
2
0
2
0
120
57
5731
633
0
2353
1119
28
0
0
1002
0
1362
44
1795
161
150
0
19
0
4480
43194
0
3
52
2
24
0
0
298
9609
0
39487
77
18177
0
1682
62
548
2
4221
351
434
1886
0
1312
0
389
403
0
6721
45407
4638
199
1849
535
0
0
3534
2024
623
15
1132
186
594
0
0
0
5834
0
0
0
67
54
464
0
3
1
4
1916
17268
18726
569
197
0
1777
343
21
0
586
0
0
163
858
10
11080
0
0
0
155
0
374
9426
2014
0
198
5964
4253
724
17
0
359
0
363
3178
28789
20081
42710
0
1128
1940
148
2075
0
12
15945
9
37
18121
0
1
2193
6927
1577
4204
1
203
0
0
0
0
140
8724
207
616
717
17
170
0
27
2050
5
778
475
2
0
45
0
0
45
0
18325
21977
1321
0
320
351
6075
0
15210
0
0
0
3452
733
0
0
0
61
1007
1
0
0
0
40426
0
2
0
32022
26
0
0
793
0
0
942
0
0
7
15112
1
949
0
3871
392
74914
0
11028
0
0
59
0
11190
5
0
41526
160
0
137
411
45
17
149
0
13
380
2041
58
0
0
78982
0
0
31899
1474
459
3917
18408
5681
0
17
303
0
0
216
14117
5
15993
114
499
889
479
1837
1
17
75
0
0
9110
15
0
184
0
20
0
19321
442
1
286
5
1225
1394
145
9853
13247
20599
0
312
4
0
435
3914
689
15244
17
6570
93
366
14112
667
0
404
0
0
4
0
1983
14942
50584
68
0
347
0
77
487
0
0
1
0
0
7
10579
117
1
0
0
176
0
0
0
70
916
0
0
7194
5512
0
18
0
14
46271
40
0
3
11
3403
1087
0
0
4517
1954
0
3930
1
2274
0
0
0
36
8205
17076
23532
0
0
1909
7702
3573
8305
0
0
0
0
598
14011
41
70
8536
35
319
0
0
7927
10
44
371
19935
0
3
3
1
3029
0
1178
49
2079
17078
1415
0
0
158
0
105
0
0
1654
1955
5
60118
12687
0
0
0
960
2
7404
0
0
58
0
115
6
2251
0
293
10597
132
0
215
0
563
5515
80
0
1390
0
0
0
0
0
1
0
387
0
2111
284
492
0
110231
0
787
0
7544
0
72
0
515
28
85059
1
0
0
3
0
3
0
0
0
0
7674
120
2900
65
0
48464
6
509
2632
715
1
10372
7355
0
1194
99
66548
0
12847
36
640
600
44
50
25
0
0
10
744
0
26
0
49
1
114
18419
206
0
0
0
14
0
15
0
0
1707
23
1664
1343
0
6503
43
0
496
0
6404
8
41
347
0
21
0
6
0
400
0
0
0
0
12794
171
1577
2
0
2135
0
5
0
10814
0
1
2
0
1313
496
29258
0
4703
27534
3
213
16
0
313
4421
1
297
3372
4
0
15922
40673
0
50249
0
12240
1857
0
0
803
2
145
0
1114
92
0
134
2888
0
0
1
145
2286
9404
389
38690
0
2
32108
757
0
1
52976
0
337
63
0
0
0
8543
40230
1562
2289
7605
0
3
352
2412
12146
734
0
37
1014
639
31246
0
0
185
0
5240
250
0
241
56
0
976
54
4
5130
0
0
0
0
20
53006
24807
22
0
77
0
2337
0
27441
70
110
15096
1469
4362
0
8535
7
0
0
0
0
0
11
0
1032
0
204
663
9101
9
13650
14075
5463
706
1638
1274
2168
0
2140
0
21380
0
0
25687
882
934
0
1155
0
2269
3
11
99
879
283
11
0
1363
1
0
20
19
36
0
3672
0
10
0
36
11854
0
0
0
443
0
121
0
0
0
14197
43826
3773
2
1329
21
57322
3
0
63
452
0
1164
1
327
0
0
165
58
0
0
2
589
173
277
3601
0
1
31417
1961
0
5457
0
81
0
40409
2
51
0
6
65439
3301
28137
0
4
0
1
4094
9911
3978
0
0
0
0
10101
512
63
0
55880
0
6
55
0
0
19923
1300
355
33
22
0
0
20
0
150
0
35
1332
0
1277
39207
0
33
0
0
17
0
8
19779
5859
8
19992
1800
0
8751
2761
101
345
0
0
0
60
2646
319
0
19
105
460
0
0
45
0
144
125
12
154
579
0
20
77
0
349
0
26627
1138
14
2656
5
27358
140
49
3402
118
12
0
158
1108
158
18
0
46
101
0
0
1
0
0
0
54403
6400
111
90
464
0
0
33
0
0
0
0
0
0
4349
0
0
14988
2726
0
0
87
0
106
0
4278
0
3
23000
0
0
0
0
935
1967
7580
3680
11505
465
0
0
255
1
1073
7
20824
82590
59
0
0
166
148
985
1564
47046
21
172
8805
8363
86
7373
3
8
1137
0
0
314
2360
3
0
0
288
10
9
0
0
28031
13064
1
0
1
1020
362
699
0
15017
13328
1903
0
803
14
4361
137
19
0
0
9
0
4522
2408
13
10037
0
0
1730
31769
15454
16
18
21544
0
0
0
1165
414
1
57128
0
182
0
35795
6
10853
7626
5
651
26695
72871
0
568
0
5
0
0
1131
1001
50
17955
0
0
1117
209
2
0
0
0
0
0
0
0
427
40
462
3
0
0
112
0
0
21998
10
17177
12483
3
0
7
911
0
9314
4291
653
555
1235
679
1528
14477
182
49975
0
1014
0
16
0
783
859
0
33922
3296
0
12
0
406
111
0
12653
2520
0
0
0
0
40632
641
43661
0
5021
267
0
0
384
3003
1
0
0
51
18260
3238
0
0
13997
152
10
382
1
0
0
1439
13176
0
1907
0
3183
0
11268
8379
0
16
0
0
0
66
0
4
0
0
43
0
0
0
1584
30616
51634
4
1
4133
0
0
404
6343
0
0
18240
666
1107
58
2912
1299
0
66
26
287
2
51
0
0
0
0
121
2638
13254
0
48178
75
3724
5
0
0
16
245
24605
45
9403
0
0
1
0
0
89
0
7333
414
0
0
69
144
1263
0
253
1
986
691
0
0
0
127
35
11
2
8729
0
215
4
0
0
7063
0
1
0
69
327
0
0
1
3725
0
1
0
35
1030
0
0
39890
0
0
0
12
0
18476
16341
53758
34
2364
44
0
26880
0
0
1
0
0
5693
505
55
0
3
100
20
0
0
1464
0
30
105
20707
0
724
14272
162
24621
35674
0
0
6016
24523
45
1399
0
30778
54
0
13036
548
0
0
1
81
9355
2852
3764
6097
117
25
0
0
1231
16741
10
0
0
2
72383
0
6332
0
1
0
111
0
1
3171
25014
0
200
0
0
0
0
35
133
6868
7511
1
80
261
80
357
3
0
1
2
720
3950
0
32258
38
14
13387
0
3938
2252
276
9
2614
0
0
138
26488
327
6744
0
0
0
725
9257
0
0
0
4438
32
0
3077
91
1264
3486
270
354
0
11082
6116
859
39
15
50991
1
0
0
5
0
3543
56518
262
133
0
0
29
1356
0
2605
19691
0
673
313
3
653
440
21
0
0
2
9
348
1155
710
3
0
3
553
0
175
102
52
0
0
9990
0
3
7735
0
0
16540
0
2814
87
0
3
0
3
1370
0
0
3850
0
1504
5060
1061
0
697
0
0
5
234
0
10320
190
0
71799
19937
0
0
0
0
226
2
1494
11
10
28
2
3
0
33
30
6980
450
45
54583
347
426
2453
0
35491
81
1833
21
0
61
100
0
42668
8736
0
991
0
138
1
1
41879
2354
1
451
227
0
2055
67
0
8749
0
336
0
48
13041
13943
2593
0
2400
3390
0
0
73
37706
53
0
14551
5231
10386
40
4828
16646
0
0
199
0
0
0
29
0
3
5555
2942
2
51
8248
2
50
0
12457
29930
13
110
1193
25609
2
104
0
16563
805
3
8748
7660
21
3
5800
0
1
22363
0
817
23943
267
0
20790
6072
0
0
0
86
6089
18
4107
59
0
892
1324
0
9720
0
0
0
1424
10493
28416
0
5976
0
12281
249
2651
3847
0
54
25
10
0
44615
0
2460
116
0
20
2755
25
0
8681
44
0
1565
1364
0
1
0
0
111
0
68456
7274
78
10421
2385
0
0
0
32682
0
28
1703
1472
3822
40
0
0
264
36210
5
0
11729
75
20
10180
1684
0
0
0
39806
1
0
11
26188
1158
0
8
1338
28445
0
9201
13
6
0
56319
1806
137
30624
7
0
51397
40
1
0
157
699
0
0
3394
17
51300
180
0
0
9760
79
1
0
215
1567
0
28580
56
1
1432
1
1
16319
683
1884
0
0
204
12975
388
14097
0
137
7779
0
4
5
2778
75
10140
0
3
4607
7
0
0
686
0
36
4
0
0
117
8274
67
7737
237
0
8
209
0
8
45423
392
0
503
142
0
62
2
99
15180
266
0
0
82795
0
2
0
14
0
8206
2584
0
764
0
2
0
71026
250
65
0
1
477
8602
0
0
0
41
26
21
1
62470
90
7018
0
4758
486
223
28178
416
5139
202
0
0
15527
583
0
0
1
13725
9403
4936
152
376
0
0
2052
0
63
359
0
21
89
2618
145
266
1
5105
2004
24699
0
7568
1689
0
0
541
0
0
0
6
2911
424
0
0
103213
2
2938
188
1650
0
0
31956
11
7
54
52
2
0
2513
0
0
0
0
4150
0
0
7831
0
235
0
561
11951
0
102
2
5937
7
46284
97
293
575
0
0
798
1
0
34057
5
0
2
9872
0
0
0
0
0
3308
119
2240
0
45
0
59067
337
23551
0
29404
132
3144
0
13684
329
7
14727
5726
0
16031
0
33
914
0
2237
10362
3125
449
1166
0
2
0
2832
288
1
27
30821
6355
656
0
3188
0
147
1411
1236
62817
1084
14840
6
0
239
0
0
24353
806
51011
16
7127
16383
88
1722
2
12869
4849
962
9088
195
18
82322
18
0
416
4
27934
0
0
0
0
28877
66283
1305
0
27569
8
0
316
1
0
0
0
35
221
3847
373
0
1030
552
60
0
0
19
0
0
37525
481
37
224
0
67
275
413
1460
202
0
0
266
0
18358
0
0
0
42197
112
6
63
2517
6
1471
23
114
8074
9940
0
27
0
0
25258
0
0
52364
17
0
0
0
0
0
18
0
7198
8916
12073
2984
0
1
67402
0
0
0
92530
46224
384
0
16
6
13
0
4
339
86
0
1
18624
121
0
17
1876
4187
310
1
0
446
9
5918
2
0
5197
0
120
288
73
120
1
0
2513
3218
2425
95
0
0
422
77
2913
17
0
11173
29745
0
4
2378
418
19
0
3016
1473
49
1576
1
358
0
11
2124
38
3973
2
235
27
127
0
14
0
190
110
55471
0
0
0
260
0
34522
32804
0
0
0
227
5
0
36041
0
3408
0
0
7266
23315
0
234
0
11815
6660
328
1907
0
13
85
0
2818
0
0
0
32227
10
10178
11463
0
6
0
0
37
1
36
6
0
739
448
91
83
68
0
0
0
0
0
1
238
0
0
0
38432
0
0
0
50
966
30
169
873
0
21
2802
145
31559
0
0
322
0
20
0
0
0
7
376
0
0
0
0
0
98
43
0
0
0
5060
263
3730
1
57
0
6662
0
179
547
228
76847
48
0
5191
54205
2
8854
0
19142
3
0
44153
0
0
0
2206
0
24360
0
43
0
358
6713
2474
320
594
0
4575
1369
1804
2
7703
10
0
8984
32544
54886
0
5810
27
5632
165
2
0
2861
38
76186
1064
0
18030
3042
0
26
1253
207
163
71853
0
662
0
0
2532
78
0
315
1
2
0
217
5
0
0
14910
876
4
7916
4
70
82
0
3243
0
0
1475
13
4079
17
914
28336
0
113
333
3
734
0
0
0
0
0
767
9011
2414
3003
0
12625
0
15
68642
19
1
5
1
12
2330
3814
0
147
272
0
0
2
366
57
1
1687
13
144
14
13057
0
2
0
1
3738
47
0
1609
27631
69
11
0
11
55
216
1
572
3
375
6741
55196
92
24
7
0
123
159
0
0
0
6762
100
348
3483
11629
41
83
134
0
0
5
546
1913
1620
1706
11125
4458
6
271
1543
114
1
7836
498
0
0
101632
31
1304
89488
570
3147
0
18
213
1
0
173
1
48791
98
64
0
0
0
0
159
898
421
0
0
4
0
13
0
102
261
635
0
196
177
0
20
2160
0
0
216
1415
0
0
0
0
22036
17
195
0
2376
2338
6516
29
6551
25
1595
0
6
48
359
3164
42
1084
3673
115
199
36833
0
0
121
3
0
4
305
3488
0
6037
2464
0
9937
0
48
23414
0
0
1491
491
449
8282
16
0
113
0
0
758
5
1
0
98
3568
10121
109
1
351
0
1
372
521
6785
0
0
1829
31124
3
1843
261
199
0
295
2
4399
47536
13
5384
3956
0
0
0
11753
17755
0
976
47821
242
659
141
15
0
6804
11
8
0
10697
0
0
1
10883
3583
0
0
0
0
19654
27678
0
0
114
0
27
54
107
0
49
0
409
8929
6433
9538
183
3854
8398
33
89
0
1550
25448
349
0
1826
1549
38297
92
28587
0
0
3713
4399
0
0
0
12
1
1216
4690
0
97
14306
68
7
9171
33813
1583
0
2385
11
1325
0
0
3
255
0
0
1154
46497
20
0
19
0
0
0
50
0
11757
136
3
0
0
37
66
0
174
300
11313
82801
54540
5
0
0
360
0
48
2700
342
0
0
2105
0
5309
632
5240
0
3
0
7
305
24538
4
0
2505
0
1839
6637
0
27
0
0
0
1266
40
198
1
0
439
111
0
0
0
72545
981
0
0
0
0
0
0
624
0
14
0
150
0
134
13
1094
0
56
64
841
0
0
0
3
0
22167
1113
0
28916
307
7401
0
3967
15007
0
9794
0
7963
75
82
4534
0
0
77
24
0
0
0
272
6
2357
14626
0
420
2099
2094
6006
17
0
94125
154
0
52
5033
0
1417
1
0
2336
0
745
8
0
306
3966
11405
24444
0
0
8
7
0
4
15
18830
14010
5
7
283
68
0
6
0
2176
1690
0
8165
1289
0
128
0
10350
0
29191
1707
2845
3736
21364
367
0
7420
0
2638
8
3459
3
884
400
1
300
71449
42
311
0
106
4065
24
80
96
57
16
0
2283
0
55
0
0
0
771
0
4519
2070
1524
0
3454
2226
59
1028
80
977
161
4
0
0
26
2
0
57
86
15161
5836
9
1
13
0
390
4124
5
1837
393
14514
6018
2
0
118
1
0
0
1743
12
65
120
78
638
24
18130
8543
10809
0
305
2
394
65
19
0
0
0
163
35024
31
0
9664
0
0
921
2301
9509
37
5126
736
0
749
314
0
45769
0
204
0
14291
0
23782
1
2
0
0
3645
65
5899
11
40
574
12723
0
0
110
640
2810
366
0
0
0
51
64
0
30950
81
0
0
1544
8374
0
0
0
2295
1982
0
88
357
90
0
0
0
421
0
0
1029
154
1
204
0
169
0
69
6697
7
95480
42563
2268
44
0
0
0
1121
0
4
0
1
0
0
572
122
0
0
9903
38
0
321
9
583
0
22342
2137
256
0
9740
0
248
6529
0
1972
15
15
6183
0
0
492
0
7064
22287
0
1
0
0
0
53
18460
3649
9510
0
1750
0
42215
0
73973
0
14
6508
0
12
1141
0
0
2533
151
789
17703
9
69
1
0
0
1085
3065
1
0
1861
28743
26336
12825
23524
0
0
6495
0
0
0
707
24
908
15316
553
0
936
15703
15133
9
0
4235
0
1
299
0
0
67891
8209
251
0
1325
10425
0
42
23560
812
0
444
2
14
0
85
0
59282
40651
245
0
9121
13881
388
11489
11358
0
14859
12552
138
35
1344
9
8994
0
201
0
0
0
11
885
0
0
823
2
28
1562
51452
42
389
0
0
0
3893
0
0
1670
2266
11
0
36
1
0
0
0
18
10849
0
52558
4066
0
575
1639
192
0
446
0
21
184
11
13882
1963
0
384
21
0
1
47
246
2
0
0
44
0
10225
75
256
166
75
715
1
12
0
4
3441
0
38
9540
1916
39
110
3067
440
22
1564
940
0
0
6449
2
0
300
1
0
41
281
1103
0
3339
391
88
4431
0
78
0
0
135
2865
279
0
0
0
2879
1273
0
24130
0
10369
2
1
0
18475
0
104
2137
662
0
11
161
0
3193
0
967
198
7
89
0
0
1276
0
121
9047
508
603
43
21800
0
177
5451
0
0
313
420
0
43404
161
48
563
480
4665
0
117
0
417
457
158
6861
0
0
291
0
0
100
0
0
0
10
6
9672
0
26568
7515
0
26
0
9
13644
0
0
20396
80
21450
0
0
0
167
0
46668
2623
0
13503
0
667
5774
0
1
0
263
14
0
0
425
11
0
0
224
0
39176
960
4854
220
231
2
0
2952
0
6067
357
2
733
0
0
1964
2
16
0
3030
2313
211
12946
12655
4
0
0
1
0
0
0
2105
9869
0
0
93
100
0
1
0
0
27043
2941
28
2386
0
1095
0
0
0
2
0
0
0
453
11
0
3528
0
1862
0
8215
194
0
9
214
161
36
2174
5
3063
6973
23749
11523
30833
0
13
1
3333
1607
7002
0
21956
0
17
47
0
0
0
30
0
0
2371
36496
34399
0
5636
8454
3
0
33575
8246
64
0
48
0
0
2699
15711
9
704
4333
53740
0
0
1689
0
13
0
190
0
0
81
2867
0
49618
0
0
0
0
0
249
3466
8945
35123
423
0
2332
0
20
610
28114
0
25407
53
17066
0
0
22119
1551
0
138
124
1798
0
0
6
76
1673
0
3
0
4
0
19
0
4
3353
1748
0
394
0
112
26
10155
0
22
68093
7107
1116
0
30574
39
81586
0
434
657
0
51
0
1435
7872
11499
30842
64018
3110
8637
1930
0
907
51655
0
69
53
0
0
0
0
4
8684
14637
19325
0
2911
4482
29653
48849
1132
176
21
0
0
513
7
260
0
0
6955
10
32466
1
3779
31009
20124
0
193
0
2913
0
215
6065
23800
32165
1
0
0
7300
199
2
5348
0
90
4830
0
0
10
0
2513
0
381
612
0
8640
571
0
2876
2394
16950
0
114
820
14868
0
0
697
1290
1823
0
0
0
58
739
38092
290
12
10
5835
344
716
0
2842
855
40794
198
26183
5354
0
46
878
0
2183
18717
1203
427
0
944
7282
79982
0
464
63362
0
6293
6
5
25519
0
0
1416
0
54122
10177
1738
10636
61297
1
8832
188
4397
2846
0
0
1138
0
23
2
62
0
0
0
3
807
29
572
21
0
0
5472
205
3424
5583
0
644
0
176
0
101
1
728
0
0
5487
107
73
3
0
0
0
34380
3870
1795
8831
613
0
0
111
2361
543
0
38481
207
20673
137
37
57
229
12986
378
32
951
0
0
35060
0
4
0
0
0
23
953
0
279
674
107
2
0
54626
13770
0
735
11303
1544
0
46451
45
7870
1
2745
2
243
17767
10636
0
6133
194
0
1811
589
30
28
15235
11281
0
275
42
0
11603
210
0
0
0
0
0
52
62
40
0
661
626
0
10279
0
6609
0
21242
1
286
0
195
0
0
2541
2
12
796
0
0
14
11
368
41
10051
1
1084
0
0
0
0
4
223
0
3594
1316
4
5544
0
0
0
20
319
0
18539
255
3540
0
0
0
11
0
0
481
1107
52
4
2260
1
164
0
0
31861
595
0
28
157
0
0
0
165
297
24
5851
0
13
7
0
0
184
1241
4
4990
532
0
93
1
0
271
6032
0
4687
128
77
1070
127
6
61
0
15155
0
8947
49
0
0
0
44
0
4
153
0
193
0
1
46
15
17820
1
23678
1972
11121
1
259
112
2048
0
1153
85575
53178
1
2588
30298
0
1
20
17008
1085
234
82
78
0
0
61
0
0
14184
0
6
115
0
227
29309
3246
2411
12
0
56
0
696
13313
707
0
51
0
5
0
0
150
1692
0
70
6068
684
774
87
0
0
0
1391
73
87
615
0
718
0
12
31802
0
0
47
0
0
80
534
2
0
3973
219
0
0
0
10129
0
733
29432
92382
0
41666
20103
7417
23826
4142
1530
0
0
29
6471
17035
6
3
760
140
138
5
0
7523
0
12
731
111
0
117
124
0
107
0
0
0
0
0
331
15
1
27
13
0
31512
71
10208
0
183
0
0
0
65
0
203
237
172
1135
10289
106
547
25
647
40
497
2973
0
4
0
0
110
0
0
0
492
0
341
7
0
10356
40846
2116
0
0
0
5
623
0
673
34049
33
9
1512
0
26
6598
205
262
0
37
1
3394
0
18
0
681
25215
1007
666
0
677
1
30
73
0
0
33553
7985
1787
103870
11
8168
134
0
0
185
1874
15
30479
81
17
0
0
323
0
389
0
0
1002
0
3838
558
1257
7
220
12
0
12
2179
2083
71212
2
0
640
20
1868
2962
0
3
3388
17253
12985
3529
28107
0
2923
21
33860
20519
428
0
0
8006
14260
0
76
2496
62355
4
5
5413
14
0
80
47918
3909
0
39
235
7954
23
0
0
8
805
117017
0
3
0
0
0
0
0
1
0
2
0
14546
122
13540
0
0
1807
0
0
0
51
60240
65
12002
0
0
1
96430
0
0
14116
5192
0
8650
2
19165
64
13028
1340
0
0
0
0
0
0
0
3920
66348
1
0
4
52
1369
265
2948
407
2
2048
11405
0
17465
48
13
21
0
0
1578
413
6070
3
828
0
1509
17530
26580
6444
2117
1
4
7956
2903
0
660
0
67280
157
48
0
1578
0
1
14084
231
0
169
58
4675
5573
569
799
0
26688
0
0
6
95
2
1696
65514
13701
20755
3
18
0
39651
494
1009
40
0
294
0
7258
0
60
70281
104
225
37
9555
3927
42963
0
344
0
8927
0
362
67
0
12
1975
28
0
0
0
24630
0
0
2
0
95
16290
0
124
4465
18
2914
1
13520
388
1511
299
0
146
0
12239
0
400
25
0
1
1094
0
6257
0
63007
0
1140
0
2418
0
49
87
750
1
11
0
588
3492
0
20
10563
1422
0
1
52681
1
2198
45584
135
38178
28807
2
0
3136
613
0
42158
0
0
550
2400
5
235
2194
2328
1410
15
5505
0
5
4429
20
1761
0
636
59
0
784
0
0
3
0
0
5525
0
0
159
314
0
0
0
0
0
0
8
8150
15009
2680
0
0
0
51529
6235
0
31
45882
5476
0
13
6
0
0
0
2366
2210
0
0
3403
188
0
0
8
0
1145
0
8766
664
47
0
0
1
0
22
10635
11
6063
7445
0
4617
861
12101
741
12659
13
223
1
2848
952
18
4077
199
11
6
0
0
10209
0
8
41952
1476
0
182
0
16
261
0
2
17
261
955
0
0
238
6229
0
373
33
0
0
13665
166
2
4
10
0
28814
166
19
2414
1
233
22920
0
1887
0
0
3626
0
0
0
0
103
12934
2
23808
0
4
82
5046
7
1
0
30
151
2324
1
0
0
0
0
53
2
538
199
0
6
21672
5
274
107
2
0
0
13
111
36185
3929
3304
0
56410
5565
583
206
1250
20
15
607
26339
1926
1089
1470
89
441
31
4
1111
0
191
0
12
768
34
0
1
39
1220
15244
37
8968
0
9977
1228
583
0
2975
1
0
81
0
2
6527
334
691
46
20794
3762
0
0
0
48591
477
0
44208
432
0
5969
0
0
0
0
841
298
0
5205
0
132
1022
0
56
11509
2976
810
1997
7809
31547
6613
85
0
13004
27154
0
962
68
16
1528
6151
15
0
0
133
58
36
11
12
1512
0
48
14
1153
1662
0
0
19375
0
2
0
178
0
0
115
0
73
1849
0
492
0
40
0
942
0
2469
7078
1
0
15384
8290
8
14
0
36402
141
12355
8
41200
205
0
0
0
0
5160
0
1
544
1
0
260
15635
3000
10
0
279
0
16192
16839
38991
439
449
0
7
0
0
33
26406
397
0
630
0
0
15972
0
0
331
39
0
2583
3
13
336
0
1164
5
0
2003
12374
28568
53668
1948
1055
42
7818
7990
19076
1072
14399
2445
1376
17
0
0
0
0
16129
36
5862
0
38
0
0
1416
14030
0
0
0
255
1394
1105
0
266
42810
1275
24273
2
40
0
4436
6
944
17
491
0
13902
4
10144
285
715
0
67629
261
3
0
178
34808
0
0
0
24657
4
466
57
771
0
940
7360
168
1663
38
43
356
67322
1035
2292
9
9896
0
0
3
2095
345
74
6
5410
32
37
0
25
296
0
104
0
11266
371
0
2110
262
0
939
5
4487
68701
0
36416
0
123
22
5643
1516
5939
2752
5485
0
0
23343
0
0
15
27058
83
0
865
192
1
0
3
115
19847
0
1604
41263
0
2805
2
0
3884
118
208
0
4586
0
0
0
3233
2608
12087
702
0
73
0
11981
88924
5682
0
0
536
0
17071
37926
529
8029
188
0
0
171
6351
14
9788
0
85
0
1
35
0
1822
0
2089
8408
0
0
588
0
0
4
2201
5945
0
0
0
50
3
78
0
0
244
26
32
0
0
5099
26
12067
374
0
3479
0
32033
0
692
49
489
194
428
1922
12790
0
26
0
40203
19751
2
0
0
0
628
0
1
2029
247
54
1532
18534
0
0
4
31996
302
46
22547
6
8005
26668
3892
37053
4077
17
163
0
9
176
0
105
3
0
0
20884
5
5328
1207
1965
6
508
0
0
22143
22
6932
8
9023
2349
1
0
0
3
7135
155
0
3102
2937
1104
0
57476
18182
16
1
115
0
0
0
0
0
0
4248
0
0
1121
1539
7780
0
1092
0
1870
10218
0
26999
226
51
0
0
0
143
0
2
0
383
0
0
1896
0
0
695
21
28155
620
1119
0
0
0
610
5174
15049
0
8
1688
0
66535
1230
1
0
0
1
2511
1
387
0
17458
11726
4
0
50397
0
3
0
25
0
12074
0
384
61258
15
177
430
3335
3
1110
0
0
18
9568
515
454
263
0
0
31287
7767
19878
1236
0
0
3144
215
43
25
2356
0
913
3346
0
7
0
4
0
0
7352
17
0
346
20
4177
6503
660
334
0
14628
54138
0
0
1
0
1473
5766
0
124
141
13929
0
0
6
4730
8037
852
0
0
144
10148
0
2506
12764
0
1598
5581
130
0
5
11611
2002
36838
0
0
20984
63
36227
0
3595
0
1
11
5718
23
3
6164
1170
41
0
1771
0
17168
0
46
1
2
0
928
0
52
0
110
92
1104
0
14472
0
2468
13
25489
0
0
1025
5438
0
20557
0
308
20159
935
10477
2
0
0
46
0
8402
33579
0
2
0
4
198
6532
156
11
0
0
0
0
0
282
1
0
10
9
0
0
0
632
15584
27
342
0
201
40
2822
379
4
0
4428
0
1
7
64
5
0
89
0
0
1195
287
235
0
393
153
66
12494
507
0
4646
18790
0
976
120
140
6143
34
0
30
3
2
889
0
189
537
7
82
87
0
110
21
2
4883
648
1426
0
238
0
18016
0
6594
0
12441
0
9
294
0
883
10196
0
0
0
2
102
5
1044
885
16325
0
0
382
0
0
5729
15871
3644
1288
1429
17889
0
33753
0
339
0
19809
20114
7558
2854
185
3
12
268
717
19
29
34633
57
4
0
0
10
0
32864
0
26
380
0
49628
570
2199
13340
12649
0
349
0
0
816
2281
4038
79002
32117
831
4
0
0
0
1066
14
3445
0
2057
11
4986
37
981
0
0
0
1236
766
0
8376
0
1450
7
209
42
0
0
3
444
0
8069
5
0
7
10
0
3748
22
7621
0
0
1200
57
0
0
30206
0
4982
4534
0
22221
0
758
0
153
1551
23
0
0
1
7579
0
2758
775
4
58
8898
492
0
2
4
23083
20
3694
0
16780
0
40840
32026
2726
9
0
100
0
330
0
4
6
0
3732
1
1
438
0
73720
0
0
0
79125
0
14507
936
55224
438
12863
0
1614
0
0
0
189
0
130
0
0
0
0
1
0
6
23
0
0
8431
28567
0
0
2279
7
0
0
13
111
9314
0
3657
22167
345
4
0
197
1319
27
2853
20375
0
0
5
0
13
15
2
8960
84
0
15
4
0
5066
15711
1101
5
0
0
114
662
17
0
2342
0
227
0
1
3175
32
513
550
35
218
191
15481
1149
3
0
974
144
297
17
18
7439
0
679
296
0
124
2915
400
1159
59
470
14643
1
3
0
24
5573
4
0
178
23082
0
264
0
197
42350
122
9964
0
0
857
24218
0
99
5
643
37565
294
5906
0
21
0
936
0
754
51
812
0
4
8130
0
12548
3485
0
3342
450
61
0
24321
25989
687
2385
1388
0
4684
0
483
10911
0
0
214
0
644
2
13871
0
17
70473
509
1501
22
59
230
6143
6
0
4283
1
0
30
1
51213
0
320
0
171
15
122
15930
0
0
6679
0
1278
18
0
144
0
48
0
1770
7
5300
0
30
259
0
230
200
512
0
0
13104
41
2689
0
0
17
1792
284
17065
8416
0
23543
724
1
1325
18996
0
0
0
27
28684
613
1867
0
5338
2
4
15
3051
39
715
584
7
12086
620
0
3238
686
3
703
0
206
2381
46
152
29011
52
725
78
0
4
1211
0
0
798
10478
3744
5752
1
0
70
1
0
39
2
6486
10
13597
290
0
5586
2583
190
2196
0
51
4
1459
37
75510
0
29879
17524
46
0
195
244
0
622
311
27443
0
37
20
2013
16280
0
0
1210
23
941
1806
1051
0
189
0
2969
0
1
3
0
0
53
22053
41891
0
0
215
137
7
8
9333
430
218
679
0
0
1
30316
15344
9536
545
593
10486
0
13385
14604
0
0
0
0
43
0
18
377
1087
3554
5531
0
53
2827
0
0
37
128
146
1
0
3227
4180
3
3295
350
1241
0
35472
0
3232
7220
3730
0
0
0
34709
11358
105
1856
27533
0
0
12449
0
25025
57
0
0
4
0
25297
139
2
2219
451
0
5739
10
0
1351
0
95
0
1060
39
0
0
0
428
0
30936
153
42526
2
0
0
0
0
421
6449
8572
0
0
1343
0
4333
0
10729
45242
139
0
12
27602
868
12315
681
0
0
141
0
578
4118
0
1
0
4
17
2
5255
9
0
5
0
24367
0
4307
135
6
26
0
0
0
0
0
9684
1585
12
109
14835
86099
852
276
8
0
43649
1
3404
1334
41950
554
0
0
503
7641
11485
37
287
3124
73031
3058
4489
0
0
4
265
1
0
5881
1360
50
476
0
102
0
0
430
1543
1704
5
187
1
122
6
1547
211
0
0
918
137
9765
0
0
323
39115
0
7
117
12831
22
346
10911
0
873
0
1218
0
0
4843
106
0
2453
0
69
602
6
0
178
877
978
2859
0
0
1
26
143
635
0
1195
19624
0
10424
8462
724
554
0
0
0
2810
0
43
4
21653
1532
1184
0
0
329
82
0
5
395
0
6
324
0
685
0
1022
0
58822
18843
30
0
11989
47
0
46434
34
0
0
8078
39934
0
0
2967
4418
0
80
0
0
4
0
65906
0
88
5392
29
252
0
243
66
5060
61859
100
0
1
0
367
0
14660
12
77728
0
0
0
5
2
0
937
6325
533
0
416
10
29973
6930
19803
0
3733
74
11
2171
0
539
0
0
8745
0
19671
17
47
25
30
4
0
1985
83309
0
0
6134
0
28
1186
0
10230
330
0
0
11
0
72921
0
8419
0
135
0
0
4412
0
70954
0
633
1
0
1204
12
0
499
690
38265
0
0
46129
1947
24784
806
7
2135
84921
0
12765
65352
338
0
0
0
1625
0
1
173
1463
0
156
0
0
37
0
2
0
570
30629
64526
652
0
0
0
42467
15521
0
4
3
1025
1376
0
0
1
0
124
0
0
29266
0
992
453
21
210
0
0
187
0
61
917
10871
65995
2466
3152
2687
0
723
1207
26
0
20
34
2994
463
46983
433
5
16215
0
20993
0
0
0
0
0
16
33370
0
43267
2369
105
0
4
41
3849
1072
0
262
85
198
0
0
2
230
1013
1
0
0
0
4183
141
937
3
0
435
0
70337
26225
9
0
0
0
8838
212
3421
15482
0
0
14840
0
0
0
0
3
4584
6927
15
0
12068
21156
83
2682
0
29
0
117
152
0
0
0
1168
0
984
0
0
0
0
17
1158
0
0
50
38752
331
0
67
1792
632
5805
134
0
0
95
0
12451
0
0
42
32778
3250
0
2160
6
0
1
0
594
507
0
1260
0
1059
941
1335
29068
2014
1792
35970
0
2773
28390
236
3
1966
0
0
31760
0
39704
1543
1959
38394
0
31601
0
0
0
0
0
375
0
0
0
0
4330
1269
0
41
1193
297
2
6171
0
614
730
61946
3
15443
4311
2693
60794
4804
0
3848
0
72
0
53601
0
0
0
1
3888
50
760
0
108
2496
0
56334
88
1844
149
0
0
0
1
0
2
0
8
0
0
0
39446
8
0
0
4
3132
0
0
21
0
0
0
1159
0
0
384
0
2
1
0
78
18770
14510
0
0
7383
0
20066
0
0
389
38564
0
14
0
0
1419
12129
1252
3
781
0
25
0
0
4104
473
1780
160
6
8
37
0
9884
11100
1512
0
71
0
739
4147
0
0
0
84960
122
38
119
8
2975
18250
0
0
0
0
8
0
0
0
0
23837
0
4014
0
0
0
4
6
0
76
66364
17
2
0
460
0
0
1188
1228
14030
39689
15301
0
0
0
51
224
1024
171
377
0
0
766
26543
0
0
289
678
0
0
0
2
8305
21526
30
12867
67055
4396
827
204
5165
4206
926
398
16
0
0
0
601
25153
4471
2353
23238
21
0
0
88
55
327
3
1756
0
0
184
0
128
12
5068
0
0
349
28
0
5
96578
1185
833
26
3
2305
473
0
0
81
307
1467
0
5399
114
1068
0
1
0
1183
1
179
6113
6
410
4742
0
28
0
0
0
0
0
4
25
1
0
8008
998
340
2
0
0
0
22
0
0
11944
889
4581
2277
0
0
6960
20893
49
1
4326
0
40224
41
106396
6778
282
1
0
1545
0
0
0
11931
0
71
59
2
50569
8686
5199
654
200
0
1
3861
8219
0
2648
7
0
361
56
664
0
136
0
4
0
0
6211
20627
0
30031
155
0
14778
10189
56203
4
0
28767
6544
410
0
321
0
83
0
0
539
1825
5
36671
31367
325
1
106
0
1
0
29292
4225
4
20775
5
7973
684
323
0
562
3974
855
2846
2162
0
1741
3276
0
0
176
2586
3647
68004
2145
1391
10327
0
302
0
0
176
0
1
2
9656
200
493
67
6911
12923
0
15
31
20
4572
0
44103
41071
4660
0
807
16858
11161
146
0
13675
1401
0
88779
1897
31872
42
2937
0
0
45639
174
3448
12818
645
0
8
559
16
0
0
48677
0
4435
0
1950
59
0
0
0
1
11
2
1
0
106855
0
57
1021
4120
0
0
0
5829
29504
30
0
10
2701
4459
3673
138
2901
1356
0
9
1668
5669
0
305
37368
23252
6568
44287
4536
5
177
1
0
9
18113
11141
0
0
11
6
62
0
91
11149
0
55
0
3
382
6165
5
5402
872
0
0
16612
16133
14277
0
13
8393
11
0
3904
2
0
0
60675
0
823
320
4911
17967
10379
2
17046
1
0
0
0
0
0
75
56
507
2627
8635
63073
445
93
1109
85
5983
532
61219
97
25
0
123
0
185
0
1834
0
919
0
0
19003
12
0
0
33
4583
16180
13
0
10495
22838
0
3
0
267
4042
0
0
2681
2770
0
882
5
6533
79631
0
19
2479
1961
25
0
29
0
27075
11
1125
22560
1
0
0
0
3
0
0
3
29391
979
2
0
0
0
43385
2
78175
0
0
0
0
4122
1976
0
1471
0
0
0
28
9763
0
839
18
0
149
4
2
0
3792
37593
4920
9
336
0
13
26
0
0
7567
1596
73
0
0
0
0
4501
10794
1101
149
125
730
2219
56444
0
37718
3741
0
1839
4
7
0
1
75545
0
0
7
30
4959
4
106
0
211
1051
77
0
7
1336
6782
0
56
0
0
27
0
191
161
31933
0
0
0
12972
72098
12
0
0
109
6098
11415
276
44
0
0
46608
2059
0
15
7607
0
5
40
176
223
0
95
17
0
16
1432
0
12
0
4
0
158
0
4296
6084
0
18
363
766
6
0
3255
11938
0
0
9
13035
0
42491
0
3452
0
0
196
0
0
0
18748
0
12
8065
0
3
0
2049
58195
0
1355
32
104862
0
9444
0
3987
3719
0
0
0
253
20023
56
0
41251
0
49182
2
0
187
0
2496
9
0
105
40
0
0
3
28
0
21900
5766
4794
215
0
0
0
127
129938
0
3
497
3754
0
35
1133
0
0
26
173
45488
669
0
25762
0
0
0
40341
5930
0
0
0
5936
0
0
325
71
0
0
524
0
9013
1
8339
0
72
0
0
13
4001
933
110
6082
133
23064
0
0
27996
0
1261
0
62
61
0
0
8868
950
232
0
1210
0
983
0
0
0
0
0
417
0
14636
136
6855
0
0
1386
0
3581
6683
0
263
802
17029
42872
53
1
4
0
913
0
36403
0
0
130
118
0
1
53
77
0
1815
0
5014
22273
0
884
5
4
0
123
58
3316
6424
91
0
0
3
13
39
254
504
0
407
940
23989
43399
0
0
0
1
3429
40
19
5464
6
0
1077
0
17300
0
4145
0
39491
13745
0
709
6651
55
18
4245
33973
0
3
21619
4777
276
0
0
0
0
0
1791
81605
12651
0
2082
183
1803
8850
5899
0
0
3433
54
1
1873
1152
28727
0
1729
10
971
24432
1230
0
33
29
0
7
0
0
0
110
484
63103
0
16
461
1
28557
0
0
17950
38
0
21
1139
94
1
0
1439
2111
1
11719
12066
0
4
30
75
0
8231
0
110
244
29103
965
0
227
457
19789
2650
40113
19
0
8
14
0
10821
0
70
2
19549
985
170
1594
1714
3535
20
439
0
1716
21
429
0
459
4
0
21
84
1636
51
80
0
2
1885
0
0
0
26546
8323
1010
263
281
0
24
0
0
76
0
0
4503
38255
136
24759
3749
1009
0
13
0
54251
0
1794
16027
27
1077
17475
0
19
0
12
97
9793
2290
7572
0
11776
0
0
78702
0
0
0
16
11
0
0
0
559
39519
0
1
0
0
21589
3470
13155
0
2432
0
2275
0
301
0
85
0
0
26771
0
0
5351
0
18
0
7181
214
1
318
0
86
5
1443
121
3252
231
10
3456
922
0
2
383
4
0
46163
0
4
4749
0
0
40
3755
15068
241
0
648
5
871
249
5
13
0
62
0
0
11
45
1359
31
71319
0
1
35
0
0
396
0
920
0
3837
38781
0
1144
6857
215
4
0
127
674
0
10591
0
28
0
0
32
0
25
19
0
0
0
6218
0
0
4
0
366
512
775
0
0
12106
1
0
0
8692
7
11823
3698
5569
0
0
0
6439
108
0
0
0
0
0
65332
98
3591
55
17
0
70551
80
0
0
2056
0
329
0
9
0
1675
7751
6398
4533
10
15151
0
2621
1038
16132
0
249
123
0
33950
703
71051
8534
0
2094
0
7616
22162
0
20136
121
0
82
4983
0
0
0
2228
22130
93602
0
388
7447
3829
7
0
8471
0
0
5125
3
0
20
15
0
0
0
0
0
1142
2647
37650
1
0
122
56917
0
27
0
297
0
74
0
2103
0
0
356
15
2503
6
48
0
18
0
0
0
38228
0
35
107
67
0
0
227
0
2796
0
477
2462
53
43966
0
628
8301
0
0
0
270
0
8
484
331
20385
0
48
1282
25122
54875
161
0
71
24913
6
15181
35531
449
284
24725
465
660
334
0
0
0
28
0
5241
399
3
17330
153
1077
1
1649
10
990
40
0
1115
0
11961
80
25284
0
2
232
0
13
1585
344
0
1758
0
8
58
0
2063
3053
47
6732
0
37
0
1147
214
62
0
0
697
4960
187
12
0
0
3421
8948
0
0
0
66495
13113
0
0
60
9070
11
27280
25402
116
939
114
989
1076
15995
1659
24188
0
0
33735
0
0
3
16
122
381
28
0
12
0
0
74761
157
3
9
0
83561
20
128
41
0
1
3296
493
0
1
49
0
303
111
0
0
0
14
33
0
0
0
0
12
19382
2872
764
0
0
6
11
55384
18634
0
0
1045
15
0
478
1001
0
1632
235
0
0
4
0
0
0
9111
0
6
0
350
15
503
5184
16151
39366
0
0
1723
22833
2872
3340
7
1000
54
337
10
0
6123
0
20
1418
0
1
0
24
1141
0
469
0
6
37584
12919
0
0
0
48501
1343
2
0
1124
603
20
1390
45
0
13
0
1218
0
0
1
16427
33
0
0
0
0
1
11
8
0
0
2
6330
3
0
4686
18
60
0
26879
0
0
44080
0
1
0
0
0
2581
0
0
226
54702
121
3
0
922
0
96
2
0
315
79
0
0
44718
3631
321
0
3659
0
859
2137
82833
69312
26806
0
2
7
10164
0
464
21
0
0
19085
367
7667
15538
0
18862
6
4318
32
10
0
0
79
1
0
29276
27
30203
0
0
671
0
0
52973
7952
3791
0
120
0
6640
2366
681
52143
0
1662
150
30567
35
338
0
6
141
0
18137
0
75
31
0
0
0
32
628
5181
2
67
0
6713
295
0
1579
0
32273
0
4
1
0
43
20318
0
471
0
26
84
25029
29
9281
0
17008
612
293
