"x"
4753
0
0
0
0
84
0
0
40
0
0
2084
0
318
0
0
0
0
119619
1
0
0
0
0
1
21378
2
0
10984
0
49
0
0
0
0
0
0
20
0
0
0
0
0
34
0
5
0
0
0
0
0
0
0
0
0
0
0
0
0
32094
525
0
8
0
0
17243
0
86174
0
0
52
0
610
0
64
0
0
35987
0
327
0
0
0
0
0
164
0
0
23
0
14
0
129
0
25
0
0
15
129131
0
0
0
0
0
0
0
0
0
0
0
706
6
82827
0
0
0
0
820
0
0
0
0
0
0
1
0
0
0
0
378
12
412
0
0
0
6118
0
3254
0
0
18697
0
0
9149
0
0
0
4
242
5
0
0
0
0
0
0
0
0
0
0
0
0
0
147
0
0
0
0
0
3
0
0
0
0
0
0
0
0
0
0
175
1
99
0
0
0
0
0
0
0
0
0
3505
0
0
0
0
0
0
0
0
1017
850
0
0
0
0
0
0
0
0
0
0
2
0
0
899
0
0
0
0
0
0
0
0
15962
0
0
0
0
0
0
0
62
0
0
0
1
16
0
88
0
0
3
0
0
0
0
0
35
0
607
0
0
0
0
0
0
0
0
0
66
0
33
0
0
0
20856
311
0
0
0
90
0
3
0
0
0
0
100044
0
0
0
0
0
0
510
0
301
37
440
0
0
0
0
165547
0
14521
0
0
0
0
116
0
241720
152
0
1
0
0
1664
0
10168
0
0
5
0
0
0
0
40
0
0
10
3
0
0
0
0
0
0
0
50
0
0
0
0
0
0
100
0
0
0
0
315
0
0
0
0
0
0
242
0
0
0
0
1
0
8
0
0
787
0
0
0
1
0
0
0
0
0
0
0
2110
110312
0
433
0
10
0
0
0
0
0
0
10478
0
0
0
0
3
0
0
0
0
0
0
3579
16
0
0
0
101043
0
0
59
5
828
0
65
0
0
3742
0
123568
0
0
0
7
521
0
0
0
0
2918
0
44
0
138
0
0
0
0
0
1
0
0
0
0
1
0
0
0
0
0
0
0
0
0
0
3
0
0
54
8
0
0
0
649
0
0
0
0
0
0
14424
0
0
0
0
0
43
0
0
0
0
0
37605
0
0
0
0
0
0
599
0
0
0
0
0
0
0
0
0
0
0
0
0
0
0
0
227529
0
0
20141
0
0
3
1
493
2046
0
0
0
0
0
0
0
0
0
0
0
1
0
0
0
0
346
0
0
0
0
0
591
23265
0
0
0
0
0
0
1
0
0
5
323
0
0
0
0
0
0
0
0
9
8
0
0
0
537
0
0
563
0
0
147
0
0
0
0
24
0
0
0
0
0
0
0
0
0
2454
0
0
67957
0
0
70124
0
0
0
312
0
0
0
2118
30
0
0
0
0
0
8365
0
4474
0
0
5
0
2
13705
0
0
1780
0
0
0
0
0
0
0
48
0
3281
0
0
0
0
0
0
0
381791
0
46
41
0
7
0
13
0
0
21
0
0
0
0
0
2
0
0
0
0
0
6881
0
189
0
0
0
0
0
1
11614
0
0
0
0
0
0
4719
0
0
0
0
0
0
0
0
0
0
0
0
0
0
229
19
0
0
0
0
0
3948
12991
0
52
0
0
101
0
0
4
677
0
0
0
111179
0
3762
0
0
0
0
0
0
0
0
283
0
0
7
0
0
0
1
197916
0
0
0
0
0
768
0
4
91
20
0
0
0
17492
0
0
309
1
9683
5695
0
6419
0
0
1253
0
686
4
0
0
16
19
0
0
0
0
0
0
0
5004
0
0
3269
1541
0
0
368
1
0
0
1
0
0
0
0
0
0
0
0
0
0
84138
0
0
388
0
0
2545
0
0
15591
158
0
15317
3035
0
0
0
0
0
0
68478
105
0
0
81375
0
7841
0
0
0
0
0
15567
5
0
8
35
0
2842
40796
3
0
0
0
0
0
0
0
0
0
242
1
0
0
2
0
0
0
0
0
0
0
0
3202
47
0
0
0
0
0
214
1
0
32
0
2003
0
0
0
89
0
79
23269
374
0
834
7
0
26078
163
0
0
3
0
0
0
0
1
0
0
3785
38
0
0
0
32825
28542
0
0
0
0
0
0
0
0
13
0
0
737
3734
0
12638
0
0
1
0
0
10
0
1062
0
0
0
0
0
0
0
0
311
0
0
0
0
0
0
0
0
0
1
0
0
0
70
0
0
0
0
0
0
0
28
0
1
840
0
0
0
0
0
0
2913
0
0
1756
0
172871
0
0
0
0
0
0
0
0
0
0
0
0
0
226
0
0
0
0
0
0
8
87
0
0
0
58
0
104
9
4335
2
0
0
18
0
0
0
0
0
0
0
0
0
33
0
0
0
0
0
0
0
0
0
0
2
0
0
0
72
2474
0
0
272
5
0
0
2
0
0
0
0
0
0
0
0
0
0
0
136
0
0
0
6916
1222
0
34
0
0
0
0
0
0
0
0
0
0
0
0
0
0
1187
0
8
0
0
4
213
0
74151
0
0
4
0
0
0
0
0
0
0
22
6
0
0
0
0
395
16498
0
0
0
74192
533
0
0
3537
0
0
0
0
2683
0
0
0
0
0
82
0
0
1137
17
0
0
0
0
0
0
0
0
0
0
32854
2232
0
0
4
30
0
0
0
0
0
0
0
0
0
2779
0
251
0
0
0
0
0
0
184371
0
0
0
0
0
0
0
0
0
0
0
87
0
0
479
1
0
0
0
0
0
0
0
0
0
235
0
0
0
0
0
0
0
0
0
100733
183
0
0
0
0
0
0
0
0
0
104417
11
0
0
0
4227
0
0
0
13282
1078
0
0
383620
13
0
0
0
0
0
0
0
2818
2
0
0
1
34
0
0
0
1
0
89343
9834
0
0
0
2872
7
1
0
0
0
0
0
0
600
0
0
0
56066
86449
0
0
8489
0
0
0
0
0
0
0
5815
0
20
0
0
0
0
137
0
0
0
5
0
0
0
0
0
0
756
0
0
0
401
0
44189
0
0
1
0
0
0
4809
0
0
0
0
0
2148
0
0
3724
0
0
0
0
215382
0
0
8225
0
0
0
0
0
0
197
16
0
368272
0
0
44
0
34
0
0
46
67
0
0
0
0
1961
0
0
0
0
0
0
5
0
0
0
0
10
0
791
16
0
0
0
0
6
54
0
0
0
0
0
0
0
13542
634
0
0
0
23305
0
90
0
0
0
0
65399
32809
0
0
0
0
0
65380
0
0
0
0
0
0
0
96540
3
0
0
261
0
0
663
5046
0
3
0
0
0
7249
0
3
0
0
0
2823
0
0
0
415
0
136
669
346
0
0
16436
0
0
0
0
0
0
0
0
188
4292
3
0
0
0
0
0
0
0
0
0
0
9767
20230
0
0
3627
0
0
0
8
0
8
87137
0
13346
0
0
0
1805
1335
99
0
0
0
819
0
0
20202
0
8
77
55
0
0
215
0
226684
0
0
0
0
0
2
0
0
364744
0
0
0
0
0
478
0
2
884
0
3
984
0
0
3
0
0
0
0
0
0
0
0
0
6949
0
0
463
1
0
0
0
0
0
26
0
0
19250
126300
0
82
0
0
1585
0
0
0
0
21290
6721
0
0
0
0
0
0
0
0
14000
0
0
0
0
0
0
0
0
785
0
597
0
0
0
0
0
28173
0
0
7513
432
0
68
0
3
0
0
0
0
0
0
0
0
0
0
0
0
0
0
0
0
0
515
610
0
0
0
8651
8076
0
5548
26150
0
4
0
0
0
1926
0
0
0
0
0
29384
182
0
135314
0
0
0
0
0
162740
0
0
0
0
0
23
13
0
0
1
0
0
11
0
0
163
0
0
0
0
0
0
0
0
0
0
0
4
2
0
0
120793
26155
0
0
0
5747
0
0
21
0
0
0
187
361
0
0
0
0
6
0
0
40851
23945
0
0
0
0
0
0
0
0
68
0
1530
0
304
8
0
0
0
0
1163
78
0
0
0
0
0
174493
11778
46
0
0
0
0
0
0
769
59052
54369
87393
0
0
0
429
22
0
0
57415
0
0
0
0
7702
0
0
0
0
0
0
0
0
6
0
28134
0
0
0
0
0
0
0
0
0
27
81
0
0
84
0
0
0
70017
0
22
0
0
0
4
0
0
1262
0
0
0
0
0
16
0
0
11
12727
0
0
0
2
0
0
0
203
564
0
0
0
0
0
309
87
0
0
83
25
0
883
0
0
0
10
598
0
0
219656
0
2274
0
4805
253
0
0
31
0
0
0
0
0
0
3
0
0
29
0
922
0
0
2
0
0
0
0
0
0
6
0
0
0
0
11
36
0
0
0
0
0
2
0
0
0
0
0
17193
0
0
0
2
0
0
62
0
0
0
4
0
0
1
0
2315
0
0
6
88
0
0
0
55
0
1
0
0
64
0
0
0
0
5684
73
0
40
0
0
25
1
0
40
0
0
0
0
1196
0
0
0
0
0
44
0
316
0
7
0
0
52
3004
0
1526
1195
57
0
178
0
1556
0
0
0
0
0
0
0
0
91006
24
0
47
0
0
0
0
0
0
1898
0
0
0
0
0
4
0
0
1
0
0
0
0
0
0
2
0
2221
0
0
0
0
87003
0
0
15202
0
0
602
0
0
1
1
0
663
0
0
0
0
0
0
26283
0
18571
4841
0
5514
86
10
0
0
0
0
0
0
0
0
0
0
0
1
3941
1
0
0
0
3014
0
4548
0
0
0
0
0
0
0
0
0
4
0
0
10701
1
1636
0
0
0
0
29291
254
0
1580
2927
0
2
0
0
0
0
0
0
0
0
0
0
0
0
11
0
168561
4
0
0
0
0
0
1
136
251
0
0
0
0
0
0
313068
0
0
9933
0
39247
0
0
0
374
0
0
0
0
0
1095
0
92
446
0
0
15
0
0
0
0
1
0
0
7
0
0
0
207481
0
0
13936
0
0
0
0
0
56
0
0
0
0
0
0
158
0
0
2843
0
0
171
0
0
0
0
0
18
32
33
0
0
0
357274
0
1114
0
14640
1
0
0
0
0
0
0
8691
0
0
1028
0
0
0
0
0
0
5706
0
0
0
0
1
0
0
0
7157
0
10
5
0
0
0
0
0
0
2
2
0
0
0
0
0
0
0
171
111417
2
0
0
0
119118
0
0
0
0
0
0
2210
0
0
0
0
0
0
0
0
484
0
0
2
0
0
0
0
10
29
0
0
0
0
0
0
0
0
0
0
1334
0
1
0
3454
0
0
0
0
0
23
2
81
0
0
1572
0
3
324
123
0
0
80
0
0
35
0
22
0
28323
36
29
0
0
0
0
0
0
10
0
0
0
0
0
0
0
0
0
0
0
0
0
0
0
0
0
743
0
0
0
0
45
0
0
11
0
0
0
0
0
0
0
983
0
0
3314
0
0
0
0
5
0
0
0
0
0
0
0
0
0
571
0
0
20
0
4
0
0
0
0
2969
0
0
0
43
0
0
216570
90
0
0
0
0
0
0
1792
0
0
0
0
0
14934
0
0
0
0
0
0
2
0
119
0
0
0
0
0
0
0
0
0
0
0
0
199
910
20999
0
0
9
0
0
0
0
0
0
0
0
0
253220
0
166842
0
0
0
244
0
0
0
19
1
68
0
4
0
0
0
0
0
0
224
0
0
0
0
10594
0
106
1462
0
0
27
0
0
0
3076
0
80
0
0
0
0
0
0
0
0
0
0
0
5
0
31
0
0
10
25433
0
198
3080
2
0
0
0
0
1
0
0
38628
0
229
0
0
111933
0
0
0
0
0
0
0
0
0
57429
0
0
0
0
0
0
0
0
0
0
0
0
73115
0
0
41056
16
0
0
0
0
0
0
0
329
0
0
0
0
31
0
0
0
0
15786
0
1
0
604
0
8
0
0
0
0
12974
0
52262
0
52
7222
0
0
0
0
0
0
0
14180
0
3023
0
0
0
11674
12
13429
0
0
37
0
0
0
0
0
0
0
0
0
0
0
67
4
0
8113
17
6
0
0
0
145
0
0
0
0
0
3
0
0
0
0
0
0
0
4393
4
0
0
0
0
0
0
0
0
20
0
0
19
0
0
0
0
0
0
0
0
0
29
382
0
4486
0
161
0
613
0
0
0
0
0
0
0
8
0
1
0
5050
0
1
0
0
0
17
0
0
0
0
0
34426
7
0
68
560
0
0
19974
0
0
0
1
0
0
91
0
0
0
0
0
0
0
0
0
0
0
4
10
232
8
77108
3
0
0
18
0
127
0
76516
0
0
0
0
183043
0
0
0
0
0
3
7
0
0
287063
0
0
0
0
0
122727
0
0
0
85300
0
0
0
0
0
0
1765
0
0
0
1202
0
0
2
0
0
0
0
0
11
0
0
0
0
0
67
0
0
0
0
0
64427
0
0
159219
0
0
1
351
0
0
0
10
0
0
6206
0
0
0
0
0
0
0
0
132
0
0
4
328
262
0
0
1810
0
158
690
0
0
0
0
9321
0
0
0
0
0
0
0
52
0
0
0
10
0
0
40
0
51
0
0
0
0
107759
5628
0
90142
461
51
22
0
1578
88
89
0
0
0
0
2
1
0
133
0
0
297
0
0
0
0
45710
0
1
0
0
21
0
2
0
10091
0
0
0
0
0
0
0
279
1
0
0
0
0
0
0
0
0
5
0
688
0
0
226
0
0
188
1495
0
0
0
0
0
0
0
0
187429
0
0
704
0
0
0
0
0
2
1046
0
0
6408
0
0
35
0
0
0
0
0
0
0
33
17
1402
0
0
0
3
0
0
0
0
0
3493
0
0
0
0
0
0
0
0
3583
0
0
0
0
0
0
10
0
0
0
0
0
0
266
0
0
0
0
0
1
0
0
0
0
0
0
7
0
9903
56
0
0
0
0
0
0
0
0
0
0
0
2
0
0
0
0
0
425
552
0
0
0
0
160485
510
45
0
0
0
0
0
0
0
0
0
0
0
0
2
0
0
0
0
17109
0
0
0
157
0
2
0
19849
76
0
0
0
0
0
108020
0
0
0
0
0
0
0
18
0
0
0
20
13
0
6394
0
0
0
361
0
28
0
0
0
241
5
147
1515
0
0
0
159125
0
208
2901
0
0
0
0
0
0
0
10675
0
6618
0
0
0
0
51
5
0
0
0
0
8
0
0
0
0
0
0
0
432
0
16
0
2727
0
0
0
808
0
0
33
0
0
0
0
0
6722
0
143
5
0
0
0
0
0
0
22
0
147975
0
17009
0
3232
0
0
0
31
0
96219
0
53052
0
0
0
0
0
2
0
0
0
0
0
0
0
9773
0
0
0
11336
0
0
0
1
0
2620
5
41
250
23872
0
0
0
0
0
0
0
0
0
0
0
0
350
2
0
0
0
0
0
0
0
420688
0
621
0
0
0
0
0
0
0
2
133
0
0
174
0
18
26537
0
79
0
0
0
0
0
1
0
0
0
0
0
4
0
0
0
2
0
0
0
0
497
0
0
17425
0
0
0
359
0
0
0
0
0
0
0
0
6
0
0
5
0
0
0
4318
0
6131
0
0
19
73510
379824
361
0
0
0
0
0
0
5
0
98
0
0
0
292
0
0
0
4
21
0
0
0
83316
0
0
71
0
0
73310
252
50921
0
0
0
0
6
7
0
0
0
0
3079
0
0
0
0
1326
1
18570
0
0
0
0
0
163
0
0
0
96674
0
0
0
0
0
0
0
2
108
0
0
0
162
1
0
0
32
0
0
0
0
0
0
3439
0
0
55238
0
0
0
0
0
0
708
2
0
0
0
0
0
0
0
0
0
0
0
9
0
0
29460
33
6273
0
1112
0
0
0
0
53003
0
0
0
56
0
0
0
0
0
0
0
0
0
0
14980
0
0
0
0
158
0
0
0
0
0
0
0
71
0
0
0
0
0
40466
0
0
0
0
0
152162
9
4727
18
0
0
0
79
0
0
0
0
264
0
0
0
0
0
0
0
0
0
1510
0
0
0
0
0
0
0
0
0
0
6
0
0
1667
0
0
0
40
0
0
0
0
0
1283
0
0
0
0
186
919
0
4545
0
0
0
0
0
0
0
119
0
0
0
0
116280
0
0
135
11
1
0
0
395
0
0
3242
3
0
61999
1
0
0
0
0
0
0
0
5149
0
0
214
2
0
0
0
0
0
168
0
0
0
0
0
0
0
0
8968
2
3
26
0
0
0
0
0
4536
0
0
0
117
53145
0
0
81
0
0
0
0
0
4
0
0
15527
0
128
0
0
705
0
0
0
4411
0
0
0
0
696
0
0
0
303
0
0
0
0
0
152
0
0
384
0
0
0
1443
3923
0
0
0
0
0
0
0
187177
1
0
0
0
0
0
32
0
0
0
5655
0
0
0
0
1145
0
0
0
0
0
0
25814
0
0
0
0
0
0
327
0
0
47
0
0
0
0
16
0
0
274
0
0
304626
22
0
0
1
1366
17
0
0
0
0
0
0
0
0
0
0
0
0
1
221
0
0
5643
44641
2664
950
0
265
2461
0
1168
93
23
3093
0
1661
0
88
0
0
0
9
1395
0
0
0
0
599
0
0
67476
0
0
0
0
0
0
0
0
74
0
0
335
82
0
0
0
51491
0
0
4
2
0
0
0
0
0
797
0
0
835
3481
0
0
0
100
0
49266
0
0
0
416
0
4
0
3613
0
0
0
14411
0
0
163
0
0
1
0
0
0
0
0
0
0
1
15
0
0
1
0
0
0
53
0
6619
28
0
53
0
0
2933
45685
0
0
18
31
0
75
4
0
46642
0
0
0
0
0
171634
0
136953
0
0
6715
0
0
25
0
0
0
0
0
0
0
0
12614
0
125
9
0
0
428
26
0
0
10
0
0
0
0
0
0
0
0
0
0
0
0
79676
3
0
0
4
6
0
5
0
0
30
0
0
0
10
0
0
1930
0
0
0
2
0
0
339
0
0
0
0
0
0
175
6
275
0
73348
460
2
10963
30
0
0
1468
4
0
161
0
56
0
0
0
0
0
0
0
0
0
0
1
14894
0
1
13
0
35038
177
0
0
0
0
0
0
13
0
0
0
0
0
0
1
0
0
0
0
191
0
0
0
0
0
0
0
196
0
0
0
0
4646
0
5858
413
94
0
0
0
0
0
476841
0
192
0
2
6
0
0
0
8
30
493
0
0
0
0
0
2723
0
0
0
0
0
0
461
0
0
0
0
0
0
17768
36353
63
0
0
0
420
0
12
0
0
0
0
292280
0
371
0
0
0
0
448
3536
0
0
0
0
0
0
133
0
0
14
0
0
118
0
0
259356
0
0
0
0
793
2
0
0
0
30
0
0
0
0
0
76
0
64
0
0
0
39
0
0
0
8880
0
68
0
0
0
0
0
3376
0
283
0
0
0
0
497
0
0
0
1
0
6040
0
12998
0
0
0
0
0
0
123
57034
0
0
0
80
0
0
46
0
0
14
0
190
5446
0
0
297
0
0
0
0
0
0
0
4
0
0
0
0
0
0
0
0
0
1601
0
9588
0
0
0
1302
0
0
0
39
0
2
0
32082
11
0
0
0
0
0
0
0
142
0
0
0
0
94417
0
0
74787
0
0
0
117904
0
0
0
0
0
0
0
1
0
0
0
0
406
0
0
0
0
0
0
0
0
0
0
0
5
29
0
12
0
0
0
0
0
0
0
0
0
0
19281
0
0
13451
0
22
0
1
0
11131
1086
0
0
3
671
0
1006
0
0
0
0
4
0
0
0
1
0
465
0
74
0
3650
0
0
0
28
0
63177
0
22184
0
0
145
0
0
0
0
0
0
0
359
6
0
0
0
3
34
0
128
14804
1
0
0
4676
0
0
0
7183
0
6
1
0
0
0
0
0
0
1028
233
0
0
23
2094
0
0
0
2801
0
6358
0
1125
0
4
0
0
0
0
0
0
134
0
57
0
0
2
74
132409
87598
0
0
0
0
0
0
0
17483
51
0
0
0
0
197
0
0
0
0
0
5596
49016
0
0
46
0
0
0
0
3197
3469
59692
0
0
258
644
0
0
0
0
0
0
0
0
0
0
0
1
51
0
0
2
0
755
0
0
0
560
0
713
5861
0
0
0
0
0
0
0
0
8
0
0
725
0
0
0
0
0
0
58774
0
22
15
0
0
0
17
127
0
7726
0
2
0
0
0
0
41
0
0
8585
0
0
0
0
0
0
0
0
0
0
0
0
1677
304
0
0
0
6
1750
0
63641
0
137
0
0
0
0
0
26
0
0
0
0
0
29292
4
0
0
0
0
189
0
9
0
0
56198
0
0
90569
0
0
21
0
0
0
66
254
20475
0
0
13552
1
12668
0
13769
196
0
0
0
195
2
0
110
0
0
0
0
0
0
0
56
0
72
0
0
28
2
0
0
230794
0
0
92
5
0
0
0
0
0
0
0
18850
0
849
0
0
0
331
0
0
0
0
1162
1459
13
95
0
1
0
0
0
202
0
0
0
0
126714
21
0
0
0
0
0
0
0
0
0
0
0
0
480
0
0
0
0
0
0
29
5
86
0
0
0
0
0
0
56
0
0
5
0
1
1
0
0
0
0
0
0
0
0
0
0
0
0
0
0
1001
58032
168
0
0
0
0
45327
22
14959
0
23
0
0
26465
0
0
0
0
1186
303
0
0
0
231
0
0
0
0
0
0
0
0
0
0
0
0
0
1309
1
0
0
0
0
15
1349
83
0
0
0
0
0
143413
0
0
0
0
0
0
0
0
0
0
0
0
1
56
0
198
158161
0
0
0
0
0
0
55
0
3640
1
0
65
0
0
0
0
0
0
0
0
0
0
0
3227
0
3327
0
0
0
0
0
0
0
0
0
0
156
0
0
0
0
1
0
0
24182
0
0
0
0
0
0
0
0
0
0
0
0
13827
0
11
0
0
0
0
0
425
5
0
579
0
0
1
211
0
0
0
0
0
0
0
0
0
11797
0
0
0
0
0
0
14
0
2194
0
0
0
54
38
0
134
398
0
0
0
2817
0
0
0
0
532
0
0
0
0
1071
0
3490
0
0
0
0
27
0
0
0
1236
187485
0
1014
1154
0
495
0
396343
17
0
225392
0
0
0
0
0
2939
0
0
3
0
13
14
0
0
0
0
0
0
0
41353
0
0
0
6
0
1
0
97313
0
0
0
0
0
0
1
959
0
0
2
0
0
48891
0
184737
37
0
0
80208
0
417334
0
0
0
531
18
0
0
6
0
28
1298
60604
0
0
0
0
0
0
0
0
0
0
0
0
0
0
22
0
0
0
0
0
18617
2313
0
106
630
134787
791
64691
0
0
0
0
67
0
0
0
0
1
33
40
0
0
0
0
1
0
0
0
0
0
0
13828
3
0
0
0
0
0
54
0
0
0
0
4
0
27
0
145
0
271462
0
0
0
0
0
0
0
0
0
31003
0
0
291
0
150
0
0
0
0
0
123
0
0
335
0
12
29
0
0
0
0
9058
0
0
0
143
0
0
1
0
32
0
6731
0
0
0
0
0
0
43966
0
0
0
0
0
0
0
0
0
0
0
546
2653
0
0
0
0
306849
0
0
0
0
0
0
60
1063
3
0
0
0
54857
24099
0
0
0
0
2
0
0
0
0
0
64
11188
12475
3
0
66797
0
0
170
16667
58
0
2940
0
0
1719
0
0
0
0
0
0
0
7
0
0
0
0
0
73873
0
0
0
5
0
0
0
0
0
0
0
0
0
0
0
0
0
0
28
0
0
0
0
0
0
20022
0
0
0
16421
0
2
0
0
0
207
4
0
0
0
0
0
0
3
0
0
0
0
0
0
0
53
0
0
0
0
0
6352
3
0
0
0
0
0
251
344
711
0
0
0
0
778
71
0
0
0
32
144456
3
0
0
0
6
0
19
0
346
0
0
0
0
0
0
121
0
0
0
0
0
0
0
0
0
0
0
0
0
0
70
0
680
0
0
683
19368
0
0
3025
0
0
0
0
21
0
0
0
22
0
0
0
1
0
0
0
4
0
0
237801
0
0
14
1
0
0
0
0
0
18
0
1
0
0
0
0
47
3
0
0
0
36
2
0
0
0
0
0
0
3943
0
0
0
7804
0
0
0
10214
3837
0
68
0
0
0
0
0
0
0
0
1
2911
0
0
0
0
0
0
155011
0
43786
5824
0
0
3622
0
0
0
0
637
0
0
0
0
0
0
0
0
490
0
0
0
30856
0
0
13
0
0
0
369925
32
1
0
112
0
0
0
0
0
2
0
0
4608
0
0
0
0
0
79
0
14
6
0
1761
0
15063
0
0
0
1688
0
0
0
0
0
0
0
21
0
0
0
0
5609
0
1
0
0
0
0
0
88
0
0
0
0
0
0
0
45
0
74664
0
0
0
0
0
0
28159
0
0
0
31040
0
5
0
68
46
1182
0
0
0
0
9
8364
970
0
0
0
248
0
0
0
0
0
0
0
3149
14
0
133507
0
0
0
0
591
0
0
0
0
0
13707
0
0
0
0
0
0
0
0
0
0
0
293
0
0
23
0
0
0
0
0
0
0
0
4483
0
0
0
0
9203
0
0
0
0
3276
0
0
0
0
0
0
0
0
0
0
0
0
0
2699
0
0
0
0
0
0
0
0
0
0
0
4093
0
0
0
107
0
0
0
0
0
0
0
0
0
0
0
0
0
0
308
0
5982
0
35
3466
15
0
17476
0
0
187913
0
0
0
0
0
0
0
2331
9
0
0
0
0
13246
0
0
0
0
0
34
0
150188
0
0
0
0
0
73252
0
0
0
28
0
3
0
0
16
0
25
0
0
0
2
0
0
0
0
0
0
0
0
0
24
0
0
59
0
70
0
0
0
0
0
0
0
0
0
0
0
0
0
0
0
88605
0
0
0
3790
0
30
0
0
0
0
77
525
0
53
0
0
0
4
7037
1026
0
350
0
1033
0
0
156046
0
0
0
184
70785
0
7230
0
0
0
78971
322
0
0
1169
0
0
0
0
0
29167
0
0
0
0
12
61
0
0
0
0
0
0
0
736
0
38
7248
0
0
5975
292
0
0
0
55112
0
2366
0
0
0
34
158
1406
0
0
0
4214
0
0
0
0
0
930
121867
15
0
0
0
0
0
0
0
0
0
0
0
0
58978
0
0
1480
9
0
0
0
0
0
0
0
0
0
0
0
0
0
0
0
0
0
0
0
5
0
0
190
0
0
0
0
1
0
0
0
0
0
0
278
0
81
48
74
276
0
0
0
0
0
0
0
0
0
1
0
127
0
1
0
0
0
97312
0
59
1718
0
0
0
17648
0
0
0
93
0
2353
0
0
0
0
0
15653
9374
0
0
909
0
0
0
2
48
0
0
0
75
0
0
0
12972
9952
0
0
46193
0
8147
0
0
0
15984
0
0
0
0
0
0
0
53
0
0
0
0
0
0
0
0
0
111638
30008
0
0
0
24542
16033
1527
0
0
0
28
3
630
0
0
0
0
101
0
18
0
0
0
23
0
0
15
87
9129
0
0
0
0
0
52
0
52339
0
0
0
0
0
0
17
244
5
0
0
0
0
0
0
2
0
0
0
35
0
1
0
0
0
0
0
144
0
0
0
23
0
9583
0
0
505
0
0
67
10
0
1307
0
0
96
0
0
1574
0
0
4
0
3255
0
0
0
0
0
0
0
75
0
4
0
2790
0
3233
0
4
0
0
4848
0
653
1806
0
0
0
0
0
41631
0
0
0
0
0
0
1215
10070
0
335
0
1
507
0
0
0
0
0
103766
25038
0
0
166951
0
271
0
9
0
0
25592
0
0
0
0
0
0
0
105
0
0
54
0
56372
0
156
2
0
0
7338
0
176835
0
0
0
4682
0
329
0
0
396
0
0
0
0
0
0
0
0
39248
93141
0
0
0
21
0
3
0
0
0
0
0
0
0
0
0
433
0
177636
0
0
0
17
0
0
0
0
136
1
0
0
0
2
0
3900
0
0
0
0
0
0
7775
0
0
0
0
0
0
0
0
0
0
0
0
3
0
0
32
0
0
4440
0
0
0
0
0
0
0
0
0
0
113
11015
9856
0
0
0
6
0
0
0
0
32806
258
0
0
0
0
0
0
0
224
0
0
1
0
21
0
4
0
0
0
2
0
317
0
0
0
0
0
0
0
0
80260
0
0
33691
0
274
25
653
45
0
3050
2
1164
147
0
1
0
0
0
0
945
0
53
2
0
0
0
0
0
0
0
5514
2
0
42879
0
0
149
0
0
7128
0
3
0
0
59210
53
4069
82738
0
0
0
7
83
0
0
0
0
0
0
0
0
53
0
0
96
0
0
0
0
0
0
0
0
0
0
0
0
0
0
2
0
0
0
0
0
1
0
0
80
0
2
0
0
0
0
0
0
0
3
0
155
462
4
0
9566
0
12519
6
0
73097
0
0
132
0
0
0
0
0
59
0
0
0
7
2780
0
0
0
0
0
0
0
0
0
0
0
0
53802
0
0
0
0
15
0
3
0
0
0
1120
0
0
113750
2
1223
0
0
7
0
8
0
0
609
0
1
82
0
182
1142
0
0
38
0
0
0
6
0
0
0
0
0
0
318330
0
0
13
0
19074
0
96
80413
0
0
0
0
0
152
456
3295
0
0
0
0
0
0
1
0
0
72
4
0
0
0
0
0
0
0
0
0
21
0
0
0
0
0
0
0
0
0
0
0
0
0
1492
0
97311
0
5
0
0
0
0
0
772
331
0
0
737
0
117238
55
8576
0
0
0
3
0
0
385
0
0
0
0
10106
0
36
0
0
0
1638
63
0
1
20
1
0
0
0
0
0
0
0
24
0
8
0
72
0
1
0
0
0
0
0
0
0
0
0
0
0
0
4
0
33348
0
0
0
0
1392
0
0
54
0
15
0
0
597
0
267401
0
0
29916
13
0
18397
0
7
0
0
2
91
0
0
0
0
0
0
3611
0
0
0
8287
0
0
803
0
0
0
142
62
140
121
0
38
0
0
0
281
0
0
0
0
0
0
0
634
0
0
0
0
0
0
0
0
0
0
0
23545
3343
0
0
0
0
0
0
0
0
0
0
9
225042
10548
110939
0
0
0
0
14
127432
0
0
0
63
0
0
0
44
63
0
114
0
0
0
1
703
2
1
0
0
0
0
0
253
0
0
0
0
0
75389
0
0
0
23898
0
0
0
0
0
0
0
0
0
0
0
3
0
0
32
0
12
0
0
165150
0
0
0
434
0
0
0
77
0
4167
0
0
0
0
0
592
0
0
0
0
15056
0
1728
466
0
0
0
0
174
23505
0
0
0
0
0
1
0
0
2723
0
570
635
0
0
0
0
0
0
0
0
0
0
2820
0
0
0
0
10257
0
0
0
0
0
0
0
0
0
33
0
1339
0
0
0
2
0
101
0
0
0
147
0
0
255
21
15
70
0
0
47
13
0
817
135
1
0
60712
1689
0
0
7
0
0
0
0
0
0
0
4265
295
3
2096
0
0
0
0
0
0
19
0
0
0
0
10
0
7515
135
0
5316
0
10
0
2
0
6091
0
0
0
0
0
0
51748
0
0
102
373
0
0
0
0
410
0
0
0
0
0
108495
0
0
0
0
0
3136
155401
24481
0
4
50
0
0
0
253
4506
5797
0
0
542
0
0
0
0
0
0
157
0
7
2
0
0
56
3
0
10
1321
22
0
0
0
0
0
0
0
0
0
5430
0
0
0
0
0
0
0
36
0
0
0
0
0
0
0
0
0
0
0
0
17204
0
0
0
0
0
10196
0
0
0
0
0
0
0
0
0
529
7837
0
20
1
9
0
0
80
0
0
95
0
0
0
7638
0
2480
0
1
0
0
0
0
0
109
0
0
0
0
5438
0
0
0
0
0
36
0
0
0
0
0
327
0
0
87130
0
5
0
0
21
0
0
43
0
0
0
0
0
0
0
0
0
0
0
0
0
0
856
0
0
0
0
0
0
0
7
0
0
1
0
0
215
16
0
0
0
0
0
22
0
348
5
0
1003
0
9485
0
88694
0
0
0
0
0
0
0
64748
27
3
0
562
0
0
4
0
0
4203
0
113
50010
0
0
117108
0
0
0
41
0
0
0
0
0
0
0
0
0
0
86
0
0
0
196
1747
0
0
1
31
0
0
0
5697
0
0
0
130
0
0
0
0
0
161121
16
0
78
683
16
0
5
0
0
0
0
0
0
0
0
0
1411
5
0
0
0
0
0
0
3231
6750
0
0
0
0
0
55845
0
40427
32
0
0
0
0
0
0
0
0
0
0
4870
0
0
0
0
0
0
0
0
0
0
64
0
0
0
0
4
0
0
0
0
0
0
0
0
0
78
0
0
0
0
512
0
2
0
0
0
0
6
0
377888
0
0
0
0
0
0
0
0
0
83
0
0
0
0
0
0
10
0
0
0
0
0
4586
0
13
0
0
0
0
35
2
0
0
0
0
0
0
0
0
3
0
0
0
50
159
0
864
0
0
0
0
0
27
0
0
22
0
12
0
0
0
0
0
0
812
0
0
0
0
0
0
0
0
651
0
0
0
0
35027
287
0
0
0
0
0
59188
0
0
558
0
58
0
0
0
0
3
0
0
946
0
0
465
0
0
0
29
0
0
0
9
51161
0
0
304
0
0
0
0
0
0
0
4
0
0
0
629
0
0
0
0
0
1
17209
0
0
3696
0
0
0
0
0
1811
0
71265
0
0
15801
0
4370
1
3
0
16
93548
0
0
0
0
0
0
0
0
5566
0
0
0
0
0
0
0
0
0
0
1088
1
7368
0
0
17
0
12
0
206
7
0
0
0
437
0
0
0
0
201794
0
0
5544
0
14
2
4291
0
0
0
10747
0
0
1950
0
0
0
131
521
54
0
21
0
0
0
0
0
0
0
6
0
0
1
0
2
0
0
2021
0
0
294
0
0
0
3000
0
0
0
2095
0
0
931
79852
0
0
0
25722
281
554
0
0
6719
0
0
1
0
48695
0
687
0
84
15
5620
0
0
1
0
579
0
0
0
0
0
0
0
0
34505
0
0
0
5899
0
0
155
435
0
0
0
0
0
0
0
1964
0
202
0
0
81
0
0
0
0
0
0
956
0
0
0
0
0
0
61
0
37446
0
0
2
0
51650
0
36
54
0
4119
0
13
0
0
0
9
0
0
0
0
710
0
948
190
0
0
0
1837
0
0
0
0
0
0
0
0
0
0
0
0
1
11
0
0
32323
0
0
0
0
23
0
0
0
0
0
249
0
1363
0
0
1
0
0
0
20027
0
19
333
0
0
13539
0
0
0
0
0
0
390
8943
0
0
0
2
0
0
0
0
0
0
0
0
0
27
0
18
0
0
3467
0
21376
0
0
0
0
0
8
0
0
0
0
0
5
0
0
0
0
0
0
0
5964
0
0
0
0
0
0
17061
0
0
0
0
0
0
0
62
0
0
128
0
0
0
0
0
0
22532
0
0
976
0
0
0
120418
0
0
0
0
0
0
0
0
0
3597
0
0
0
0
1380
2540
330
96777
0
0
0
0
0
0
158356
0
0
0
83
0
16
0
0
0
13
0
0
0
0
0
2
491
0
0
0
0
0
5527
2697
6
8229
0
0
20
0
91
0
0
0
3416
0
1
0
515
0
0
0
22
1
0
0
153446
907
2
2
0
1
0
76
0
0
6
0
0
0
0
0
1716
103
0
0
0
0
0
0
29
0
0
0
0
66214
0
0
0
1726
0
3
0
126201
0
0
0
12
3
0
0
0
216
0
3
35
0
4
1
144
0
0
0
0
0
0
128
0
9660
0
130
0
17
81
0
0
0
0
15374
0
0
0
0
0
299
24
0
54
0
2
0
439
0
77
7
0
66450
1
0
186791
0
0
0
6675
0
0
0
0
0
23
5852
0
1
548
0
0
0
0
21180
8
0
4
1
0
0
32494
0
4
0
0
0
1
3
0
0
0
88879
0
0
5102
0
0
137
0
0
187627
432
0
1
0
0
0
0
0
0
907
0
598
67888
2025
0
0
0
0
0
0
4564
0
1429
0
24
0
0
269
4
0
0
0
0
0
0
10
0
0
39
0
26
0
0
0
0
0
0
0
0
0
0
36088
0
0
0
0
0
0
0
6960
15168
447
75434
0
23
8204
0
41
0
0
0
0
0
6
0
2
0
0
80
0
0
0
1
0
0
0
0
0
0
11567
1939
0
0
0
0
0
0
213
0
0
0
0
0
0
0
0
0
0
0
2
0
0
0
10274
58
0
16
0
17067
0
0
0
42980
0
109
10
15448
0
0
8
0
0
0
0
0
64812
0
3
5667
4
0
0
0
0
0
217
0
662
0
0
0
1180
88
1342
0
148
0
0
0
0
0
0
707
0
0
0
3
0
0
0
0
0
0
38
0
12
38
0
0
0
0
0
29885
221
293
31496
0
26
0
0
0
0
0
0
602
0
0
183
0
105
0
147570
0
0
0
0
0
0
0
0
0
0
0
0
0
17
0
0
0
0
0
0
0
3
0
0
0
0
0
0
0
0
69780
0
0
0
0
0
111
0
0
0
0
0
0
740
91
0
12
10
9
0
0
35
0
10166
0
0
1711
0
0
0
98
0
9
146
57
0
13926
0
0
0
0
0
0
0
0
0
0
0
27
0
0
0
331
0
1088
0
0
0
0
20237
0
0
0
6387
2288
117971
0
0
0
0
0
0
0
0
0
0
1169
0
0
0
0
2
0
179
35
0
973
2481
0
409
0
49
0
0
0
2467
0
0
0
23469
0
0
12
0
0
0
0
0
0
0
0
0
148
63
0
0
0
0
0
0
0
2172
0
0
43877
0
0
7
0
0
64
0
0
0
0
0
0
0
0
0
0
32
0
0
0
193
0
5
0
0
0
0
0
0
0
40
0
0
0
34
0
0
0
0
0
0
0
104607
0
0
0
0
1724
0
0
711
108979
0
0
0
0
26089
138
0
0
0
3171
142
0
0
0
0
0
0
0
0
55
0
167881
0
37
0
879
0
3674
0
898
0
0
0
0
0
0
23
0
2
0
0
0
0
0
0
50
0
18041
0
0
34684
24
0
0
26846
136649
1055
0
0
0
2
0
0
0
0
15189
277
0
0
0
0
0
0
0
0
0
0
0
0
0
48
64812
0
0
0
0
0
0
0
43
0
0
0
0
0
0
0
13
0
879
0
998
0
0
0
53
0
0
0
0
404
0
0
0
0
0
20
33288
0
19
0
0
0
36675
0
0
0
0
15
6251
1522
0
0
0
0
0
0
0
0
5623
0
0
0
0
0
0
0
298
0
0
6485
0
0
0
0
0
0
4
0
1
10
0
0
0
0
0
0
0
4566
0
0
0
6008
0
172
0
0
0
30
0
0
0
0
4
0
0
0
0
0
0
68
0
114
0
6112
0
0
11299
0
0
0
2342
28522
0
0
0
0
9
0
3100
0
1561
0
9
0
0
0
38
0
0
0
0
20
0
0
0
0
0
0
0
8697
0
233287
0
0
0
566
0
0
0
0
121565
0
0
0
0
0
0
0
0
0
0
0
0
0
8469
0
0
0
74
0
0
0
0
0
0
157705
0
0
2
0
6
0
186
0
80
8
0
0
1714
4
0
0
0
0
0
0
0
59
0
0
259
0
0
0
0
7501
0
0
0
0
0
0
0
0
0
0
0
0
1853
0
0
17
0
0
2462
34312
1
269321
1
0
0
0
0
10246
0
0
23
0
53124
0
185458
0
0
2621
0
0
0
1742
4722
0
54
583
0
0
0
1
2
0
0
0
0
0
0
0
84
0
3
19589
0
0
382
1468
0
114458
0
0
0
0
10
0
0
0
1528
0
3089
0
348
0
0
0
2701
0
23
0
0
0
610
184
0
550
0
0
51
0
0
0
0
0
3676
0
0
0
106
0
0
0
0
0
0
210
1
6343
0
0
0
0
0
74484
0
0
0
0
0
0
1209
693
0
247
0
0
1637
5
20
0
0
284
0
0
3
0
0
0
392
0
91649
0
0
0
102
2
0
0
0
0
9303
0
32
0
1
0
422
0
262
12267
128216
0
0
6017
19789
0
0
0
0
0
0
0
0
0
94
0
0
0
0
0
0
0
1543
0
0
0
0
0
86285
0
123
0
0
0
0
11
0
0
0
0
0
0
0
0
0
4
0
0
0
0
0
0
0
3189
0
0
0
0
0
0
0
0
0
0
0
145
0
3722
117048
0
0
0
3240
0
0
0
66065
0
0
0
0
0
0
0
0
148
0
0
0
4
0
0
6
0
30
0
0
0
0
0
6686
0
0
0
0
0
0
0
0
0
0
867
0
0
1393
0
0
325
0
0
0
0
3038
0
13
0
10
0
0
0
0
0
0
2191
24
404
0
0
0
0
0
0
0
0
0
0
0
7571
0
6
0
0
0
5273
0
0
0
0
0
0
0
0
0
0
0
0
0
0
4
0
0
5273
0
0
0
825
0
5
0
31
0
0
2921
0
0
3664
0
39
0
0
0
99
40940
0
1
0
0
0
145930
0
0
0
0
1497
0
0
9343
0
0
0
120
0
20
0
49
185
0
60584
7283
0
0
13
0
2556
0
0
4673
0
0
332
0
0
0
1
0
0
1
0
82
0
0
0
702
0
1
0
8
0
980
0
18570
0
0
0
0
0
0
0
0
0
189
233
0
0
0
0
0
0
0
0
2
1
0
0
0
0
0
5
0
0
0
0
0
8
0
0
188
0
0
3
0
6370
0
0
0
0
21590
0
0
0
0
0
0
0
12334
56926
0
0
6
0
825
29
0
0
8904
0
0
0
0
61341
0
9132
0
0
0
0
0
0
0
0
0
0
0
0
0
0
0
0
0
0
64
0
0
0
77
208
0
0
0
1
92922
1
0
4109
4388
0
0
0
0
0
0
0
0
0
0
0
706
0
0
0
0
0
0
0
0
0
0
0
0
0
0
0
0
0
16162
2
9
0
0
0
4596
0
0
0
0
0
0
58955
0
6
0
0
0
0
1
0
0
236
0
0
82949
0
0
0
1
0
249
0
0
3190
0
373
0
1851
0
32792
0
0
0
0
24269
1912
0
0
3
0
0
0
0
8030
0
8
0
0
232
3
0
0
447
213
0
5
293
0
0
92399
0
0
0
0
0
2
0
465
97132
0
287
0
0
1
0
0
0
0
0
0
0
0
0
5
0
0
0
0
0
40
0
3
0
576
397042
11
0
15642
0
0
0
0
0
1
0
9244
0
0
0
0
10557
0
1
2
0
0
67
0
8062
0
0
104091
0
0
0
0
0
0
0
751
0
524
0
0
0
0
0
0
2555
3
0
0
28
16726
0
0
9381
0
42253
0
0
0
77
188080
0
0
0
0
0
0
51
0
127
0
584
0
2
0
0
0
0
971
0
0
0
0
0
0
0
0
0
0
0
0
0
0
0
0
0
126552
11533
0
0
0
0
0
648726
0
0
0
1018
0
2700
0
0
0
0
0
1
0
184
17
2996
0
0
0
13
0
0
0
0
0
0
0
0
0
0
0
0
0
101413
0
112
0
0
0
0
0
0
0
0
44
0
0
0
0
0
0
0
0
0
0
0
0
101
21
0
3974
0
35
0
4789
0
0
5211
7
0
0
0
0
0
1
0
0
0
18
0
437
0
0
0
0
0
2
0
0
0
0
85684
0
0
0
28
0
0
0
3011
0
0
0
0
0
0
0
0
0
0
0
0
0
0
4
1130
0
0
0
0
7490
690
272
0
1
0
0
86
22
0
0
0
0
0
0
5513
0
0
0
506
0
15531
2069
0
6
0
0
0
0
0
0
0
0
0
0
0
303
0
0
626
0
8
0
0
0
0
9
0
5349
0
0
0
12
35597
0
0
0
0
0
0
0
0
0
0
52
0
0
932
0
0
3229
0
0
0
0
0
0
2785
0
0
0
0
27891
0
1
0
0
1
0
1056
0
0
0
0
0
0
0
290
0
2200
0
30
0
939
0
0
0
0
31
0
0
2
1
0
14
0
0
0
0
37
0
1
0
2
0
0
6
0
0
0
0
0
0
0
5629
27
0
1163
0
7
0
0
0
2001
3
0
0
0
0
0
15
0
0
0
0
180
0
2205
0
0
0
0
0
2
0
0
364
400
164
0
1
0
171112
328
756
0
0
0
0
553
0
0
510
0
0
0
0
77
0
0
0
0
0
1764
11338
11424
255
596
0
0
0
303
0
0
21976
0
0
40544
0
0
0
0
8974
0
0
0
0
0
0
0
0
0
0
0
0
0
0
0
0
0
0
0
0
0
0
0
0
0
0
372
448
0
0
0
32
0
0
0
0
0
0
0
0
0
0
0
18738
0
0
0
686
11
13178
4
0
0
3677
0
0
3
0
109
0
586
1
0
0
107
0
917
0
0
0
0
7
0
0
0
0
0
0
0
0
0
303
0
0
0
0
469
0
40
0
0
0
57
7412
0
49
7
21485
0
0
9
0
0
0
0
0
57
0
0
0
0
0
7
0
0
109
0
0
0
1
0
0
0
109
0
0
0
0
0
0
40314
0
0
0
0
0
0
0
0
0
46034
0
241123
2
0
0
0
0
0
5851
0
0
0
97
0
22
30362
0
0
135
0
937
0
34
0
0
11
0
4981
3
0
0
0
367
0
0
0
0
90261
58
0
0
0
0
5966
0
0
0
0
0
0
0
0
0
334
200
0
59
0
1
0
0
0
0
0
0
0
0
0
0
2
0
426
24618
0
0
0
0
0
76
0
363
364
106307
0
121
58
0
0
1297
0
0
0
0
0
20748
0
0
0
0
0
19665
446
876
0
0
0
0
0
14236
0
0
0
0
118
0
75
0
0
833
0
0
0
0
0
0
0
0
0
429
0
0
0
0
0
1
1
0
0
0
0
0
749
0
0
0
1935
0
0
52
0
57
11038
0
0
0
17
0
18730
0
0
0
0
1
0
0
0
2
7025
0
0
0
1
0
8689
0
0
0
0
0
0
0
0
0
5339
0
0
0
0
0
0
12611
0
252
176
8
0
0
0
0
8
34558
776
62
0
986
0
0
1
0
0
14158
0
0
0
13814
0
0
1
0
0
0
0
0
0
0
0
0
8254
0
0
5
0
0
11
0
0
106
0
707
0
0
0
0
0
0
0
0
0
0
3162
0
1003
5
0
1800
10
0
0
12
0
0
0
1371
2
1
0
0
0
0
0
0
3
0
115714
308
0
0
175990
0
0
118
0
917
1
0
0
81
1452
0
48175
0
63
0
4
0
7940
0
0
0
47
0
2
0
0
266295
3338
0
78
0
627
2722
6362
0
0
0
0
59
905
5
0
1
0
0
419
42921
0
0
3973
0
0
0
0
18575
0
0
0
290
0
0
0
97
534
0
0
0
0
19008
0
0
7
0
0
0
0
0
0
0
2663
9794
0
0
23056
0
0
0
0
0
0
6
0
0
0
213
19
14612
0
0
0
44
0
0
88
0
1561
20969
0
1
0
0
0
0
8563
0
806
23
4
0
0
0
0
0
1
24119
0
0
0
0
0
4
46445
0
5
53
0
23364
2337
0
0
0
0
0
0
0
0
0
1
0
0
0
1153
0
8
0
0
1
0
0
249
0
0
0
0
24147
0
0
0
5
0
0
0
0
29
0
0
88
0
0
0
0
0
0
0
1652
2
0
0
0
0
0
0
0
0
0
2
0
0
60
0
410
0
0
0
0
0
0
0
0
6761
645
69
0
40101
0
260536
0
0
19
6
0
217
0
30983
0
0
0
0
0
0
0
0
0
29
0
338
13
0
0
0
0
3771
0
0
0
342
3308
0
0
35
0
0
0
0
0
152
0
0
1243
0
0
0
0
0
19
0
0
129205
14796
1016
86877
0
0
0
0
0
0
203046
0
0
12920
0
0
17
0
0
0
0
629
0
0
0
0
6
0
0
0
0
0
0
0
0
0
0
0
0
0
0
0
0
0
0
0
0
0
0
0
0
100
0
0
1903
0
0
44816
0
45942
98
2971
149
0
81407
2
0
0
0
0
76546
0
20586
0
61635
0
0
5138
6
0
0
0
0
0
0
0
1
0
692
0
0
0
0
10589
0
0
0
0
1652
0
1589
349
0
0
0
0
0
159
0
0
0
0
1957
0
0
0
0
0
490
0
3224
7
47
0
0
75563
5
0
0
0
0
0
0
0
0
0
0
0
0
0
0
0
0
0
0
0
0
0
0
0
0
0
40
0
0
0
0
9
104976
0
33
11902
0
0
0
0
0
0
0
134
0
0
394
0
0
0
0
81
0
0
4200
0
0
0
0
0
0
0
0
0
0
0
0
0
4621
318
0
0
0
0
0
0
0
0
0
0
0
0
0
0
0
0
0
0
0
0
0
2
0
0
0
23
0
0
0
0
0
2914
1
114
6095
1236
2
0
0
25
7
0
11228
6350
0
0
0
0
0
0
0
0
0
0
0
0
0
331
0
0
0
0
100
2
0
0
0
0
1665
0
0
0
0
47993
207
41559
314
44
0
0
0
0
0
0
0
0
84
0
0
0
0
0
0
0
0
0
10481
0
16
0
330444
0
1
506
0
0
254
57354
0
0
0
263
84380
0
0
0
0
0
104824
0
0
0
0
0
0
32
0
0
0
0
23
0
0
0
0
0
0
0
0
28377
0
2
0
0
0
0
7
4
0
2
0
1
8
25
0
0
0
0
5
36448
1
3
0
26957
0
2860
0
0
0
0
0
0
0
0
1175
0
1
0
72
0
34788
0
0
235
71
1042
16
0
4
0
69
0
0
0
0
0
0
0
57916
1
1493
0
0
0
0
0
0
0
0
0
0
0
0
0
0
0
50198
429
0
0
1
180504
0
2350
0
5
0
0
0
0
1
0
1
0
11800
289989
0
0
0
0
0
0
0
0
0
2
0
0
127429
0
1440
2005
0
140831
0
0
0
0
0
0
0
0
0
0
11704
0
0
420
0
3489
0
0
0
0
0
212
356
4
5
0
13
0
0
0
6111
0
0
0
4130
0
0
0
0
0
6
1262
21
0
0
0
396
5
0
0
0
1
0
197
0
6
0
2
0
42
0
543
0
0
0
0
0
0
0
0
0
0
1
75296
0
23
83508
0
0
0
0
271
0
0
0
0
18147
0
0
2
11
4075
0
0
0
0
0
0
41891
0
0
0
0
0
0
0
0
0
0
0
0
73277
0
0
0
64
0
275
0
0
0
0
0
0
0
1495
0
0
0
0
0
0
89
11
0
0
0
0
1684
0
0
0
0
2270
0
0
0
60340
13844
0
0
1228
0
0
0
52
0
0
165
0
0
0
0
0
9
0
0
0
0
0
0
27864
12
0
19
3061
0
0
0
0
0
3685
10
0
0
0
10278
0
597
0
0
0
0
0
0
0
0
0
0
36636
0
0
0
0
0
266970
0
84
0
0
69
0
0
0
167025
79
0
0
0
453
0
0
0
0
0
0
0
0
0
0
0
0
51
120747
0
0
0
0
0
0
0
7
8
1
0
0
0
0
0
18102
216481
1742
66
5
30812
4
0
0
0
0
0
0
0
0
153958
12844
0
145
0
0
0
0
0
0
35
1258
0
0
0
0
0
0
0
0
6
0
0
0
0
0
0
0
0
0
5
1
0
4470
0
0
0
0
0
1444
16
4
0
0
19
0
0
0
0
0
31
0
27
0
0
0
0
0
0
0
0
0
0
0
6
0
0
1
0
127
0
7772
32
652
0
41
10
0
0
0
44
0
0
0
0
0
0
0
0
29333
23421
0
3840
0
0
0
0
0
0
0
0
0
0
0
82056
15
0
0
6
0
0
0
0
0
0
0
0
0
0
0
266
0
0
0
0
0
0
0
10582
0
324188
1512
0
0
0
0
13
0
0
1285
0
0
0
0
0
3692
0
0
0
0
6561
37347
25
0
0
171
1
0
0
0
406
0
0
170
0
0
0
0
0
0
4540
0
0
0
0
0
0
0
0
0
0
0
0
0
1492
12
346
3
0
0
0
0
0
0
0
0
0
0
53240
0
0
0
15
0
102
0
9133
357
0
0
0
0
0
0
0
0
0
0
106
0
0
0
0
0
5
201
0
0
0
1
1676
0
6395
0
0
0
0
0
0
25817
208
0
9482
0
1150
12
0
0
0
0
0
0
0
0
22284
0
0
0
0
0
0
0
0
0
413
0
0
0
0
0
0
21
0
0
0
0
10848
0
0
0
35675
0
0
370988
0
0
0
0
0
0
801
6
0
0
145
0
0
0
48670
0
0
0
0
0
0
0
1100
39
0
0
0
0
0
0
0
2
20
225
8005
0
0
0
0
0
976
0
0
10467
0
0
0
0
0
0
0
0
0
0
43096
1
0
0
23166
0
0
0
49818
0
0
0
0
983
3
20
21
2810
0
0
0
348
4
0
39
0
0
0
0
0
0
0
86
364
0
318
345
0
0
0
0
0
29
0
248
26848
96612
0
53
0
2
0
0
3186
1
0
0
178
0
0
0
0
0
0
0
83521
0
0
1981
0
0
0
0
0
0
0
50641
0
33238
0
0
0
869
0
0
0
0
36
0
0
10
0
0
0
30609
0
0
100
24483
0
0
4282
28791
0
0
564
0
0
0
0
0
0
6005
0
0
149
0
0
0
47625
0
970
0
0
0
17
7033
0
0
0
0
0
0
18874
1
2
0
0
117
0
0
0
0
0
1
0
0
0
2
0
0
0
0
0
0
0
24
24
115890
0
3
2398
0
0
0
0
47771
0
0
64
0
0
417
0
0
0
31
38493
0
53
0
0
936
0
0
0
2
0
15
11812
0
0
0
1
0
0
0
677
145
8231
0
7
50
0
0
0
0
0
10001
0
0
3929
28314
0
0
0
0
0
0
14544
124
0
0
4287
0
0
640
91
0
0
0
8
78
150
139
582
0
0
0
0
341
1
144
0
0
327
0
0
0
9
0
0
0
0
0
0
0
35
0
247
3423
0
4
0
2763
0
0
0
3
0
0
0
0
0
0
0
1
0
0
0
0
0
0
0
0
0
48125
0
0
0
1291
0
0
0
0
0
30
152852
2018
923
0
0
0
0
55
0
25
14302
0
0
142
10
19
0
0
2
0
0
0
0
0
0
1871
0
0
0
0
20696
0
0
0
1
10636
0
0
71700
0
15
0
38352
0
0
0
0
0
0
990
0
2698
0
0
0
0
17040
0
63
0
0
0
0
12
0
0
0
0
0
0
618679
3090
0
0
0
0
0
0
0
2751
0
46
0
0
0
0
0
26
0
0
0
42625
7074
0
0
0
1356
0
0
2
17
0
0
0
515
635965
0
0
23
1121
0
0
0
4589
49
0
126
235
0
0
2975
0
0
0
0
0
0
0
0
25
0
0
0
14330
0
0
7
783
0
0
0
609
0
830
0
0
6
17
716
0
0
0
5828
0
19684
0
6980
30
0
0
0
0
0
0
0
11149
0
0
3
56
0
493
0
0
0
0
0
0
0
0
94
0
0
62
0
0
11243
0
0
0
0
0
0
0
0
0
0
0
0
2
0
0
1
125
0
1038
0
0
32
0
64
169901
0
0
0
0
0
0
0
3
0
0
0
0
0
0
0
0
0
0
0
0
0
13911
4
65
31957
630
0
396
0
0
0
0
89
0
2254
0
0
0
0
0
0
0
0
0
20154
0
11983
0
103
0
0
0
0
0
0
0
0
0
0
0
0
1411
180131
0
1151
0
0
0
0
0
0
0
0
0
0
0
126925
63
0
132
0
0
0
9
0
0
0
86
0
0
2385
5
208
0
0
0
0
0
0
0
0
0
0
326
0
0
0
4210
0
0
0
0
0
0
0
0
151
0
86099
2
763
15125
0
0
0
0
0
0
9889
0
0
65
0
0
0
223
0
0
376
449
0
12
0
0
14631
0
10884
0
0
49371
0
0
0
0
0
0
0
0
0
0
0
0
12903
0
0
0
0
0
2
0
0
0
0
0
0
0
0
0
40726
0
0
0
0
0
0
0
0
0
0
0
2
0
0
3
1319
0
0
0
0
0
0
0
0
0
0
2
0
0
0
0
8
0
0
41848
0
0
137238
961
0
228
0
0
0
2987
0
0
33
37955
0
0
0
0
0
0
0
33860
0
0
0
51524
4
73
3965
0
0
0
0
0
142
0
66938
0
7650
0
0
1
0
1057
1
15
0
0
0
0
0
0
1739
21145
0
3522
16927
0
288
1
0
0
0
0
113
0
0
35
211832
0
0
0
0
0
0
41
0
173966
13
0
0
0
60231
0
3
0
0
0
0
0
0
0
0
207
0
0
11
0
0
0
0
0
0
0
0
0
0
884
0
9697
11167
0
0
12971
0
0
0
150768
0
0
0
0
5938
0
0
2377
6
0
17
2
0
6
0
0
0
0
0
1
0
0
98
0
0
0
0
0
3237
0
34
77357
0
0
0
0
0
0
45
0
0
0
0
293465
0
0
61
0
0
47
549
0
0
403
0
41
0
1244
0
0
1
7
0
0
1052
0
6823
0
4
114691
0
0
237071
92
35570
0
20
0
0
123
300
0
0
6
45402
7
0
3446
0
96
47
0
0
0
1389
0
0
0
0
0
0
1
0
0
0
0
0
2358
0
0
0
0
0
0
3
0
0
0
0
0
0
468
0
0
137
0
0
0
0
0
0
0
527
5
0
0
1
19656
0
0
0
0
2
0
1669
0
0
0
0
0
0
0
55
0
0
0
18
0
30
0
0
0
0
0
0
0
0
0
130
0
0
0
3147
0
0
1335
0
12
0
0
0
0
0
9
0
0
0
2991
0
0
195
12547
0
0
0
0
0
19
0
9
87
1
0
0
0
0
3300
0
0
0
0
133315
0
0
0
0
0
0
0
0
112
0
2
0
0
1088
2796
0
0
0
15
0
70
0
24
32
14
13
0
0
31
0
8
0
0
0
0
0
0
2
0
1106
145829
7200
0
0
0
0
10
1712
0
0
0
0
0
21
0
0
0
0
3
0
0
0
0
0
163680
0
0
0
0
0
0
0
0
2
0
0
20
0
0
10
0
0
76
0
0
0
0
0
4
0
0
801
0
116086
0
4
0
0
0
0
6
0
6
0
0
0
0
0
58
0
0
0
0
0
0
0
0
0
0
26671
37686
95
0
12
0
0
0
38
0
27
140
0
0
0
0
0
0
13727
0
1760
0
0
0
0
0
1615
0
0
0
0
0
0
0
0
0
0
0
0
3
0
183015
115793
5912
0
0
6401
0
0
0
0
7
0
0
22
257098
0
0
8
0
0
1822
0
0
22211
511
0
4100
4
0
0
0
2829
0
1
0
0
0
0
0
92394
0
4
12336
0
0
0
0
1
0
0
0
0
0
0
0
0
0
0
55147
0
0
190174
7914
1211
0
1113
0
0
223
0
0
0
0
2
0
0
0
400
0
17025
420
5908
0
0
0
0
0
0
0
0
0
0
0
0
0
1
0
0
0
0
0
0
0
0
0
1535
0
49777
0
2725
0
0
0
0
0
0
0
14414
0
0
1
3814
0
26
0
0
5586
0
1579
0
0
0
0
0
0
0
2
0
9
0
0
364
0
66
46
0
0
0
0
0
0
0
0
0
0
0
0
0
0
20
14047
0
0
0
0
7092
0
1208
4422
28434
0
14
0
0
0
18728
0
0
0
0
0
628
0
0
0
0
0
3
3
4
0
1
0
0
0
0
2
3683
391119
8693
0
0
0
2
0
94140
0
30716
0
1
0
0
0
0
0
0
0
0
0
0
0
0
0
252322
0
541
0
0
0
1276
72044
0
9083
0
31
0
174189
0
0
0
0
0
0
0
61572
4
0
0
0
0
0
2
0
0
0
553
0
191670
0
2
0
0
0
280
54428
21398
23228
0
0
2
0
0
0
24
0
0
0
0
0
0
704
12427
0
0
0
0
0
0
0
0
0
28
0
0
0
0
0
2
0
6
0
0
0
0
0
0
0
0
2332
0
0
0
0
0
0
0
0
1
24
5
0
272
34
2920
0
0
0
797
1180
0
383
50
7
0
0
0
0
0
0
0
0
0
0
33
23953
0
0
0
3569
0
0
28667
0
0
0
0
0
0
0
92
0
0
0
0
0
62
0
0
4071
0
229
147
0
0
0
0
0
0
0
0
0
0
4
0
0
0
0
0
93506
0
730
0
0
0
0
655
0
0
32
0
0
0
11
0
0
0
4177
0
24
8387
334
0
0
0
0
0
0
0
0
0
0
2870
0
47
0
0
0
67
0
0
0
0
0
0
38
93826
0
0
2
0
0
0
9951
2
0
0
47266
0
26
0
0
0
0
0
4310
0
1
65230
0
0
0
1
5
0
0
0
71
0
90
0
160
0
0
0
0
0
0
0
0
0
221
0
1
0
0
0
641
67073
0
0
0
20
128343
0
0
0
0
0
0
1605
0
0
0
0
0
0
0
201
568
0
0
0
0
0
0
0
0
0
0
0
0
0
0
11565
25533
69018
0
0
0
0
0
0
0
0
0
0
0
5140
208251
0
7
2
0
0
0
0
0
0
10
4119
32557
2267
1
0
0
443
0
0
0
0
0
0
0
0
0
0
29
253
114650
431
0
2
811
0
0
0
0
0
0
0
21308
321
0
7
1046
0
0
0
0
0
0
0
0
0
0
0
0
0
2000
0
2
9
0
440
0
9187
0
15
0
5
118
0
0
22659
0
0
0
0
0
0
1855
0
0
0
0
0
0
0
1521
0
0
1624
1
0
350
0
0
179872
0
0
0
0
0
0
0
0
0
0
0
13
0
0
0
0
0
0
0
9
0
0
0
0
0
0
463
0
0
0
0
0
0
0
0
0
0
0
0
0
0
1
8
0
0
4
8
0
0
0
0
87841
65
0
0
3652
1
0
841
0
0
0
0
203
0
0
0
0
1474
0
0
0
0
0
0
0
0
0
0
0
5391
2
0
0
0
0
0
421
0
0
0
0
0
0
0
0
0
0
1722
105122
0
0
0
30
0
3
0
23
0
0
0
0
0
0
7
0
9684
0
0
0
0
18
11007
0
0
0
0
0
0
5
0
3
0
0
0
267
0
0
0
0
38985
97
0
0
1381
0
0
0
11
0
0
1492
0
0
0
0
0
0
0
0
0
4932
0
0
1
0
0
0
0
13562
0
36
0
8793
0
0
0
0
28
81625
0
574
18
0
287
0
0
0
68
4
0
0
0
0
0
0
0
69
1
0
0
0
0
0
0
0
31
0
0
1
0
0
0
0
0
0
0
0
0
0
0
0
51375
0
0
0
504
0
0
466
313
744
0
6571
0
1550
0
6986
0
0
72726
0
1755
0
29
16
0
0
0
0
0
0
0
1
5
0
0
44272
0
0
0
0
0
0
0
336
0
0
0
0
0
0
0
126654
0
4
0
0
4
0
0
0
0
0
0
0
0
0
63561
0
0
509
0
33491
0
0
0
0
34
0
0
0
0
0
1
0
0
0
88
0
15539
0
0
0
0
0
0
0
0
0
0
430
0
0
0
0
24368
0
4
0
0
0
39674
0
0
100
0
0
0
0
0
15
0
0
0
131
0
0
0
0
0
0
250
0
0
0
0
0
0
0
8
301
0
0
0
0
0
0
0
101
551
0
0
0
123
147
0
0
0
0
0
0
0
0
0
0
0
0
0
3
0
0
0
0
0
0
0
0
0
5
0
0
6
0
0
0
9164
0
332
0
22
0
34
111
0
0
590
0
0
1230
0
7217
0
0
50213
0
0
0
0
0
3
17
0
0
0
0
0
0
0
0
0
0
0
0
0
1
637
0
0
0
0
7684
0
58
0
0
124
0
0
0
0
0
0
26
163
408
18
0
0
15
37566
0
7
0
57
0
0
248
0
0
0
0
0
0
242
0
0
0
0
109
14
0
0
63
0
0
38707
1
41596
37
0
0
0
0
0
21976
0
0
0
0
0
0
0
0
2
26
0
0
0
0
9
23705
0
120322
0
0
0
0
0
14153
0
0
0
0
0
0
0
0
0
0
0
0
0
0
0
0
0
0
0
0
6995
0
0
1
0
0
0
0
0
0
0
0
0
1271
1658
0
19
0
7
0
62
0
0
0
818
0
34
0
10
0
8097
0
0
1053
0
73
3
0
0
2
0
0
0
311
30636
0
14064
0
20192
0
16
0
0
0
0
1
0
0
0
0
133
0
0
0
51
761
0
0
0
0
7
279
0
0
0
0
0
0
3154
0
0
0
0
0
0
0
0
0
0
224
3
0
0
133
0
0
233
4
0
0
0
0
0
85
0
2886
0
0
0
0
0
0
0
47638
6320
0
59
0
73344
0
0
0
0
0
0
0
0
0
0
0
0
0
0
0
0
2048
0
0
0
0
0
0
0
15778
0
9
0
0
36274
0
0
0
3
0
0
8821
0
0
0
0
0
0
0
0
0
0
169
0
0
0
0
749
0
0
0
0
0
0
0
722
2436
0
0
349
0
2
26
0
371
0
0
0
4713
0
0
0
0
0
1362
0
0
0
16921
0
0
26
0
0
1691
0
0
5711
6
0
50
0
0
0
260
2
0
34
0
0
0
0
155078
1
0
0
0
299015
0
0
0
23
0
0
0
11925
0
7
0
0
0
0
0
0
0
4
0
70
823
0
0
17975
0
0
0
0
7058
2660
0
0
13
1
0
0
13
0
0
0
0
3620
0
0
0
0
0
86
0
0
1
0
0
0
34
0
0
0
91
0
0
0
0
0
84
0
263
0
1
0
0
0
680
9
0
0
0
0
218
0
0
0
0
4
0
0
29
10
0
1881
0
0
0
0
13
0
0
0
0
0
0
0
0
0
657
0
0
0
40734
1
791
0
30484
0
0
0
0
71
0
0
0
0
0
0
264
0
0
179
0
0
0
7841
0
0
1675
0
0
0
0
0
0
0
0
0
2010
0
23
0
105
0
25781
0
0
0
0
0
0
0
0
0
0
11890
0
0
0
0
0
0
7785
0
0
17239
0
33
12
0
0
1648
0
101
0
0
0
0
96053
0
0
5158
0
0
0
0
1
0
4873
0
51825
0
0
0
0
0
33499
432
171525
0
0
0
0
0
0
0
18813
0
0
5
0
0
3
0
0
0
12330
0
0
0
3
65
0
0
0
0
0
31613
0
0
0
0
1
0
472
0
0
0
0
0
0
0
0
0
0
208546
428
0
0
6
0
443
0
0
0
0
56014
9345
559
0
0
0
0
3
9687
0
0
10071
0
1567
5
9
0
0
0
0
0
4890
0
0
0
0
5
0
0
0
59781
0
21
0
0
2
0
0
1276
0
0
0
0
0
0
0
0
0
0
0
0
0
5
0
21452
0
0
0
0
1762
0
0
0
92162
0
0
0
321
0
0
5489
0
0
0
0
0
0
3265
0
0
0
0
0
0
14
0
0
0
0
0
0
0
0
0
0
201
0
0
43
2945
1822
0
0
146345
3
0
1586
0
0
0
0
0
0
0
0
16811
0
0
237
7066
33408
0
435
1056
0
0
12
0
0
7149
3
0
1
0
0
0
0
0
0
0
3
61
0
0
0
0
0
2676
0
0
0
1691
0
0
0
0
0
0
0
0
0
0
0
0
7
0
0
6508
0
0
6
17
10
0
0
4074
0
0
1
0
0
0
0
0
0
0
128
0
86
0
0
11
0
11581
0
1
0
0
0
5
0
2
0
0
0
0
15035
0
0
0
0
0
0
0
959
0
0
0
0
0
0
0
0
103
236
0
0
0
0
0
0
0
180
0
0
9
0
385
618
0
0
0
0
0
1
0
0
0
0
1
0
2971
0
0
0
0
0
0
0
0
0
0
16
0
2282
0
57
0
0
0
0
0
814
0
0
6
0
100
0
0
0
8253
11
216
16
0
0
0
0
0
98
0
0
0
0
216641
84
17
0
0
0
0
1280
0
0
1663
88
2623
0
0
125167
285
0
0
0
0
0
0
0
8
0
0
0
615
3
72
3
82
56
0
0
0
5051
0
0
0
0
0
0
14
0
0
0
0
0
0
34
509
0
1
956
0
0
504
0
71
0
1297
34
0
0
0
8678
0
0
0
0
0
8
0
0
0
139775
0
0
12
0
310
0
0
0
0
0
294
0
4
375765
24
55
26
0
0
0
0
0
101073
316
7702
128
0
0
0
0
42
0
0
0
0
0
0
6287
0
0
133
0
0
2
0
0
0
8
0
0
0
0
2037
0
0
0
0
0
0
0
0
0
0
0
0
137
0
0
824
825
0
0
4611
0
0
0
1712
2573
0
0
129559
7
0
0
8
0
0
0
0
0
0
15
1575
0
0
0
0
0
0
0
358
0
0
0
0
0
0
0
381722
0
0
4004
0
0
0
0
0
389
0
0
0
0
116025
504
193
8
0
0
0
6
0
0
0
0
63899
0
176506
0
0
0
0
0
0
0
0
0
0
12
0
0
0
0
3
0
0
0
0
0
2546
0
3
216723
57
0
0
0
0
0
452
0
2937
0
3
0
0
0
0
40754
0
0
0
0
0
0
0
0
0
0
0
0
0
13
2907
0
0
0
0
5236
0
0
0
0
0
14
0
1
0
74405
0
0
0
63
0
0
0
0
0
0
0
0
0
0
0
0
0
3048
0
0
0
0
0
0
9723
0
0
3800
15040
0
0
0
0
16
0
0
0
0
0
0
0
0
29
18
0
622
381
0
17057
2
0
416
1306
0
0
0
0
0
0
0
0
0
3
0
0
0
0
1
0
0
0
0
0
0
0
0
0
1043
0
0
0
0
40242
0
0
2
0
0
0
266
2366
0
9
0
0
0
79
0
380112
7390
0
15174
0
316
0
0
0
1069
0
0
0
3
0
10
0
0
0
0
62
20
0
1
0
0
1
52
0
13
0
0
0
0
3
34693
0
0
0
0
30997
0
0
89019
0
0
0
0
0
0
152932
0
498
0
0
30581
18333
30554
0
0
0
0
0
0
2
0
0
5
0
0
0
0
22356
0
2
1385
0
0
0
0
2243
0
0
0
0
0
0
0
0
6712
10608
0
0
0
13964
0
136
0
0
0
0
0
0
0
0
0
5
0
0
0
9
0
0
0
0
0
0
0
0
5219
5
0
0
3156
0
0
0
0
0
0
0
0
0
13
0
0
283
0
0
0
14099
0
0
3
513
57
0
0
0
0
79
0
0
0
0
0
61
54
0
0
0
0
0
0
0
3
0
0
0
9
0
0
0
185
0
0
0
8243
16
0
0
0
0
0
376
0
0
51579
10
232457
9370
53189
0
1456
0
0
0
0
0
15
1542
0
0
0
2321
0
0
0
0
17
0
0
0
0
0
4363
0
0
0
0
0
3066
0
0
0
6481
0
26
0
0
8
5334
0
624
0
0
42681
295368
0
0
12
0
10294
16822
0
0
0
0
0
2045
0
0
0
0
7
0
0
0
399
0
0
0
0
0
0
0
0
0
7603
0
0
0
0
0
1
15476
0
4719
0
0
39929
0
0
0
0
2000
0
0
0
0
25
0
257
0
0
0
0
0
1546
0
0
7235
0
0
0
0
9989
0
0
0
0
0
0
0
0
0
151
0
0
0
0
0
3933
1
0
12307
223
223147
0
352
0
0
689
0
0
0
0
0
0
0
0
331
0
0
6
0
240
61
0
0
0
0
46720
0
0
0
92
0
105
12
0
0
0
0
0
0
40
11981
3649
204
0
12
344
0
6362
0
0
0
0
0
0
0
0
0
0
2
4574
0
0
0
0
0
0
0
13
0
0
0
23521
291
0
80
15
0
0
1496
0
65
0
0
199
0
0
0
0
103
0
0
0
0
0
0
0
0
0
0
0
0
0
0
48
4
0
810
0
0
97245
0
0
0
0
0
0
0
0
0
1
0
2
0
0
0
0
0
0
0
0
0
0
0
0
20517
0
0
0
0
0
0
1
0
0
0
0
0
0
1311
0
0
3
1078
0
0
0
0
0
0
0
12286
0
0
0
0
0
0
0
0
0
0
0
154
62
0
0
559
0
69
0
3
3
0
1
106123
0
0
0
0
0
0
0
0
0
0
0
0
0
46
0
12081
0
103775
243
0
23704
0
0
2
0
0
10
0
0
0
2339
0
0
0
0
0
0
0
0
0
0
0
0
0
0
1
0
175
0
0
0
0
16897
398
0
0
0
0
0
0
0
0
0
0
0
0
8
0
18
0
0
0
0
0
0
0
0
0
0
0
0
35425
3994
0
3814
0
0
0
22
0
0
0
0
0
1
0
0
0
0
0
0
174
0
0
0
0
0
0
0
0
0
1398
0
3
0
784
0
2
1301
0
0
3
35
0
0
0
0
0
0
0
0
0
18698
8358
0
0
0
0
0
0
0
0
296139
0
0
0
0
860
0
0
0
0
926
397
0
0
0
0
0
0
0
0
0
0
0
21
0
0
0
0
133820
0
0
0
15
0
0
4
0
0
0
146
0
0
0
0
5
0
23291
1903
0
8274
0
0
1281
0
0
0
0
0
0
0
0
0
0
0
0
0
0
1
0
1
0
99
7355
40422
0
0
5376
125
2
0
0
9538
3119
47
0
0
13
0
0
0
0
0
0
103
1179
0
0
0
19
0
0
0
0
0
0
0
0
0
0
765
0
35
0
0
262512
2045
0
0
50
0
0
0
119403
0
113745
166
53
0
53
0
0
0
0
23715
0
125392
419
411
0
0
0
0
0
0
37
0
0
0
0
6
0
0
0
0
2
1
0
0
0
4252
0
0
0
1
0
0
19612
0
0
0
0
0
113
0
71868
43
1460
11
0
0
0
0
294
0
2
0
0
42
16
38
0
0
0
0
0
0
0
0
1
0
6609
0
0
0
0
0
0
0
0
0
4
10299
33
0
6
0
0
45341
0
0
10
9357
2
22
0
0
0
178
7694
0
0
7381
0
0
60418
0
1706
0
184576
0
0
0
0
3
0
0
0
0
2
0
40
0
0
0
0
0
21548
0
0
23
0
1943
7215
0
48767
0
133841
0
0
0
0
0
22725
0
0
0
610
0
2298
0
28109
210113
311
0
7
0
0
0
0
0
0
0
14657
0
0
29
0
0
0
0
322
0
0
1
0
0
0
0
0
0
0
111
0
0
0
0
2
10072
0
0
194
93
0
129
0
0
95
0
0
302327
0
23
25292
15
3
0
2
0
0
0
0
0
0
0
0
0
426628
0
0
0
0
51
391
0
16
0
0
0
0
0
151
4
0
0
0
0
0
0
0
1689
0
0
0
0
0
0
0
18
0
0
0
0
0
0
0
0
0
0
0
0
3
0
0
0
0
0
0
17
0
0
3598
0
0
0
0
0
0
0
0
0
35
69
0
0
0
0
0
0
0
0
0
0
0
0
0
0
0
0
0
0
0
0
161
0
0
0
0
101
0
5344
0
0
1
0
0
0
85
0
0
0
0
0
12685
0
0
120
0
0
0
833
0
0
0
0
5127
0
0
29
0
144853
12
0
0
0
9
0
0
0
1348
0
0
0
0
0
0
0
135
0
21404
1
60
28
17
0
0
0
0
36
0
0
0
11
0
0
0
0
0
0
0
0
0
0
0
0
113
23877
0
0
11984
0
0
0
0
0
0
0
302
0
0
0
61787
0
0
0
73
0
0
0
0
0
0
0
22
0
110
0
0
0
0
0
0
0
0
10
0
1
4073
0
0
329
0
1617
0
0
0
0
0
0
0
0
9192
0
0
287
0
0
0
0
192
0
0
0
102974
0
0
1
0
0
0
0
0
0
0
0
0
0
0
0
0
0
0
0
0
0
3124
0
0
0
134390
301
0
0
0
0
0
0
701
0
0
0
0
0
0
0
6
0
0
0
0
0
0
928
0
3
52752
0
0
0
8360
0
0
5019
0
0
68
2
0
0
0
0
12342
0
0
0
2
0
0
0
0
0
0
0
0
124231
0
0
0
0
0
0
0
0
2
0
0
173
0
1
0
5463
0
14709
0
0
4
0
0
233
0
0
2
0
0
0
0
0
0
0
0
0
0
0
0
0
33
0
0
0
0
0
0
0
0
0
0
136746
25
855
0
0
0
7
45
0
0
260155
0
0
218162
0
0
0
0
0
0
46
0
0
35
0
7
0
0
175
7
0
1835
0
0
0
0
34267
0
372
0
0
0
0
0
0
0
7
0
0
0
35631
0
139
5419
0
0
0
0
0
0
0
2
0
0
0
0
1
0
0
24
0
5504
0
0
0
0
0
0
0
0
0
0
0
0
0
0
24016
0
0
40653
0
35543
0
227
1932
72
0
2368
0
9762
0
0
41201
0
0
0
0
0
0
177
0
0
0
0
0
457
52105
401
1
0
137
0
0
0
0
0
0
45516
0
0
12
0
0
306
0
5
0
15
15818
0
1
0
6
0
0
1
0
6231
0
0
0
106
14798
1
18
0
0
28
119
0
0
0
0
0
0
102
0
0
0
0
0
2369
0
8180
1
0
0
0
0
0
0
0
0
0
0
1
0
33538
0
0
0
257159
0
0
0
0
2870
1
0
0
0
72
0
0
29
0
14195
0
0
238
1758
0
7
0
0
0
52
0
0
317615
11
0
5273
20
0
76
0
0
6000
1
0
0
5
0
0
0
0
0
0
4
0
0
68978
2
0
0
0
1272
0
37485
0
167
0
0
0
0
0
0
10
0
0
0
0
0
46
0
20579
264
0
0
13913
39
0
0
10
19
0
15063
0
0
0
277
0
279
18
0
2034
0
0
0
0
0
0
0
0
0
0
6
0
0
250
0
7412
0
0
0
0
0
0
0
0
0
0
0
0
0
1
0
262
0
0
2721
0
206
0
11
0
0
1681
0
0
0
0
0
0
0
3494
0
0
0
0
186
0
10
0
0
66861
106
80
0
0
0
238390
0
2
0
8
0
0
0
0
0
0
0
0
0
0
0
0
0
0
0
0
0
1336
0
0
95
1139
0
582
0
0
0
8
0
0
1703
0
0
0
4
0
0
7
0
0
0
23184
4599
0
0
0
0
15
0
0
0
0
68710
0
2602
0
26
0
0
49455
0
0
0
0
0
0
0
0
44037
0
47
0
0
0
0
0
860
68
164619
0
0
0
0
0
0
0
2
0
0
0
0
0
0
0
0
0
0
0
3
0
0
5906
112
184
0
0
4927
17
229962
0
0
0
0
0
155
0
0
0
0
48455
46
0
0
0
185
0
1
0
183
0
0
0
0
0
55
0
0
20
0
4173
0
0
0
0
0
0
0
0
0
7
0
0
0
0
0
636
0
1605
0
0
0
0
0
0
0
0
0
0
0
0
0
0
2281
0
0
0
0
8
0
0
1029
1712
0
5963
921
1
3307
0
2
3911
0
0
3
0
204060
0
0
0
0
0
2625
147
12225
60
0
0
2701
198
0
0
0
0
0
0
0
0
0
0
41056
0
0
0
0
0
0
0
0
1463
0
16565
0
29627
0
8120
0
0
0
0
116
9781
12
0
0
0
374
0
0
0
0
0
0
0
0
0
0
0
0
0
93714
5439
84
0
0
0
4
0
0
0
0
0
0
0
0
0
0
0
0
0
1
0
19684
0
0
0
0
0
0
4014
0
0
0
0
24139
0
120386
0
0
0
0
0
0
0
0
0
0
0
0
0
0
1147
95
0
0
8
0
639
0
7
0
1
127
100
0
0
1213
0
0
0
0
0
0
0
0
6959
0
0
0
81
0
98
0
7
0
0
326
163
91675
0
0
0
0
1047
6239
0
0
5752
0
6623
1
28
0
546
0
0
0
30722
0
0
0
1
0
0
0
57
0
0
0
0
0
0
8038
0
39896
1
0
0
0
0
1
0
2354
56
113
0
2
0
0
12980
0
0
1
3039
0
0
0
0
0
0
0
0
0
0
0
0
0
0
27
47558
0
0
0
0
0
7
826
0
0
0
0
81
0
0
2
0
0
0
171075
0
108
14416
12364
48996
0
10
0
24
39
1
0
5
0
0
158029
0
261242
0
0
1571
0
0
0
0
0
0
65133
0
0
0
0
0
0
0
0
0
0
107128
1
0
0
0
0
0
0
0
0
0
0
0
0
740
0
0
0
0
0
0
0
0
4
0
22
0
0
0
0
7771
52
0
0
0
0
0
0
0
0
0
0
0
0
0
0
0
0
0
0
0
0
0
0
0
0
5615
0
0
59
0
0
0
0
0
0
0
0
3088
0
301
0
1064
7
0
0
0
0
0
0
51
0
0
0
0
0
8
0
0
0
0
0
0
0
8
0
0
1
5490
0
1
0
0
0
0
0
37
0
0
109514
0
0
0
0
0
497
1
0
20885
20954
0
0
26501
0
0
0
0
0
10
0
35311
1557
1
0
0
0
0
0
0
0
18
0
0
0
0
3
4
28567
15
0
5325
0
0
1
75
0
42420
0
0
0
0
1
0
1636
0
0
0
0
0
1618
0
0
5
0
0
0
0
26
0
0
0
0
84554
6
102
0
0
0
0
1276
1100
28
0
0
0
2325
64
0
0
0
0
0
83247
0
0
4175
1
0
68
1410
1272
0
0
52
0
0
0
0
0
0
0
786
0
0
7310
0
6
0
0
0
0
0
0
0
0
265
0
3231
0
0
0
0
0
0
0
0
13
8
11
0
0
0
0
0
0
0
0
0
0
9
0
243236
0
0
1
0
0
0
2
0
0
0
0
0
1453
136301
0
0
0
0
0
0
0
0
0
0
0
18956
0
0
0
52
0
0
0
0
0
0
38
0
0
0
145
0
0
0
0
0
0
0
19015
0
0
1087
0
0
310
0
0
0
0
0
63
0
3
2
0
0
0
149
0
5217
0
0
0
0
0
0
233
0
181
0
0
0
18
0
22
0
0
2
0
71681
0
0
0
0
0
0
0
40
0
0
0
0
0
0
2
0
0
0
0
8571
14
0
0
3532
0
127795
0
0
1534
12
0
0
0
0
54991
0
71
713
2
0
0
0
8
0
822
0
38
0
37
0
0
386736
10444
0
179750
0
3004
0
0
0
4298
0
0
2
0
0
0
75
0
450116
0
0
0
0
13
0
5826
0
0
0
74135
0
0
0
0
0
149899
0
0
5506
0
17599
0
0
106
0
20
0
0
331
0
0
0
1
0
0
0
0
0
0
0
0
20
0
0
55
15
0
0
0
2097
0
0
0
0
0
0
192
0
0
0
0
0
8919
0
0
0
0
1848
0
0
0
0
0
3
0
0
452
0
52
1
0
0
0
0
0
1270
0
136920
0
20
0
0
1
3
0
0
0
1989
0
0
0
0
0
1
0
0
0
1190
412
0
0
0
0
0
0
77
683
0
0
34
0
55328
80997
1314
0
1320
0
168
11440
0
0
4773
0
0
0
0
0
0
0
0
0
0
0
2483
0
29
0
0
0
1
0
0
2
27941
0
1
0
0
5
11
0
0
0
0
0
0
0
0
22
0
0
0
0
0
0
0
0
0
51350
0
4082
0
20750
0
1
0
56
0
0
3
0
248377
2787
0
0
0
0
2162
0
0
0
0
0
0
6
10136
24
3
0
0
0
123
0
0
0
75
0
0
2
0
0
0
7110
0
1125
0
0
0
0
77
0
0
0
0
0
0
0
0
0
0
1
0
39
8447
0
0
29
0
0
0
0
40
0
4978
10984
67
0
0
0
90
98
0
0
0
0
0
0
0
0
0
0
0
0
0
0
0
0
0
0
0
0
0
0
0
17060
0
0
60357
0
7795
3
0
0
26
0
0
0
2384
0
0
0
0
0
0
0
351
23277
0
0
0
986
0
0
0
3
0
0
0
0
0
0
1410
22126
0
0
0
0
0
0
0
0
0
0
1883
0
0
0
0
0
0
0
0
0
0
0
0
0
0
0
0
0
3189
0
2
0
27
0
115
0
0
0
0
0
12
0
0
1308
0
0
3922
0
3531
8860
0
1759
0
0
0
4699
0
0
0
19
0
0
11971
2103
0
0
0
0
0
0
0
340
0
10217
181
0
0
0
0
0
0
0
46
0
0
0
17180
6850
0
3735
676
0
0
0
0
0
0
0
0
21
0
0
0
0
0
0
15
0
0
0
114267
0
0
0
0
0
0
0
8
7
0
2142
0
0
0
0
30
0
0
0
0
0
0
53527
0
0
0
0
0
0
0
233
0
0
0
0
0
0
0
0
0
10352
0
3320
0
0
0
2
0
20
0
0
0
0
0
0
0
0
0
0
0
0
0
0
0
111510
10
242
0
20327
0
0
0
47
0
0
0
1234
1
0
0
0
20
0
0
31
1204
0
0
315
0
0
0
0
13
3324
163703
0
0
0
20
0
1346
0
35151
0
0
1807
0
0
2
1220
0
0
0
17218
5
294
0
57
0
0
0
0
26915
0
0
2
0
0
0
0
2
0
0
8
0
0
26
0
468
0
0
0
0
0
0
0
2
1
0
0
0
0
0
0
0
0
1
0
0
0
0
0
80607
0
0
0
1
3
0
0
455
0
0
0
0
0
0
0
0
0
0
0
0
0
0
0
0
0
0
5441
0
0
213014
0
1829
0
148
0
0
2337
0
37
0
134668
0
0
0
0
0
0
0
0
0
0
0
0
0
0
0
0
0
0
0
193
2
121992
0
0
44315
0
0
0
12
0
0
0
0
0
2
0
0
0
0
0
0
0
0
0
0
0
0
596
0
0
2336
0
82674
0
0
138433
0
0
0
0
0
0
0
0
0
0
0
4617
0
109
0
0
15614
0
71645
0
1
0
0
0
0
22
8
12293
477
4
0
0
0
0
0
0
0
0
0
3
1272
0
0
88081
0
0
0
0
0
0
0
24
136
0
0
40319
0
153
0
0
155079
2440
0
261050
0
0
0
0
148436
0
61369
0
0
0
106390
0
0
46
0
0
0
0
0
0
2283
283
0
0
122431
0
0
0
0
0
0
0
0
44
0
0
0
0
0
0
17
0
1820
16
0
0
12
0
0
0
11524
0
1
0
0
0
0
0
0
10563
5
0
6017
0
0
0
0
0
0
0
0
0
0
0
204
81065
449
0
4
0
0
0
0
0
4649
0
0
106278
0
0
0
0
0
4
76846
0
2
0
0
0
4207
3
368
0
0
71
1
0
0
5684
0
0
1314
0
0
0
0
0
0
0
0
0
0
0
0
0
17
0
6209
0
0
0
0
0
0
0
165
100997
7
0
0
0
0
0
0
0
0
0
21
180618
0
139479
0
6265
0
1896
14
0
0
0
0
1001
0
0
0
0
1
27
0
839
0
0
0
0
2
66
0
0
0
0
0
0
0
0
2261
0
0
0
45
0
0
0
73
0
0
0
28261
88
0
0
0
0
0
0
21277
0
0
0
0
7672
0
0
0
0
0
0
0
0
101
0
0
0
0
0
0
0
0
494
0
0
0
0
0
29
0
0
1
0
0
0
66882
8
13405
0
0
1
0
80204
0
65846
38935
0
295
0
0
0
895
207
76811
0
101218
0
0
0
0
0
0
0
50217
0
0
1
0
0
0
0
0
0
0
0
0
0
0
23
0
0
710
0
0
137
0
0
0
0
0
17338
22915
0
6
0
0
0
0
0
0
265093
0
0
0
0
0
0
0
60
0
90
0
0
98
69593
0
0
0
0
71
0
0
0
0
0
74
0
41790
0
9337
2451
0
0
0
0
0
57
0
0
0
0
0
0
4071
0
0
163757
0
0
3244
9
0
0
0
152
0
0
0
0
3130
122
0
0
0
0
20680
0
0
0
0
69369
0
2068
0
0
0
0
0
0
271
0
235
0
1157
0
265
0
0
0
0
1049
18
0
2
0
0
0
0
107290
0
0
0
1889
0
0
121497
0
0
759
0
658
0
0
0
933
0
0
167761
1429
15638
0
0
0
404
0
0
0
0
0
9
0
0
82
0
0
0
268
0
90
7154
0
0
5342
0
1623
0
0
0
0
16
6
0
7
85
0
0
0
0
0
0
106
0
0
0
71886
0
0
0
209
82
1692
0
0
0
25
391
0
0
0
60436
0
0
0
0
927
0
0
0
0
0
0
0
0
0
0
7468
0
10
0
0
0
0
0
0
1
0
0
0
0
0
0
0
0
0
0
0
0
0
81731
1
15874
0
6
0
0
0
0
943
0
298
0
4959
0
0
0
522
2231
0
0
0
8553
0
0
0
0
0
0
0
0
317
0
4410
964
0
73
13418
0
0
63030
0
0
0
0
30097
0
11802
0
0
17
0
233
38716
0
0
0
15
6739
0
1
0
120
0
0
0
0
3481
12569
0
0
0
0
0
0
0
0
8
0
0
0
0
0
0
0
5881
17
0
0
0
256220
0
0
6
0
0
0
225324
0
0
0
0
770
538
0
0
11
0
0
5
18
48369
0
0
0
140063
82434
0
532
0
21482
0
21
0
0
0
0
0
1
0
0
0
0
15351
0
340
0
0
2
1
0
0
0
0
7
187
0
3
502
0
0
15365
0
0
0
0
0
0
0
0
0
0
0
0
0
6515
0
22
0
0
0
1406
6371
33307
0
2215
0
0
0
20362
0
0
0
0
0
0
0
0
0
320
499
0
1842
216
224770
3
0
0
3887
0
23234
0
0
11112
0
0
0
0
135
0
46245
0
0
0
0
118
1
0
0
0
4072
2
147
0
152
0
121
5985
0
0
0
0
0
0
0
0
136
1
0
0
0
0
37767
0
65
0
0
0
29238
0
0
44
0
0
0
0
4860
0
14924
24
0
0
0
0
1
3
110375
0
0
0
0
0
0
1
0
106
0
0
219604
0
0
0
0
5614
197498
12
0
0
0
0
0
996
187
567
1179
0
0
0
0
1
0
0
0
0
0
0
204
38831
4
0
3
11209
53454
0
136068
0
0
260
0
0
0
0
0
0
0
0
31
0
0
0
0
0
0
0
0
0
35
7602
0
0
0
0
66
0
0
0
0
0
0
0
0
0
0
20263
316
0
51
145
0
0
0
0
0
0
0
0
0
0
0
0
2
0
33159
0
0
0
437
19424
1
129422
0
7
0
0
0
0
0
0
0
0
19513
0
0
0
0
0
0
0
0
4
0
0
0
0
0
0
0
0
0
245
0
77
0
648
0
84761
0
0
529
0
6027
0
0
110394
0
0
0
0
0
20
0
0
0
0
0
0
2
32113
0
0
0
0
0
52
0
0
0
0
0
0
46562
560
0
0
14
0
0
0
0
0
0
0
0
0
13556
0
3323
0
0
0
0
0
0
0
0
1
6214
2172
20
464
2
0
0
0
0
17672
117
0
0
0
30337
97
7
0
0
0
0
7
0
0
0
1161
0
0
0
43
0
138
0
114
3315
3180
0
10
12792
0
0
0
22
0
72
0
0
0
506
0
751
5569
0
41
0
11489
0
0
0
0
0
0
0
31
0
0
0
7
0
0
3489
0
1570
0
0
2115
0
0
0
0
0
0
50
19
0
4
0
0
323
0
153
0
0
0
17494
1
0
600759
0
0
0
0
0
0
0
70063
0
0
0
36
0
0
50
35
0
0
0
7
0
0
0
0
0
0
159801
0
15
0
0
0
0
0
3
0
0
0
43
0
54832
8166
1
1
0
0
14690
0
0
0
0
0
0
0
0
0
9289
0
0
0
0
0
2
322281
0
0
885
18524
0
0
0
0
31879
0
0
34
972
0
26
268
0
201
0
0
0
0
0
0
0
0
0
0
5012
54
26
0
0
0
69064
0
0
0
6767
0
0
0
0
0
0
84
0
0
0
0
0
0
0
0
0
0
142
0
8198
0
15
0
0
232
0
0
0
0
0
254
0
0
0
0
0
0
0
0
0
0
0
29224
0
3
68
0
0
0
0
0
0
0
0
0
0
0
65
0
0
0
86
665
0
0
88356
0
0
0
0
0
5736
4829
179
0
0
60
12
907
7
0
0
2594
0
0
0
28157
0
5773
0
0
0
43
0
0
0
42
0
0
0
2365
1212
28
347930
22701
0
0
1778
0
0
0
0
0
0
0
0
105139
5711
0
0
0
0
993
0
0
0
0
0
76424
744
0
0
22659
0
0
0
11
0
3
0
1466
0
73
0
0
150495
0
5
30
0
0
0
0
51
0
7279
0
0
0
1
0
0
0
0
2881
0
0
6500
0
784
62
3439
10818
0
0
0
0
0
0
0
0
0
0
22
0
0
0
0
0
0
0
0
0
0
70
0
1
43
9
0
0
0
304
0
161
35185
12476
0
0
35
409
0
0
0
598
0
0
0
0
0
0
0
0
0
0
14
28329
0
0
0
0
0
0
0
0
0
0
0
14
3
7
0
0
1
628
0
1
0
0
267494
0
4031
0
4
0
0
0
0
0
34101
0
1536
0
63559
82
0
0
0
201
0
0
0
11050
621
0
0
1
0
0
9288
0
150398
0
7
0
0
3275
43141
2
0
334883
0
1752
2
0
0
0
2
0
4
0
0
0
0
0
1024
79
22
0
207
1
0
0
0
795
133
250
0
0
0
0
0
0
615
0
4557
8
190910
15376
0
0
0
149364
0
0
0
0
0
0
0
30
0
674
169
42262
0
0
0
0
0
0
0
0
239
0
0
1
0
0
0
0
0
0
0
289992
184480
0
0
39603
53
7700
0
0
0
0
0
0
0
0
0
0
0
0
0
0
0
69586
0
0
0
711
0
0
0
0
0
0
0
0
0
0
5190
0
0
0
0
0
0
0
0
1
0
0
0
0
3
232295
0
0
1071
13
0
0
0
3
0
6
160303
0
0
0
5507
15697
0
0
0
0
181
0
446
0
0
0
0
141690
0
0
0
0
1051
0
0
0
0
45274
124696
0
0
0
0
1
0
0
0
0
0
198
0
0
4
0
0
0
0
0
0
0
22234
186
0
0
0
272
0
0
0
0
0
0
0
0
0
80
754
0
10
0
0
0
0
71
0
3
0
0
0
0
5
1561
0
0
42888
0
0
0
0
7
9
0
4942
0
1783
0
0
0
0
0
2252
17
0
0
0
0
304
0
0
0
0
80
154
499
0
95
28061
0
0
0
0
8103
0
0
0
0
0
0
0
0
0
76
0
0
0
0
84
0
0
0
0
0
0
0
22
0
1541
0
0
0
0
0
1
0
3
636
711
3
0
0
0
0
0
0
0
0
0
0
9
0
0
0
0
0
0
6220
0
0
0
0
0
0
0
0
0
0
0
0
456
0
0
1
185
306806
12437
1
253
1379
48
0
0
0
41583
281
0
0
0
0
0
311
11
33895
0
0
0
90
0
0
7898
0
0
0
0
0
3
0
0
6
0
0
0
0
2540
0
0
0
0
5007
0
8100
0
0
0
0
0
0
0
0
61550
10680
0
0
0
1233
24627
1782
0
0
2547
0
0
0
0
0
0
0
0
0
0
8767
0
0
0
0
