"x"
28
0
0
15092
813
0
28
0
0
0
0
12797
1234
0
282
0
0
3984
0
231
13254
1979
2336
414
0
3
0
0
0
0
48
0
2416
0
31
17
0
0
81
42
31333
0
126
253
1
33250
0
0
18083
4186
776
179
5
26953
0
2932
3
197
32017
107
0
0
11798
26494
0
62
7205
0
0
0
10284
5929
11799
0
0
708
0
16017
266
31636
1786
0
0
4
0
0
0
37
0
16199
16945
204
27
68
10639
0
7644
0
57
0
162
4652
2
170
0
0
0
0
16722
2733
0
7
76
1779
0
701
0
829
0
4158
10
6167
0
1942
0
0
0
96
16868
365
0
576
0
0
50515
1
0
0
3
263
0
0
2264
49385
0
23542
3
17
0
3
0
0
18495
11455
28745
15214
0
0
82
379
3913
0
0
10140
228
0
24410
0
213
0
0
594
1600
137
1
2
0
0
4329
30
66
2
672
12848
0
0
0
542
325
0
1846
0
1053
0
0
1
10150
0
1981
2
19502
0
0
1676
2131
3599
0
0
4079
120
5801
0
54
0
630
1583
3
14
0
246
16542
0
0
0
15192
7233
0
0
4
606
19
79
10813
0
0
0
461
168
0
9
0
358
147
0
0
335
22547
6984
1
691
5783
0
74
667
5367
0
690
31995
0
0
1859
9
0
0
31654
262
5607
0
0
0
1
1652
112
4
0
26318
0
301
0
1180
404
0
6
400
0
27676
0
9375
7779
0
71
2
41
1
168
0
43119
0
8207
9
0
809
25678
44271
16
56
5395
0
4912
4
1927
0
13219
0
0
0
0
512
0
0
0
7113
0
0
89
105
0
296
6087
20237
0
1
0
76
5193
19450
0
156
4
24663
1
0
16
1162
17864
0
2
5360
0
2
0
0
0
24
1448
55
2
23030
11758
11144
24649
10
301
3
0
16763
163
716
2296
74
27290
0
0
0
0
0
3
0
1
5
0
0
14762
0
33230
0
26
11925
2220
0
8
2946
0
15694
730
21
0
266
4872
0
2002
177
2
1075
0
0
0
45
3
143
13702
22664
9400
8420
1528
1964
24968
1633
0
2
4127
0
22276
0
9
0
3162
1
5
6
0
23961
1
30139
0
3251
0
0
19286
13742
0
0
431
0
0
12717
7898
0
0
4675
2802
20
0
25472
0
12
0
891
469
0
2
0
3497
449
319
21487
0
3210
40711
0
4259
0
0
0
21436
0
54
0
0
21392
0
131
324
2
14906
0
39748
6
0
0
0
40520
17564
33382
8300
5818
0
7
43
66
0
3281
0
0
3
0
0
770
0
1
8995
5055
114
0
8
27
0
70
1
365
0
7693
39
0
0
7916
21095
0
5659
1242
8303
13
8180
0
0
0
10716
220
773
0
10
253
3157
1504
1175
0
29596
963
0
1259
111
1153
43
42
313
60
0
36
0
0
0
49638
52603
0
3
4423
44
6673
3
29924
19
0
0
199
1138
0
0
39400
786
6799
0
23026
1733
0
2169
2216
19953
1572
0
0
0
7745
25899
23804
9585
18143
7917
312
12481
787
53
2
0
0
0
0
330
0
601
0
23143
2754
11028
27887
0
51176
2062
0
4257
11808
6
8244
1838
76
0
22596
4
12607
7318
14558
0
22945
53876
323
0
1916
116
0
5798
0
845
106
0
902
14007
637
12921
0
769
4904
0
225
6
0
0
0
512
161
2
1683
0
0
973
14003
0
130
0
29345
0
28595
13713
26503
0
0
975
40
12
0
0
1094
62
8
18748
0
2636
44169
7508
4
18317
123
50
20452
7832
1
5179
0
0
41678
0
500
27588
419
656
19937
0
3
19638
2224
2271
1838
13
0
264
61
0
0
0
0
11010
0
671
28351
465
26257
0
1927
0
0
6
0
0
482
0
0
0
2264
75
14889
150
1831
2973
2881
0
0
6
0
1941
0
0
0
67
34234
0
0
0
0
0
102
10762
13885
18009
0
0
23084
605
1
0
14705
0
27
0
0
0
20
26
0
142
0
0
4046
0
1
0
0
646
9
55
34
0
19844
0
59
0
88
43539
7823
4
0
0
0
79
1792
0
11991
0
2
0
17107
0
41
0
0
10450
0
0
0
4
0
0
15514
0
0
54342
13761
0
0
0
0
0
786
4782
0
5
0
0
10515
5784
0
0
352
0
0
1342
39909
0
0
0
19
0
347
0
0
0
34854
0
23794
8
0
0
0
0
0
0
2
98
0
4737
153
15924
17
0
12872
0
0
328
0
50615
2537
10
9
0
7920
15
43502
0
0
5415
0
19086
1864
74
16
0
511
183
8
28799
1064
26
44317
0
0
14671
0
486
32
34688
0
24
494
0
661
0
149
0
283
0
60
47354
0
0
4288
1683
0
0
3444
0
9
0
261
5731
81
17
2848
0
0
3424
7904
0
3
0
68
0
0
8
492
504
0
30649
0
0
15706
12738
38176
0
13
0
0
7869
231
0
32892
22
1
1362
517
0
0
0
5195
10514
19032
23449
388
9751
41
2110
0
14
0
2056
12673
0
7
422
3
19828
13
13261
0
6535
1106
0
1
7421
21631
10524
0
0
0
0
0
50
18232
7419
0
446
11417
3375
9
0
0
0
3
3
1437
0
0
0
0
3
235
0
16787
0
0
108
0
89
0
0
1
11079
0
46988
3076
9402
24513
0
12798
6
2
1
28010
0
24
0
1
7284
0
0
1
23552
9
0
0
0
46869
0
35983
4660
6900
1009
0
144
370
2
0
20145
0
771
70
1447
1452
0
128
195
5218
0
0
0
1363
0
12977
0
0
59731
1008
14
9127
14919
0
207
96
0
382
26
0
1
14154
4986
14
42762
157
0
160
1
35598
1
43469
0
39893
0
2
0
0
6898
0
0
19815
0
172
0
629
748
29140
37603
0
31
0
43
54
2097
0
12
17857
0
0
18968
0
288
0
593
112
27005
58698
0
566
0
816
4880
7305
0
45
2959
1477
6
6
16708
0
0
11936
8
2
0
3004
0
0
0
3
418
969
10
0
1925
0
17
0
189
18888
0
0
0
20884
6262
26747
0
0
0
0
0
1085
0
64
8863
56808
0
9584
6
836
39
14
25395
3908
15444
1125
1
88
138
3478
0
92
0
0
54074
5963
0
124
0
261
1591
89
0
5
0
24387
284
7
0
11622
14868
0
24527
0
13
3
13901
99
2831
34
0
0
0
726
21529
126
3
1
7
88
20
16277
0
22633
476
16
32
0
27601
0
0
156
0
41
148
557
5228
440
15
0
514
413
0
4992
552
46
6223
6042
21
0
0
8
0
0
331
2939
1
17468
129
3
28
53
1
0
38888
0
10500
7698
10
12082
0
0
11
609
0
1
0
0
0
8015
61
182
634
125
560
104
4
188
11742
2381
0
5
0
16
0
2824
87
3
12
0
629
0
4
62
16364
0
999
2
0
2675
16821
0
9011
176
0
19571
0
17
247
0
0
0
34
320
87
72
1
14827
11938
0
2
14576
8941
0
0
0
0
0
0
27
198
41562
0
0
35491
891
0
0
16996
3668
0
21278
1286
7033
0
0
0
3086
8043
0
11
12
0
0
24
1
0
442
13243
2
6474
11
16897
29148
14
49745
0
1
42129
31224
1
14753
0
44067
18427
6818
15
22265
1923
41848
0
0
11969
0
2276
23
0
0
443
0
14488
0
0
0
0
345
0
0
14
156
23921
13630
8904
0
1060
0
0
0
10969
38710
0
482
3
1
5
4624
0
0
1
44
0
60548
6
10639
33730
0
850
0
0
0
2294
0
0
0
0
7759
12090
1
416
0
0
10341
26948
14956
1546
30
25
0
0
0
9683
1
0
0
0
0
23164
4082
3780
11792
1092
665
0
22504
0
24226
0
0
1309
0
0
28808
18543
0
4
0
507
24187
0
0
2570
0
0
2998
74
0
242
0
5465
40
0
5
32554
11544
347
4
17682
0
39776
0
18037
272
10773
0
19
1494
0
0
0
0
24605
529
31884
945
60
0
3
0
16085
0
336
3354
0
616
0
0
6
1
9120
2023
0
0
0
15134
17
9
92
541
0
10562
0
1
43030
3433
4
0
0
5712
1300
49
12306
0
656
0
3
1454
15
33448
0
0
0
9
3311
0
42618
294
2
0
9073
723
0
12385
359
9605
1255
118
0
603
4829
0
5487
5491
96
475
174
8983
0
0
16618
0
6476
2354
24546
3263
2062
11452
0
53245
13052
0
32206
2
24
37
0
0
2
57431
48872
38
8488
26743
0
28
0
3
5014
430
677
125
27
0
27994
277
4
0
2221
0
12147
1
760
15508
47
0
0
0
754
0
2
12230
7
20168
0
1332
0
0
5849
24
1
0
2
19
55542
0
29650
29
1102
18
0
1758
0
44231
7
23
0
0
33
3
0
79
6216
2
12292
25629
0
5507
9801
178
1209
0
1862
129
0
131
0
10222
0
829
29
11367
16680
39672
0
2
0
0
0
20017
0
16577
7798
0
5
43406
20893
52
9345
0
0
5172
0
424
0
0
3793
49
0
0
0
0
525
0
71
5341
2137
1
218
1987
0
0
36112
0
4841
396
0
15517
0
7
0
0
0
0
0
3192
0
4415
4013
182
0
3930
1224
0
38047
5768
0
0
11523
8844
0
3
4260
4
0
2380
2689
9887
32
0
2456
0
2
104
8011
0
0
0
0
20
7719
3070
0
0
17892
4647
0
2338
0
0
4348
0
0
1633
39611
5626
0
148
2091
19116
6043
0
0
26
44
8
51
2
0
0
0
0
10787
452
3635
86
1004
9116
1192
197
42
22
268
15762
0
5499
3
0
399
6410
0
0
5546
5860
3032
0
40
5
0
17734
5361
73
0
0
0
165
6
0
39585
5
0
2957
1219
0
13876
0
0
2106
333
735
0
118
0
5576
5514
0
14737
27207
41442
0
1
26893
7321
371
0
4047
0
11340
0
45789
0
2
14
191
0
0
22
53552
0
0
13746
1487
0
20398
49836
17762
2984
0
3049
25
1088
4225
0
5010
0
1089
0
0
2
12
0
799
704
0
5
9277
11542
32568
0
10168
0
0
268
2
2471
16408
30750
94
33582
0
101
19273
0
10015
12622
0
100
0
142
7253
0
37256
0
23920
329
22828
32985
0
52
2
0
0
133
0
0
4
32100
319
0
17
437
36
57
0
0
3491
4466
40134
0
0
538
0
3
19257
4727
0
0
1826
2
3214
75
242
54
5126
9355
7196
0
263
0
321
3
7345
0
0
877
0
1
21
0
22097
22
0
0
3391
0
0
839
0
0
6
527
0
0
22
97
621
114
32699
0
11850
13842
125
1
0
170
0
477
162
0
0
56
872
1825
148
42
0
10
0
0
36
320
4
0
2654
25878
0
4
0
204
18
0
14421
7164
0
3280
0
4681
23066
346
0
1
42088
0
3367
17
0
6767
0
21
19877
15173
0
0
0
0
1495
656
4466
1
0
0
3507
0
0
4818
27
0
0
5182
0
0
898
18491
13351
47
0
7506
14501
3036
811
0
0
0
1817
0
0
4143
957
2
24813
11761
3
0
0
0
9169
0
20640
342
399
2288
0
3914
0
3291
596
56
7367
68
0
1160
529
1684
4
10331
2360
8682
41478
753
0
0
1
37
3144
0
3873
40928
0
18791
17858
0
12
267
11
19613
385
267
0
0
0
0
2561
0
2190
0
4
28
4116
2
6263
10
0
448
0
1
18148
21919
30443
76
13
12890
0
22187
0
1
6
14
0
0
44800
0
0
43
0
0
202
0
0
6162
0
0
0
0
1699
0
2561
17535
1084
4400
0
0
0
0
26
0
3
12505
0
0
0
407
63
6076
1
7433
5
266
7
1
30923
3
0
3
0
0
15
11319
14924
51760
0
0
0
537
19788
0
31943
0
0
2624
48006
0
70
10
0
0
9352
1804
0
948
9876
0
6
0
0
15952
0
14683
0
3
595
89
9604
1961
4551
7194
196
22885
6038
2016
17618
24
101
258
14084
0
0
485
7
55599
14839
0
14045
0
0
0
312
39
4503
8
69
14186
0
0
0
0
67
80
8
0
0
0
18616
0
0
3
0
20705
0
32451
29
0
0
12540
42092
16958
28219
43
0
11942
0
14055
84
0
32407
11
0
0
0
39155
5939
0
0
2
0
8244
220
748
0
6070
47144
8107
10
4101
16308
17222
0
1800
0
0
2
7
0
17771
272
24
0
49
5
0
0
8
0
0
18624
580
308
76
1
18913
0
75
137
49
47
0
28488
28
0
7946
7038
0
4399
0
96
19759
471
34405
26
19232
4452
0
36556
0
10590
0
3691
0
62455
3175
0
40
0
0
0
55
23
27
16829
14324
1514
3
0
0
0
0
24
384
4776
1
1
0
14798
26224
4163
0
25696
676
4
31982
11308
0
2
11734
3
0
18
75
30351
170
0
3951
102
1764
5904
4354
12694
37007
55291
2443
0
0
0
0
0
16255
42
2531
0
0
21
0
18
1721
30714
206
2876
11010
1896
0
10
5
0
0
1933
0
2675
436
2
0
21
0
714
0
2162
617
26863
0
13183
1
374
20833
0
64412
639
0
22
0
0
2258
1
0
11613
937
50
771
0
1248
0
77
467
10166
22445
14
0
332
38632
8
10969
0
68
0
8
0
0
0
165
9
345
123
5650
0
912
33821
11
0
0
15579
2
26730
181
2672
0
4505
1
12168
0
0
20653
0
145
4
2940
900
0
14547
0
0
43
0
4224
36
8
40
0
115
7540
3
16159
2000
0
1919
10675
0
2711
0
11
311
4656
472
11126
1
3
4230
982
12976
551
0
15844
4675
59
0
119
0
2
495
0
0
41606
0
10773
0
13648
0
3558
9780
625
129
25
10582
16
0
19375
3
0
0
70
0
55306
1425
22
4050
12681
2775
297
13689
0
0
4
0
157
7331
21866
0
5
4282
0
0
0
95
0
0
0
0
0
17
0
0
14
9913
296
1926
0
20875
0
30130
17797
0
2
0
41
0
21
164
8
0
9
5331
1101
0
15631
16
2
490
6882
0
0
28
796
0
3756
47
6
544
1
16350
50
59342
0
3609
9966
0
0
0
186
1048
1085
385
24
0
0
34
0
1556
0
1017
2261
191
43
18058
32309
1
3
44452
0
0
33
0
0
0
0
1638
21769
17841
3
279
0
3
554
0
2
19397
0
0
0
0
20389
0
3965
0
0
4210
238
0
12
1736
0
5
8
0
18
39323
0
0
2052
0
0
45
0
5964
223
3786
0
5218
4165
174
144
1799
0
42259
0
13
151
0
0
22
8312
0
17090
0
0
20559
0
0
0
124
0
10548
5
3862
222
49187
448
396
10147
0
0
0
14
7
0
0
0
23
0
35098
29788
25
220
232
0
0
13
0
1935
13263
0
1342
0
321
0
0
13768
125
0
40273
125
0
0
0
0
0
1
3
1
23808
31
2364
16781
0
29703
76
0
0
107
2870
339
36187
749
0
2
1843
47412
198
17015
50954
19
0
1
21266
54
26872
2730
179
2507
0
7773
0
3
0
1
6
0
0
53
0
0
0
153
17599
10693
284
709
0
570
0
0
99
597
26644
0
2
14549
37477
133
5284
0
238
3847
12
450
0
0
144
743
11320
21
5
1065
22
0
0
1340
18
97
0
0
6
0
582
215
0
7
23852
0
941
1416
0
1370
0
0
0
0
122
12025
0
194
2313
0
12
0
7380
0
102
5129
0
0
15211
0
0
0
23050
139
6239
0
297
19217
2
0
0
9
26486
6801
0
111
23679
0
0
347
0
574
25252
30
7
0
0
21844
0
0
20
0
1
0
0
12939
0
5272
0
0
398
0
35904
23
24660
5206
0
0
2313
32
334
2032
0
1682
177
2942
0
50
8
18160
0
15102
0
0
9906
2560
0
54
208
0
888
0
0
3971
6491
0
142
0
11
0
3748
0
1757
0
0
23552
0
0
19482
0
29993
4
13718
0
1221
68
95
2
0
6
0
22992
14631
0
12931
119
1
94
114
1151
145
0
29702
0
0
0
16142
1758
41
2629
0
5
0
8
400
0
5
0
31205
6
1
0
34989
0
472
4757
0
60553
0
14981
1
55
2993
0
21454
0
166
1623
2194
0
0
0
0
5084
47168
789
0
0
0
0
0
0
0
2592
32
26500
2
5
0
0
0
1494
8
40
0
4
123
0
0
0
17
192
0
0
0
0
0
6
0
31626
106
8510
0
11201
0
13288
15
10
2036
0
0
0
0
0
6
0
0
0
40
143
7
0
0
19580
625
0
4938
0
52
0
0
14231
0
0
505
0
0
2
2503
6537
3536
6
0
24079
0
4172
0
4945
0
40391
6365
5747
50396
7791
274
3722
2348
0
45
2017
0
0
0
6
2419
0
149
37
17262
24
0
0
1252
38
0
300
93
7059
9687
0
0
7
28068
15352
0
7882
35041
0
0
3659
20880
196
0
17
16
24
6
0
158
32
1873
11
1
0
3042
0
0
353
0
19
0
0
0
2006
67
0
18244
18041
16509
0
5214
51
26510
335
6
0
2574
0
0
0
101
2
480
4
47
0
5183
25746
23873
2
0
262
0
155
3092
75
114
2306
4
2
0
0
0
0
156
11
19630
13315
22589
510
0
0
20148
157
22
5705
1091
0
14129
0
0
5901
0
7
70
13863
33727
0
16917
471
463
29895
0
27
0
0
0
3145
0
1013
1
20198
15300
268
10
147
0
2
7914
0
0
0
14973
7180
0
12
54
67
38997
17203
16054
4
0
0
11091
2
20404
30277
697
20840
0
1
0
9
147
37588
54
14709
3890
7319
6658
456
21
0
1
39452
2602
12347
0
0
38
0
9705
0
0
0
12377
0
0
0
497
1919
105
35477
0
14737
0
3135
0
5
11855
364
133
0
0
0
0
8140
2
23174
4
10
31729
2
8881
0
0
60208
134
0
14
0
0
28102
0
13728
2332
0
0
8307
5
5718
0
10218
6212
2031
0
1
0
0
0
18
24541
0
0
0
0
1008
0
62
0
0
3
72
2
0
50
56
0
0
0
0
6
0
46
18536
0
1260
37
1784
621
104
4634
0
0
1466
14863
0
0
1178
0
14
6485
2
0
0
0
1277
0
459
512
1
40746
46
3469
24
0
8
35
4
417
0
0
4964
0
506
770
0
0
0
0
18
2
0
0
7
0
31
0
770
2
0
0
0
521
1
0
0
6738
4
12188
28949
83
6
0
2
157
7
0
8561
3464
0
42929
0
0
4823
105
0
4745
154
0
17
43
15689
7178
4708
0
0
498
616
0
0
2478
32188
0
46
1
0
2
3403
0
6529
2
0
0
101
0
27
0
2
2013
0
22773
18
0
2
0
0
0
0
26
10115
0
0
413
0
1
735
0
74
42
18008
0
1
0
0
164
27462
0
13732
32542
14714
8
1332
5
4149
14139
6
27587
7
90
291
0
0
0
0
14658
892
0
0
17695
0
0
1
6
40
0
30
5602
7933
9994
0
171
3587
0
21706
89
0
0
106
0
18496
18641
0
13152
13879
0
8
1
443
32670
0
0
20174
13
3
0
13
16852
0
0
29020
13782
8
49
0
0
0
7338
45
0
0
747
0
3
14535
12437
0
3
1345
1477
0
240
0
22
10362
0
0
0
84
0
0
8536
0
805
215
330
11
0
0
0
2300
154
3445
0
15898
3877
4797
0
15
0
0
2
0
0
8892
116
2867
8778
8412
13345
0
0
42100
14333
32486
28695
278
974
12844
170
1178
0
0
13
5
2
0
28097
1180
0
1
33546
0
21
3752
0
128
282
41586
0
145
0
2
0
102
0
0
1043
0
0
31791
16355
428
0
28
11080
0
1
0
0
11
0
622
0
785
0
19757
18009
0
9
0
45
7
0
2
8273
136
3
0
0
1954
1362
12
65
0
6041
0
20
17497
0
0
0
0
213
24
20243
0
1574
0
29
0
7511
153
0
836
23261
980
0
0
0
586
899
1454
0
113
0
10648
9
43868
3891
0
1133
10
0
39294
1
0
11171
3
43
3014
0
19
41
0
0
0
603
27
17165
1516
1835
0
0
24
216
18894
687
799
0
0
2
0
0
0
36839
165
13
0
311
0
3003
0
3
754
26
2
24
0
0
8
3127
17188
0
48997
3121
1989
1919
0
22795
0
0
0
0
0
0
24311
235
2680
0
218
0
0
0
75
36
0
5
294
943
0
0
0
75
595
564
0
0
0
13406
81
502
5801
0
5
0
26
0
0
20
26239
0
133
8
2052
19
250
2543
0
0
5283
18483
0
0
0
3
4345
730
4
1
0
0
2309
37347
32828
15
475
14371
0
0
0
562
0
15421
32603
1117
307
0
0
0
78
2005
3568
17111
36500
33
0
0
0
46
361
0
5726
1558
7871
4
0
527
0
0
469
0
0
6331
554
0
36
0
675
5128
3456
3197
0
1301
71
0
12266
223
24
0
11535
0
30
2251
3
0
0
0
11912
0
0
0
0
0
19667
1988
0
0
95
0
506
0
2984
14
0
0
6857
0
743
0
13322
56
911
261
546
3767
0
0
0
11246
670
0
0
1
836
0
12975
0
5
51
235
0
0
967
307
0
2675
832
3460
589
200
0
198
0
43684
0
5
8811
3
333
3
2133
24
0
824
0
17
295
20021
0
4
16205
23625
0
0
1338
6391
42269
0
82
218
32169
9
1
24491
27389
65
0
19643
29
0
0
25738
12069
11616
20421
0
1717
307
22648
16
159
1
0
0
1
0
0
0
0
0
0
0
2
0
0
11813
6
0
61
0
237
0
0
11525
0
163
2882
19011
0
0
5291
120
0
0
0
0
0
1
14092
3317
0
4479
0
6
0
0
0
5044
22
121
190
1086
14863
3285
124
274
0
0
60
28
0
0
0
0
149
913
0
0
0
0
0
3870
0
5
1
573
629
0
20521
0
87
18728
0
0
0
10548
0
17385
0
27405
0
0
14966
29319
2
46
47
0
185
21766
509
2574
47
49
0
0
13
0
229
0
1
17416
16074
13
12734
40258
1
11748
0
1049
5345
23
68
8125
0
0
0
17673
28
466
146
0
11664
4898
14227
252
0
0
0
37
857
0
294
160
12810
0
13315
416
0
14551
0
0
0
794
20
0
1
117
78
0
3376
0
2
1
16358
12
397
0
12178
17757
11
13543
0
0
0
5
0
22
2462
382
0
0
0
22007
45
5807
25899
35184
0
0
0
3
0
0
0
7
32876
48161
2971
0
0
0
1
10493
34
0
52
2921
0
0
20866
31614
3732
0
10399
0
0
13
6216
91
0
716
1357
0
1321
39130
1
0
9
0
0
0
7
0
0
2
0
34562
0
0
4587
12602
0
612
7523
0
0
0
94
9576
127
15501
350
5367
0
10950
3501
4700
22197
2416
0
0
0
93
3220
2848
1476
10190
25
7458
32
289
14815
4654
2
18895
0
1004
29056
9963
2
18475
43
0
14339
73
2751
2611
18728
110
174
379
0
21
0
47
0
0
13073
14
0
0
3
0
63
0
12793
0
3989
10079
44615
0
0
18
84
0
55
100
10101
0
0
0
0
605
0
0
55
315
0
0
0
0
54
0
11677
8
0
0
12
1
0
573
0
6385
1982
197
423
0
9177
28968
0
3
0
621
0
28558
613
0
0
0
797
25
30869
2970
54
1459
8530
257
9523
8
0
5
0
0
0
125
0
0
0
1195
24
0
0
239
0
14
437
1447
2071
5099
7342
0
23829
88
0
33225
0
163
0
9287
0
13
0
47806
7
0
0
0
0
3
251
0
0
0
0
15342
4
2532
7083
26792
10698
28603
6427
136
0
0
77
0
0
0
24554
2
0
3214
0
9348
0
1
4064
28317
0
73
53
14946
19836
7251
0
7864
37526
0
293
4563
11
101
0
0
0
0
7020
6
0
4680
36
0
1
21
0
750
1699
456
0
0
1
12335
5250
12180
0
11607
22
7324
11983
22446
143
12
7451
32
1408
39
0
4708
12
0
0
8075
5
17
0
53
32612
16287
2719
0
0
152
10
0
33564
0
12
736
0
0
0
17
0
14550
0
0
1951
11212
12961
0
3426
453
3963
0
3083
4639
421
18
181
0
2
0
0
1
46684
5704
13180
0
902
55
19
34311
0
0
0
1327
0
28022
0
0
7
9414
922
0
165
0
4362
1506
11646
1002
0
225
5
0
2529
121
13
12990
4456
0
0
64
0
0
0
0
18
1
193
1
0
10565
0
47
17
0
603
47
59
0
84
0
29434
20745
32
0
13051
198
1168
0
17889
28957
0
0
17699
5
2
0
3355
8
8
46
11732
7181
17056
1512
830
0
0
0
0
0
0
17406
31088
0
0
175
6062
61
0
26
1
73
0
7643
93
0
0
530
18907
18
8347
16752
4916
16382
0
0
1861
4485
0
3662
0
0
0
0
0
3119
0
8753
24832
1
0
0
10
12
0
6782
65
187
13694
0
0
0
1870
10
18
10
0
1
0
37313
0
2736
0
7814
1837
0
4
226
207
1
0
22
51819
0
0
7
0
8343
22975
23115
0
17986
0
0
3939
0
384
0
0
0
3913
14
2
1
3647
0
0
0
0
14
0
1028
0
0
480
0
4807
29
16000
0
0
0
5027
0
2
0
9077
0
2953
544
1346
1211
0
27208
0
31730
2
0
16119
19345
0
14
0
2
16709
566
833
48
0
0
0
605
0
13403
0
0
1156
6317
0
0
26723
0
0
441
4936
0
1
112
0
895
18537
0
6
33309
1
0
2484
3513
41
0
120
0
11194
5
0
2
55
0
31227
53626
22045
7
0
0
37
0
215
0
1675
0
0
6682
0
18385
0
25341
0
0
1923
457
26
0
8590
0
0
2441
760
0
15386
66
0
1843
13808
22889
0
33869
0
3
4391
0
40156
7859
0
4227
15046
14
8
22
0
0
0
3037
505
269
39361
45144
50
3
7
0
0
0
0
0
20783
456
16
8380
1
14060
29425
4119
0
0
0
4367
0
0
0
1585
0
3478
2392
2
15352
0
0
31685
0
0
1282
13683
0
0
2
11464
793
0
3
11
0
6979
0
0
0
4
6910
1
381
0
1
4
2681
51277
10530
3482
9858
0
2
0
31
0
61
5
591
0
21278
14
12129
12
0
281
754
2317
2168
1945
0
7
28766
1705
0
9161
0
3
1625
23361
21105
7443
40085
4
809
0
5
0
4
12453
7872
1472
46710
19
21223
0
2275
3
894
1
16
32379
0
2014
0
0
0
7683
0
302
0
27985
0
10
1148
0
0
0
0
100
0
1
0
0
11
10950
0
0
0
8399
195
0
0
31266
0
9318
41
0
4529
0
0
345
34220
6466
22658
18620
0
46423
8
0
0
1721
0
12830
0
0
259
0
0
0
0
22987
9
0
0
55
0
0
4
1676
0
3686
0
0
17623
0
0
0
0
671
0
27130
112
88
0
4830
2719
0
0
27417
39801
0
13235
0
46
0
0
7137
54
8181
0
97
0
0
24831
0
0
7522
28
14277
12221
843
0
0
3662
8738
9635
11
8071
1
8753
596
0
2
2
47107
0
0
0
1276
0
5458
284
93
0
2295
8333
6339
1
0
0
1
1794
4497
2
78
0
0
7729
1
0
0
33
0
0
300
0
0
7
1738
25397
0
14931
0
15
20516
0
10468
8302
0
0
15
547
388
0
0
17
0
51
1442
160
3
3423
23142
0
16287
0
0
609
368
0
0
31333
5781
35187
0
124
778
0
1
655
0
0
0
0
3341
2942
0
1912
13458
0
34
537
272
3
24781
270
0
0
0
16
0
0
88
0
12157
4661
0
0
580
242
15828
26053
0
3
10255
0
0
313
0
344
13
32887
4
16323
7440
0
0
5411
24063
40697
0
2
8
0
4
0
0
0
15
23245
1971
33317
1
18963
0
0
0
0
1
7224
1469
3953
336
1458
7555
1281
115
2
0
37371
13861
16564
0
44
553
3929
0
0
0
5
14292
0
28637
0
0
13684
37
13
10
0
0
0
16202
25585
9
0
0
0
0
735
749
30554
0
1395
8
16459
0
5776
33491
172
179
3501
34893
0
491
15
21152
6643
1457
651
0
8
0
3
1706
1591
0
29013
1
0
4518
2953
1
5255
0
0
0
116
14222
0
464
2977
3205
428
0
0
5907
12
0
56464
0
5576
0
14
0
9451
446
23
0
15
5
43
249
1019
0
0
416
0
32007
0
0
1621
0
8289
9
3531
0
879
0
0
0
31928
0
0
456
1497
46125
1590
14
47383
25539
21622
0
7829
4333
10259
0
15833
0
0
862
9
0
26
0
0
1
10781
32138
114
12908
0
0
0
0
0
0
8
0
9273
0
9
1233
14
18
0
5
0
148
0
0
12280
0
7
0
1555
0
20
0
16883
1
13
150
532
189
0
13889
1
12
1
0
18330
23
1909
10511
5861
0
1483
0
3267
0
2830
0
148
0
19757
15718
18579
0
1309
0
0
2914
542
39
0
2415
1
10371
0
874
0
142
507
0
0
19
0
0
0
0
0
0
0
0
6241
536
1105
7
825
6
0
14295
1
0
0
43646
420
2898
0
0
9576
0
3
0
0
0
0
0
1802
0
0
21127
54454
6
0
0
0
38
15459
0
0
0
10433
517
13530
0
24889
30434
0
141
2271
0
0
14
1230
0
0
0
365
29
0
0
430
0
100
0
1545
0
121
28376
4275
3
0
0
0
0
0
0
0
7897
161
161
0
1238
0
170
14827
110
10817
475
0
11099
16472
19
8
1
0
0
26878
30639
1409
0
346
2586
34262
6
15396
7779
0
0
34241
0
0
22013
0
124
887
31
477
0
0
32443
0
34063
0
15255
3662
0
11
0
0
3321
23396
0
53
1481
587
125
677
0
1
1939
47447
366
213
1939
0
112
8
0
0
7
0
138
0
16
25
1
8146
4
1
1812
58692
0
2116
0
0
1824
16479
0
10455
1
38
0
9
3874
12
0
8
655
18951
0
0
7
0
23
55063
32418
13
0
0
1
0
456
38
0
4185
102
0
0
5033
1094
0
0
0
0
24
705
11
2
36696
224
22
0
0
47031
0
0
3
266
9
13
0
2233
16220
5
26
0
0
0
0
0
0
11679
0
0
2332
0
213
25
476
0
0
46
0
903
14193
22
0
818
0
5175
0
3078
4
1243
0
0
0
1
253
0
0
0
1335
7956
0
0
18139
5504
0
0
22
18128
0
9649
0
0
0
1229
0
34
0
36
0
115
5324
2
8
0
0
4192
0
4
60
0
3162
49071
76
5
9309
14233
172
37182
0
10457
9
0
475
0
0
0
0
5
39027
0
0
0
0
0
30313
1627
45203
0
0
0
0
46
25
0
0
0
13759
1
4
33641
32
0
0
1581
11
14
42097
2579
590
997
53118
2
2
0
14660
0
0
0
0
1
0
34
15879
55532
0
0
0
652
0
23341
0
0
0
0
0
19872
1499
1
1409
61451
1356
0
663
7929
12145
0
1
36863
0
137
3532
0
0
7366
5041
14
209
1436
20515
11700
2212
510
5718
2
0
14130
40
56246
1145
25128
0
12156
3
122
0
11
14
1
0
2
0
21
10716
7101
243
109
43414
20581
715
0
26227
30459
3697
1
0
0
2484
724
1
0
0
34884
5184
8584
15506
0
0
13611
183
1806
4907
1
0
18152
0
32680
0
0
58
3112
1875
5192
0
0
0
0
1083
1
0
3
0
3
527
0
2108
220
2
102
36221
4285
0
12
13735
7
8348
0
5260
685
1
0
57
0
0
0
2874
30215
5660
20021
15
0
468
1
0
69
8349
0
0
38488
0
42153
1
234
0
42255
0
88
0
0
0
0
0
1785
0
4
0
422
259
45743
0
0
574
3596
13
6
41225
1
0
0
2
0
0
0
0
1
48863
0
0
11
434
27730
0
0
4527
4160
496
39816
0
10625
27
0
147
22196
0
13
20
12084
0
0
0
540
4542
151
62
0
4016
0
4
0
78
0
0
1804
480
8
0
0
0
0
0
0
20
7063
16
72
1655
54
4
0
30
38
0
28686
219
0
0
0
0
93
24712
14361
1452
5840
3110
18510
0
5
11
10252
10
402
0
0
100
257
13250
0
16
484
0
3852
0
31
15939
0
3639
1758
54778
0
0
0
3050
33068
20485
1976
0
280
18537
0
0
0
1025
1902
19164
5
22
146
1
646
0
12226
27299
8890
3
55
0
4646
663
45388
0
363
1565
0
2044
3021
0
23299
6
9974
37173
0
5501
15965
156
33
0
0
6038
0
16
4145
1
72
17364
0
0
0
1099
911
0
5278
18929
1806
0
1
14005
12743
0
0
3
0
0
0
0
26445
230
22001
31030
6815
0
214
51119
0
0
1377
54674
2
210
0
0
0
0
3
2887
0
0
0
0
3454
18134
43
20985
1
19
5
10566
17577
0
772
4
1
215
1927
424
276
20480
0
16506
0
169
5
2
0
0
837
0
0
9643
0
0
3956
0
10545
0
53
199
7
0
0
17197
35371
13
15337
0
4484
35119
3
0
10099
305
338
25
17120
0
119
189
0
541
8
0
6762
278
1649
350
7565
210
6783
5693
0
3469
0
12073
0
0
0
1
6
15343
5
0
557
106
1382
0
29
0
597
0
545
2
8496
1219
1647
0
0
1879
18500
0
0
2
0
554
0
0
0
0
9
13753
7
0
22347
0
0
1
7194
0
42983
38012
0
5775
0
9368
0
1605
2937
2450
1
1481
0
310
0
0
6
1045
0
25539
0
3181
3
0
28455
5973
0
42
1308
201
3252
577
0
1865
10402
15389
103
17645
0
0
4979
0
0
0
17
0
11114
857
3
0
813
9371
0
0
3
1356
33469
0
3314
2339
1
43238
66
2
0
0
22
0
0
1957
0
1824
0
13834
0
6
17411
0
3
8
43002
1
0
0
40794
0
0
0
4
546
20914
1309
0
416
23
215
0
0
2120
239
10
0
17307
1228
0
0
0
35153
0
39857
16574
0
0
0
658
626
0
583
0
16261
9785
11485
76
0
17799
471
3
20902
1358
265
0
154
1142
0
0
1120
10687
0
18631
8303
1115
4949
0
34
0
4
1119
0
3
8
0
0
11095
178
2
0
2406
149
0
6
28867
30
35
3248
44
0
11
8
12
227
1887
0
3
0
6660
550
2589
0
33356
62
0
0
0
10023
0
74
0
0
6492
0
20212
0
0
0
8
30802
0
34188
0
0
22531
0
0
0
0
0
7538
129
266
0
674
0
0
767
15428
165
0
31
30939
0
18
64147
0
0
4
9119
15899
16222
0
2
17889
37295
1304
0
1
11
0
233
4012
0
866
0
0
6
0
0
3296
0
1
0
0
106
364
11089
0
0
1
7907
213
26
0
0
0
413
0
0
1511
3
12599
133
0
0
0
29
12946
0
2341
0
40
959
0
20593
25417
0
0
7650
503
929
747
0
0
38132
0
0
16
7104
38199
14107
4598
0
0
415
0
0
399
0
9215
0
2
0
0
3
18
2
0
39116
0
4
10305
68
1
6983
16568
5
0
26
0
22
0
398
0
0
0
3
346
1037
635
0
4414
35773
14630
3369
48405
0
12976
2835
23368
7
0
0
109
111
0
27115
51
0
18797
0
88
49
17230
35
16345
29461
0
15725
0
508
97
0
0
0
0
4005
10358
1
103
46
190
442
84
0
11395
29
21
2037
0
0
2166
3058
102
27529
0
25538
56
273
140
1754
9121
49
1
16383
0
1470
0
8
19903
0
181
47
0
247
0
143
0
0
3613
0
0
10
0
2
0
4284
6644
0
0
0
0
3273
0
0
1181
872
2175
361
0
4
11967
0
0
0
5400
0
2700
562
12
16250
0
46
0
92
3
45260
0
0
0
154
45
0
10980
0
5301
10
1
15426
159
269
54
0
0
0
10297
34590
0
14
0
10449
0
216
0
43623
4
2394
0
0
0
72
13444
0
4860
7919
0
0
784
0
0
56
2
0
5571
23007
0
0
0
0
44
0
0
1
642
9516
0
2
0
0
16235
19
1610
0
44
0
0
2406
252
1
0
38
1817
0
39052
205
7227
0
13058
82
0
15
16433
8
35080
0
43
0
0
291
17
8155
0
0
31
7133
2973
0
109
0
16
0
0
0
145
11473
0
33104
6816
34
2185
0
34409
43
0
0
0
0
0
96
9842
1
244
0
805
14754
2
7248
0
208
0
0
7345
14027
0
0
0
73
40
113
25531
0
9340
27563
0
204
610
10329
0
1142
1
523
0
5404
2182
0
11367
0
0
0
0
56
18628
676
1063
1462
0
0
0
0
30
1057
13159
24368
1188
0
0
450
0
4
7304
1885
0
1161
7
3051
207
13245
0
0
5391
0
41144
6012
26242
26
13043
5011
19671
71
314
0
0
0
0
32709
201
1709
14
31458
1
66
580
0
43
14
0
0
0
145
16872
0
1004
213
0
0
77
0
175
121
29961
827
0
0
14355
3038
0
0
0
0
12
126
8
13
0
1513
121
1047
13198
15
30
3
0
0
34974
34558
0
0
15176
0
0
14343
18424
19890
0
0
0
0
2
792
690
0
276
0
0
2
433
0
1815
0
58
37
0
5882
0
559
0
0
0
0
0
2447
0
23600
0
20541
0
3402
0
0
1238
7
12722
204
54
16189
1
5
9607
0
2
167
0
7
0
61
1
6568
0
413
0
0
1251
2018
22997
17920
257
1012
21670
1
41659
947
0
0
0
17592
4
0
0
2823
0
0
1540
284
0
9
127
0
5263
0
17218
350
0
0
0
361
4479
1
0
23847
0
0
0
2562
35179
57
0
0
30549
14886
16140
2
22666
16086
2639
566
0
7809
3832
0
11852
18423
0
32
17
0
17506
0
38258
0
0
43
1149
12271
0
47
6416
878
9
0
11334
15141
0
0
0
13
0
0
0
0
31130
16569
0
57195
5101
887
3777
45874
99
404
134
27722
1269
9972
619
402
0
8597
21122
0
19064
529
1
20999
0
1895
1
171
0
0
0
0
0
0
4984
0
12761
0
5126
334
1
5863
2
2
6935
0
15851
1
1302
52565
6734
0
13
31
10299
0
21
236
0
87
0
2255
8
1
4639
2
0
456
36146
0
0
0
0
13196
0
14509
16144
37
1162
590
0
0
7914
268
9
0
1904
23
10438
0
0
737
0
3619
0
32145
0
1076
0
0
13164
9216
0
8
0
0
0
0
529
1
0
162
13074
149
0
0
3
0
15126
217
0
0
256
0
3
8149
147
7
1
3
533
33753
0
0
0
0
4
0
12439
67
4
0
9893
0
0
0
2015
8123
0
0
0
0
0
0
23
23855
25713
1
0
5944
0
17439
2494
3
0
0
13442
0
214
0
0
0
16575
0
45
8886
0
28371
0
0
0
0
27678
23879
402
36166
61
3956
715
130
0
0
0
0
4778
0
1
28
165
15334
35447
59
46164
66
15908
1023
1
4931
0
9
197
0
10
0
952
0
0
4
0
14868
23916
0
46722
0
5
31
1693
66715
29405
0
19020
0
15052
0
2662
0
0
1985
0
2648
5
11147
0
68
8262
16
46
0
9387
351
0
0
0
25
19954
3
0
996
38
0
6466
0
0
12489
95
10686
3187
96
9
0
9316
102
0
0
0
0
23
0
0
0
21731
910
29
89
485
0
7156
0
3967
0
384
2114
4
0
6235
8158
0
20051
5049
23511
0
0
0
2
50137
60
184
12
19
0
10
0
0
0
0
29943
4886
9
18337
0
0
14
45
0
0
18496
5340
0
259
48
11
7741
0
589
0
0
11020
102
1322
18711
0
0
0
0
937
14556
26963
23
0
0
25
548
1360
921
403
0
1226
0
31682
5739
206
0
6402
1199
0
120
61
60
0
290
21509
23095
0
9003
0
0
53
0
21194
21
26
9330
0
0
0
0
0
0
10
215
32345
0
0
20782
3100
0
20
39
946
31940
72
0
0
0
9827
43892
0
0
4147
0
29914
0
20
0
0
46947
0
0
6
0
7380
1
2579
0
14445
0
0
116
13168
174
236
0
1
0
40695
591
0
7355
0
22405
0
0
272
4391
402
0
221
0
3440
0
0
0
45379
0
0
34295
39271
2
27540
1434
12415
65
3062
1541
0
0
21682
18
2553
1455
774
5
0
14244
294
0
0
18304
9
3
0
0
6852
0
451
0
46576
0
981
0
6
17
92
332
14690
0
104
112
7266
0
0
375
5
0
1112
0
8
2
0
1933
0
0
0
9113
13
12
2650
0
5516
33315
115
118
683
5
272
1072
14401
0
9196
4650
0
0
3
131
0
0
1
10161
2602
514
0
8
13147
77
6482
0
36
0
0
19592
0
616
15696
29797
344
0
0
4
84
0
51
8279
28658
32
0
6
10698
6
17
8014
13650
26
506
0
48
11597
0
0
0
918
136
44929
2221
0
0
23045
0
41565
40842
0
3227
0
0
2
0
0
75
7042
24811
763
5
0
868
11
21
6588
0
0
0
0
7718
14876
66
1416
0
0
0
17
1078
30112
42
0
0
63
0
821
0
2601
2268
6660
17
0
0
0
289
83
35060
0
0
6270
9
0
0
0
16696
49781
7
55
53334
114
0
12162
0
523
6398
27223
0
2
0
0
167
0
1020
0
864
0
41
0
3
17890
4689
0
0
0
83
15293
15037
0
0
20
0
0
0
24319
0
0
995
0
2112
0
827
6659
437
0
52
1
34
92
43
6
112
42
0
0
44784
0
0
0
0
0
0
0
28775
0
2116
8
0
45273
2313
17770
4
0
11638
3219
2443
249
346
191
803
0
9016
5
1246
0
0
19
3
0
0
3348
0
62
0
9158
3974
0
15038
8113
18210
0
1
0
0
0
18
2341
0
14358
2016
0
0
8581
0
1281
0
0
19604
20219
0
61
160
0
0
0
7707
23106
0
0
8
16095
78
0
0
0
0
11789
7850
0
72
0
55
1
13349
3138
420
104
20370
6150
5506
4
8594
0
25
0
0
5
0
841
1225
31175
80
324
28900
0
15
0
0
0
8253
215
26
42971
3
0
43
0
40691
0
0
57
15046
29133
6647
69
0
24
4
1002
0
0
15182
0
4
7
4085
0
156
7685
0
3
48
0
0
38419
43204
530
0
1
4
10221
0
1
0
8026
0
0
0
37
72
0
0
18414
46260
0
47
1
2078
9101
0
0
0
1
0
0
0
0
0
0
0
174
0
420
997
35326
0
595
565
0
926
16319
5880
18332
118
54
1
0
6
0
0
12131
22
0
451
14722
0
990
20485
572
0
13
0
0
0
0
35165
39210
0
26928
0
10
76
0
6138
0
0
0
0
14735
7249
2054
0
0
0
0
5041
15705
0
17
2
323
0
3581
9456
147
15463
0
786
0
0
0
15
29934
0
0
1
1
0
1287
381
0
27
3
0
7049
0
3
0
1092
1229
0
4
574
19303
0
0
9150
0
39
0
15
458
1588
11340
6425
5
6
37485
19570
1072
1285
0
28603
52
162
83
35
7019
1
2
36128
1
0
0
0
14
41
4
0
0
33568
55
0
0
10193
23
0
16199
0
0
4
11448
0
0
11848
7049
61507
5
1
83
2
0
0
23995
0
440
5612
0
0
2
0
738
0
0
17018
0
280
0
0
442
0
10136
1971
16
1659
0
23
3
19
23395
35688
55643
7877
1985
0
27329
0
39
0
7
0
159
0
8351
13
0
5504
0
10590
2
47
9044
0
0
1490
0
0
0
23
12990
0
23680
0
0
3
18660
0
792
0
879
0
0
0
0
2105
0
0
835
0
49
0
0
0
0
46
15851
0
20145
246
0
278
0
535
23685
0
2377
1
5783
8051
21
170
3
2
9209
22369
16
34634
7
8
3
18707
6
0
18
9521
8704
7068
0
5186
112
8144
0
0
0
306
1
8
0
71
13383
13
28
0
35005
0
10
0
3
7726
495
0
197
0
16223
7214
0
7891
0
2191
160
0
13
2
8957
4074
245
0
0
8
0
22
0
15772
0
22
3
1507
1
0
1050
2469
16544
1376
296
37805
302
0
27
0
31572
1706
1133
0
0
23201
2586
0
7541
23551
28484
4506
0
244
2802
86
0
751
10207
1
0
36952
4
323
20351
0
0
2035
0
19
18019
3
0
1778
1
10
0
0
1
0
19
153
46
7
0
0
23
15492
0
47934
42022
2
1037
0
0
20021
26966
0
0
1119
0
0
0
0
0
0
0
8898
0
36
1
0
11775
0
0
16
0
9240
0
0
3513
32722
674
9
0
0
1933
7300
93
12968
15603
0
2
1344
1
0
1163
16116
21
1
0
29
0
0
39
0
41
215
2
0
141
7918
0
10726
0
0
4
77
141
241
0
0
3
20242
23140
0
121
300
0
74
0
0
8152
68
0
0
911
0
0
0
0
0
4
0
1
54944
0
0
109
1
0
0
292
0
0
28536
0
411
0
38
3557
1
1783
358
189
0
3
0
1251
539
0
0
1107
0
0
0
0
0
0
40
0
6958
1766
7741
12880
13
33075
0
0
2307
0
63
841
3
88
7065
2
8709
6
99
75
0
279
0
25529
0
0
4469
78
19112
0
0
1
0
19706
0
11611
2
0
3
12618
1
5903
3468
0
0
0
13794
0
17591
167
0
0
0
5147
269
0
883
30565
371
0
0
0
0
115
54112
1370
0
2
53854
4209
32
11192
0
0
1
4
115
0
0
0
1
2206
18357
115
3461
8
9020
354
1
0
8
2817
291
56
6
18950
1450
361
0
0
69
0
0
20
0
3087
698
0
36873
12
19
0
0
31325
23716
62
0
29155
0
1911
0
0
0
0
0
3
7
0
392
3462
0
33047
0
0
14523
2167
1415
0
102
2406
0
6
0
23296
499
0
275
0
0
0
0
0
13424
58
0
0
0
0
15745
30
218
7270
6
0
79
7516
23542
0
3
0
0
26807
0
7
204
0
47002
309
0
0
0
0
0
78
1
49
1
27584
2846
0
388
53
0
6037
28
0
199
0
0
23614
1146
15554
0
3392
1
22892
0
0
8
0
208
0
3558
80
0
32937
43
0
0
0
93
0
20
4
14301
2476
54
616
2285
351
2503
6
1
0
2279
161
8042
0
0
8809
28
1502
12307
0
0
216
2754
2294
36
0
6210
1863
328
37
48
69
0
795
28
8
191
3465
7
0
0
1
6136
40177
0
662
12
0
59
3
2396
26885
0
0
0
10745
0
0
25
5812
0
155
0
0
660
0
33969
0
6049
20706
0
28719
66
289
0
80
12282
0
0
0
2
0
6
0
2833
8036
11191
0
17644
0
1050
637
1126
0
3
0
0
0
6
0
0
68
6915
190
918
66
0
5806
199
967
0
20
10
0
0
0
5397
183
1
1140
4645
6619
0
7114
11639
2
48688
102
5
18083
42
56
3143
1583
0
0
0
30
114
11335
0
0
7
0
0
0
0
6766
1
41
0
20700
9239
1529
22
0
9396
0
0
31482
155
0
13596
67
632
548
264
0
0
19871
0
269
9
26
239
144
0
3585
10520
51413
0
0
0
24102
1
0
520
0
44
1
2457
0
648
35014
10
0
8539
22
0
0
322
1
1296
29425
35861
0
45228
2
0
0
0
2
1990
3081
0
1153
1885
0
581
0
7544
0
2205
0
11404
11726
0
369
20811
21847
36664
0
0
1
15284
35
8937
133
3
19099
32439
0
589
5962
10420
17741
33838
50
297
0
50654
373
121
0
0
0
6
26536
0
0
0
2079
2257
61
8306
0
26803
0
161
94
114
0
32791
5
610
0
0
27591
5
11156
0
0
6583
80
0
0
0
6580
37
0
0
48527
11
33
23224
0
0
1
1110
0
15546
34805
568
6
0
629
6010
1
11173
0
1937
0
0
0
23036
0
3755
17836
0
0
14645
0
2838
2402
0
690
40864
9927
12
8644
0
43
287
2870
31
111
37
852
0
15305
0
40142
660
0
12336
163
0
96
0
2
43
3144
0
2
5118
118
1358
935
3
18
0
807
0
1770
23665
4855
0
60416
316
12031
18340
2
33495
1339
40503
8634
0
2579
151
0
5681
3
0
195
41
18641
56440
21436
0
0
0
44169
19560
376
0
0
0
4
86
2
0
1938
2
0
15120
127
0
0
19
0
0
0
0
2
41785
0
46
698
0
0
0
15425
19
2
0
26
2165
0
29773
0
12
18805
5394
0
16292
271
25030
22405
0
174
0
2135
0
428
139
0
11293
0
0
0
626
8
0
18
0
21564
0
1
0
33
0
0
51
0
0
0
9
11684
6634
11
30180
0
13882
0
28443
0
11432
17286
0
0
12660
737
1338
0
2
0
9
14837
14136
15794
0
1167
0
76
696
0
16585
1
1100
2712
2
0
2411
0
42
0
865
490
21881
144
0
14
9812
0
151
0
11195
16
38
0
0
1
0
14388
1
22474
28228
2892
0
1
5238
0
16168
122
0
8864
0
0
0
637
0
0
0
27023
0
73
0
332
0
112
9462
68
0
966
348
3
0
0
0
56
3394
0
0
496
0
4901
9240
0
0
215
13
12975
0
28312
17961
0
0
580
184
1
15577
11492
0
1705
1
1137
1
14
25
43917
58
0
22687
0
0
0
267
0
571
0
2560
0
0
0
3685
107
2
0
0
13019
24
501
0
2
39615
0
0
1230
0
0
1322
0
7
13395
20638
0
2022
6038
0
0
74076
0
0
3691
0
7836
8
27
0
2132
80
2
1098
0
0
0
45481
15370
4719
297
10973
6
0
6
14327
122
2
70
26256
1523
3635
329
1779
23
13777
6310
31
0
0
0
0
29
2
40645
5697
1312
7447
1
1582
0
0
0
2493
97
143
0
0
298
42
8589
513
16320
3
0
24
62
40925
2659
0
0
8010
1905
5
11662
0
259
12064
1486
46859
1
9253
291
0
914
13255
32130
299
0
1130
1734
11843
0
3621
11670
1414
15
14
3
0
23
0
25041
1148
0
50
38976
0
656
0
2
1
0
22407
69
13
6
0
42
2893
0
1012
4
154
0
0
31555
0
13
4
0
0
3429
739
169
23887
0
2228
2645
0
64
19837
0
13
0
8048
0
0
15426
0
0
1311
21038
956
0
57
0
0
0
1044
3
0
2
7108
2517
1
5377
20
0
0
0
12172
227
0
0
6
2
0
0
2
14541
0
565
16
38
598
129
1
0
1
0
99
0
34336
1
39
25323
37
2428
286
23048
6024
0
181
1
244
0
6595
2396
27054
1042
248
0
1
0
0
0
2817
0
0
21
0
65
25375
4922
115
0
27
0
0
0
0
292
0
0
0
639
212
0
0
9
3
0
0
720
2120
0
2
16383
5664
2244
11
0
0
0
5966
95
0
482
125
0
3
414
0
0
1
1
16740
4464
258
0
0
10
11299
0
0
22660
0
0
33
0
26
16652
3
1097
1770
0
1
3
74
57
0
32
79
0
111
12712
0
62
0
0
0
9
0
0
0
696
0
0
0
54
3
302
0
2
1016
0
23750
6295
202
0
3
38
23366
6
0
0
3
45053
43
0
0
0
0
16513
1812
0
0
723
0
244
0
0
0
0
9367
0
8314
14433
0
10
0
13454
0
12913
0
1519
0
0
0
17190
1536
0
40
0
56
0
2
169
0
84
26
15
4
0
0
2050
115
29164
14184
0
18
0
0
0
0
0
3
2286
0
1756
5706
29
0
7599
11615
1
95
992
74
8729
595
0
2962
451
124
5
0
1861
0
0
2286
0
0
5578
0
16
10504
0
1017
0
0
237
0
0
4
2871
2424
0
0
6362
6
0
11734
37475
0
0
0
0
0
0
16185
0
169
0
0
36
0
0
35
30528
0
0
340
0
0
245
18
0
8487
6220
17050
1386
1
6886
17642
1
8166
6433
23224
9981
0
0
167
0
0
0
0
81
8
0
16
12574
0
22
0
926
0
0
8
1764
7
50398
0
10
0
0
16187
2985
0
25341
0
11332
11
0
0
3962
502
7
9898
12
44347
0
1
0
4
0
38700
12711
55
26951
9357
0
79
385
0
1072
9465
1435
0
0
0
0
30510
0
0
1
0
534
2709
0
2
20984
11302
28627
0
37
0
13991
51
6
10618
0
2
0
510
1196
13402
0
0
0
0
0
104
0
0
0
0
0
3718
1
10
2578
24109
0
217
57
0
1
16502
146
2099
0
9
0
6
9123
18
0
0
0
0
0
0
206
223
0
0
0
0
1824
12
4
0
0
0
0
15923
0
14595
10878
0
0
0
163
0
360
83
0
3943
3580
0
0
0
0
883
18038
11869
0
6
0
0
0
0
390
54796
10
0
0
0
10892
593
76
6989
0
0
0
1334
42625
0
57
7134
12236
0
41444
24812
0
0
9236
0
2482
8
18682
0
26888
1
0
133
322
0
0
0
11039
435
0
0
11
4833
26074
2140
6
0
0
22675
1
2229
0
0
25
0
48574
5361
6639
0
0
2
124
1790
0
0
21455
3035
0
22
0
2
0
548
1
0
21
0
381
0
5442
38491
0
0
21265
77
5589
0
27810
6996
37699
0
1
0
0
186
0
2
1264
44903
34198
4
211
24198
11
0
0
4
0
6631
17483
0
2
0
0
0
0
0
0
10
0
33516
113
7739
2684
8023
0
32743
0
0
0
0
0
23298
10
28990
0
0
44874
0
3377
0
1048
0
18
15
0
7
19465
436
0
11
317
2443
21
0
26296
19
8
49103
0
21951
0
282
16428
7980
0
3645
9262
11468
357
154
8
0
40
87
0
0
1
381
5575
0
2592
6
295
289
764
0
15062
0
53551
984
13444
0
0
2
1022
0
22297
5
370
0
0
1
276
2
0
32909
0
10085
1366
1
113
0
0
12889
46
0
20314
0
0
20
3367
0
6492
0
0
0
286
0
7474
0
0
0
0
12718
12
1294
0
22
40162
21
31069
0
3
329
9903
29
26012
0
35299
15
0
0
0
0
7
0
0
0
102
0
1140
30966
9082
0
46658
0
1
0
2
1
1
0
0
262
0
13407
0
0
0
0
0
983
0
145
894
2585
0
10116
0
353
16804
11779
0
43
6404
4
274
1603
20
25865
0
10503
0
345
0
7156
0
0
14295
0
11
0
32082
26000
0
905
19
975
3
0
1
0
6064
148
2
0
15
0
0
24166
15
2
5329
0
0
0
5
0
13862
3547
3
8
8995
17476
0
0
1
0
6
2
1144
1
390
15934
0
0
0
929
0
0
17231
26513
0
68
0
15122
346
0
4191
591
0
0
11
0
9
1
0
0
0
0
0
0
0
0
3304
0
29
1987
0
0
2
29551
0
0
1017
0
22163
6974
0
280
0
316
3
29953
0
3096
14043
11587
3934
1
0
3112
33484
0
0
0
8207
0
0
5765
0
0
0
0
5
0
114
0
13
1
10249
774
0
22531
628
19
30
978
0
0
0
0
25946
1
775
0
0
309
0
0
0
2
5
0
201
0
0
0
0
0
754
0
1466
0
705
922
0
597
2
231
0
1014
380
541
7366
72
0
0
12
43687
0
2093
0
0
128
0
2
0
0
610
0
0
31531
0
1260
9
0
31105
8691
1649
103
0
1
15151
555
0
4
0
14943
0
15964
0
5998
0
0
9371
0
0
0
0
0
0
21868
4
0
0
14
0
15101
0
5082
0
0
6
0
16543
0
12499
265
1
3331
9
0
13
0
907
3
66
0
38229
4794
9
5261
0
9153
17
37976
0
33545
30000
0
3
19111
55
4
1
0
0
4695
19380
0
33087
0
28
627
0
109
2
10
7112
755
2
10
387
41
0
0
2625
46
0
0
0
269
15404
4584
0
473
313
1001
8321
32299
19518
34152
0
2
24
0
0
338
1080
3934
17361
260
12135
3
74
480
1
0
1
74
9192
0
36642
2043
108
10850
0
31342
0
23141
127
0
0
0
0
580
0
30570
7
22
0
17762
7895
31988
25782
2593
0
2
0
48840
222
420
0
2128
0
13
2
590
813
502
3329
1613
0
40
2715
62
35
0
0
551
522
0
3
465
325
19
1155
20494
4
79
13065
306
229
135
2697
0
0
1309
28937
199
44742
699
203
42870
3864
3953
0
47
16620
265
0
0
0
0
485
3034
13
277
1615
19040
5258
42
31
568
0
72
0
3832
1369
0
13029
14781
0
0
446
17
3597
0
0
2
8258
53
1
0
0
350
10906
1881
0
8
1488
1
33
0
37836
0
538
0
0
0
0
1
4964
0
0
0
0
4
0
0
13
0
15721
0
11
0
13058
0
264
0
0
0
33933
4
0
0
22770
2839
0
21537
0
23876
0
96
25444
408
5687
2104
0
32
6
3
581
151
0
210
10721
8123
2
19499
119
0
0
27994
0
0
0
24
0
0
0
464
0
0
6
0
0
0
0
5106
4615
5551
0
1
4286
4
38057
14909
854
0
3470
709
79
0
125
0
0
0
1584
0
0
44511
0
521
4
0
6
0
2272
0
13841
0
12071
27388
8
1
14
6
5925
0
0
2595
31
6
0
9946
0
761
0
40
558
7718
6934
0
101
239
2655
10
0
22190
1
0
1535
3350
0
0
1313
0
868
15969
20397
0
568
0
2
1
1617
0
8052
42
0
136
12783
0
0
6
318
13062
0
0
0
0
4
1685
13067
13
136
0
0
0
0
10600
0
254
124
346
0
3200
7
0
0
0
0
165
9254
7
6316
0
2587
0
50
38100
20754
9008
0
0
1612
18
12
5298
18845
0
24362
0
4664
3020
11
15
6691
2665
15526
0
519
1
29496
0
13677
16907
0
30
0
47001
0
2535
0
0
0
0
5280
92
17022
596
275
7274
0
0
31501
0
5814
4
0
0
153
12929
3
0
805
11636
3610
0
0
872
0
19484
0
0
0
6
0
0
0
8
0
0
9
9397
10099
10855
0
0
0
0
10235
292
0
15995
38166
5
25
0
0
594
9532
0
0
663
49
0
0
6049
0
0
1207
15
118
29
0
0
25393
2
8
0
9805
12
0
3822
27
0
0
25
0
15144
0
12645
20
34940
0
0
15758
0
0
19484
0
0
0
87
9864
0
16357
30513
0
0
0
1949
10860
0
9602
3201
48
74
0
8522
17331
0
6839
25901
1346
0
0
49
0
0
21856
48
4501
24397
0
4
21
616
0
606
308
0
29
0
413
3
847
0
0
0
0
12058
3961
25621
30187
1
37270
93
12
0
492
98
0
3
4
0
0
565
0
0
25
0
92
0
0
43408
9
1
28267
16690
7987
1722
28
0
1003
0
0
1
0
4716
213
1058
5
7030
24009
0
20976
36
0
0
0
0
0
8
6517
4470
23189
37972
300
853
14318
12299
0
0
0
0
3821
147
88
373
175
4
0
49857
1209
0
0
491
8
0
59
134
0
99
3
0
19
24
3859
0
0
4813
29862
0
0
0
0
1
1483
50707
33782
50
8916
8
0
0
2
0
552
0
0
3
12073
3
19025
3
73
1288
15514
27
18099
6
0
0
8
0
21565
0
0
0
0
14
0
19971
102
6
16419
319
0
0
177
9391
55
0
0
0
0
6194
11
53
33
0
0
4
0
146
0
0
26335
0
0
0
6307
29
0
0
18562
56
0
12369
0
0
66
2
26
0
0
26329
5886
39
25540
0
12
0
8
45
0
3392
4450
0
0
280
0
10980
0
21538
45919
145
1
35891
90
8359
3479
0
0
0
12
85
0
1
19294
47
0
0
2333
114
161
5341
0
3
695
1624
22814
29682
19435
23
11816
0
26732
0
0
36548
0
3971
1508
4
22220
0
1030
0
413
285
7
0
5376
0
0
0
0
2249
0
1800
21548
366
0
6212
2
0
3203
0
7
34313
0
0
34104
0
25
0
0
124
4
0
24280
8022
0
0
0
0
0
25
5948
12963
27462
114
3
1602
9
414
1
12
54
41
0
1
37255
1
1240
8
9908
11704
14421
0
0
0
0
3772
0
18377
667
422
0
0
189
29706
3
19682
4281
13
92
213
3
0
29171
3
0
0
5
0
0
16161
25996
0
0
1297
6694
1995
3667
487
27970
433
619
10304
387
0
2
0
0
4129
9659
0
0
29279
873
224
55
151
14736
3
0
120
1779
18159
750
1
0
0
1242
4230
0
0
0
0
0
11739
0
1519
0
0
3984
99
0
16502
0
21931
0
69
1492
4
0
14710
0
27
777
13
3511
0
0
0
0
459
249
0
1
0
926
6049
0
9051
4
17056
0
15542
0
239
0
0
0
0
8
0
0
32
0
1259
3761
103
61089
41
0
0
41608
0
40883
0
81
5
44
0
2089
11497
14858
33
0
8323
0
60
0
6
0
12
4
4711
0
1
0
2451
0
9639
0
4718
0
27388
0
0
3482
6716
0
52863
1
1265
324
0
284
13276
10007
0
455
0
0
13900
0
2878
18802
0
11
11
222
141
0
1017
988
31488
0
5872
0
0
18
0
0
0
18452
0
18576
3528
0
5529
0
2604
9740
50331
43
0
0
0
12
234
0
0
20192
0
1
0
0
3278
0
1933
57
506
0
7846
0
523
0
202
0
0
451
5
666
127
0
0
44551
724
0
3047
0
0
28
0
4209
0
0
1202
233
31
13
0
133
14
0
0
42382
4235
0
0
32522
12
0
18057
5284
0
0
0
0
15915
0
4768
45
27733
298
151
0
2
2
9050
632
3
0
2235
35
791
1831
0
0
2731
0
22773
19514
0
0
1246
0
969
0
6231
44302
3178
0
52168
129
0
2504
0
1
0
0
1014
0
0
25593
22502
9
19798
1866
0
8286
185
2380
1688
7610
7562
0
0
5
22
1278
0
0
0
106
0
0
0
41
1017
9951
11203
63
4839
0
0
0
1
669
6733
0
4
21424
0
0
27607
45
171
0
0
9
0
0
0
3
0
6686
4777
2
7
0
11183
567
441
99
0
241
0
0
0
680
29884
0
0
0
0
787
75
0
1997
2840
82
7563
0
0
1466
40939
0
0
2606
57637
0
1785
0
1
18280
2000
4
1279
788
16
243
22292
11224
4
7413
0
290
0
0
79
5
1328
410
12264
0
106
2
584
3658
80
506
156
2
2519
145
20
8
12
51506
86
39934
9730
62783
2126
0
0
1
39056
0
0
0
347
24
39471
0
7062
2054
406
0
0
6
0
0
22
2
0
280
70
0
0
1024
1710
41263
0
1
0
19478
0
18998
0
154
61
0
26
25974
72
469
3
0
41282
4
11
0
281
0
143
601
1243
22484
0
1
0
0
23947
8216
5
4858
0
252
39873
5
0
0
415
7
6252
0
85
0
0
0
0
17310
0
30048
381
0
481
0
16489
0
3353
12803
115
0
24
60
0
152
0
22334
573
2
0
447
336
421
987
6
0
0
0
77
0
0
116
0
0
0
12927
1253
0
8
0
7437
1
0
0
0
0
22858
2
4841
6
0
1
272
0
0
43298
0
3537
23542
0
12
2
0
0
0
1
4383
0
1
0
0
454
0
0
2
0
3510
10779
0
310
20029
2325
2547
387
0
989
3614
0
0
0
8
0
9413
8
510
0
16
0
31
393
9124
0
9833
0
539
37038
0
0
0
0
158
807
0
2
0
486
247
0
3808
1
19785
0
20
0
0
1665
3
8
6160
11182
4
0
0
279
1468
0
12971
0
0
0
0
0
27289
1125
0
0
0
2
2124
93
1847
765
18140
42
0
2932
0
19228
11085
0
0
2
0
2616
0
547
0
0
0
11130
1511
8551
0
203
0
0
5477
302
8097
0
0
0
0
23346
0
13400
151
30572
0
0
0
0
2
0
0
4
0
1322
17959
0
360
601
0
0
21213
0
0
0
19464
424
5366
8753
1854
17683
45198
0
317
58
0
15
265
0
4984
1
21482
0
5
536
0
0
0
450
8185
9168
404
29309
0
1012
0
1874
0
3
0
0
36
185
7
0
0
1212
0
0
0
4
273
1086
1205
0
217
131
14126
6542
22127
6
0
52
0
0
381
0
0
22
0
103
4023
197
2
0
42
1522
3
23636
5561
2984
7
0
1008
0
11109
60
1161
10739
11
24381
50982
0
14692
2099
4928
42315
2160
41711
21936
0
134
2716
1
2
18916
0
21
17413
0
0
0
21584
27
9902
5551
0
0
3280
1002
20
0
0
2
1
0
0
5433
14576
0
0
22927
63
12860
294
1140
0
2322
106
48
0
15525
9
0
0
0
0
627
1
7699
1819
4696
97
0
0
1658
7921
5077
0
723
531
1
0
149
6868
195
26
14793
770
6392
401
32
71
1
2707
0
6030
0
18
0
384
14
0
0
6
0
14973
0
0
33
631
0
31
20047
0
17114
3051
0
25503
0
0
6
11
0
0
22
0
26219
1301
219
229
4648
0
0
5307
15949
0
4
0
0
0
0
2
0
386
0
16975
0
49
0
4
2404
3920
42
4154
10368
27
24587
0
33263
0
0
0
0
737
0
0
0
1
0
6885
0
106
1969
759
0
4355
1
5429
1
1
0
0
6416
0
0
14991
21655
1
16671
6
706
0
1518
1160
0
5
0
0
11
5615
17
663
11125
13120
389
5402
0
23242
0
0
0
0
0
470
0
1
3522
15652
767
0
91
29921
0
1
0
0
24344
11860
0
19
647
15
0
0
12540
22244
8283
0
5328
0
19938
25
0
667
11
0
0
0
4136
1
2115
0
0
3501
3815
1383
0
7
103
62
59
4023
0
0
51
0
0
3960
0
0
0
0
0
17
451
19136
35390
0
0
0
0
0
20
0
0
12545
0
0
0
28795
0
0
218
280
0
37364
33116
0
0
0
1
0
0
7672
0
1
289
0
11
0
2230
0
2044
61
34
3
0
58
948
0
25808
0
23799
20777
473
467
7
0
33
0
4815
20232
3993
3
6774
2133
0
0
36764
16420
0
35
261
0
0
0
82
3953
0
46392
35653
32423
0
37
28591
12603
0
23
66
51329
27
227
1
0
74
0
0
14
21
231
0
40800
3205
0
57
0
0
13242
914
0
13984
31592
0
0
18600
0
0
9031
20092
25
914
0
0
0
0
9433
14900
56188
5352
6171
0
38
0
1594
15
3994
15
11
0
1791
5
28
730
696
161
42867
2017
30411
0
6814
96
11
13169
601
4174
410
0
0
705
0
210
0
1
0
18
7076
36
4573
1
2
0
0
26539
4
0
0
0
240
8369
0
47149
0
18028
25
0
0
0
0
18067
18
0
0
0
0
12
644
16225
273
0
16227
5610
3714
18197
228
2492
9217
2218
4
119
2
1
0
0
4
183
6991
1049
24003
0
0
0
22214
285
0
3878
0
0
4979
0
8
0
0
2336
15
32
0
17
0
8623
67
0
1470
460
1
22
0
250
1204
0
1
0
0
26
1459
0
151
16
2
2
0
857
0
0
0
203
0
51
0
33
16438
8
5259
0
0
0
0
37
11910
33463
16554
0
0
0
0
16555
738
15444
682
16013
0
1949
0
20392
0
0
0
0
1541
254
24336
0
313
187
0
15
13
0
0
10102
2
15
12609
20
14761
2
10455
258
12946
10
0
7877
12657
50
254
0
0
3
14672
1464
0
0
0
5242
2480
0
143
22228
1
27
19150
0
3808
0
129
0
0
1000
47
59
0
9512
8008
10646
145
0
144
0
681
24
957
0
0
0
0
0
0
1
0
7
0
0
29
12228
0
0
28
0
0
0
0
0
3
0
262
643
50963
0
7
15099
8492
0
7445
0
9
61484
859
3
0
0
0
21105
0
9
2458
12498
0
43234
19343
297
0
7
1457
60
8603
406
0
0
0
7674
11127
37991
1639
0
3026
1
3313
3808
1
0
2307
0
369
9
12
0
380
0
17102
2032
17721
1
7
5495
25391
12043
0
0
3896
0
1056
34022
44956
0
0
24
3684
4127
12190
5180
0
32849
1
1547
32
7
0
0
7805
0
31954
0
0
6134
0
8027
102
0
20573
1647
232
0
0
1289
10
0
9319
2887
16665
0
0
21331
532
0
0
0
173
34843
9632
0
0
0
483
49
166
5
0
0
541
20366
0
2
0
0
0
11038
1192
0
4592
0
2944
279
0
1
14806
528
0
0
6792
0
1
151
0
4
5413
0
13115
17
0
0
1
0
0
0
0
0
0
30
7
236
0
0
141
25724
3104
14
0
791
677
888
42304
383
0
0
20022
0
2
0
0
21
0
1396
235
36518
16924
0
34888
15
1875
100
88
7700
0
4
7582
167
125
8742
11934
1606
19392
0
0
27298
739
104
35946
17
0
0
9887
2
0
8
235
0
0
6227
24364
3372
130
25126
6
0
0
0
0
0
11
1319
42797
64
24764
1061
0
0
0
1
0
3953
1964
17771
0
191
0
15
21742
72
4354
1364
1229
27
0
32795
0
12121
628
9
3
61
0
0
0
0
6
2
24
0
3
0
54983
0
1665
661
447
1813
0
332
12669
244
0
16969
5543
1005
27286
0
0
24623
4420
20
430
8412
3615
0
3
48
0
22
0
3
0
3435
150
30
9
392
529
145
481
25
0
0
272
25
0
0
71
5039
0
0
362
5447
1
57
12805
0
0
10
0
0
0
0
17
14743
0
1
39
20941
3777
29
0
0
9786
122
0
3
26556
0
0
329
5811
1097
251
0
9507
0
0
1852
2
3
9038
58859
2364
6
0
0
0
1
25710
8
32110
174
583
0
5502
15918
12766
0
1
13188
0
8718
12
0
0
2826
129
6433
2
130
34016
2
0
0
514
18044
0
0
0
595
0
176
0
0
19994
0
0
3573
808
6247
0
1
0
22958
40119
0
1
0
41
0
6509
3585
0
7173
6
0
17523
0
14
0
4587
1
0
38020
332
0
0
833
1278
85
27029
24081
0
0
120
0
18601
3523
0
2494
365
0
668
779
0
0
943
180
0
10
15620
0
588
23
34797
26886
0
1
4
30
1058
115
10612
0
0
4995
5
232
0
0
2390
2144
30307
640
22
21624
4
0
0
0
0
697
0
622
29181
659
42556
620
0
814
0
2
0
0
272
15228
14
0
0
18235
0
295
83
48194
9
1023
0
0
0
1259
1
7491
31194
0
4
53
43397
2024
4472
0
7
1056
43
0
570
1298
0
0
0
23625
23862
0
0
1855
384
0
32413
17
32281
0
18563
16847
5123
132
331
3360
0
21481
0
3
98
0
2236
30150
4667
1591
3037
1113
3087
3945
17715
229
6
0
17462
0
2430
6993
0
1206
8
16158
97
6
0
0
11549
0
60
7234
6
9313
0
50752
0
10855
18447
0
1201
11922
0
16124
379
328
1
3272
20594
7053
0
35612
5236
0
451
33259
10575
2
86
8
24
0
2
0
10
0
0
0
18
0
0
189
3
0
0
0
0
332
321
143
3082
1
5800
0
0
179
0
186
19832
0
0
12
0
45988
0
0
2
64
25
12
0
1778
721
3
0
0
0
28
0
27
28083
0
1
42294
14185
310
0
42
0
7
0
8608
544
23993
38669
0
2429
197
31
26133
0
0
17410
0
2194
0
45
38026
0
0
0
7488
14700
10958
121
337
1468
0
1
1
3546
0
172
0
0
2299
12880
0
0
13867
20925
331
0
0
0
0
166
10
2
0
2363
7324
1573
418
27
32805
19848
0
31029
3647
1
35837
13896
24926
9
0
0
16767
0
40609
794
7
6
0
2150
0
33975
0
1234
13088
0
0
14604
4818
1151
0
0
81
0
7
0
0
54
0
17
10489
601
0
11617
285
0
0
0
4361
0
0
95
442
0
6
0
4
753
900
50488
18319
4200
0
7657
16309
12014
0
0
98
286
6605
0
47254
3521
9962
0
344
490
41
486
71
15
1058
3
0
4
2188
0
0
3301
7
1254
0
0
0
18
1897
5058
0
12660
202
7315
1678
0
1402
60
7
1
3596
0
0
4
15415
0
0
0
769
22710
0
0
70
0
15
0
27366
0
0
18393
3
0
0
12
0
57
867
0
0
22270
0
0
13
0
2366
0
697
6006
65
22
0
0
5172
0
15068
1432
922
0
3692
16926
41544
39
49
6336
0
0
1
12337
26478
0
31537
209
764
38
0
9
1665
0
0
23446
0
0
0
533
3175
65
65
339
3113
0
39994
0
2
0
29
1195
2698
2035
0
49384
0
0
31
0
400
437
8752
24227
1395
256
73
0
6436
4378
36757
23895
55
0
71
340
1359
0
197
27
0
0
22657
0
0
0
21812
0
0
32
0
0
390
0
23457
0
3
66
0
5627
119
10191
0
0
9
1
13566
27413
2
2812
5354
22
3
0
11021
10277
0
4166
0
13
0
0
22
11287
409
147
15880
666
87
0
1
16
2
3534
0
0
0
0
16939
0
2967
0
66
0
25566
0
25444
0
16351
0
0
1
0
8302
2598
703
0
3
0
76
129
0
23900
1655
161
0
0
0
145
652
13767
0
24408
3
5
2500
0
668
0
160
0
0
30
1
0
82
13371
200
0
0
0
0
20057
1895
0
282
13
0
3
719
13900
930
955
0
23247
37146
0
588
1
0
4
39
497
0
0
10
11
113
0
5
4
26
0
112
16780
0
7476
1
4821
6190
0
8952
0
9782
0
904
284
6784
25778
1347
0
0
769
106
0
7580
0
20348
0
0
5756
71
0
5
0
4
2065
49301
13898
0
0
0
0
0
539
0
22200
0
1811
0
2
4177
24
1187
0
43
0
0
372
5
0
440
20143
1
0
0
656
0
13024
4873
29507
1931
140
18372
0
13
0
0
0
2403
0
6229
1233
441
1
9330
58
1
163
1045
0
15435
9
9151
0
0
1187
42954
17224
0
46848
30963
28
28101
0
31
0
50237
534
2124
49
1351
257
0
6
13
9
0
1
1214
20
20471
0
0
1545
0
0
131
0
0
854
2455
144
183
2
0
0
3565
19797
20005
0
56362
13084
10285
0
0
0
15
0
0
1038
1646
36895
10021
0
0
0
17
0
493
121
6472
15935
95
1
912
0
24812
0
0
0
1
5771
0
11566
2337
0
0
0
0
489
60
8
3
15
3060
0
14318
24326
6529
40545
0
48
4
0
8096
0
4
1
14798
622
14
148
156
4
0
2382
3216
34964
31899
0
33875
1
0
0
16
29517
0
0
768
88
0
0
0
1
0
0
1
54095
327
0
1954
0
0
0
0
0
0
0
5
13990
7002
0
9065
20427
0
3636
0
232
6015
0
242
0
0
0
0
0
461
0
26
185
12764
0
119
0
0
34361
264
630
0
2600
222
0
27
0
43206
278
12090
8115
17444
6
0
15131
30
0
0
0
0
305
0
0
50697
11
949
553
7393
11067
165
0
0
108
0
2
0
2702
963
1771
53
0
0
0
63
12282
4861
1786
0
237
0
1493
0
5852
6112
0
0
0
0
0
26028
9544
47
0
266
0
0
5
1346
15821
1682
655
3
0
26611
54067
42315
0
0
0
13990
8668
0
113
0
7
201
43854
0
0
6
8
9472
254
0
108
3
28144
14918
647
8793
148
2240
212
0
1256
579
93
7677
64
576
0
42
59
5
23221
0
0
0
1
3026
0
747
565
0
54
393
98
33018
0
2152
4029
111
8547
0
11352
0
16585
217
6781
1146
0
2
46
0
0
0
7
0
374
2
1261
0
0
0
473
18159
8236
16894
1074
68
0
1
19477
23462
0
0
0
0
1
4018
140
0
20853
4842
0
1
6513
0
9253
14846
0
1683
10467
0
169
7
374
9140
0
0
54294
8400
0
4
0
118
34126
20330
80
5583
0
1
4918
3
0
159
0
0
0
0
0
16215
0
0
0
0
0
16
247
3633
0
3988
917
206
0
30
2
0
644
8
1
189
1
84
7349
214
64965
0
0
0
18890
783
0
1
0
0
6619
13537
3
0
208
0
260
0
0
148
0
1
0
87
57
305
11133
1598
0
52
30245
11221
1098
4686
0
0
0
11
26091
0
4829
242
1185
20
2568
0
4309
9
0
17864
4
55
528
0
1
3829
3386
12215
0
0
1
32714
0
1
0
55879
2595
37621
5999
52
0
4574
0
149
2220
0
1630
10588
4245
0
25
9242
6989
1522
33175
0
261
3
10842
2025
53
0
20
25
0
0
0
10642
0
750
0
3761
414
154
5
0
50
0
2
19138
0
53
0
0
0
0
16
0
485
0
83
8396
593
0
38
13223
6539
0
3726
0
0
0
240
723
14161
0
14
428
3641
29923
16662
0
1598
0
1279
1193
3
178
3083
0
6528
1468
0
23402
4983
122
13
0
908
199
0
312
732
230
47
973
0
1026
0
2791
16599
11
985
16616
0
5574
83
8
0
736
61
0
0
12867
1
0
13207
0
14
0
0
629
1
0
5050
0
77
1
22035
0
26946
0
465
10292
0
1538
1183
5
9299
1
5456
0
4
7
18668
7
37
7
19074
15320
0
0
19035
3
1
0
12992
56
7838
0
2
792
34
2120
23
0
0
27
160
0
0
25871
14751
27352
12
2353
0
2
4056
0
4057
333
0
46322
2649
22911
5044
2730
0
1490
2
0
0
0
245
0
789
505
66
3513
676
10305
0
0
0
40
1307
0
9070
0
9481
99
1847
4299
9916
0
0
8
0
0
32
31930
0
0
489
22446
6094
0
4042
0
0
454
14349
963
7610
5582
226
85
19
169
3700
0
8
1
0
34
7346
0
0
11385
10369
13950
3
0
152
1622
0
9925
0
0
0
2135
0
0
880
926
0
0
487
0
7840
0
406
13437
3281
0
772
13
0
619
340
2422
6847
28764
2421
0
0
34555
9830
0
0
127
17682
0
2
0
16
0
0
0
0
49655
21278
74
2255
0
1934
4
482
0
84
0
0
0
57
0
0
0
24
0
455
0
0
0
20
1329
2332
12
25351
0
0
8
0
0
18
0
28616
0
1
235
10657
1
42092
0
14695
7951
95
0
0
0
68
31810
305
6
24722
231
941
0
0
4
0
210
0
32814
0
53
23193
11
9
204
71
0
0
3181
0
0
6276
14
22
4
26
0
0
32468
53
1373
9074
4168
2
0
0
4633
16090
147
0
0
0
0
0
25462
22627
0
0
6041
92
643
13
2
37295
1
35
0
0
61
113
0
18
3
52
0
0
19028
0
1
0
353
0
0
10321
0
76
104
56
0
85
0
72
0
9
986
468
0
0
3
5
6569
0
199
3
0
0
0
4418
436
16
7903
1921
33
0
3026
4811
0
826
38
494
0
0
0
0
584
2
0
69
0
45
0
51
12
2
0
0
1052
54
0
169
2598
34
23410
0
0
16
177
0
0
4422
19344
345
0
1852
23
26391
187
7509
0
61
22101
0
117
0
56
0
24327
0
81
87
0
0
131
148
1
86
0
0
0
205
34151
0
14
1387
0
3731
0
0
47301
2
0
3
3
0
0
0
0
21809
0
9
1287
0
0
35
6
1198
21160
3
0
53049
0
238
0
59
61
57
16573
5583
1
6
11511
0
0
0
0
7
0
14342
0
82
0
17867
0
0
0
1
3817
2473
6916
6841
0
47071
404
4805
29137
55
1566
0
0
133
0
13601
0
2522
81
0
1
0
31
5
299
0
10485
0
10620
21
4755
12290
355
0
0
2
0
0
5
3
10
15958
0
0
0
300
0
0
349
0
0
0
1
5705
0
0
667
1103
167
2
94
6
13836
5
0
0
3
4200
0
3246
0
0
1
0
0
1184
9349
2696
0
0
15797
3
22
17
0
16970
0
4
0
0
0
20
80
144
11384
3349
28561
13972
0
64
1846
0
6136
106
1
0
0
0
0
1198
13084
1
0
1546
26302
0
1874
0
0
0
12
0
0
0
1830
4909
41
11816
0
0
20
6
24
0
0
0
15
181
0
6994
0
11162
29185
0
0
10
0
0
0
0
0
1
0
0
4086
0
0
27850
0
0
0
3150
0
0
0
0
0
0
1787
20704
0
0
12
0
0
0
0
20
6461
14
1
0
13596
122
0
858
6848
0
40725
1456
27
0
108
0
0
0
0
64
3
13991
18676
2
0
24012
14127
284
3
10
26158
212
0
22116
647
0
8431
0
0
37
0
5
2037
0
704
0
0
11
0
5614
4929
4
8837
2
0
0
10753
0
0
0
0
0
6
0
0
289
0
0
0
46
0
53
29384
53
1
7166
41
11
0
0
0
400
0
0
3
0
11954
2
793
38052
15496
27137
50989
0
2604
0
0
0
0
255
2409
9
289
0
455
17763
42898
0
111
0
6
0
20069
2704
0
0
0
1364
39103
3330
15
2387
0
17
3667
23
33022
171
0
3027
1245
7889
1059
0
0
899
0
0
11236
6
867
0
16
0
4843
10
0
15222
0
0
0
295
12
0
221
0
59899
25
0
118
1
0
28
1099
23104
10538
0
6195
9518
0
0
0
95
0
0
3945
0
0
0
2
0
34
18565
6802
21
152
906
14833
95
0
0
23
548
380
0
3816
3
11419
309
0
7457
0
17197
0
0
0
9
6813
19
4015
4938
29308
0
0
2175
9112
545
0
0
0
12688
17881
0
0
10
982
15080
0
4
0
39469
22
5234
2178
45
0
5019
27092
0
10
0
1177
0
35316
50990
79
2091
0
0
130
9623
1
10172
0
23
11234
101
359
72
7560
0
3148
497
7
0
4321
1741
8193
1
10071
134
52543
15516
12
0
8450
7791
1643
7567
32176
0
186
1681
1
1
18641
14
5741
7
1987
5014
1
0
270
0
0
0
3
11454
1828
1
0
0
0
8224
4
0
7678
1558
89
22346
0
0
0
6264
0
0
0
23
0
364
6
0
0
2917
38
127
3295
0
3490
22936
9497
27194
2330
20984
0
3
0
30019
0
88
531
0
11703
0
0
4778
2372
3168
0
2232
755
10519
70
0
4828
0
0
0
1777
1284
0
0
17
425
13354
11
310
903
2166
0
1669
811
0
0
0
35145
2
0
43
0
0
1
420
50
3
542
2779
1
3166
3
513
7886
0
0
17359
0
20771
198
965
0
0
2138
0
2
32769
23875
858
1
19685
65
17458
6615
8658
0
2
2
0
2
0
12
0
31
4
7714
0
11586
0
5
0
0
0
0
16
3311
22267
23967
6854
0
0
2460
0
0
1295
63
0
1272
11479
0
6040
12659
0
9
0
38
0
0
0
2533
327
4470
14
0
2441
7070
0
5386
263
0
0
12674
1349
0
4
769
0
0
22152
27042
14889
0
0
9240
0
24
50
27009
0
279
0
0
0
0
0
1369
12001
0
36437
1
2
0
2634
2
97
4
0
21136
6465
0
0
31001
0
984
1
29948
0
5
2307
0
822
0
0
0
0
0
0
0
0
0
0
2554
12389
0
0
0
3088
13550
0
0
13654
1639
0
448
0
0
92
0
231
0
2777
0
0
0
0
0
35736
11237
3139
0
4509
0
1
36406
36102
3373
23
3696
0
1190
0
6254
0
0
6
0
630
0
0
0
34
888
6614
0
0
2
0
2795
0
9
0
0
5
1990
0
8
37
1
2
5583
2
426
0
0
53094
2059
1860
8008
30
2
2
2
0
48053
9998
36114
1
3527
5662
4834
22
5451
0
0
1579
0
0
23616
0
15900
0
0
9905
0
4738
88
89
576
0
24390
0
198
6135
0
6274
29
0
2812
0
17394
0
0
0
0
28
0
1844
0
0
8954
24609
15619
0
8451
32246
887
202
11356
49058
0
12265
37822
1
34
2718
25
0
49500
0
96
0
456
1420
0
7
2338
0
15627
0
0
2
105
0
13
0
12570
5497
3884
784
39
0
2501
7338
0
0
4
2557
0
0
4807
309
0
0
10
365
38781
0
1
35827
0
0
0
0
0
147
51
0
4
0
5366
0
0
169
7
0
28134
6397
0
76
490
2159
0
6740
0
26
43
24913
42
124
9787
187
17
15804
3839
6
10722
0
482
22494
0
0
0
260
154
2426
2648
20606
774
12711
0
150
637
0
26663
13961
3515
0
7
28
0
0
0
151
0
2339
53210
0
1880
0
0
0
1624
0
43
15774
1
14449
303
22
0
236
12788
0
509
20
0
0
4018
10
1872
3735
0
342
0
0
0
11959
41286
604
0
0
0
0
73
16060
0
13
0
194
0
6
6
163
683
3285
0
0
0
0
0
1178
2364
0
27803
36
24
3170
406
42
0
3
251
299
16
121
0
199
15699
0
326
19450
0
0
6
52
1319
508
10728
60
0
36203
0
1164
0
0
0
3
10
0
54
8217
0
0
0
2706
0
0
47
0
0
0
15343
51
17
165
93
0
0
15179
3373
132
1976
1
0
0
0
0
14
0
374
0
24
327
0
118
14001
237
16
3
7
0
2655
19657
0
0
0
135
9
14
372
0
1
15444
778
1
1328
28
0
0
140
3
30990
0
0
0
0
2502
0
1151
54
0
1661
6
644
0
1153
310
34702
3
5
0
0
348
25491
30507
0
15491
0
0
1
111
41449
0
0
21408
2
0
477
67
0
39436
80
4
0
2542
3950
38
9
31949
0
0
0
10593
24
0
7145
126
5
20
0
10209
0
4
0
0
0
0
0
664
35073
7327
19449
477
0
0
101
0
45946
1236
48
0
28542
0
0
807
13
2
0
0
1641
341
1011
0
38664
1
0
0
563
52
4
1553
7
14
0
0
1
6877
0
0
30730
0
0
6272
4627
5639
38
12926
0
8
0
0
0
610
0
28594
9162
9
6352
6462
0
17
0
0
0
19060
0
0
0
0
0
49001
55
0
0
14837
722
0
34709
0
0
8462
68
127
2721
0
381
0
7220
3968
1
1
0
74
2
0
0
2
0
17027
8
0
3601
4225
3
0
0
2
0
86
458
1941
0
0
1
0
0
0
60
0
22
2
3186
0
43
1
0
0
7779
63
8
11
249
1298
52
0
0
1276
0
13069
1183
36
44
16
31825
1829
2784
0
11516
724
1
0
1091
1089
9
0
12082
1332
18
3
409
0
6
11649
481
0
0
6
103
0
0
0
0
4901
874
0
0
1
0
3
7338
1652
18
12795
3
192
0
0
30763
662
11319
12484
0
0
12249
21
6532
119
155
15770
77
3
6
27
368
228
20
0
24979
21690
327
3759
3409
0
13
0
71
59253
96
1286
3
15981
0
0
0
0
0
14589
4
12403
0
0
0
0
0
0
44
0
18011
0
0
3
21388
84
5
0
0
0
0
19965
754
2
3650
13833
0
38152
1294
343
727
15731
17154
3791
265
11
0
7942
28
13
0
656
28219
64
1810
0
0
0
0
0
51
32
7
48
0
0
4024
21963
18153
5402
1
388
0
2137
0
0
0
17531
74
0
57
10388
337
479
0
765
6
133
3
0
36755
11
0
6
0
5
1542
0
9968
57967
19794
0
11514
3207
0
0
6509
15074
22870
0
4015
0
37
0
0
0
0
479
5687
27075
0
11052
0
208
0
18301
0
4819
18150
27324
32
8
0
0
3
94
13
0
0
3999
36
5
316
0
475
0
18743
0
7491
0
10
47429
7819
0
0
0
3707
0
473
0
6
675
31
231
0
1038
438
0
52193
151
81
26504
0
24734
13671
0
2
3433
0
0
28
28196
1
0
0
0
0
1317
1567
0
35913
2748
14521
0
1112
69
765
11005
0
2
17
43
247
2
1
0
0
4427
1
40
0
0
0
0
0
119
0
0
426
3
37
0
25
0
0
42
0
0
44827
3902
0
0
1924
0
0
48393
9979
198
24740
2
27
540
802
0
619
97
45956
4770
35344
0
838
0
801
0
5285
1440
223
828
858
0
2910
0
24468
0
0
693
0
1741
0
0
0
0
0
0
3219
79
0
0
28744
0
0
0
14
0
16893
11574
252
0
0
0
2
0
198
0
529
0
13770
6
0
84
26
222
0
769
1
35198
0
16
5189
0
0
0
0
1914
154
8008
26176
19370
4626
24
31558
1126
341
1
12525
0
0
0
21324
4455
0
0
328
0
112
0
2392
35102
30730
95
0
0
20168
1793
101
0
0
0
0
0
44
41605
0
827
4182
2
3518
5735
0
2405
87
80
0
47828
0
24
153
0
14537
32976
11
0
0
0
0
0
0
0
6800
45835
31797
0
47614
0
5
10875
0
0
0
0
3392
18
0
0
0
0
0
10
386
0
0
192
273
448
0
16
0
0
0
0
3376
0
0
0
5071
0
0
17496
0
953
25059
22406
3048
19541
27802
8259
6261
9994
156
0
1
0
36
0
0
10
8234
338
0
1844
10585
0
58109
0
3450
0
3
41433
0
76
0
1332
12
524
0
0
0
80
0
0
2813
630
191
27
0
60837
0
0
29075
14750
2057
0
4151
145
7645
0
52
0
0
1514
2358
3
3935
160
0
814
4208
9356
102
530
0
6876
0
77
10
1681
1
0
0
147
0
3665
5258
0
2
270
6169
18
0
1687
0
0
1
0
18177
0
39175
17700
0
9928
24417
9
13732
0
3
29
0
982
25846
0
530
0
37919
266
9317
20781
27207
83
0
0
0
4
1
0
0
0
4123
113
0
0
118
0
0
0
0
317
0
16
28498
0
185
0
0
11
34208
1469
0
22830
7
16231
0
0
0
0
0
0
10
0
0
52
0
3447
0
17
1
0
0
1786
9028
3189
155
0
31
47
253
0
39703
0
0
1040
9
905
6
7123
3741
0
0
0
0
553
20432
59
0
22171
1015
4337
0
0
283
2007
2349
0
0
14504
1589
19750
9
3
6
424
7963
0
8
2317
0
0
6448
10876
21952
7
7025
406
0
0
2699
0
210
481
9475
23010
0
0
1265
0
0
18863
4805
274
2
6199
0
0
5502
33423
14601
273
0
26565
4
359
0
0
0
16290
7887
16786
1
18
69
2283
0
951
12760
12
3
0
939
2229
11661
0
62
0
57
948
0
3133
33794
14329
135
4
23376
15006
0
501
0
223
2
0
6421
428
0
0
31030
43
31
0
0
0
0
0
0
17874
1
3
2
14
32450
0
2
14
41779
0
277
0
0
455
121
3878
0
0
18
0
87
0
0
7543
0
0
140
32856
12075
20466
0
0
0
2
0
6443
786
14
6638
1
518
19
37
0
0
0
5
7
20037
1
153
744
278
0
6
0
1305
0
0
0
2
20085
0
0
0
0
0
0
39
0
0
49
2
18
353
0
12126
10
1
2149
0
6774
184
0
13993
986
0
8
17877
0
0
5
0
24220
3477
0
54
21
0
29
6740
15
6613
13
13789
0
244
0
55
617
116
0
0
183
20056
0
0
0
0
0
0
1444
0
22684
30293
0
24867
0
0
11964
0
3
3
0
103
16386
15376
0
306
9
597
7562
0
2143
170
633
1511
0
0
28
1685
218
0
12
3
0
12249
24279
0
3703
19578
0
0
10730
10
82
0
0
0
14256
0
0
27623
17244
2
8616
168
6
0
0
0
0
0
0
5730
0
98
434
42
16969
57329
157
0
0
1418
6870
0
1243
6506
12368
10307
4131
0
814
23788
9357
88
1
10807
18
57
357
7273
8
3001
0
1018
60
0
14044
4406
1813
0
1573
3647
3299
0
102
4110
0
12
0
40
17424
174
0
7830
17618
60455
0
9
0
10408
4
0
0
987
0
709
0
74
19
410
0
22211
836
0
0
0
0
0
19589
0
641
1331
0
533
2593
47301
0
19
0
52491
74
0
0
0
6666
0
0
39058
0
5659
380
0
0
0
0
0
822
11
0
13
516
571
629
0
21
0
0
0
8560
476
0
1121
0
22060
351
33648
23084
7450
3404
0
3
12985
0
0
22038
0
9
5591
0
8088
2
2979
1
0
0
1687
0
36562
44756
0
1785
6
1647
16309
0
13197
540
0
0
8
3365
14926
4
0
937
15965
12099
9
0
1832
0
0
9036
0
0
0
7
6043
1201
972
0
0
0
40273
0
0
0
4
0
11561
28300
47890
66
0
180
12719
8990
1
0
0
0
0
1892
10029
23218
0
0
0
0
23
0
0
0
0
0
154
3
334
3131
0
23
134
0
29541
19
0
0
0
0
0
23003
2
450
0
0
9
0
0
0
0
2176
0
20194
8
0
2497
1327
12
2
0
1781
0
0
0
0
987
0
36327
44706
0
1715
0
0
0
0
0
0
28905
35940
59
4
0
0
0
0
3058
0
0
4
0
0
147
12581
0
0
15
0
2
0
1896
0
32030
32432
43270
45
1
0
1493
0
0
0
0
0
5569
19
2
1
11247
0
8877
0
0
16960
0
51
1429
149
0
51
0
55
1
0
0
0
56
0
1
0
0
13856
12662
134
0
5776
0
0
41
939
2
16187
42
59
0
48018
14
0
34
37
8412
5
89
15
0
126
0
0
923
292
0
47400
0
0
16
10301
0
0
31
1038
3512
46395
147
2548
12
22978
3060
8297
4294
8957
5
22468
0
0
0
11111
26
0
140
50686
0
7133
707
23700
0
0
75
1302
101
52
1763
2
0
14
17207
316
0
0
298
0
0
255
0
16034
0
273
754
0
0
508
0
0
0
555
7924
136
11916
0
0
0
0
0
0
1
14683
15806
0
412
23305
10965
1186
9037
32
0
11559
33303
1883
0
38
9
0
0
14018
1268
74
332
1981
14
0
3173
8
18038
0
470
60
0
541
37277
335
1696
0
708
209
0
54
0
460
249
17
1742
1
0
4
100
3
0
9180
8
181
0
0
0
417
0
1069
21177
614
2543
0
0
76
0
0
150
19053
23
0
0
936
81
204
0
3768
7056
4992
73
2193
18114
17
298
699
1186
9
0
2
192
19226
1
23321
0
21
41
0
31
7027
0
713
30502
850
0
1479
2
10846
0
0
23611
334
0
0
41408
23
9
1
0
0
7
0
5239
0
8504
0
0
0
0
0
0
0
0
582
532
58
0
34586
0
0
0
26238
3215
3652
4552
40425
0
2
8821
11906
3263
2
708
0
0
21
309
24978
429
5817
196
6
3485
26927
0
13089
7043
0
0
2
0
127
10815
831
428
1
5293
0
0
39734
21563
113
0
0
0
0
0
6876
0
46
0
0
718
330
194
0
948
217
3
246
106
0
0
0
4463
266
0
0
0
0
0
1
11208
0
19
0
212
1177
0
0
0
0
0
0
35423
0
0
0
8
4920
0
0
16574
34173
0
78
34165
6139
0
22098
0
2051
3318
0
2477
16795
57
17197
19235
3080
0
0
322
7
0
0
0
0
0
20
0
7403
93
0
0
30
1
306
2662
326
1116
1
0
0
0
0
575
8
950
33
16
1
1
0
317
20565
0
0
14937
3
0
8
0
13786
0
0
680
5
22
4935
0
0
912
0
0
4
263
1162
1150
12250
11
5365
7127
0
159
0
52873
0
0
0
0
5982
42
245
150
1874
0
180
24870
5707
80
0
0
1
0
21
5
0
0
143
0
13882
53
0
36498
32026
3359
0
4097
13
4221
1
21
0
0
47426
4375
91
0
121
2
2
23945
45429
6237
0
0
33013
421
0
7628
0
0
0
0
11433
207
26851
0
36438
280
0
1
23
712
43222
330
3026
0
0
0
3946
0
0
454
11769
0
0
0
0
380
6422
1067
0
393
0
0
1
0
0
49
52
0
0
5
39031
17673
621
13
0
19019
0
0
0
0
0
9395
21188
0
33
0
0
414
8682
0
0
14470
0
0
0
19132
0
0
17697
4525
15306
1485
0
0
2
0
41
1
0
344
0
4
0
28299
126
12092
3
10347
1177
2
2498
0
4424
0
810
3
0
0
0
0
2
0
1333
0
930
0
6042
0
199
0
0
0
25976
10499
1
21417
170
0
17
49754
0
236
0
9373
108
6383
12596
11511
6085
60
9227
0
0
0
4
261
37438
100
375
0
0
0
2213
0
2784
0
1142
0
11318
36829
827
218
16991
8
0
0
19
2252
50113
0
10070
0
12885
12272
181
12
1246
0
21607
0
3418
2509
8627
19056
0
16065
0
10834
5207
0
0
0
24
0
267
0
0
0
0
0
5307
0
27
0
0
0
2
0
32
18030
8793
24852
656
2791
0
0
0
7218
10897
0
92
3
10875
7
469
0
7501
32253
6385
3383
666
3
9928
0
8709
0
0
10
11973
33926
13356
0
1
0
959
5
4466
136
32
7990
2
0
39383
2819
0
29446
8
25681
0
0
0
30085
21719
51
21239
4328
0
56
334
43
50
0
13088
18
13
9494
0
1
0
17847
6721
421
3873
1392
3998
84
1
0
99
4889
19547
0
2243
0
0
13
14
0
35967
44622
419
12
0
0
1
0
16708
1
11
0
321
4
1
0
1
4043
0
70
8
0
10132
33159
0
10421
6926
1
2333
13344
0
18285
0
5870
33743
7483
25
3
9
0
33384
7645
0
0
0
16159
35595
100
32
1
0
0
0
6678
0
0
12292
0
386
0
13
2852
11682
218
0
13170
0
1
2141
9601
0
8
152
562
0
10141
1
158
13402
196
0
48
0
23915
1527
3112
0
150
87
1
2
16329
0
4
0
1077
0
0
0
1346
0
0
2451
843
0
26468
4
0
1751
2749
16723
25426
11479
0
19384
0
0
5
0
1784
179
1095
6
0
166
2548
5
0
326
0
0
14197
0
2154
7748
563
0
0
8895
0
0
0
21
0
0
3
0
34306
0
180
14419
2
525
25
0
2
0
874
2003
15
628
3
179
0
1
1472
20555
683
0
0
595
20610
0
0
35402
0
0
0
0
0
17800
3192
373
421
22023
0
10031
36019
31
441
153
0
28844
1326
8
0
1065
0
20
31
0
0
0
204
0
6771
41
1342
0
338
28
1668
360
1
2
201
10973
90
4604
0
4595
1444
2091
8
15
10711
14
0
0
12192
646
0
0
0
0
10227
2
45
0
3079
0
46
0
79
20
3305
0
55
0
816
66
0
94
0
0
0
7993
1
10293
979
15471
0
6611
0
3156
1963
38830
4742
3735
3
268
0
11403
187
0
0
0
2717
35681
0
0
3517
2462
23029
13413
8332
2125
4946
10469
0
0
1
0
0
68
7325
16754
92
0
1
2
10814
2784
1
4887
245
26813
0
63
0
19989
9
11203
39
0
80
1966
21280
4
0
52
177
15
0
92
261
4858
3743
23
404
0
15994
5704
0
2601
91
0
30
0
199
0
6
0
956
43949
0
20
0
485
8
0
1265
2338
0
589
0
0
3053
2681
0
19423
4836
6650
11633
0
7131
2590
370
1519
14
36163
0
4
45286
0
47
482
0
0
464
0
21768
0
0
21294
908
11831
0
0
27829
29556
93
9
0
1998
0
0
1
2667
35023
15941
16
13335
2
0
0
0
0
595
11
2
10
0
6174
3086
305
0
337
26641
0
1
14
0
0
0
1488
0
1
2560
0
12
0
243
3
180
0
5367
1
0
0
344
192
3884
11631
1124
0
220
0
49637
1502
159
0
0
14077
4
0
370
15677
0
0
1348
1
0
33524
47159
0
7459
26652
18
22419
24
3600
890
8433
0
48
411
0
0
232
5
186
0
0
0
0
0
0
230
1349
0
0
0
566
0
945
0
1052
0
71
16528
0
1
1504
0
0
0
48
3
567
1548
0
0
7348
0
0
0
6165
0
1154
19502
6
0
18587
0
3998
1881
650
0
468
3469
0
6004
1558
11
0
4580
1418
0
0
0
2606
2556
0
3
0
2
0
0
0
0
174
585
121
38661
10867
0
18474
794
0
2286
1416
1177
308
0
0
0
0
64
18791
0
0
22325
13
43113
7
8371
11941
89
6
1841
13211
2
159
954
0
11245
0
0
0
0
140
0
2
0
0
0
0
44
2
0
4
10141
0
6442
5353
0
0
125
0
0
7
300
65
4
0
0
0
5901
0
2710
0
822
1
8
1
452
26670
6
0
0
689
0
32870
3016
6
0
0
0
2186
35
130
2278
0
356
37005
12361
0
2
42959
0
24289
0
0
0
175
0
41
60
219
0
0
21122
24634
1
0
137
0
19
0
3
2
519
14557
0
4212
21048
16987
289
948
691
45727
167
0
0
2
120
0
9666
6477
188
4175
17945
84
69
7822
1
2518
0
0
279
127
1
1
16039
111
0
179
0
0
0
17857
0
0
0
7
1
21980
0
27157
0
5
0
3580
0
2901
0
0
2719
0
7002
0
3
0
0
8648
16831
0
3295
0
40728
778
13620
6684
215
239
219
3583
2772
0
0
0
0
2
3904
23
956
23413
44
1129
0
2666
0
0
1639
15931
463
189
0
148
0
19986
20
9358
12
2
12434
3
8883
9
0
5
0
1
0
13695
0
0
1
0
0
491
0
0
0
13155
22257
0
0
180
155
0
0
0
0
11687
0
0
2
0
20382
64
3860
1
0
5
1747
26778
61
8
22
0
17202
0
0
35
23164
0
46
214
0
0
0
0
11741
0
6883
0
14
0
2
101
0
0
72
0
9320
0
0
0
25
0
789
0
6940
2303
21858
0
555
9621
10
2
13
0
0
0
0
0
7
665
0
0
0
7
0
2
46309
0
21433
4415
15787
18712
18
0
0
34339
0
4
0
1764
0
15848
3223
0
16378
36
0
183
0
0
46
27348
0
6727
0
0
1764
44583
1966
0
18
57
4616
4
1512
0
0
1119
0
9950
0
0
17050
0
0
11
45134
15
8806
0
2316
0
48
0
77
13616
0
126
0
0
804
90
0
10
7325
6729
79
0
24761
0
0
1
0
832
0
0
3
370
0
7239
0
0
0
868
0
846
30863
14086
13283
50
12576
0
7
18601
0
807
10107
7492
195
8
1049
0
305
1027
0
9014
10
2627
0
1
3
3
44908
31617
5761
27753
0
2
1030
13
39873
640
17160
7077
0
23
48
0
21065
6675
20484
0
3149
240
0
0
3648
0
0
742
136
467
0
0
0
0
0
1
0
27
13152
0
0
28
1
0
0
9134
6745
0
41606
0
524
22957
0
0
32448
860
5694
2282
0
20564
3374
1636
41
0
0
3870
1115
10
3104
2
6
0
0
0
1969
1085
0
11
0
57
4
99
0
5
0
2245
49780
406
5
0
0
3317
5456
0
2870
40178
0
0
0
3336
12828
3
20
0
1507
286
43148
0
1153
0
3
0
0
0
0
19156
1108
22307
0
0
0
0
15
3805
165
48896
2
276
0
54713
869
219
17624
8814
1688
0
0
250
0
0
21
1638
0
1080
0
695
0
0
0
6428
25359
658
0
2100
434
0
0
0
12441
6032
0
135
0
0
689
1
0
0
19
78
7
0
478
0
41886
0
0
152
29
10541
1686
25198
5914
3
7
46
16333
1
12233
2
0
0
0
4483
600
0
8
998
11552
0
