"x"
26491
2
1796
0
4
7
0
4
0
3056
0
25668
0
0
6
0
0
2
0
4
46
2
87
15403
14
1
1395
110
0
70
2151
0
0
0
0
3
0
3
247
24
0
177
164
1
773
0
6
1
2020
11
0
0
3
67
20
33499
6
0
0
1
0
0
0
2
4
0
15
4
22679
0
0
179
17690
29
6
5
5496
2450
0
0
277
0
0
245
0
0
66
0
1
6
244
0
0
0
8
31
0
18
0
3
0
0
13
23439
0
0
0
25
0
1
0
4
31
10
0
0
0
327592
342
9
219
1
0
6159
647
0
0
541
5
211
2
2
5
12
1
1
7878
6
867
0
1
19
0
98
0
0
9
12685
4
0
399
2
10
1505
0
1
2
0
0
405
0
0
328
223
17396
39
0
0
13
53652
2
0
245
126292
1565
0
6
5
5
0
88
12
14
750
147
0
0
0
4
46
0
283
3
0
1
0
0
173
0
0
6097
0
0
12
2
0
0
0
0
0
1
0
34
0
10
1
330
76383
23462
69
36
2951
0
0
1249
4
5107
568
0
522
0
5421
3155
368
0
0
0
431
0
3970
191
163
0
0
1365
5624
0
3
129
0
0
0
0
260992
67
108
0
12
5
0
378
2060
599
0
0
28197
0
2
138
812
0
0
157
7679
70
8865
0
0
11247
8
819
629
1598
80
3996
624
0
2
2186
0
1
0
6
0
0
1
0
0
10
17255
0
0
0
0
0
266230
0
0
0
40
23977
0
1
0
115722
0
2112
0
0
4040
0
1635
8
40
0
10
0
3
160
4
4
3
0
0
16
2
1
0
109
0
3
0
0
0
479
9
42
126
513
823
210
2
7
0
98812
29453
0
10
1
0
0
0
2
4
0
0
0
19808
3
2
485
0
21
0
1
42
0
6
14
38
0
0
1
414
184
1
1
73686
0
2
4
0
3
27
106779
2
11769
46
0
0
0
64
7
35
9
0
0
15
5
0
2
108
31
4
53
15
17956
210
2
0
1
0
0
0
18
0
0
2
0
12
6
7
1
0
96
7
1
0
0
0
0
7846
450
88310
0
0
27
1
1
0
4069
3
0
7
879
0
0
1
0
27
119
6
9
0
1607
1264
6482
2
68546
0
0
3
0
276009
0
0
2
0
1
0
0
17
23775
118
2
0
0
0
10878
1
3
324
32
0
9
0
1
0
2
1641
0
0
0
8
605
11
0
166
35
7
9
0
1
0
0
0
90
0
1
0
14439
642
164
3033
100
0
0
0
276
0
0
0
0
1
2486
0
26
61
0
41
198
1
31
0
21
0
32
20773
26
8
0
5
2
0
24
0
0
19
5
2
40873
35
189
0
3
7
0
0
7182
3
5
0
0
1297
69540
0
2
9
1
38251
0
7
0
178
2084
733
8
34
2
227817
7
0
1
0
8
2
38
1140
0
56
760
70
0
0
0
12
152
1
0
3
457
0
0
2
128
0
9352
2
16
2569
31
0
97
0
219
551
1
0
52
185
0
0
2
11
525
1
0
2359
0
58
38
400
0
210
381
1
2187
0
0
12
2
3
41770
0
0
336
0
24
0
6906
40
0
1
0
3031
0
9361
17845
17
0
8
760
0
1434
30
0
111
0
1
2
83
8
0
0
166
0
0
0
18
779
0
156
3
8
1
2
0
0
2
78
2
1291
0
2568
45034
142
7
0
0
2
0
0
0
0
2571
0
0
0
1
2515
0
0
12
1
11
15
0
0
45
1
59
4
45
1
0
0
0
5
0
4
0
4
260
517
20693
0
0
752
686
657
2
0
3686
4365
3
86527
0
0
10511
0
21
1801
2
12
10
5939
0
5
17
1
5257
3
0
1
2
0
0
0
6720
77473
0
867
1
246
0
2
0
13
2994
8406
0
0
0
0
1
158
0
14256
8
0
0
0
0
1
0
1
2
17992
746
0
0
5
0
746
5550
17
53802
0
4
0
26134
213
0
0
0
939
0
12
0
54
389
6
3
7
13
436
0
0
55
12470
0
2
0
0
0
9079
46
0
0
0
125071
5
0
8
0
0
2131
801
29
0
0
0
2
0
342
298
70
98
0
3039
26
51
46
241
397
0
0
38621
767
0
0
2
0
8
105
21
324
22964
0
20
4
44
2
494
646
0
0
26
0
0
78
5
33
0
0
170
0
0
0
0
0
453
496
1
0
63
2
32
1
0
10
0
197
3379
7
226
19350
750
13
12444
5280
0
318
2
0
243
0
5
3
2
1
0
119
0
6
119
115
1333
0
3
2
9
431
34576
68235
3875
221
441
408
49
0
64
41
0
0
0
0
0
0
0
0
1392
2
155
0
0
2
6
6781
6401
655
9
0
60
4656
5
16
1
1
66
53
375
1
191
28551
2
0
30
15
2
0
27
3
0
647
1
492
12
18699
0
25
4
8
7
56
0
1832
0
751
39
0
0
0
0
163
2409
85
0
6
28
0
0
2
263
124
0
10
15
116
0
0
8
0
648
13
9
105
7
0
0
4
0
1
4
10
72
0
65325
0
0
0
1
0
0
200
0
4
54
0
2
94389
1
24
0
1
108
0
27
0
59839
8
0
0
220
0
98
0
0
6470
3154
26
21
3
2
970
6
4
0
121
1208
0
67969
4298
5915
64066
2
1
13109
0
58
3
0
9
4
0
0
0
2
0
198577
0
0
2159
429
881
0
0
2579
9
0
16
0
114
7
3
0
2583
283
64
0
5
16
41
1
3
7
1499
0
1
0
2816
5
4
0
609
0
7
0
1
0
5493
0
0
17
11
0
159
0
0
21
0
0
0
0
0
0
0
2
0
0
36
0
0
0
0
0
2
0
6
0
34
0
8071
0
107
2207
0
0
6547
2
731
9
46
42
0
0
1
1
2
0
69
3489
2648
0
100
377
248
9880
271
0
201
0
400
0
268
0
0
684
7
0
2941
1121
1
3248
0
2444
3486
1350
0
0
12027
87764
23
3
0
1884
0
0
3005
0
11
0
0
0
299
0
3799
6
1
726
3812
3064
5559
5195
0
332
0
0
18
0
25
10
0
22
0
0
43
0
9
0
8
0
0
2
19764
143
0
22310
1556
14599
0
0
537
350
0
36
63
0
0
18937
0
0
0
0
0
9
2
0
3
0
13
198
0
0
2
0
0
707
3
1
3
0
0
0
11
0
0
19444
2
548
77
49
2
76
2001
3
37
2
69
0
11
4
25
45
0
0
0
0
7104
1259
0
0
3
440
37
0
0
2
0
27
5099
399
0
0
2
912
0
6
0
2
0
5
7145
1
0
2
0
163
1
0
1
24
0
0
8
0
186
4
9
6
0
2
0
0
27
0
0
2
180
99
6
2
1
308565
590
1318
0
0
8
33
0
789
6
2
74
706
98
19006
0
4303
18
20
21
64
17
230
169
3
0
0
17
5686
0
0
0
0
1
241
2
3066
301357
55
575
154
0
177
46
0
0
17842
0
0
0
0
4
0
5
2192
0
71
10
0
0
27319
0
20372
174
0
29
1
0
2
295
0
810
0
21
733
278
1
0
5987
0
0
20
0
1
370
4
0
0
1
5
30
8
1
5
31861
6
0
0
0
0
662
0
3425
0
3
0
12
23482
0
0
2034
2
3055
2
0
2
1
60
140
167
0
4
41
14
2780
0
0
5
179
1
0
0
22
4
66095
0
0
0
0
0
30541
0
0
45129
0
7
8
0
6
3404
0
1
47
77593
208
0
0
6401
7
0
2431
0
0
0
0
0
62
0
0
3
320
1
212
0
586
1
3
8162
1384
447
3
844
0
2
54
0
0
973
0
1
107
6
31
0
0
4
1
1323
10
34867
0
42
0
7482
0
0
0
0
3
21
0
4
13
0
20176
0
95
10
56
0
9
206
0
1
79
0
40318
13760
324
3872
0
0
37
167
36
86
1
0
0
0
0
0
39817
18433
0
3648
4
0
9
22037
849
8
0
1463
7913
0
41
0
3
613
0
31
22
1
5
5294
2
0
3
1
0
2
0
11129
6
6
1
0
83
20
8323
1
0
2494
7
0
10
11
0
4
2
4374
0
755
0
1
100
1
0
0
0
0
126167
5428
0
4
15
45
0
117
0
203
4
391
0
0
0
21
0
2626
27530
34
0
78
0
1327
0
0
869
90
0
16749
0
0
566
8
0
0
0
0
48606
5507
1207
852
1
17
12554
0
0
47
0
1822
1
2
2612
0
60
0
39
0
0
1
93
149
2
0
0
0
0
9361
0
0
3
33
2
0
0
7
0
17
6
0
0
0
22
35
0
6
10
1
11294
0
180
0
0
10
64
0
3
0
20
2985
0
1
307
1604
190
0
32
31670
6
2550
113079
0
3025
18
22964
193
0
0
0
7
4
0
1035
0
24
9353
2
89
1
130
6
0
0
656
30
13
2
46
17
78188
916
6
4
0
0
0
1
1
1
35627
124
1
0
0
3324
0
5
0
0
0
1519
1
1246
0
0
2713
1
2
0
6
0
0
0
17434
0
6
55
7167
29
383
0
7
0
2837
45
629
0
1375
0
1168
0
0
3578
0
109
0
0
0
657
42
20
0
0
51517
43
0
1
16
0
1
1
215
0
224
40190
0
0
1
3
17
1
125
0
1263
0
0
6
0
0
12741
10
603
0
0
0
9
4
2
26
91
3171
595
1
0
0
0
0
0
5
0
1
200
6472
13
1
55
0
3152
35
0
0
16754
8
1
11
2
0
6
2299
1976
0
2
3
611
9
5
65
3549
3233
0
0
1078
0
0
16910
2
15537
50
2
0
0
0
748
16113
559
5
2
0
0
0
226
61917
43
20
0
0
29
0
0
1
3
4
5
0
2
9
11
8
56
0
4851
10
125
0
0
6
31
0
0
0
3
0
0
6271
6003
3
0
48
0
8
1
0
1
2
0
5
904
0
0
1
34426
0
0
131
0
0
1
27
1096
12
0
112
367
2225
0
5
2902
0
0
1
0
0
0
60
49
24
509
16
7
14671
0
0
9
16
38759
46483
0
0
0
0
0
0
0
14
0
0
0
52
24011
25
0
1
6
0
310
0
0
159
0
0
23
2
52028
9
0
0
6998
1
0
12
0
2450
0
0
105
1309
25
6290
22188
0
2
0
0
1
15
4
1098
11450
0
505
0
4788
0
0
0
194
28490
109262
0
22613
151289
1
1
252
0
0
1
0
0
0
234
6
5
1
0
13
4346
0
1
0
1356
148675
0
4098
4018
23364
0
0
0
175
0
116
0
6
69
1167
0
0
437
0
157
0
0
4
20
8
15499
8
0
2
1
0
7
2
0
621
8
260
0
2
0
0
796
1152
2
0
0
0
133
2170
2
0
1613
60
3853
0
1
1473
2
492
0
0
0
2
31
1
12
121363
803
0
0
14
3097
2096
144
210
0
0
0
1309
0
0
6432
0
19
0
40
65
10
14
0
0
0
0
0
0
2673
2
0
4
16
0
7
0
91
11
95796
0
0
2
1717
1
307
2
0
0
5
0
36
180
2902
0
0
143
0
0
0
21
105853
10
0
0
15
0
8467
30
18
96
141
20
1
1730
4092
14
0
5
0
0
18
25222
1132
445
0
971
0
5
3
0
652
19
0
8
615
9
0
91
0
39
4
62
12612
1
1
35
47235
2
1
3284
0
0
1
0
45
8
0
0
0
0
0
0
39
6
0
1
118
7130
385
228
1
95
11
101
1102
54425
10860
7
356
986
0
6
9
0
0
7
0
97
0
1
0
580
36
0
0
3
9
68
187
0
6
34
0
106
0
6
5509
7
0
8
12570
69
15
60811
2
0
102
0
4
45
0
4
44
41444
53
34238
0
31493
279
2
0
44954
3
820
42
6
93
207
269
2
0
92
3
0
1
0
0
11098
0
0
4
29026
3
0
42
83
64
0
72
210
105
13
88349
0
76
0
0
2
159
73629
151
352
1
0
332
2
1820
0
108
692
23793
1
1
0
4
10
0
7
0
0
0
72
0
1
5
0
646
2
0
0
0
247
0
0
0
433
46
1
61
0
0
0
0
0
19
1463
0
0
96116
0
34
2
115
0
13228
0
1
0
0
7
227
1
0
1
0
2
4
0
0
5
0
0
0
0
3297
6
7
34
0
0
7
2
19
0
222
351
0
0
8
0
0
91
62
0
0
2733
0
0
119
63
25
14
3158
1
216
5
0
6
51
5
128
3
41
12605
1
1
2
14
0
13
10
188
57
0
0
0
2
2
0
0
0
10
10
0
0
77
162
0
0
2
272
20
2
54673
25
6
0
176
2
0
0
0
312
0
0
2
1
5
0
0
0
13
0
28
1
2830
453
7
0
146580
0
20
29
26390
0
0
14
0
75
0
0
2
0
0
0
0
19
0
0
79
0
37
129602
16
4687
227
0
0
1
0
0
0
0
24
1
0
5
0
0
43
0
4
0
0
0
14940
75
2
0
1
18096
5
0
6748
97169
3369
1
5573
1280
6057
13
1
0
0
1
19
0
0
0
1
9706
6
4
7
13
2239
46
33
9
0
5751
1
0
0
0
1866
17549
0
0
0
7
598
4
6
0
34
0
0
2
7
4806
0
395952
0
9836
0
7
2031
1155
0
2568
93
23246
2
0
0
0
0
12
1
0
0
0
2
0
0
1
22
105
0
1584
0
26
0
0
2
90
0
0
10
2
0
179
97189
0
89755
6166
8
24225
9
0
0
0
0
0
0
9642
82
0
101
2
0
212
0
0
13928
6
6
15140
0
9
240
5
15
49
0
1
0
75550
0
0
0
0
0
0
30
13
5
7
3
0
4
1
680
13363
0
0
76
0
5226
762
966
0
0
153
0
24
43
24
0
0
2
0
0
0
39607
3
1
0
0
0
0
3062
1867
44
607
7
96
1
0
2
0
12
0
4
0
32
0
0
4
11
0
6
9195
0
17084
4
2092
115
97
124
0
0
0
31
0
1
1
1469
154
1
14
0
2
14
1
139
12
7
18
0
4
0
1
52
4
0
17
3
523
0
0
27
0
45
0
0
118
4
0
0
0
0
2
0
15024
3
0
21
71
0
8550
302
123
528
3501
0
2
88
25499
16
5929
47
506
1
5142
184
0
27
0
107
0
0
5036
0
0
3
0
0
34
10
548
0
386
6
1
381
61
14057
0
39
12
13
3
14795
1
6
13694
264
65
0
71
875
8
0
0
550
0
5206
18668
11724
9
0
0
0
1
0
0
0
342
232492
1
8
2
0
0
0
879
0
0
0
0
12967
24421
127755
0
1638
2
33612
1
1
0
3830
0
119
25962
6954
0
67
0
335
2
0
0
201
1
0
390
0
0
82
54
4
798
1
2
0
1
29
50
28801
0
165
39
1
1111
11
91
1
29
0
4
0
1
396
0
157
0
33
0
0
0
9
1296
8121
60
0
0
0
8
1447
0
4
16
13733
0
0
49712
0
0
0
10957
0
1
0
0
0
0
1365
0
25
8828
4848
0
536
1
0
1
1
1
3
0
0
13511
5
1
3
32698
2235
0
20160
1
33399
0
0
4
0
0
3
0
0
29
0
11
0
8
1
0
109
0
1
0
5
15
1
0
0
6
3
0
0
0
0
10
0
8
15
96
1264
1
0
36
0
0
0
638
117
44
7
0
5
0
1
0
0
0
8
0
0
1322
76
4
2
52
331
287
3
0
0
0
79
0
0
2
0
0
0
17
0
0
0
42
0
4
7
480
0
0
1
0
1
578
7018
6
6
0
13
22
0
0
875
896
0
9
220
4
5010
3975
1
0
782
6
0
0
1
13
0
0
10928
0
0
25807
2
2
47275
0
1
0
42572
1366
491
0
119366
13
0
72
6
6
0
1821
1
0
0
0
36
2434
0
0
83
90
0
0
0
0
31577
0
2
31
8
0
961
7
2
7
57
6
15
0
9
57273
723
88
0
1
0
8
0
25447
0
13
229
2
6
33
13435
5341
9301
0
46
6
7187
0
0
0
36714
569
0
170
111
14
2
0
1970
24
0
1
968
0
34614
2920
90
3
2
0
0
3
25
0
21
18
2
0
0
174
25
0
5
2
5
0
3
9
8828
380
0
9
227
0
2
68
4
2
7
0
1
0
2683
182
0
0
8
1
95
1
0
2074
0
7
1
0
193
0
1066
0
101
16850
1209
151
0
0
1367
16
3
0
8
1499
0
6
5
6
0
0
3
3
18
0
772
0
7
7
0
117
19
7
0
9
1215
0
4486
403
35
0
0
6
7
84
0
0
0
167
0
2
0
0
0
0
0
265
145362
761
63
4491
3
0
8264
0
0
7
11
0
91
1
2
2
0
17
39
7
1
0
0
0
3679
16
46
13
1
0
0
10
300
20
0
5
264
1999
0
0
0
183
0
0
803
5
4
0
0
0
0
26
28
100
20
15
0
146
8
0
0
2
0
5
1963
8
3
0
0
86
0
5
32
67
0
0
2110
0
1
0
245
0
8584
1074
32
0
0
686
37845
353
0
21963
164
5
47
61
62
554
0
2
23827
0
11
13004
70016
15
1256
0
0
0
225
7
0
0
0
2
239
1
4312
4
1
0
3
1
0
0
6011
0
0
21
1
0
151
1
0
0
3
3
1
3975
0
1
338
106
0
15
0
7092
1
392
145
8953
0
624
0
63
4
5
4
0
7
293
0
5046
0
7
58
0
35634
2
10276
0
0
0
2
3827
14
0
2458
0
264
2
0
8
0
0
3
0
0
3
0
0
9
13
36
0
122562
2
0
0
0
133696
1
409
0
0
15
0
0
82
0
0
0
5
0
0
0
0
0
0
0
0
28
115
6
2541
0
0
0
0
1
30
2580
570
5826
671
0
0
739
9809
0
0
1
0
1
4
0
121
0
0
0
1
581
3
27
1
480
10303
5
0
0
0
32
45
1346
1
245
0
0
0
1254
3
11
0
4
1
0
62
0
0
2148
0
0
427
1
2
3
63
1
7
40
191
7298
1
0
0
0
0
6
0
33816
20
3
0
0
0
0
0
964
1632
17
2
238
2
0
468
0
0
0
135
8
5
0
2
7366
539
0
0
0
357
0
0
0
6697
0
0
0
0
0
1
3
0
0
24
185
9457
165
0
367
0
46
0
0
6
144
0
37
0
634
878
0
0
0
1
2
682
0
5082
15870
0
5
3
0
0
4
5
0
0
4
0
106
0
0
0
0
0
0
1294
1052
406
0
18
7719
616
564
2
0
0
1
0
0
41
31776
1412
397
0
5
54242
9934
2
0
0
0
6
0
1
2
81
27
2
2
0
0
0
1
0
7
34
285
99
48
6
8
0
26
0
20050
4
1082
5
4
0
1
64
95
0
91
0
0
23631
232
10
0
6
0
1
0
662
787
1335
8871
0
0
0
0
0
2575
0
0
3
0
3
2
0
5
42
159
3
53
4
34
37
19
0
0
0
0
0
0
6
9
0
0
1
1
12
1
0
2162
15
0
0
9
0
0
0
124
0
0
2
2
31
0
4
1
23
307
0
0
1
2
6
0
398
5
2
1
501
1
1
0
6
0
25
157
41
5299
2
173
350
1149
38
4
5
104
0
1
0
1
1
0
0
5
0
0
1
11
3
0
2
64
0
0
11
0
0
9232
0
0
0
0
0
0
3
0
0
0
5
13
57227
705
0
0
0
16
0
15860
0
45
23
0
0
0
18
0
0
8
0
1
0
10
180
136
0
2186
17
3180
0
0
0
9167
21
3
77
5
2
3
1
0
0
0
87
5
8317
0
1
16
2
2
7
4
0
4
0
13
17
0
0
0
2754
33398
1
123
20
18
8
107
0
34
0
208
6
493
0
1089
7
79
259
7
0
0
48310
20
0
4
0
10638
0
4
1
260
29
32
34088
25
12
4604
1
1945
0
64
8
0
2956
4280
1
5
10364
3
0
135
2467
0
0
263
0
43
1
0
0
21
4331
16
1913
0
2
10
0
183994
3
4
0
0
162
19015
0
42433
7
3
33
12386
0
0
0
63
0
0
1272
0
2
24901
0
1
609
3
0
0
1
20
0
9119
5880
1
0
2
0
0
43
0
0
110
6797
1
7
7194
217
6
1
0
3
187641
1
945
112
0
6
3
3
7
160
1
231
0
9401
11
0
0
0
0
6509
3
5762
0
3
1622
4
0
3
0
0
2512
8922
5
122
0
0
72
37
772
0
7
0
0
1
0
21
6
4
49
330
15
29535
0
0
144
3
39
6
64
439
220263
0
0
1034
0
0
0
0
0
1
1318
0
6
0
146
0
0
0
26
0
9
3
1
67
1797
0
0
0
931
6293
16
218
32
9460
0
0
282
2
0
0
0
1
166
0
145715
60
0
0
343
0
0
275
2
0
0
94944
0
0
0
32
10
25
0
1
37699
10
66
0
15340
0
0
0
0
359
0
3
0
0
3
227
0
0
95
0
3
8
812
4
9
0
0
0
0
79
0
38
0
0
925
76
1
0
40964
0
0
0
0
3
1
597
0
3711
0
730
211
0
3
0
5
0
36
1
281
8
9
0
0
1
2271
42
24147
72
0
0
89
1
11
6
0
0
150
50
0
3
5524
0
4648
1
21
0
2
2
0
0
15
90
15
0
0
0
33659
0
78
0
7346
2882
0
0
22
73
0
1070
4734
0
0
6270
454
6
0
1956
1
0
0
365
83
0
217
772
13
112
0
0
3
11
14
1599
0
9
48
921
0
4
0
12
0
2319
2690
102
0
6
0
13
3
0
4221
0
140
23
0
0
61
6
0
369
0
0
0
5
1
1
0
3
4
2
34
0
0
2
36699
4
0
0
0
0
145245
4
0
0
221
8
62
1051
6
0
1
0
67596
1
0
48
0
6464
2
0
2
43
124
0
2557
18228
100
0
0
2
10201
47
9
2
8413
7002
9
0
53
13
0
3
6
5620
0
0
0
39994
126
0
488
0
7593
1
148
107
17266
5
2
134
7
0
401
316
0
11127
0
0
1
1
179
0
29
66
0
0
0
267
1
62
0
128
0
22
0
22
26
21
4
616
36
0
0
8
5
0
4
0
0
0
47
0
2
488
4157
1
2
0
0
186632
56691
4
111
0
1
1
9
1
1315
2751
0
0
0
6946
4656
8
2
2
0
0
13
0
0
3949
0
10007
0
6
1
1384
0
0
3
0
315
0
0
696
0
0
186
0
215
0
41
3775
0
54
1259
106910
26
37
0
7813
149
58287
0
390
5
275
0
8
0
0
0
11281
3
0
1445
5801
2
10
7
0
0
2
22
0
5
15
2640
1952
8593
0
1
0
0
0
4
4
0
177
0
1103
5
0
182
7
9
9241
0
2
5
57129
5
0
0
158123
1
1
0
0
885
0
0
21933
54
1372
0
1
1892
0
1
2
12
0
2
1
0
2627
0
100
0
0
9
0
3
72
1618
15
1088
3
0
4
12
4
8
0
2
4
0
86447
6096
3926
0
12
702
167
3
1
1
5
889
56
766
0
99
0
348
6
2
1948
499
0
0
970
0
3
90
565
3
909
0
0
2
0
0
567
0
49
59938
0
0
0
4
0
2
0
71
0
16
31846
0
0
9
3116
8
0
0
834
57342
0
12
0
2
0
0
0
42
7663
2
2446
3
0
0
655
12
0
2
17
0
0
0
0
0
0
4
44
0
0
32
0
340
0
0
3425
0
6866
21
0
0
4
9142
0
0
3
2
4933
0
0
26580
3
50
312
65232
19
213891
0
60
0
6
3025
38
32
0
0
0
0
3
10
0
0
39
0
1
94
0
101
0
0
127
0
1
2
1
1497
0
5
14370
940
0
0
3
12
0
0
2
0
3205
2430
279
2493
0
3
0
10
0
0
83
4
0
2933
6550
0
62
91487
0
0
4
7745
0
17232
0
14714
8
6
362
0
1
149461
208
4
0
0
1
0
0
0
5
1608
12711
0
1
515
0
841
30
3
5
0
0
0
1
0
0
342
0
6385
18
0
0
1
0
64
0
163
6
0
4
1
7
0
104
371
374
0
0
0
9
66408
14
0
0
6
0
0
0
5
22
5
0
97059
0
4
0
0
0
0
1
0
0
4
0
0
0
0
4
0
497
376
0
0
3
32
286
0
0
2
0
2
3586
0
1
0
4
0
2407
41
108
0
3
320
158
3
38
1
102
0
0
84134
19569
0
16
19
460
308
0
75
7
245
2681
36
0
419
1344
0
0
7
12
5
153
1
1
0
7281
69
0
1
0
143
73
0
3
13011
4461
12245
0
0
20
7
0
0
0
0
1
17
752
1
5
0
0
0
0
0
80
0
0
462
4537
40835
80
24651
15452
7
1
21
2
0
0
2
1
0
0
0
0
54
97
1
138840
8
107
94
8
3
2
104
3
0
1503
0
14
0
0
1241
41
4
90
5
0
0
0
6738
0
0
189333
2
0
1719
40
0
1
0
0
0
1
53
0
3
0
37
6257
0
6075
0
0
30
0
0
1187
0
0
15892
1
16059
0
0
0
0
51
177
4
0
0
0
2
6
0
0
1
293
5
0
8312
2
3235
4373
7
135
33
3
3
35
0
0
0
99339
7
2
0
2
4
0
12
5
23
0
0
0
74
0
33
2
0
248673
0
0
0
0
1702
23399
8
4
19
131059
3
4
32390
221
185
9
6
80
13406
10
0
51949
0
20
0
35
0
3
2
0
5900
0
0
4473
17
3136
1
1
0
0
101
0
0
158676
69783
353
0
0
0
1
0
0
7
6
1361
0
52760
0
4
0
440
0
5
0
4
16
81
28
0
0
0
0
1
3212
5
171
0
0
4
0
20937
0
5
4
0
47
0
68
2
39
0
50
0
1608
25135
0
0
14478
6
0
19
87
120
0
0
0
3
10
0
111
0
0
1
468469
135387
2
119388
1
73
0
0
0
22
3216
1
3
0
0
0
0
0
0
41
0
2109
1
291
0
0
0
6771
0
5844
0
9860
3
11
0
90722
106
3
0
4
0
26
0
0
0
1
10
0
225
0
89
0
1398
0
9611
0
135
1
0
0
0
0
458
11
0
1778
0
564
285
0
3
38
0
4
1
0
1482
4
58
6
106
0
0
1
42
409
84
8
0
0
0
16
0
0
0
0
8516
960
2
1
2
7
0
1
217
9
0
1052
0
19
0
0
0
0
439
63
0
770
0
0
0
0
0
42526
15152
834
0
0
0
8
0
0
20
35276
143
0
0
0
10
0
0
0
0
0
456
0
284
12060
60
0
2
0
9
17229
15
295
96
0
74
0
0
52
3
0
0
498
0
0
17235
23
0
6
25
18
15190
4
1
0
0
813
0
0
0
75
0
0
0
0
0
3
1802
450
7
42542
0
4614
1
38
95
169
4
2208
2
0
130
6
79
1114
30
0
3177
67
31718
0
17004
0
1
120
0
0
0
2
2
0
2
2
19
0
1574
30872
2
2
0
0
22299
0
1
0
12189
0
8181
1193
55521
0
0
290
0
212
0
0
0
140
0
1
0
0
39
11525
59
0
0
782
10
0
1
8
52
1878
3
50
1
12
2342
1685
0
0
0
136
0
0
6
624
0
11
0
109
0
0
0
120
0
0
0
16163
29726
0
0
0
547
0
0
150343
34
51
10
1
0
0
0
0
123974
58495
0
11
0
2
0
17712
15
4
0
0
51
1854
4410
2732
0
262
2321
0
0
2
0
63
0
124
0
244
252
0
0
0
1
4
5
779
0
7
0
2
4
0
17
13784
1
11
0
0
0
10
164
0
5
0
1
2
33509
2
9
12368
0
0
0
30
736
9
22
181
0
0
0
0
1
0
12
5
0
3
1
1
1239
0
279
4
4
169408
0
0
0
2
17
1
151851
108
2738
0
41
0
5
0
243
2
26285
0
0
0
10
1
0
0
23
1
0
437
0
1512
16374
0
3
5
0
0
23159
56428
731
61
20
0
2898
25
0
6
4031
0
48
2
1
16
0
0
12
1
623
0
43
15
9179
15
0
2
62
0
2
32798
3680
0
18
0
300
22
19387
0
2379
2
42
1
3
0
363
11
8751
14
0
4082
367
5180
0
0
28
6
2
4
20808
0
0
1
0
57
3
266
3
0
4052
26
50
0
1464
183
0
3
0
0
0
13855
21191
20
0
8734
0
0
2200
0
0
332
231
2
4
10
7
5022
0
2
1401
2965
38009
14276
0
0
5255
8
81
0
0
0
4
1
0
51
4
131
0
0
40489
3643
13
0
0
5
1
33
3
0
2
0
2
2606
0
0
0
32
0
0
0
0
0
1
0
1234
9026
4
0
0
0
6
139753
0
1
0
53
14
0
0
2
2658
0
1401
69
0
7
0
0
0
1
2
69
0
3
0
157
0
16
279
0
2
2
0
0
1
8
1043
0
0
0
8
0
6259
0
1
12
49
1277
0
0
6
272
17
0
8
1
0
0
79
0
0
0
0
0
0
2284
0
631371
0
0
494
0
0
0
5
5038
4
0
0
22
458
2
0
1
0
0
0
410
4
0
0
33
0
1
0
0
0
0
1
0
3
412
63912
0
0
0
28
428
544
9
0
8314
2
0
6242
5
10
1
0
625
0
0
3
0
0
4
1555
0
0
3
0
0
57
297
0
2
0
16
4
23
2007
1
0
0
1
1
3
2152
0
3
1906
0
0
39146
0
0
33
0
0
0
306
10421
1216
0
0
0
298
54681
13398
2
0
725
0
4
1065
0
6
13
74
0
0
0
0
6
0
4
69184
12
45
62
125
0
0
0
0
0
3
140
0
5
13
75
0
1313
0
50
1367
0
41
18
2
0
3
17
11
0
0
0
0
2
0
0
0
0
2
0
53272
939
0
0
1079
0
0
89
1710
16
1589
4
871
0
1
6
0
0
19159
895
0
2
27
0
6
93
0
0
0
0
129
0
13110
0
0
14
6
4
11
682
0
3
0
0
304338
0
0
0
0
307
1
0
0
0
7
1055
20523
0
9
277
0
0
2306
0
2
863
0
3
20946
3015
0
53
0
9
7809
9
3
0
607
0
49
112399
0
68
7
4
0
0
9
18
0
0
608
0
50
6
14
3
0
0
13
0
0
0
0
2
7
3626
0
2
7
0
0
1459
0
0
5
715
1080
1
0
413
8
0
4347
0
0
1392
3
0
741
25987
41
81
0
0
0
34
94
50
0
6466
2241
136
0
0
0
0
328
0
4677
0
0
3
0
0
33798
4
0
15507
0
1
3487
6
0
0
60
0
64
2314
2
0
0
1
3
1
2
0
1
0
30
0
0
0
1
3261
57315
1
1487
7
0
336
44
0
0
0
0
1401
0
126
13
0
0
7
0
1
0
2371
0
4
1231
1092
0
4873
2
7
0
19470
14
167536
0
2994
0
0
0
3
37
78608
0
1
4
2
0
0
0
0
2
77
0
0
0
2
2
188
0
15
0
0
0
0
16417
2
585
0
0
0
0
27
0
1
141
31
197
0
5543
0
0
3970
2
304
0
0
0
492
0
110
40602
1455
0
2962
1
0
11
134
0
4
40212
0
128
1
15
102
5
1
7
0
0
24
641
142236
0
0
0
36
0
0
284
0
6
0
0
110
0
0
317
24222
4
4
0
7
0
0
5
0
37
0
0
1
2012
0
0
1
0
3509
0
0
59
0
16
296
34450
0
0
0
0
3149
0
24609
71
0
6793
0
0
0
0
3
60
1170
0
1
95
276
7573
9
52
1994
0
12
5
0
0
0
43828
238
0
112
1
0
4
1
1430
4422
0
0
2
100971
0
8
0
0
397
0
0
0
0
99119
818
40081
3
14
25
0
0
71
0
358
31
107
0
1
21
0
0
34
110
0
0
0
71612
719
80
0
2
0
29
0
0
41
0
0
0
0
3
0
12464
0
2
14
2
1
13
14
316
0
10
0
0
0
0
49
0
0
0
0
17
2601
4
16
2
1914
4
11
3
159
1312
0
4212
149
0
0
1
65
0
120
6
1
16
0
0
2492
0
0
0
92
0
295
0
0
13
1339
10569
138
0
1
1
7
2
416
155
0
119
2
0
0
0
0
6
0
149
35
0
3
346
0
0
4366
18
0
0
1
1745
32
9
836
1940
0
1
66
4
0
0
0
0
2
5
833
0
2324
0
0
1
2882
0
6871
0
0
0
0
0
0
98
2
134
0
2
0
0
0
0
0
5306
0
0
14
8
7
0
0
0
21377
0
0
0
26109
11
0
2
0
1
22378
304
10175
0
3
0
0
6045
0
0
13
0
0
80
0
0
6212
0
14
5
0
0
0
186
3882
0
9111
9
19
28
0
64
0
0
2
0
3
3
0
14
0
15
0
59
9030
265
203718
2
4
18
505
0
70
1
2153
0
0
2
285
0
14
4
0
0
7
0
432
0
0
1
0
42
16926
5
1
2
21
0
716
1
382
0
1203
28529
5533
0
0
0
0
1
0
16
0
0
57
39
99
0
15
0
697
56
144
9866
4
0
0
0
0
10
3852
4
11
0
48967
84
4488
0
711
30628
0
67
35240
18061
40859
15
0
4
41780
0
0
0
3374
4718
0
3
0
1
5
20
1
0
22
108
5
0
1
0
5
0
16
4
3
10
0
0
7
5
0
61
0
1864
0
0
0
50
0
201
0
51
0
2
0
2
0
0
0
0
160
5
0
0
2
0
2
2
3
0
5
0
10
1
360
0
1
0
1
16
0
1
0
0
13
5564
0
0
344
0
0
156
0
0
41
4
57
547
11144
0
0
39
0
0
2232
1
6
2
0
89
1
7
275
0
40
528
0
14
9251
0
190
0
11
569
0
18
28
0
0
0
0
0
15
0
10316
4
116306
44
0
0
11
35
0
33
0
7776
0
351
3
5519
0
144
0
33834
0
0
0
27
3
2
33
0
106
17
4
3
0
0
466
0
48
283
0
0
0
1588
0
12938
1
0
59736
15
0
0
10
1
0
1391
0
2530
0
0
0
0
0
0
1
6
0
0
1
0
0
0
4
0
91319
0
227
43276
69
0
0
12571
0
70
122
1
72139
9
1436
1
155
238
4
0
1
0
0
1143
2
10031
0
0
762
0
9
0
0
1
13
75
30
685
0
8441
0
3
0
29
2
2
46
8
0
144
0
0
9
0
0
892
2
14663
0
0
14
1
0
0
19
143052
2
0
6
171
0
0
4
33375
0
0
0
1
0
41569
0
37
0
0
0
0
0
580
28
0
0
0
278
23
0
0
6341
63
16
265280
0
21
0
4
1278
3050
6
28894
0
3
0
0
0
789
3
10
817
364
0
0
0
1246
5
41
1
0
0
2
0
818
2
1
31
0
116
2700
2
286
0
5149
0
6361
3
0
1
9587
0
9
10407
0
7024
0
374
13
0
8596
0
0
194
3266
1723
0
0
0
17
0
0
0
5
0
47
3
24
0
36
1
245
1
2
29
0
0
0
0
6362
321
159
0
0
0
4
1
120
2
0
10
0
0
12
538
4
3
28
30
0
0
23
68
47
0
204075
11114
1
3122
1605
0
1008
0
0
1
109
0
312
6
0
0
60
18
0
2
3
0
0
198
3294
1
64
0
0
144
395
6332
2
0
731
0
3
19370
4
0
0
1
35
1
120
1
0
0
0
1047
6
702
3
2
0
2
23932
0
13021
2
1
0
1
0
0
5
82
30
1
0
2
17
1
0
5
14
25
2186
0
7
0
1
158
13726
56
2
56184
12
64
42
0
1
0
0
916
2
3
0
9899
0
69
0
22392
0
10
0
0
37
274
2208
0
0
282
0
27132
0
55
1882
0
208
1834
7
0
123
0
475
1
12
0
0
29
0
10
14
89
17644
16399
0
0
449
1297
0
0
319
4
0
642
0
0
0
0
1
9226
176
3
11
0
0
20
0
0
0
8406
1157
0
0
56
12435
0
0
0
31
14745
1
2501
0
0
0
0
1757
34
0
6174
619
0
2
0
1065
0
23
2
2
0
0
0
40
0
0
0
1073
0
0
19
0
2
8
8
9169
3
108126
403
639
6
118
0
0
0
1
410
47060
139
0
577
0
0
0
233
399
3
2
0
0
2
0
0
0
21
51851
8704
0
2
1
0
2
0
3369
0
2
0
4
0
0
1
198
5090
0
0
1
0
23
0
6
0
496
9
1
0
1628
0
0
121
3
0
843
1
13
18
0
0
4790
34366
104
0
1
0
0
0
0
522
3
15
281
0
1234
0
5
0
7
0
0
2
180
0
2
0
5735
0
0
4
1
5
0
71
0
0
1900
2674
61
42
1114
0
1
0
50638
139
36
17
1
0
0
237
0
0
85078
5
101
4829
105
8336
34
1058
4820
7
7514
0
2
3
0
109891
624
0
0
0
155
0
0
0
1
0
31648
2475
0
0
1
1
7
32305
1810
296
38734
167
0
227
8
260
1
1
0
2
1552
4
22349
24212
0
0
31
4
0
596
1
1957
0
0
11
14
0
0
43023
0
8
2
38376
148
6
0
0
0
2
466
0
0
0
4
0
1795
8
0
1
1
4327
0
233
143
0
0
0
1
4
5
1
334
0
0
0
0
1
20
1
3
410
19
4
23
3561
612
0
0
3667
12
0
1141
0
1
18
0
0
2
1
0
5
0
0
0
27559
5
18
19941
0
24
0
0
5
0
6
1
12020
1
3905
0
0
10
8
0
14040
27418
7
209
26
21
2099
0
708
0
4
0
0
0
0
0
0
0
2
0
1990
8
41
0
0
4
0
103
2988
0
8038
592
2
127118
26
3
12
4
0
5280
0
0
1
0
0
29614
0
22356
187
29102
6
3
0
214131
4
0
0
415
60
0
2
1
17
1
0
22
0
0
72138
99
16
0
2
0
0
0
14129
93
0
0
4
0
0
689
16103
107
0
0
0
7
0
11417
0
3
2311
0
8502
1281
0
5
85
0
4
3697
0
22052
0
0
996
71
0
1
0
0
1
66895
0
0
0
3
0
0
7
110
0
0
0
0
0
0
2
0
2
0
1
0
0
4
47642
0
9
1
0
1
17
3
0
38
103
0
50
1
2
11
0
1
2
6
30448
9139
0
26
0
0
0
0
0
0
3
0
0
0
0
0
201
0
0
63835
0
0
0
11419
376
1
89
0
3
0
19147
1
0
16
2
42976
0
0
0
4
5
0
0
0
6
123
0
0
0
4
0
4
0
0
0
1
0
2
0
22
1
157
0
2296
0
25
792
0
109
17
0
10
0
219
534
15
10
5454
759
0
100509
0
3146
38
0
0
0
57
13
1
0
41
0
0
9
0
3104
4
0
75
0
312
4
140
132
0
5
0
0
103714
4
0
2
20841
1
19
28
3
9256
4
0
178
11
13
4
0
9
0
23334
0
1
4
3
0
1
33
23
0
0
1662
0
5
0
336
64979
0
2
82
314
0
48579
10
21563
235
0
0
0
4
5821
1
17
0
29
2
220
0
23
14269
0
0
25657
14
7
1
5
0
0
1071
0
27
0
19
2163
0
0
0
29
0
0
0
131321
22
0
55777
0
40
727
33812
0
132634
1170
0
633
0
0
0
1
0
0
0
2
0
279
0
0
16
0
0
6
29606
1
1276
16
934
4144
0
0
0
22868
1
1
541
18972
61
0
140432
33
1350
203
0
13
1
6
476
1
40197
1
0
0
0
681
384
1178
0
0
1
22
635
22
0
1
0
0
0
3026
12
0
5
5
0
0
0
2193
134
0
0
0
0
0
0
0
0
1
4
24
292
1260
0
19
8
0
41
0
0
9
12889
54
0
3372
9822
0
62
1570
0
96
680
84
28090
17
0
0
8
7226
0
7739
221
9
0
0
0
26
0
3
82
3537
0
21495
6439
7353
24
0
0
0
5
1
0
1
0
6
1806
6
0
69
0
855
0
7
0
7
0
0
0
0
2995
18
0
420
19
5
73
0
6
0
0
257
0
1868
20
30043
0
0
741
0
0
0
4
65
0
1799
13
0
0
0
672
603
28
1
1
8
30
11
0
0
0
0
0
0
872
5693
1
0
80794
2
361
2
1
0
3
5963
4483
0
3714
402
4
22
25
22716
21
0
0
2
1
4
1626
0
11
299
0
7769
3
0
12
1
102
258
2
111
0
3
26
0
15862
1104
3
1355
1
44428
0
4
0
810
2
1509
0
1
452
58
9414
28
0
0
134
11656
0
1
1118
18
0
0
15235
9
642
0
3474
0
0
1488
0
49165
0
1841
29387
4
16
121
445
0
0
0
5122
56948
4059
0
30
5
0
0
177120
0
0
5765
0
0
6074
5662
183
10
1
5
15
4624
0
4463
8
0
1
5
1
26
7
74
108
0
31255
81
38
9
85
0
0
2
7547
47
3
1
4
10
0
11
0
2
12
0
0
2
0
1368
11
0
0
0
0
2
0
12
110
0
594
10
0
0
1
0
11
327
0
551
0
3550
2
15
3
64
1
23274
31
48
425
1
769
0
15
6
0
317
0
15061
0
265
3561
47
0
0
0
28
0
151
0
8
53
93
97
19
108
596
0
0
11
8
49
180
130
0
0
1
0
34
0
0
0
1
2
0
0
1422
6428
0
0
17321
0
0
0
25796
8
343
8
61
12
0
1
1
69
5235
0
0
14
22
5
1635
6571
3889
22
4576
0
0
2
3713
47
0
76
0
9
0
15
0
0
6
66
1
0
237
41
59703
0
0
37
0
0
3
1493
0
0
0
14
0
4
40
0
5
0
6
2782
0
32
72
0
0
0
0
5
0
0
1
0
0
0
1
43768
5
2281
0
28
166784
2327
0
1
0
0
16372
2
0
88
92
0
0
0
0
0
11
47
0
68
1
14
6
133
2457
0
5
8
0
2438
104551
9
0
0
3
0
4333
0
3
0
1579
0
1966
3
8043
0
0
9
0
2
4780
52
12874
11
0
0
5
1
0
8
17794
31
0
0
9679
153
2889
0
16
0
7
0
0
0
441
749
4
32
0
1
9
1566
67
5
7891
0
108
213
317
3899
0
47
38
1
0
42
13
0
462
0
1
2
681
1600
0
0
0
139
0
0
0
2
0
0
0
0
0
11
0
2
464
16
589
5
1
0
11
0
10
8118
19791
0
11
3
0
0
255
21
1204
27647
1
0
693
0
19
2111
0
0
0
6
0
0
167
0
1359
0
3984
0
1
0
0
17
7
0
0
0
9
445
0
0
199
136
42
67
4
11
0
19370
21
3
1737
3
3479
0
0
119810
249
0
8621
16
33
2
24688
0
5
0
5
333
5
20750
0
0
0
12
1837
0
0
0
2403
12
0
14
12065
5
49
18
123138
1
89
0
28
0
4
3666
25
0
4
0
2944
0
0
0
2
0
20
1
0
3
3
2
66
0
4
1
320
201
163
1
1586
89
8
1484
1643
9
30
0
0
177
0
284
7105
30518
0
0
0
0
0
11
297
0
0
0
0
1
0
2
0
7
1739
311
18
336
0
0
2098
0
0
0
39
1
0
1
7
1955
0
87
0
21
16
0
24
0
65
6
0
1033
18
0
6
8
0
1
50
0
0
0
6
1
0
40
2
128
33
6
0
7
0
2
1
0
0
0
0
0
0
4
3639
8
31
0
1
7
139778
0
0
6
9
1
3
0
0
17
8
3
44946
9528
66
0
0
53
1103
8488
10
567
2
60
0
0
46
0
41
1
106
0
75
0
1960
0
16681
0
0
3
4
1
1
187
44
0
1
289
235
1404
3
97
77296
2
0
0
13
1637
0
115
5
0
84
0
0
42
0
0
0
699
145163
1
35
2
0
0
0
2
10
1
72
0
0
0
3
0
1
8
145
0
0
0
111
0
0
35902
31
1
2
0
0
0
5
9
9
0
2639
7
5
0
1000
85134
15140
1
1
0
0
6
21
1
0
8
4068
0
11476
3
0
0
0
1399
0
4011
25
1159
0
43
0
1
2
0
92
0
27431
112387
143
74
0
37
0
0
0
22
0
24002
3
129
0
180876
6
0
23211
0
23
1022
0
58
24666
2
2
39
0
0
5
73
12505
59
4
42
40
0
0
2
3509
149
5
5876
0
19002
2
7
0
15
61
0
791
1565
6
1845
17105
0
0
2
117
0
1863
10240
195
17
1
0
8
0
9118
2
2
31
0
0
8750
39
48
0
35343
8
0
1371
21
46
6493
7
35
18781
0
41
1
0
14765
6
109
0
51
3
2
0
0
11
0
0
0
84111
2808
0
0
41010
87
5
0
0
3
27
16192
158
10
3
0
12604
0
0
0
8
0
0
0
0
11
5
0
19
0
1993
1
0
0
12
0
24
0
0
0
38028
103
0
0
1
3
0
0
0
8
0
49
1
0
5474
1
0
0
2
0
7
1068
0
5
3043
0
1
6
1021
2
0
0
2
102
19
569
320
15
18
1
0
0
3526
2
19
17
17
9
8
0
6
0
21019
360
581
0
111
0
123
4789
35768
2
0
1
0
1427
304
0
955
0
5
2
0
22
802
98
9
4
0
176
5
0
3370
0
15928
4568
0
2
77
6583
0
10
0
0
0
0
920
94
191
0
0
0
8
0
2
27
2
9729
0
26
0
1
0
8127
0
3
0
13057
1898
0
0
6
0
0
34
0
179
0
4
0
0
1
1
0
5481
0
5
0
21
0
0
0
4
23
0
0
4880
0
10
0
4
3
0
7
41
570
10
0
0
75
5
2
1
0
96
2
0
0
1
0
23
18744
1
1
439
2
0
2346
0
29857
0
17
14229
6
0
0
216
8
1
5
0
14
13
0
1
0
0
269
16656
706
0
72
4880
9
61799
0
30734
7
0
0
20
5
57
93
31479
94
1892
1
0
1367
10
0
1
2
0
0
345
0
0
0
157
4
3
1
0
3241
25748
15568
61
3
4860
10
386
0
4
0
0
1
334
0
2277
3271
0
539
0
2
0
0
53
0
19586
21
26
0
1
1251
0
23
0
27
0
23
6
0
8
1352
0
4
34
0
171
46
17
4350
640
0
0
638
0
16
0
4
132
0
13
49
3131
22224
0
0
10
3
0
1
0
3
90
0
3
47
17
2753
0
0
0
1203
0
9
0
0
5
2
0
7
51
2
0
0
5795
0
26
21
0
0
0
0
0
0
25
0
938
5
490
0
0
8
0
355
6
0
744
18
0
11799
63
0
0
0
1
16562
0
5
1
4
7650
53203
13
797
3
147
0
33
0
0
279
16
47
361
2
0
78138
3
0
0
0
9
5
0
0
0
0
0
4
203031
11
9657
6
0
0
0
794
0
77
3891
0
505
0
0
0
51
0
0
2844
0
35
0
2
0
1
0
0
56
1
0
0
27
0
15
40
140
0
0
0
0
0
27
15391
0
3561
0
0
0
0
0
0
0
0
52
0
2359
0
0
0
0
0
0
0
0
87972
23
260
1657
0
0
1
1
4
5713
0
140
0
0
0
0
1
17
175
0
1
4
3
3
1
37292
0
0
1
0
0
2748
292
8
37643
6325
328
0
0
0
0
8
11658
1483
0
1178
404
0
1206
0
15568
1
0
7
8
55
533
0
185
0
1
0
5
11
0
0
4643
51156
3
42
0
0
11
0
0
1
3
0
2
11
0
0
728
0
273
107
0
0
0
91
0
0
2
0
9
0
4829
0
0
0
2704
81
0
3
10
2233
155
641
0
57
489
3
48
2746
328
0
0
0
79
85
502
1
0
7
5697
2278
8
15358
16421
0
3035
0
3888
0
35
11
1
8169
232
0
0
31
9328
10295
0
0
1
534
0
0
2
2
30
183
0
0
0
7671
18194
10
0
3219
0
0
81
0
1
0
198
1
5
8
0
152139
16
0
4
1
37440
0
187
0
6471
0
0
0
9
0
22890
0
0
0
292
0
49197
3
0
2056
2
0
378
1
0
18
10
0
416
4
1
10
26
1
152
0
13
9
9
0
0
0
0
0
27
4
0
80
0
4
0
9
4
175
0
1
375
0
18
5
2
0
0
1
0
4
1037
1
1546
0
25
0
0
0
0
0
0
0
514
0
7292
0
15
2
0
4
3
1673
2701
2
42966
3
1
2
0
0
0
1
27
0
3
2568
28684
0
0
37
0
130
0
3
425
3
2978
4
277
15
16
2
353
126
0
2
0
109
2
1
0
9
6
257
0
1398
232
1
1
0
1
0
0
0
0
19
1
0
0
162
52
0
50
592
3
5414
49
0
6
0
2
538
1
35
1
29
16
23
3
125
61580
0
0
15
28087
2
11
137
22
0
0
411
742
489
11
370
1
83510
0
2
438
0
0
1
2
155
4942
53715
13307
0
9759
1
1
0
35066
2
0
0
42
36659
1
13220
23
1
2
1
0
0
0
27
0
0
0
189
0
0
8460
0
7
0
0
0
61
310
10
0
0
10952
10050
1
1038
0
0
0
19
7
203583
0
24
0
2
6
113
0
0
0
0
27820
5
29
0
70
481
2
158
24
0
6
32
3
19433
472
0
51
3
2
0
0
24
13
0
60
390
2236
49
98
32
5
6
1168
0
7
76
5
67
2
100221
0
1
0
0
0
2
87722
698
0
1
174
0
98
0
29887
1
0
39625
1
0
2
0
0
0
0
22
7
3332
3
58
145023
3
1
1740
2
7
2
948
8
52
0
169
3778
0
6
0
0
0
5
0
514
0
0
2
68
0
2
0
0
52
235
0
0
7481
0
1
1
83
7
745
1321
1
0
0
0
0
0
143
3
718
1
0
1443
0
0
0
0
563
0
0
632
3
0
0
955
1
5
2
2370
0
16
0
0
0
87
37
2
50
0
2
0
9846
13
0
1
16
0
0
8
0
5649
447
21157
589
2
37
11679
9
0
0
181
0
9
0
0
430
0
1
44
13
1196
301
4
1
95137
8
1
7
24
0
7
497
63
1
24740
16393
295
13
3
3
0
0
14194
0
15866
0
0
2
4
15
0
1302
200
2
2829
0
670
3
0
0
0
1597
0
2712
0
1964
0
0
15
0
0
1
1
0
829
0
0
0
1
2
0
88273
1
0
0
0
37
0
0
1
0
70
11273
6
1
0
522
21
1849
12
3
77
21
0
3
56
1408
0
6726
1216
0
29
3
4
0
17
1800
0
12
0
0
69
164
4
22744
5
9
1
0
0
29
0
1
2
13
0
0
0
7
416
2099
0
4048
0
2
11150
4232
0
0
0
1
16975
190
0
0
0
90328
851
3
0
0
0
0
41
220
0
567
2
0
0
17
10
681
0
0
96
143939
0
0
0
0
8
925
0
136
0
1
0
7694
175
62
527
0
30
6
0
6
46
45876
0
38
0
0
5
8
0
34
11
0
0
0
2
43830
29873
7
1608
0
1409
5
6
0
0
1
1458
935
1811
0
115
3673
16
6955
2820
0
61
15
91
169237
0
0
404
2
54
23
377
0
0
9
107
352
15
1538
2
0
23
151
1188
0
66
1851
0
11
89
0
0
48
25
0
0
0
0
187518
5639
1
12
0
0
638
0
0
0
181
0
0
4824
2
137
2
1
10974
1834
4
14
0
0
0
1382
13003
101
24
841
0
2
0
3
368
0
0
0
0
31
425
0
1589
0
9
186
5
62941
3
1
4
5
0
21
6
2
112
0
0
0
0
4984
0
0
0
102
4
28
0
0
0
1
0
0
0
0
0
3
66952
1
0
123
23
1
3
4282
0
79
8
0
0
2
51
8724
38226
1
44
18633
3
2683
490
0
0
0
2
0
0
11
0
0
640
0
0
0
864
2
0
0
0
4
0
16983
3
61
237
0
427
4114
10992
0
0
0
0
92
39
3
5
108
967
0
4
17
1507
861
7
34
0
0
0
0
26
52
33868
29
1003
0
0
4
73
0
39126
1
56
76
0
0
4569
0
27
22
9860
42
17
6
0
4
0
0
264
7
5
2
3
0
0
0
121
218
37
0
0
2880
0
24565
5
1289
0
0
0
0
0
399
0
3
0
0
1
0
0
4
1
0
80
0
70
0
0
0
2
0
1
1
48
0
0
116
322
233
4
228
1
16
0
0
0
72
1
7
2
619
0
71
32924
0
24
8
1154
945
139
101
0
0
0
0
78
14809
7
0
2
0
167
13
5223
131
1868
1
2584
13
120
1582
6162
7830
2
1
2
18111
3
13159
0
26
0
7
0
0
25049
54780
0
2
0
12
1
0
0
2
364
571
97
348
1
0
0
0
31
1995
17
0
14756
16
0
0
3
0
4
0
39
12
0
0
278
2803
7
0
1
65
0
509
232
89816
0
0
0
13
15
58
4
0
21
250
55
0
0
0
2
3964
0
2
22
5
0
256
0
2
0
0
1209
5
8
2
126962
8445
436
182
11
25
0
14
0
1793
2
0
35
1
0
0
0
0
0
0
1
1
233
116
659
0
0
0
0
288
28
26
5
0
407
10423
0
2
42
9
55
0
8
0
5
170
0
0
871
26
633
3
5
5920
112
43
1
0
7110
8351
0
2
2
0
14871
0
76
0
0
226
21
0
838
5285
0
0
0
10284
13
0
11
0
7
0
17
0
3632
160008
1
107
4
0
0
7
0
180
0
6
48
0
0
0
42
1091
0
34
4
529
96606
0
4
11
21
7
28198
33
97
0
0
0
0
19
2258
0
3
232
0
0
27
62
0
0
2
647
6760
0
0
0
0
0
0
0
406
134
0
0
0
7
2411
0
2
24
236
1
0
0
964
0
1
0
0
261
192
367
12696
2
0
14
0
0
60
6
0
19
0
859
0
0
0
27663
5924
0
0
0
0
44
1393
2
0
0
4
0
0
15
0
0
10
177
0
4
2
23
142
0
45
95
131
2212
26948
7
78798
16
25
0
89
0
5
0
0
0
0
28
10
79
3
11
0
0
0
22535
0
115409
0
2
0
0
0
0
3
147
2792
1
18
1
452
541
0
0
0
5756
48
64
19
19
0
26825
17
6
19
0
10096
13
4
3
0
959
0
1
9
0
0
15
0
172
1
0
1
11
0
34
91
0
2
3
0
1778
0
0
0
73440
0
74061
3
0
4
0
0
4
1
1
0
0
0
176
3
4
0
0
5
10530
0
63268
34912
17
2
138048
0
15500
0
1238
0
6076
3
77
33
0
0
0
0
116
9
31969
0
4951
0
88
2
0
0
4
57223
0
0
142
81316
15
0
0
0
29
646
0
0
0
4191
4
180
0
24
72
99
1058
0
0
1684
4
3401
3910
6
2
973
4
12
2541
0
2
0
6829
0
0
31
170
0
0
0
0
37
481
39
2
225
0
1452
93830
0
13
86
23
121422
5023
10
368
0
3
10
4235
1
0
0
7
1
3
327
37
0
0
16
806
88
1712
5
673
0
2
0
21
0
124
12680
0
6
0
344
1
0
23
0
0
0
0
127288
0
19
0
0
0
4
129
19
4
393133
0
40
564
6
0
0
1
1
390
8
9
143
36
0
0
9
0
4
25008
0
4892
0
1
3
44
0
0
27478
0
1
7
0
81
667
3
1594
0
38
3
1
14312
13
0
0
14
0
29
0
5339
0
0
0
2
1
289
0
0
0
1725
35686
197
130
1
0
0
0
0
199
0
2
91
6162
0
3
13
0
16
5
0
0
107423
0
0
0
416
0
53
0
0
3
0
0
102
0
127
4
0
2
29
21
0
5
19
0
12
23
0
0
12
14561
0
0
1
3134
51
0
128
0
0
2
0
11
0
0
5
0
0
182
0
0
0
6080
0
0
31589
0
3183
167
46
0
10
0
22446
0
2055
61
245
101
0
0
0
5
4
151
0
0
29
0
12
3
0
0
397
10
1
5392
6160
0
9
4
5978
0
3
106661
1
1
1
1
10
0
52
6
0
6
12
826
0
0
2
11
1
14449
144
0
395
36
5
153
0
0
0
0
9109
4
6
393
2180
0
185
3
20
13
8
2649
84
2
17
14
157
0
0
0
0
9
125
0
0
0
0
1
10
1
42
1605
5
0
12
98023
0
0
0
0
0
6
3
1
342
149
6965
0
0
0
10784
21
0
9437
23
16
0
3
136
333
0
46101
15
5112
202
3
4640
332
427
0
0
0
5
0
0
0
412
0
0
0
0
0
143
62904
1423
240
2
0
0
99853
11548
3694
37585
0
6
0
0
12
221
0
15
0
2602
0
8
0
0
1
10
0
710
22583
436
102
0
528
2
0
18
0
25
3
320
0
23
0
0
0
5
23
0
2443
9
0
361668
0
6380
0
2
17629
0
21235
0
0
19788
1254
46
0
0
0
903
0
8557
0
23752
2
20134
0
293
12
0
0
0
27
0
249318
5
17
0
5
0
201989
0
289
10
0
0
0
0
698
0
821
49
0
3
93
11245
2
0
0
821
0
9615
0
0
0
356
5
7
8
0
1151
317
9
0
0
1866
0
0
193
27580
489
0
1173
2180
9243
0
88
1795
1504
95
1010
0
0
0
0
0
21109
0
0
33
36
0
0
939
0
240
18316
2
53
1
0
0
0
719
532
12
9
2
875
0
0
202
106
0
2572
4
21
29
158
0
0
1
0
2
0
14
4
0
5
106
1811
0
4726
0
0
21
0
99
0
138581
2
0
10
18299
12033
2
0
8
3
14203
0
397
0
2142
0
1368
1
318
62388
2
16
0
127
18
8
0
252
3
64248
200
0
0
728
7
0
0
3
0
7
2
0
12
0
1
119
0
41
0
2
0
8202
16
6
155373
0
7
15
56
6
0
0
0
16
0
0
19
0
0
8457
1
0
7
1
4
1
328
0
8749
146
0
1
30
1403
1
6702
97
2
1
13680
1
0
4
2
2
82
0
0
3970
45
16563
6
3568
0
0
0
1
7660
72
3236
144
0
0
0
0
7
7
52
0
42
1
51
0
15063
6
0
1930
13838
0
0
34427
13
8
0
0
54374
622
1
0
1012
5
26
4004
24
3071
2
14
7699
4
7065
34977
0
165
3
2
86145
0
0
0
0
5108
1
0
9
0
26
8
4140
0
60
0
0
375
0
0
0
0
0
16
260
0
0
0
0
0
0
0
0
0
4
0
0
0
5
54
3
7
0
9
0
20
41482
0
5
25
80
79
0
0
0
44
2
63
14
156
3002
0
0
0
0
0
297
0
0
0
0
0
6
0
6813
15
3
0
1
1
19
15
0
0
0
0
0
0
19
99
53
0
0
409
17065
4
0
38
3
21
10
12
6
3
376
0
5
0
0
0
0
237
5
0
183
39
0
64
1584
0
4
7559
74
0
0
0
0
0
0
495
0
0
3
11621
58
0
0
19
0
28
0
5303
1220
0
44
33
0
1
0
149
0
241
0
0
71
48504
0
0
0
21
45
10
2
0
0
0
69132
0
11
1
80
0
1794
8
535
0
0
4
0
0
39
5
0
519
10
0
0
1
0
2
0
0
13
0
42
111
348780
7
0
39
0
10
1
391
1
3509
0
0
0
127
0
2819
0
186
0
450
1761
34
0
1667
0
3359
885
0
28
0
6393
3749
0
6611
9
73
0
0
0
7
0
97
15831
0
15
1607
60914
247
0
12991
32
0
62
157
0
257
212558
0
3
0
44
1
1
20
23
0
3
1126
0
9111
1
1
0
8
0
0
0
0
8
6
0
0
1
0
0
8123
86
2
3172
2
5
2
35
3
0
5
22
5
0
117
15
25
0
1520
0
8
167
0
5
0
0
0
13
52
107
3
0
0
31
8301
11
19
46
1
6008
0
34724
0
2
9
0
0
1
59
7408
15
32
12595
0
30
0
3
22135
0
2
0
0
0
2
0
464
0
0
0
1
0
0
3
0
0
2
0
242
0
257
0
0
13405
4
0
2
1
2772
0
40
3
46
71859
0
2
5
17
205
0
0
0
4
0
1
8
9
14
1
0
0
6
801
851
0
0
0
269
19
2058
11383
14
10
1
0
96088
0
369
0
185
3
0
0
0
2
5788
28
1
38194
0
124770
0
11237
0
32874
0
0
0
0
6
452
0
0
0
0
0
22
1
230
0
16
19826
33
0
0
0
1
6370
317
397
0
23547
4661
3
1
0
0
0
1
0
48
0
390
1230
0
20
0
39
0
8
0
2
1605
15
0
1
0
27
5417
0
5938
0
207
1
11
0
0
1
3
2
2726
1
51104
8
0
14
0
0
1
0
104
0
2
0
74
8
0
97
945
0
237
14
343
2
1
0
0
4
0
0
6
31
1
1
18
58
0
4
85
7
0
0
5
0
3
13
78
0
0
174
132
25
0
0
2
0
3
0
1
2627
1
0
0
2
16241
0
0
32
0
0
0
656
322
1
2
2
6
894
56
0
24
0
9
6
0
106
0
534
18
2093
0
634
24
0
16
1
18837
4
0
44997
169
0
2935
0
8
0
593
72
0
0
9
3
20698
1
0
3
0
453
0
16741
4
667
535
7593
2
0
4
81942
3
6
104
31
37
0
17
212
19
5153
0
0
0
115
5
0
0
109475
22
2942
5
0
12717
1355
0
0
0
0
0
131
0
51
0
0
8010
0
6810
0
28
700
5536
0
0
0
221
246
0
0
1
113
27
94
10280
0
0
3208
0
1
17
0
0
22144
4057
2
0
0
0
60332
6
76
0
6
0
81
0
758
6
2
0
1
3
1
0
26
0
0
116
204749
0
2
16
6
0
2
0
31
0
166
1248
330
6
122049
3
0
0
350
13
0
29
0
3
1
824
1
2140
11
246
34484
0
0
4
185
3
7
0
28
0
2
2
4401
0
0
57
0
0
0
2780
102
1405
6
0
0
174
1389
71
1
1355
155996
0
0
0
0
35
0
3
23
0
0
0
0
1
0
13826
368365
45
8
0
17
3440
3
0
59
7
0
0
1141
0
5
15
74903
0
129
0
0
0
0
7032
1948
2
0
1
0
21
7
7036
95
0
167
642
5
18
0
4
1
0
0
4
11
203
11
169
0
1749
0
612
0
1
0
0
6
9514
15
1
1
4
4
0
4
9
3
8082
9516
17
0
63
0
19
0
8759
13683
114
0
88
0
0
0
1
444
29
0
0
11
104
1
0
188
1039
0
7
0
10
10836
3968
0
3
3331
22
5
2821
5632
0
5
155
0
13
3105
0
30
600
0
623
0
12
0
0
0
235
0
0
0
0
0
4
0
0
240
28
0
3
2
6
25
1
708
67957
0
0
1
0
4
5
0
0
38
0
0
1
86
649
0
0
154
47
3
422
100
0
7
0
13
0
45
141033
88
1
0
7
0
0
10
0
3
112
7
0
0
0
68897
0
0
0
0
4332
0
2417
0
2573
854
0
11069
0
0
0
523
1127
9
690
0
4
14
0
6
30
0
0
1
21105
1134
10
6
0
20
2
0
0
45
28
0
500
0
0
0
108196
0
0
6
2521
69
6
0
0
0
0
8
5
21
0
0
3
0
0
0
0
0
34315
0
0
0
771
5734
152
0
470
4665
2
19
0
0
91
0
0
1
0
32
0
0
47
19
0
0
871
0
1423
0
0
7417
3
0
0
142
11212
7949
0
213
0
262
0
7
0
192
1
134
9
0
15313
0
452
0
30
172
0
0
0
649
0
9
1918
154
0
2633
21
0
0
1
42
0
0
0
327517
0
0
20159
15778
267
34
2
10
56
8
29853
116
5
0
1611
10
0
0
65241
74
12
0
0
0
0
12
13401
2
0
0
4057
0
0
0
12
149
30
0
1
1
4
0
0
1
505977
1
1
70
25
0
7142
1
0
0
50
13
0
0
2918
1
0
7
1
9
144
0
78
0
0
0
7
0
3
790
0
1
35
4
159
4
193
0
40
239
1
54
1110
0
0
107
1
10
0
20
13
0
0
2828
74915
0
1
3
680
2194
0
1
56676
48796
578
2
0
0
2517
10
16
4
74
89
20344
2
0
0
13
0
1
0
0
0
1
0
739
20
4
0
0
4175
0
5
0
0
0
0
0
0
0
0
0
0
14
560
0
0
0
0
30
1
0
0
2
1
27
102
5
2
3
0
61307
8
2
428
2
0
436
0
0
42
5
538
0
26
0
0
0
0
0
234
11012
0
0
0
0
8
1
62
0
0
0
1
0
14
0
0
44
127
0
0
0
1
0
486
1
227
0
0
7
5
798
267
0
338
0
17130
0
6
143
1
9713
0
233
1568
5869
16
0
11
0
0
0
93890
0
0
1
0
2
0
2
0
2
0
11
0
0
3517
3814
0
123
0
1697
3
1
6
0
20
7
0
0
0
2
447
43
1
0
47263
0
3440
1284
0
0
0
0
444
11398
0
0
6113
0
0
8
84
4265
111
0
13
17
0
0
0
0
91
1
16
17983
70
0
3
6
47
78
5
0
0
0
0
0
0
9
33921
1
0
94
1
1
0
0
104902
0
125013
0
2
47
0
816
8
4943
39
263
0
0
0
1173
2
9
0
20712
0
267
14808
55
2
7
3
1144
0
0
11116
0
35097
0
0
0
0
0
152
0
0
0
0
6
2
1347
0
0
141
0
17
0
0
0
41381
7
425
0
0
0
9
13
0
22753
0
5137
0
195
59
7
0
5162
11
1505
3948
0
0
6
1250
4
0
6
83
2138
4730
0
619
10
0
0
0
18
33
0
213
0
0
9
0
0
128
1
1
0
0
0
0
0
0
0
532
65
0
0
4
0
5
33
1
7
0
1
0
0
0
20260
0
44
0
0
6
6
110
0
63
1
236
0
0
790
4
13885
112
3769
7
0
0
428
0
0
0
0
5
0
24
2
5
426
257
3
0
34949
6634
0
0
1028
141
8
0
15105
12
13
29
0
76
62
91
12
0
800
321
61
63
5
815
0
2
0
0
0
23
339
71
21165
2
0
14
0
0
9
17
0
0
2
51
62
0
0
0
22
0
0
0
2
7
8
0
0
0
16
34
41108
48
0
0
150
54
5
4
0
53
6
63
17
2
64
0
0
119
16133
1
0
0
0
10
0
0
0
2
0
23
22784
28
0
1
193
83
1550
0
7
1
0
0
0
3
2
0
853
0
2749
0
96
1390
19
19
0
14246
0
61
73
1
27
16
166
628
1
0
1
0
0
98
1
24
0
0
0
1
0
17
4
0
0
88
1
0
1
0
0
8
0
0
5
24
2
77
3
87
34727
2020
0
8660
0
7
2074
61
278
0
3
2
0
0
1
0
1
22760
0
2
1
17113
16
0
6
2980
0
8829
4
0
8
0
9
7
0
17
27670
231
0
5
8
1046
1
0
0
0
0
6
44
32
72
782
0
0
20643
49
0
12
3
133336
0
177
14
8
0
2
0
20
4367
825
7
0
0
98
0
0
84
10
1
162942
14
0
0
0
0
23
0
360
929
22589
14
343
0
0
9
78
0
72
750410
3169
3741
35
11
0
839
124
0
0
0
978
36
2
0
8599
694
0
6530
4
0
1613
0
0
3
54
0
5
0
3047
593
18
0
9
41531
0
20
15
0
16
3
347
0
1
9
1
0
3
32138
154
27
9
13
0
2061
4
0
0
266
10
12
30338
0
0
53
2
0
7
0
5
0
0
276
2
1
4413
0
0
1
0
3
112056
1
0
1086
1028
0
0
1167
0
0
0
4092
51
2
0
3
8336
19
161
0
1466
471
0
22
6
20632
0
14
4
0
11
24
33
7
2
0
441
0
0
0
3
0
89
30
2
4
0
65
28
605
3
0
108821
0
0
166
0
0
0
16
0
6
1
0
1
0
84
0
2
0
1
0
0
0
0
139
4
0
0
0
4
37410
0
5
11860
48986
16765
19
1
37391
5908
1226
4
0
0
45021
0
1
8874
0
4
47
4852
0
6545
0
535
2
2
6
0
19
954
0
819
0
5
0
0
8
1
1
0
0
3216
5954
0
95997
40
0
1203
2
0
172
0
628
0
1148
2
0
191
2
138
0
19457
1
7
46
0
1
1
1
0
0
20
124
8
2
4092
0
0
5
0
0
0
3
0
0
0
1
0
10
0
1505
13125
0
0
4
5093
0
103288
0
3
995
0
0
0
0
8
185
0
21
2
1
10
316
21
17
993
0
0
0
147
11
0
0
61
22
223
56
0
0
0
390
60
0
3
0
0
7
300
1
69
0
388
9967
25882
3
0
0
0
1
0
2
261
36
31694
6894
0
2871
3
0
5
0
4
0
55
3540
834
0
41
0
0
1
0
3
0
5
2
249550
0
15
5087
7
0
0
5
157003
0
0
2
4
0
0
23038
10021
0
0
0
7
0
0
5792
862
0
11
3154
0
4
834
1395
1
8795
0
0
52025
0
0
0
1
0
1075
19
0
0
0
6
81
2
13361
1
2
5
0
57623
194
2
0
38
1423
75
6
1
1081
0
0
18489
6
0
0
4753
120867
299
446
5
1842
0
1
19
4
0
0
1274
16
11
2
0
298
0
0
109
2
6
9
2
124268
10
1226
0
0
13
47
1181
56
11
3815
16495
0
11
6
11688
1669
176
97
2453
0
2
2
0
0
262586
1
0
7
0
4
0
11
0
1
5
300
11
41
39
0
1
0
2
8
12
1294
149
0
20266
19
0
0
51957
12419
0
0
2
1458
7
0
0
0
0
0
11
115
0
1
210
0
0
0
1168
0
0
896
1
0
4
614
1
0
1637
235
0
0
11
77
1
0
0
0
13303
692
6775
0
138
0
1253
0
2483
3
0
2
234
13289
68
24
28
16827
0
0
1616
1
3526
129
188
0
115
0
8
0
103
1
0
5
0
10
0
47596
0
1
72
84
19
34
1
0
0
0
37
0
10
0
0
2
12499
5
0
1
27
15
0
61
14
8
0
0
0
1
0
8
9
0
0
7
269
0
1
10
0
42
0
1406
3
24227
0
0
4
0
51
0
88
1567
1075
0
1064
35
0
24
0
0
0
0
3
17
4
0
33
365
45727
233
0
2
7826
6
2052
0
0
0
0
4
0
1
47
0
4
0
0
36376
39127
13
155
47
13
1367
501
0
4
6
0
6
8
2
4
41
0
676745
0
29
8
124
2
36
29387
32
69
0
0
0
7
5
7172
5697
0
0
0
0
303
0
0
121
16
0
23
1
21
0
3
70
0
8059
0
0
1863
8559
100
1627
12358
0
0
0
199910
15153
3
94
0
0
0
0
51
69
13
81
132
53
0
3499
0
603
49
11
17
11818
7
0
15
0
19
0
0
156
4
4469
39
0
0
0
10689
0
63
0
57
0
0
0
1
46
4465
19
1
8
134
77
5239
0
0
120
0
2968
95
0
4
18567
5694
14
4
234
29
217
0
9
0
2
0
0
1569
0
0
51
0
389
3134
4362
711
1
0
0
0
70
0
15
200
7
4292
938
2277
0
28
0
0
1151
0
6
18997
70
127
1660
1
1220
0
1528
0
0
60
818
1
82
86756
0
1201
24
2800
0
2
134
9
34
0
5
1035
38
0
3
0
1674
36
15274
391
12
0
0
14386
60705
11
23686
0
5615
0
0
0
0
26
0
3
0
53
72
0
12756
4
0
38896
33069
1347
0
0
26
26
12035
0
39
0
7635
2
0
118
7
19
29
0
9300
0
723
520
0
0
89
272
12
0
0
0
1
1
25
14
0
6
0
55
1
657
3
23
154078
5980
50385
0
0
4133
0
55
25154
0
739
0
206
0
0
0
28
34964
53
0
0
1454
9
0
43716
16
25
45
6620
2832
8454
359
44
193
0
15
0
0
0
86
158
1
251
0
35
0
344
18218
391
5
9
0
0
0
26
2
0
12
9
256
2
0
0
0
2
2
2
0
0
0
0
2
1
8368
0
36503
13
0
347
3
0
1750
0
0
1
347
0
4
0
33
3076
35508
186
0
0
10
0
4
93381
716
0
2
0
43116
0
0
12
180
751
12
191
0
1
0
5
15
775
0
525
35
0
36167
0
5
0
0
5465
6
28
8
0
2
708
0
1225
0
4
29264
2
38149
0
4
0
10
400278
19
0
0
0
2
14546
454
0
0
0
0
3608
0
0
0
51
0
0
104
8
3945
8
13355
6
7
0
42609
54
2
1030
2762
10
26940
3840
1
15
12
66269
4
144
0
2
12
51
0
180
1
1388
1
115
498
1
0
1
6
641
22878
0
0
0
1
0
1
0
1070
1
0
0
1
4
129
0
7
99566
0
6340
0
1713
0
0
19
0
0
342
495
0
0
1
0
0
1741
2
0
18
0
17
380
4
0
15
60
10
0
32185
0
3540
1949
0
0
0
0
0
71
0
0
16
22
431
2
4
4
65
3
28
1
0
1853
0
17
0
0
1118
5
1344
0
0
0
4867
21
8
1
1
0
2
0
234
0
4605
0
0
60
0
0
0
0
0
0
23
7029
550
4
4
0
0
1
6140
23
0
2
0
3
0
60
0
2601
21
1
3
49
12
8
3
19828
1
10
121235
0
49
47
17142
2971
211
26376
272
119
97
26
27
0
0
4
1694
851
0
507
0
1
922
0
0
93
1
0
1
2
0
0
0
1
3
192
1163
0
0
15
0
1
0
0
0
3
2
3
13163
19
8
0
2689
111
13
120
3
0
2376
2
0
7
1
6833
0
0
0
0
0
151
7
0
0
1
0
99
1
0
0
137
0
36
117
24494
12
0
228
273
0
530
397
0
1570
0
0
0
0
18
0
8
0
1
798
0
3
119
3
0
0
8
0
0
29
11300
6
1632
0
30
2
0
43
0
0
17
32
305
1
38409
237
0
0
61585
11
39
0
0
3
0
0
1
0
20
0
0
0
0
0
275
102
0
7
4
0
1
1334
0
0
0
0
0
0
1
91361
1
0
0
403432
0
1433
3
0
0
0
7
188
209
0
21
11
247
0
0
3
0
1
396
47002
1
114
196
60
0
54246
925
32
0
0
5
0
2579
2912
2
10
1
48
0
49
16
92
0
0
3527
11
0
155
551
0
2439
194
1
57354
167
0
4
51
8
29
12
0
0
0
545
2
0
1
0
9742
0
0
0
7
48874
2
1
763
34
0
225
0
0
0
5
0
0
462
0
37
0
0
0
3
0
10
0
0
0
18
5
1
0
0
19121
0
3
0
7
0
36698
329703
11
0
2
275
0
81
0
29
680
24142
2
4
6
421
1
0
0
8
73955
0
0
0
3047
0
2
5
0
131
0
0
7
0
855
3
3
6
3
0
0
1
4452
0
859
1
11
1
558
4
0
35
4
0
27
2
0
17489
62936
10081
4
0
1
0
6
2
0
0
0
0
0
49
47
1637
10
0
0
127
27
0
2
0
5
12
8
5033
24919
0
3494
2
11
1261
0
12
362
0
4
1
0
0
3
0
0
1
0
1
2
15
8
0
0
92
184358
0
7
0
3337
16
94
63
46
0
1
1
0
0
12860
3
1633
0
2941
0
5828
0
0
4
0
0
10
174
0
0
9
0
1
4
77333
192
0
0
274
5
0
6
0
0
17
21840
1
1
0
0
99
505
0
0
0
0
18
1
0
0
63
0
66
1
5215
1398
268
0
26
93
0
0
2269
0
51
72889
31
357
0
0
192
31
55
0
0
11854
198
0
26
1215
0
0
5748
0
41
0
0
0
0
1203
0
0
31
17
6
12
2
155
1
0
0
0
0
1
0
10
0
15
0
15
0
0
0
0
0
6
7737
0
0
183
0
1
1
0
21
5
1
0
0
14
0
7412
0
7873
349
0
1
315
0
0
0
0
4
3
0
0
25
0
0
291
1424
9
58
0
2
3426
6
0
7
3
56
0
1
908
0
31
4027
6
2
11
35
0
378
1327
0
175
0
3
38
1227
15
0
8
604
2
15
0
5697
1
21
1
40849
0
0
54
0
0
1
0
14
0
4
22679
7
57009
1
103
0
164
8
970
49532
898
0
8199
0
0
0
0
0
0
6299
2
2
5
2369
0
3
0
1
4
132
9
306
0
16
7375
0
5
23
165
12
0
3
29
0
3
1075
0
46
0
356
654
0
0
6
1
1
0
1242
14834
0
129
197
0
0
7
4
4
0
6
0
0
1376
41780
572
0
0
9
1837
0
51
0
35
0
2
0
0
1
0
0
0
0
1481
8
0
0
2
0
2
43
0
0
0
0
26211
0
3582
0
37
2006
58795
39178
0
14576
226
3
0
5
0
0
0
3050
2
0
0
0
6788
0
1
12
6053
379
40241
28916
0
28
2917
257
0
0
2
1
9053
0
0
0
0
38
0
25
1
6
188607
11
0
0
0
8
0
0
3
0
0
0
122
0
176
80
28
20
0
59
35
0
22880
0
1681
16
29
34
0
5652
2
8
17
48
0
17569
0
0
47
18
0
1
0
0
4
0
2099
9809
97
0
64
42
5
18
6
20763
0
0
37
0
1
50
0
0
5
5
0
1
212
474
1487
0
837
224
0
54
0
0
21
0
159
1
76
1
0
274
0
0
0
7
0
9
0
1
57
0
19516
15
3
262
1
0
11
24
0
26587
13
63
0
0
2
5
0
180
0
0
10
1
209
0
0
23
8
149
0
355
4
7
0
2
0
0
0
16
10206
2872
0
7600
8342
0
2171
0
2697
27600
0
0
11
0
0
100
0
7
0
0
0
3
82
11
1
2
47
3
1
3
114
0
1
0
0
3464
1
777
1
1
0
7
0
0
0
0
1
0
0
40303
1
48
5194
3
2434
0
102
0
0
2
0
18484
13832
0
2
53
0
1
0
0
2
0
0
924
3
24
0
838
0
53797
91
3
12
9
26
0
28758
0
3
0
4035
0
0
0
5
54
33
705
30
307
521
0
40
0
51
1
697
4
0
577
12
20
1062
28900
0
0
23
0
0
0
88
0
0
0
29
24
29
0
356
771
0
21
526
10
0
0
748
16602
55576
1
220
600
2
0
2
0
0
3
0
0
3
84
27
70
0
43904
42
29
15
0
2
22
0
0
48
15786
29
8
2
0
2
0
2
0
3
0
0
0
4
3
0
0
452
22024
0
1298
102
0
447
0
6
9
75
1050
0
0
473071
0
3
1075
1
945
0
190533
1302
700
4
3
1381
0
30
151
0
0
3468
0
0
0
0
0
0
2
0
0
10
0
5
0
0
0
0
7
1
60
12003
0
429
4
28
50617
0
0
0
0
8
662
0
4
22654
0
0
0
1
1
0
9
0
1
361
0
896
0
0
1
2
0
0
0
0
35
0
69
535
15
0
639
0
0
0
4
0
4
0
986
95
0
0
4
2803
2
0
4046
3868
3
90
0
6
18
0
0
1
0
1
0
0
0
0
5
0
2
55
54
0
0
0
14639
3
0
8
0
1
0
4179
5
0
1
4
0
4383
337
0
5
0
0
0
56
0
0
1
0
102
14848
148
22646
2
1
1
0
11
0
0
255
0
0
76
2
141
2555
2605
15357
0
1
91
0
0
0
4221
2
8
224556
225280
0
5
0
0
0
257
6
2
0
0
0
0
1334
1064
2244
36885
0
18
0
0
0
6782
0
11
0
0
0
0
0
0
21893
7862
0
3
0
0
0
0
390
0
33084
642
10
0
6
34
0
0
2
21
3
17
0
3381
2
0
0
0
126
0
0
0
6724
3
3
0
10
0
0
0
1309
329023
0
0
54001
0
8580
1
1
3797
1
6
0
0
2
1
0
41
0
0
1
5489
0
21
95
0
0
6
0
1
0
0
22
0
0
0
4
22
236
97
0
3
289
9
0
72
0
51440
0
1
19772
154
0
0
84
0
24
4
3
5
14
1765
404801
1
25781
0
0
165
0
0
11
94
0
0
0
0
191236
545
4
1
76
2
0
3
1
718
0
211
4
106860
6197
0
15
11
44683
294
5
12
57
3
1
13
298
0
138
6
624
1804
60
29
0
0
9
0
9
1
0
0
2
29
3
0
48
8
0
1
0
0
88
122
0
0
3
67
0
0
29150
0
59752
5
20107
5775
3
1
0
1
9268
0
8116
19
13860
699
0
5899
0
0
0
110
0
0
13534
159990
722
1
9
32
37
0
353
0
1
41362
7
0
1
3
0
5
15
0
0
0
5108
0
17
16792
0
90
62
5
0
7
757
0
4049
0
0
1324
0
0
275
7
0
219
1
0
0
159
21
0
1
7
0
63
0
0
3156
1
0
0
4535
20075
51
0
0
1
681
20928
1
11
0
9
19361
0
0
0
0
2642
21
69
0
0
0
5855
1294
7
6
35
0
3
0
0
12
0
3
6
0
0
14
0
46
2347
2
83
0
0
74
0
0
1634
0
0
1
0
0
0
1
0
30
33
8
0
0
0
610
62
9
18
0
0
0
1
0
35
0
35
0
30
5
16212
0
0
807
11727
0
12
731
0
4
4
0
21
1
1
2
358
416
32963
8
0
0
0
1567
0
2
0
296
0
0
0
0
0
27193
13
0
0
3106
37927
0
0
0
2
0
63363
41
8
0
0
905
8
1092
0
247
0
50
0
2
0
1
0
0
0
3
9
1173
13
0
25
1
240
8245
2
0
4
0
0
1804
10
0
5
1820
6
57
0
3
571
6261
47
0
3
0
0
0
5
245
4429
1011
1
1500
0
0
0
14
0
3
1
6
0
1
17522
0
190
4849
0
14
0
5
0
61
0
0
9911
0
1
9396
336
0
295358
11
7
2259
17
554
0
2
660
8
0
1
0
14
0
0
30
13
24
11
1
63703
1
0
6
79
1356
0
888
0
779
1
4
0
4
0
0
0
0
420
0
0
39
0
15744
0
2
0
25
668
10
0
4
1315
0
0
3
78
0
0
3
9
5971
0
2
767
1
0
0
0
613
0
93
1
3
4258
0
27
3
296
45
24
1434
532
16
9
0
0
0
0
0
1
2270
38
9407
1
0
0
10617
0
80
0
2086
1742
1
0
0
1
0
0
0
0
0
7
6960
292
16
0
5229
789
131
0
29
2
0
0
44
34622
0
7
4
0
11
45
1
7
26
5
1
0
0
0
11
2
0
38
0
786
0
0
7
2
0
200
1406
0
0
0
145
0
2157
0
11
0
0
6
4
8
50709
25
2
39
32
274
236
21795
0
16508
0
0
128
0
99
1
0
0
0
2
1136
14474
2
0
0
2
104
0
0
185
164
18726
1
35957
0
0
0
1
0
11
5
2
0
410
40
0
5
5
3
24
4
440
16
0
0
3
17
14
0
4423
1
0
0
0
0
1
96868
0
0
39
221
120
0
0
0
3809
38
1695
0
0
0
357
0
0
0
0
1509
27
0
0
0
72
1176
58202
16
0
102
28023
370
0
0
6
0
16
1
73642
9
5
498
0
3864
0
47
12043
88
300
0
0
1606
112
2
0
0
30762
16
44
0
7934
42
0
0
0
4131
93
6
16528
114
0
0
50612
11
101
0
0
0
27
3976
3333
1851
1
1861
0
0
0
0
4275
476
28677
1950
9
316
228
12917
0
0
0
12343
1
0
24
3
0
0
0
0
0
325
0
0
1
7
5244
245
3
1
11
65
7
1
0
13949
1
20
0
0
3
0
1
563
13
4
0
4
1
0
0
12
16
0
736
24143
26
0
0
815
2559
0
0
0
0
3048
0
28613
4
38
0
2
219
6
289
0
0
0
2
0
5664
0
77
0
289
0
0
0
8
11
221
0
442
0
1534
68
0
174
221
0
180
1
0
0
0
0
0
0
18
1
0
4374
0
6071
0
0
1639
0
0
53
0
0
1
1700
965
0
0
2
0
183
18
1609
0
0
19653
28
0
3280
0
9
0
0
606
0
0
6
7
6
835
7
0
0
2
3
133
24151
4
5
0
65
15
35313
3
6
284
1
1441
0
0
2877
0
15
44
7
1
0
2
1211
0
0
0
0
0
0
297
13
44
1
15
0
3
1
332
37
0
0
3
0
0
0
35
0
106229
3
1
0
0
0
0
8
5
8
0
845
0
260
0
0
6
5
5
634
0
21443
0
0
5917
0
0
0
8
0
51
0
2
712
3
0
1
5
0
1
7810
1
12077
0
519
491
7
48723
0
228
0
76
9
0
11
53
81484
5434
34
0
0
0
0
12091
29059
60
0
1
911
11
660
1634
0
37
2
759
2
3
407
0
0
0
0
0
0
15
0
0
1
113
0
3
1
1
419
0
0
1
0
0
0
21
0
3
1
3
0
349
0
0
0
3
60
0
0
0
213
2679
2
3
0
6
241
0
0
0
50
0
0
0
0
31869
27292
10
1
24
0
0
8
0
2
0
987
0
25133
114
11
0
0
2
0
9013
0
1205
2
13
3
1954
13
1
54
0
0
7622
22
548
0
0
930
15
19906
0
0
1
587
1
3
0
0
550
8
271
0
22
5451
13453
0
0
5733
2
1
0
1709
12
3169
0
11
2
28
15
1
90
0
7
0
25
68251
0
0
0
21
2
38
0
168266
80
1
0
164
11
35
0
0
0
442
8
0
246
5
128
1
0
1
0
276
1954
4
109
12489
0
0
0
4
1
4
0
0
0
20
48650
0
2383
1055
0
18
25359
12
81
0
0
0
1
141
0
0
0
0
0
0
15
2810
0
3
5
6
0
684
2
11
0
5
87398
0
3
0
1
1683
2
0
1
18
0
787
4
204
153605
0
2
0
10941
0
152
17
78
1
0
0
0
104
6
51
938
1
0
33
0
0
35
496
107
22
7
0
0
0
1
279
635
0
69
4
0
0
1
0
14074
0
0
1
0
1328
0
18
41
2
5
0
0
0
4
598
338
10
431
0
0
294
9
6
31
3
12627
165
10072
0
15
0
0
0
461887
24
13453
36597
20
2
11
1838
0
354
12
7
0
0
0
0
0
7450
0
8
66
106
736
1
0
5
9
0
1
0
0
0
4
1
15
3714
5
16
3
1799
3
0
6
20
0
1434
7072
0
0
0
0
82
0
1
2
0
96
0
0
381
3445
0
0
38117
83
0
0
0
0
0
0
0
30245
0
6
0
6
3190
79
5255
0
897
148
31
0
0
5
16
45478
5
0
3
424
85
1563
409301
835
8062
66408
2
23
27
5
7
108
5
1125
0
9
0
0
0
1
58504
0
95
7
23837
36821
2
0
19
3
0
4
0
1
3
0
683
0
1
0
88862
0
28137
0
0
0
0
658
0
9
0
2
19605
30
234
2
0
0
1
0
0
0
0
0
0
0
0
1
0
1746
0
0
200
9
0
147
205421
31
36
0
6553
0
13
1
0
367
0
0
2
0
4
72
2
1903
0
21
0
0
338
0
1
30
0
16
60
0
60
0
0
8122
5
0
14
43
0
0
0
0
0
1587
0
13
360
153
0
0
0
1
0
0
3
56
12
1
0
0
0
9
542
1396
2
74
3
11
1620
0
105936
1513
61
0
9616
4
6
93
5217
8
13359
6
0
0
3
0
7
0
5170
0
0
0
1
39
4
128987
74
17
0
38
24
0
109396
0
0
0
0
473
1
1
0
1
1
0
0
919
3
3
0
0
35
0
0
41880
0
44
663
0
34765
0
1285
0
92
26
21
150
0
2168
0
0
0
1
12
23
0
25
0
0
1
134
0
159
3904
0
0
20
3
0
9
0
4
49
1258
0
123
8
0
932
12
0
7
82
8237
0
8
201
2
5426
198031
2
0
49643
69
756
0
9
3718
0
0
0
736
0
19840
0
350
0
0
0
3
0
3956
8
7
0
38
7087
0
1
2
1
171
362
0
419
65
0
3
3
0
3477
861
10
38
24
2
75
332
609
0
0
404511
150
5845
0
5
6244
0
1
0
227
1683
1920
22
0
0
6
1
0
6
0
0
0
121
2
0
1
163642
0
0
122
139
23
44
11
1
0
7962
0
14
93
46
0
0
594
1
1
0
0
192
243
2
2162
2
5
22
2
7138
0
3435
27
0
0
6
0
0
4
253
130
144
51
15692
0
0
62
0
0
1256
0
0
16468
0
0
19
3
0
359
3
0
18
0
6214
0
0
83
52
17
136
5593
27
45564
3307
9
0
0
817
7
87
0
4569
0
16
0
4088
0
4355
0
125198
4781
3
16
0
2093
0
25
52726
67
0
0
0
0
0
0
0
0
494
7
6
608
0
1
3
41828
125
0
75
0
95
13
5
0
10376
380
0
0
0
0
0
2
0
45564
0
1
57857
22
9012
12695
283713
0
3693
0
0
0
8
0
0
0
0
2
0
0
311
17
0
0
0
5
0
37
0
3
1
0
0
0
39
903
3
1
52
4
1
0
1
274685
4729
358
4
5367
2692
37
260
11291
1
422
2
0
0
0
0
2
23
2
1
0
9
7020
0
1993
0
11
0
95
0
6
3
4
0
0
30831
0
66
2481
0
0
103
7582
112
0
0
71
0
6
0
394
1484
826
53
8
7
23
33
0
0
0
37
116
19
10
15101
65
0
0
0
0
0
12
0
0
351
2
2
0
3
97
191
1423
0
21462
84
0
45
7
42
6138
7
4
3
220
0
0
7
22
149323
0
4
47527
0
0
8
68
181
3275
0
1643
97
0
10
1
10
0
1
1
9
43
30671
0
0
0
1
0
57
7730
0
0
11
13
180
0
6
121
88
228940
0
0
100
8280
0
3927
0
486
6
0
87131
13
9300
0
2
115
3
523
0
5
438
950
0
10439
0
25161
115
2
923
3015
0
0
14496
7
97
11719
0
4
1
0
315
0
81
5
1504
0
174
0
10
7
25
1
0
1857
389
3151
134036
549
1613
122865
1400
1
0
1865
0
0
0
365
0
7
0
596
845
1660
0
10
2434
6
4
0
0
4
0
0
0
0
2115
29
3
38
7
1
0
3596
4517
1
1
30
1365
215
0
0
11
0
55
37
402
0
16
1802
0
3488
10
0
4
1785
1
52
0
0
9
0
0
6581
619
0
6
424
4
0
0
9150
0
0
4
2
17958
0
93
0
8
195
0
151
490
3
913
356
176
0
6
0
0
3
0
1165
39
0
1
2
11280
2
35
2
62
23
0
0
1
0
5202
0
0
414
11
22
162
0
2
37
0
2
1
14506
111
0
0
359
15
1
4282
0
1
25
732
7
0
110
25044
0
1
20
1
5
0
0
7
8
0
1
2899
5020
0
19610
0
2
8
0
0
1144
0
3
1
0
15
87
0
0
49
3669
1333
0
62
65951
1
4806
25504
70
3
96
46
0
30
0
116
23
0
0
0
6
92976
0
0
0
0
0
1
0
0
88
46
37
79567
0
15921
0
4
614
0
2
0
4
0
0
0
0
1
0
0
0
3246
16
2
0
7014
1
0
0
1
1
131
79
1
0
41
2
194
413
1103
387
0
0
145
0
1
0
1
336
1
0
876
638
0
0
10
0
690
0
2869
0
5
0
30
24
464
0
3746
6
0
0
4
834
2
773
0
0
8
40
0
1
9342
0
0
52683
1
351
14159
3
1
5
0
62
6
3
0
1
13522
0
19472
2
0
0
0
54
1
656
0
0
8
14811
0
118
0
0
1742
1048
0
0
0
1
0
7
2457
0
0
0
315017
73
4
19
133
46
0
15
27888
2
43
2
36749
4
0
2
689
6
0
5
1546
13
0
1
12
25
10
0
25
0
1831
9
1835
0
3217
0
24
34
1
0
1
20
20099
9
21404
3
0
9991
6
2
1
66966
0
769
328279
0
305
30
0
9
0
1
7121
4
18
23083
4
0
3
166
0
603
14
6
0
8
659
0
608
0
0
31377
96
96
0
0
0
19
218
9
10
0
0
1
7166
86880
0
34
157
88099
16
16
15
0
10396
13
3561
0
1945
13250
1192
143
392
14
20
0
0
14504
0
4608
0
0
0
27768
638
2
0
3443
535
3
0
420
0
0
7
0
0
0
10053
151
0
79
0
0
0
0
119324
647
5
0
0
0
0
419
52978
1
0
3
0
1264
0
0
20
557
0
152
0
1
51487
0
132
0
27075
0
0
7
101
7
1642
0
2
0
0
0
15747
0
48
0
0
18
51
18
0
0
310
276
8
13912
0
1
965
0
111
0
0
0
0
119
0
0
0
12
1564
0
39
9
1209
22
84
974
719
1
446
4
0
0
0
0
1
0
194
1
6
0
0
308
0
0
0
0
9
0
6
11
4029
1
24
0
8
1
21
327
3229
6
4
0
8940
0
31
0
11242
2
50
2
55
399
1
1
4
92
267
2
0
2
46
3
1
169366
19
1
368
3
347
7622
0
0
3
9
0
0
240
11
0
1
0
1831
0
6
2
0
5434
1
0
0
0
0
136219
28
0
3911
176
0
6166
939
180
0
0
15
0
8
3
203
0
38
1
0
92
1610
0
12730
46
0
0
0
394483
1
5108
0
0
11572
0
38
0
0
1819
0
0
0
2
0
0
3
0
156964
1
48
0
0
633
2
1
4552
0
2447
2
1
0
61
120
0
57
0
3
0
0
0
13513
0
0
520
2
0
0
23
0
3853
3
35
46971
35
0
234210
0
0
138
26729
173
11
367
16
0
0
186
1
0
2
92
80
19
178
6
0
0
2
7
0
123792
3
213
150616
47
0
0
1960
0
71
210
30515
34065
1
0
1
924
0
3
62
20
0
2
451
0
1
82
10
0
0
0
361
11842
4368
0
110
56
0
0
0
580
0
1
3718
0
1
0
2
1
12
0
71
2
1244
0
81
26098
12
41
1
0
35
77612
0
11
0
1
1
158
0
0
1
202
35
37
0
7
0
54
15
302
4710
23622
7711
10001
6
0
36688
5
15
0
1228
11
31
0
0
4
1
0
1
0
108
0
0
0
7
21
5
0
4
6
5059
0
2
1
3
0
25
0
16
0
3
4
14942
3
87
90
0
42
11
430
51443
1
34477
24
172
11
0
0
18
3131
0
1
0
1
2
47
0
23294
253
2
4
55
0
0
20
3
0
16
0
0
2
3
0
0
7343
600
12
0
33589
0
84
29
0
0
1
0
4271
0
337272
318
0
4407
0
0
4
50659
2329
22
1704
474
1
0
8
0
0
0
8
5
0
6767
0
6
1
1
0
288
186
0
0
15368
0
2
4416
230
1
630578
42
0
0
0
7456
0
83
201
0
28
0
0
0
129846
7
0
7
0
43
268
148642
0
12
3
7512
25
26
39312
0
3237
22
12
0
0
0
491
2598
568
0
0
202
3
2043
3
2
1569
0
0
1200
0
1103
0
3
105253
0
9
13
0
0
0
0
62
27622
3711
0
99
10
3
27
13217
13179
6925
18
6028
150
3
0
0
0
32
16
3451
47
17
0
82
8
60
60
0
0
1498
0
926
0
2051
2
33
0
3
9
0
3
0
0
306
1
31
30
2
3
3
0
350
10
0
1517
68
13
60
0
110
0
0
2
3
3
4
0
46
1
8
313
3668
29
19
342
0
0
9
0
1610
733
0
0
1
10377
0
0
4586
0
9
2
22
3
67
1
0
0
3
0
6412
127800
2
12218
0
1
17
0
928
0
57886
0
61759
29
257
1
41125
68867
16
2
1
1
53
337
69
0
1390
5
3362
484
3143
0
914
4
0
0
3
4
3
378
0
3
1
0
2
0
34
0
0
4367
2
0
4
0
9
9
41
520
15
1
5
2269
0
1
0
49
110
370
17
6
44
4
90
6
0
23239
3
2
1
11
291
12609
192
0
0
18600
0
0
11920
0
143
33
1
0
75
0
9981
20
1
6
0
1516
1
5
4
3593
16969
137
13994
0
1895
7
14
401
0
26
16
0
1
1
0
16
3
0
0
20112
0
434724
43
9
0
1675
1
5
0
0
133
1
0
149
177
0
0
0
6124
0
10
0
64041
15
0
0
0
0
13
0
2632
9
450
1
7709
2438
51
1
1
3909
0
51
12
0
0
0
4
241476
134449
0
0
86
6
59
0
0
0
0
0
1
61085
0
1531
27214
3
3774
18
0
638
0
3
0
7
18440
3164
0
0
0
0
7
0
232
6500
0
2
770
577
0
4290
0
3
788
0
89637
3
0
0
1
0
37
0
6
0
7511
11796
0
57
1
0
9054
4
0
0
0
27
0
70
36
15
18
17
4
0
0
57304
0
764
209456
4132
0
0
0
5080
0
0
5170
12875
0
10
727
0
45
0
0
657
1
0
0
26
10335
0
0
6
12
0
1
0
0
0
0
2
0
4
0
1951
