"x"
112
3091
2963
0
0
82
1346
0
1789
0
938
74
10
0
1
47
1919
79
0
1507
126
0
1500
0
7
22
70
1300
2
288
147
372
0
30
38
0
0
87
7
0
6
1
0
363
0
0
0
20
0
0
1059
209
3
0
0
0
27
0
0
0
1
0
2
0
0
1727
0
534
0
2318
401
78
0
1
2485
565
27
924
0
15
78
15
0
0
26
0
1034
890
203
3393
1
1
0
0
0
114
0
799
1
0
6
101
120
29
0
0
929
0
0
265
0
12
255
0
0
0
790
0
0
0
14
140
262
274
1064
1561
0
23
212
1
96
0
0
46
0
1204
0
75
3
0
0
860
1108
0
0
170
0
0
0
12
0
0
495
69
26
0
2428
27
0
43
72
0
1285
1
161
0
46
0
0
21
0
33
0
0
2
0
0
8
0
5349
0
0
430
85
23
934
0
0
1093
0
0
0
0
30
4115
0
57
17
937
4207
77
345
42
0
371
2011
0
0
2
21
15
117
2553
81
1
0
5
815
645
121
506
196
425
0
1150
288
200
0
2
181
53
0
0
0
253
0
0
5
0
415
68
62
0
0
0
1
142
0
0
4
0
402
598
1748
2
1
1027
322
60
1
0
0
48
1
2074
78
0
0
99
0
1
2
13
0
225
70
0
0
32
932
0
0
25
14
58
73
62
3
137
0
180
83
458
0
21
1
0
0
8
16
193
29
1259
9
295
0
3648
200
1
176
70
122
75
0
43
3541
0
0
20
1
0
0
19
31
10
0
0
102
202
52
0
0
0
2
0
8
0
1325
0
3
523
0
1
0
59
49
10
532
4919
0
3
0
1832
30
102
2795
8
24
1
692
51
0
0
6
4
0
0
0
5
2476
0
0
0
1
0
7
0
0
100
1621
13
0
1
110
0
0
0
109
0
0
0
1
1933
0
6
1
0
22
0
1033
127
16
0
0
11
0
491
0
0
1590
1
285
1816
356
0
4
0
0
0
127
14
10
57
0
11
28
786
40
19
1545
41
0
0
1501
0
495
0
8
3
23
2824
0
241
25
269
322
0
0
0
0
0
238
2
27
1524
137
1453
293
28
0
29
0
26
1392
2
3409
13
0
0
268
501
26
2205
220
1230
0
28
0
0
3349
0
0
0
1
31
802
2226
1212
41
0
528
85
2343
457
168
44
5490
10
0
2028
0
367
0
0
0
0
0
688
2061
11
0
10
0
0
950
45
0
2019
0
3
139
0
630
3
375
1442
455
526
0
5
1476
0
0
0
0
77
16
0
24
0
0
0
30
0
1617
0
0
0
15
18
8
15
150
0
7
400
13
1005
88
91
295
0
183
79
0
0
22
3350
2
4058
111
0
0
332
0
0
0
39
0
1092
65
34
281
1626
255
2069
1380
0
5
5
0
119
0
19
0
0
0
12
51
921
19
3000
1
913
0
7
1445
0
172
7
0
3739
968
117
1
18
152
2141
71
2941
618
0
0
0
716
3
642
7
256
1708
2
452
23
652
1236
29
1425
271
0
0
1076
10
2
2
0
0
4
0
8
0
20
0
0
1050
0
0
13
11
79
371
1395
0
278
96
1627
36
0
1
158
11
440
14
7
0
220
157
10
4
137
25
0
856
0
10
0
0
0
0
199
1405
1103
0
797
0
57
0
1
2348
264
405
24
0
0
1
0
60
8
0
0
309
0
192
0
0
112
522
6
0
4
0
0
0
18
1
0
0
0
0
372
20
0
0
0
2507
112
411
16
21
544
0
0
37
112
5
60
0
0
329
385
0
0
15
2
106
0
1
148
683
0
395
65
118
0
0
0
0
288
0
0
2
0
1569
0
158
0
0
325
0
0
1
0
1446
77
301
0
1316
0
3
0
0
0
416
0
0
3
0
55
96
95
0
2
0
41
0
1
0
121
36
748
19
0
0
0
0
39
0
0
0
67
4
0
0
0
359
263
157
8
106
628
0
0
15
7
2
3
1673
142
0
0
0
8
26
0
311
0
0
0
432
58
2
85
38
0
0
518
54
0
16
0
0
17
0
0
0
0
15
23
97
0
0
66
0
50
0
1060
2
1
0
0
17
74
29
92
0
3
0
0
1
503
42
0
162
154
61
0
4
859
1026
911
0
1
0
0
0
2
0
0
23
0
0
431
1
24
0
5
0
0
1
9
25
4
0
7
0
388
145
23
137
0
0
7
0
0
0
0
16
0
11
1
138
3
174
489
9
0
3154
932
81
0
3482
2064
0
8
161
24
0
0
0
3313
0
0
1729
1143
23
0
0
0
0
0
1531
636
200
1
12
0
292
1509
0
0
10
0
0
0
13
0
5
0
1189
0
1090
0
25
202
9
9
107
995
0
220
0
1
1383
0
2
0
0
35
0
11
0
0
112
0
11
36
0
0
0
14
1222
0
209
8
213
220
11
15
0
339
6
1
0
224
845
0
0
10
0
125
117
0
0
2
1161
77
6
0
0
0
0
0
0
99
0
0
64
60
158
1794
416
70
45
0
0
141
849
2982
79
1340
0
189
641
38
345
293
4767
61
0
1646
99
535
0
16
0
6
0
0
0
0
709
13
237
408
6
50
0
7
575
82
5
36
32
15
0
0
13
0
0
505
0
0
235
0
0
0
219
1
3
0
0
1874
1851
0
10
125
0
89
13
646
0
0
1
13
0
3
193
780
1468
0
27
0
0
658
0
11
32
3690
11
17
0
20
0
0
125
0
370
0
0
12
0
0
0
0
1
10
437
98
1
0
0
1
4
0
0
0
800
449
2
0
67
1027
0
0
19
1556
0
0
0
0
902
0
98
0
0
71
956
125
2
0
0
74
0
14
8
11
17
307
3008
59
0
0
89
0
62
123
0
0
98
0
4
0
4
835
19
505
117
1
0
17
857
152
0
0
0
0
870
177
5
0
2
0
15
225
213
4
0
0
0
0
0
245
0
0
1
0
791
258
1
0
0
17
0
0
655
2190
1
923
0
21
38
318
22
704
234
72
36
2439
1
426
16
0
1
0
244
0
1706
0
2439
856
1
2
252
0
3
0
0
2
214
0
0
0
3
0
21
3581
229
24
0
257
0
446
326
0
0
1042
0
389
121
0
0
843
0
84
0
119
0
878
0
222
0
0
61
17
0
0
0
0
157
0
0
0
1195
0
0
0
0
0
611
3
12
1828
4
2
0
0
30
1803
209
0
0
537
0
0
3110
12
0
0
0
2
0
1
0
0
0
30
8
2029
64
0
0
14
0
0
15
0
0
0
440
5
10
420
103
1052
102
2
206
0
0
3
219
740
11
73
0
1000
478
0
0
84
367
21
3
546
0
0
0
8
0
85
1057
0
19
271
458
50
0
29
0
2
72
0
1570
0
0
0
0
584
0
0
0
0
458
149
0
48
78
49
4
0
108
1
0
0
28
700
497
1611
2
717
0
0
100
164
0
0
2
83
105
7
255
60
90
0
0
1
3
0
4
153
789
563
0
0
0
0
0
0
0
791
206
0
0
0
551
399
134
0
0
57
0
0
1115
0
9
2289
368
947
71
46
0
972
2422
23
32
3
0
0
0
1
211
0
7
21
0
0
175
20
0
0
0
724
0
57
2139
0
0
509
0
103
0
0
0
0
502
0
0
36
0
76
7
460
0
2050
6
4
541
0
1131
0
697
0
0
0
0
454
1
2342
0
0
0
9
0
38
1102
380
0
19
67
2
8609
458
192
0
0
73
4
515
0
1515
5
0
0
664
0
71
0
0
3
0
0
0
0
0
0
120
6
190
0
194
263
17
8
0
0
0
0
0
21
0
17
0
0
626
16
5
71
2
0
653
4
1
5
0
0
0
3759
0
2378
2655
3
0
0
483
5
7
308
0
1363
86
0
1966
275
55
0
386
0
127
14
1
18
1436
777
113
1748
13
64
0
2
10
10
2
0
0
475
1572
31
0
375
513
97
367
0
0
53
660
0
101
48
0
0
0
342
0
0
56
2498
0
26
14
0
0
480
1212
61
2
11
0
157
0
237
0
0
0
157
0
0
5
0
7
0
0
3
88
0
2635
53
0
186
5
0
0
2048
85
1
79
0
14
0
85
1935
118
0
61
3
0
1617
0
0
2
0
66
4
0
0
0
0
0
0
0
5
0
0
0
1
0
551
3
72
730
0
2883
1592
25
5
660
0
1
0
0
1141
374
0
0
0
23
33
77
22
0
3
0
0
61
2
0
0
0
7
0
6
0
0
0
81
0
1
2302
2333
1
0
0
0
0
0
1099
11
2
0
541
47
10
2
0
0
14
3
777
0
111
609
194
0
0
6
0
93
0
0
0
0
2
501
164
1079
0
0
8
60
529
0
13
387
0
1
5
0
1
0
5
0
0
46
0
187
646
2160
41
7
0
0
2
218
0
0
0
0
0
955
37
227
3
1064
411
359
0
0
131
145
47
824
23
8
0
0
139
22
0
96
0
2588
0
0
70
220
231
0
0
444
1001
0
1491
902
0
0
0
0
201
219
97
13
0
0
0
0
0
591
85
21
136
0
1
14
21
0
0
0
27
91
10
4
1
1276
0
1040
0
199
0
5
1
0
377
18
0
362
1121
2986
2
0
0
465
0
0
0
674
36
0
0
25
2166
0
0
30
8
0
91
95
18
0
0
0
6
921
1384
0
0
0
3
1848
30
0
0
0
0
17
0
0
0
0
0
14
902
0
0
34
62
59
0
9
495
40
108
0
3276
986
0
0
0
0
11
0
4
135
1683
13
0
0
0
0
124
0
0
208
0
58
554
0
0
184
0
252
0
10
0
3
0
4620
0
0
0
0
1149
0
2116
5
0
0
1305
1369
2337
0
309
886
707
5
26
359
2936
0
3
0
888
1
1
0
0
0
0
0
0
0
0
175
0
187
0
2175
31
0
143
0
0
0
1843
8
0
0
77
0
312
0
0
90
0
0
5
861
310
0
25
0
0
9
2
108
2548
71
0
0
226
787
296
0
180
15
3
0
85
0
48
0
1690
459
0
0
898
0
1924
0
0
524
0
0
12
0
0
29
783
17
0
0
0
0
1330
0
105
80
69
37
253
0
2
144
0
0
368
679
57
0
545
0
0
1
0
3
53
0
1131
0
3
4
35
0
0
30
276
0
10
0
0
0
0
4
51
0
0
883
6
205
1
53
63
7
165
0
50
0
0
6
17
523
1889
0
1065
3
10
15
409
0
0
0
1671
1
11
73
1
0
40
5
0
56
24
1
0
386
6
242
98
1300
1556
0
0
95
0
424
21
757
566
0
16
249
0
220
0
0
1132
0
80
55
675
0
115
2
0
0
21
3877
0
1
0
77
0
1
352
1455
0
10
26
4491
0
0
0
32
0
167
20
0
0
0
415
22
2
0
1
968
2
0
3
0
0
182
133
0
3
390
0
1
12
0
4240
0
1583
0
0
10
272
1
2
106
3
1074
1148
3
50
3
99
4317
0
1
10
2215
14
0
20
0
0
4
0
17
2070
489
4060
0
0
2288
105
0
0
7
16
34
6
1039
235
11
2
486
0
20
413
3288
0
1270
63
139
3
15
149
494
0
3
0
572
0
3
9
1183
2
1
0
0
1
0
155
740
166
13
0
0
24
480
0
0
95
0
0
422
534
1
0
421
1499
1227
0
518
0
8
0
0
30
0
21
9
0
0
0
115
809
149
6
0
8
68
0
25
16
0
163
454
0
0
0
970
0
4
182
0
0
269
0
220
334
82
11
0
560
332
2313
3
75
387
1581
0
48
3
0
742
0
0
64
2282
0
74
719
401
2
0
667
0
7043
56
0
78
1
107
1
68
0
13
204
0
93
125
0
1
0
0
24
5
2
437
976
0
8
13
0
36
301
21
0
134
0
9
0
21
0
1
0
32
0
1260
377
0
43
0
0
0
4
506
20
0
0
1
0
193
0
7
0
115
1497
876
2
0
109
0
1
165
12
40
244
0
30
95
4
950
1713
4
264
30
253
0
0
0
11
0
0
0
46
0
0
1164
0
0
35
707
1
407
1838
8
1355
34
13
0
0
2
196
1
1467
20
79
2
241
935
66
3
0
0
0
155
0
44
0
0
104
1668
2
68
134
0
490
278
2
4
0
0
0
221
8
1360
0
16
0
0
1090
3
0
0
1397
166
0
0
0
116
218
0
21
98
0
10
0
2408
154
635
0
3266
258
1
3
542
1819
552
0
665
2
0
1
685
14
2
1746
0
15
0
0
0
0
110
0
1062
0
0
133
157
4026
0
5
0
0
0
57
198
26
86
266
0
666
0
792
7
1534
0
0
0
115
0
2
3656
23
3055
23
0
0
7
593
311
219
20
58
0
72
700
0
1
0
11
0
480
0
1
57
84
1
652
0
0
3
244
3
101
1
0
102
1
126
1176
0
40
0
277
0
0
1974
4226
93
203
36
0
767
0
1930
56
164
0
5
0
2
2
86
33
1413
0
149
698
0
709
0
552
0
0
2410
82
57
0
0
105
696
189
0
1
259
162
826
1409
111
3
21
0
83
0
584
0
13
253
366
6
72
0
1
0
0
0
0
1274
3076
0
105
498
2
0
0
808
0
151
0
313
0
297
396
2063
4
3
41
4
41
0
0
0
0
754
0
0
6
1091
0
6
3
202
0
0
0
3
6
27
32
66
1518
0
4
586
0
0
33
0
0
38
0
743
0
3197
0
127
379
0
76
2
400
26
346
42
21
20
180
30
1197
2582
2240
0
12
1
0
15
8
49
28
0
0
221
3
8
10
0
1
95
114
5
4
362
3
0
0
0
24
0
0
0
14
3962
0
1
0
0
0
1070
0
10
3
0
24
4
0
195
4
17
478
21
260
0
3556
0
4
145
5
2
0
7
2
1263
1
0
64
3
37
999
0
4
7
0
2
1
745
0
0
520
50
0
770
0
0
0
0
166
0
0
21
0
167
2773
28
1181
0
8
1497
97
0
0
283
0
5
67
0
0
4526
77
0
3
80
1
2
0
17
45
332
0
1
203
2692
2358
1780
4
281
21
0
20
57
10
0
2
0
0
11
0
1139
0
3504
766
438
455
304
3
0
30
989
240
0
267
1278
18
0
296
0
0
0
434
547
0
841
54
9
0
2
0
9
5
556
744
0
1
0
0
2
0
98
572
0
12
61
0
1033
6
2259
335
0
101
0
514
0
2812
344
7
20
56
30
339
14
0
0
859
430
0
5
2
13
0
0
0
1
0
237
65
66
0
136
0
0
0
2
11
11
0
301
0
37
0
0
325
464
464
0
145
24
1284
1013
4035
1
0
0
3
554
27
2
1482
4
104
0
0
189
64
19
1018
1072
3763
50
1
0
164
0
0
70
5428
18
0
101
0
0
529
0
412
9205
105
0
4
0
0
0
4
0
206
0
76
0
0
21
6
10
35
4
0
53
988
75
0
0
2
878
545
135
129
0
4
1
2
68
0
0
12
0
23
1
127
184
10
0
0
0
6
188
1856
1549
921
0
27
0
5
3
0
6
1174
43
0
16
4
0
0
0
120
0
1080
159
20
1
3
0
0
0
2
2
1154
35
1880
0
1476
19
21
2553
17
4
27
0
85
0
53
160
61
724
0
206
0
1
2024
0
0
0
79
0
67
70
1452
1
4
0
79
0
7
0
93
37
0
0
0
1214
657
1073
0
23
544
543
2
911
0
318
1
0
0
2724
0
586
156
100
17
0
11
1
55
0
12
7
0
865
4027
0
0
0
0
0
0
612
28
1427
0
0
1
267
4826
20
14
0
731
0
214
316
0
512
0
1
136
0
16
0
14
127
99
16
840
11
3
682
27
0
0
3
1
47
0
740
2038
44
0
0
12
0
0
1002
1776
0
1058
0
633
38
0
601
3
0
0
0
48
639
207
0
57
1246
11
0
445
6
152
0
0
373
0
574
0
39
6
1214
1343
0
1477
0
753
742
210
927
64
1375
1148
0
1094
0
0
2
0
137
0
348
0
4
0
1795
6
0
104
46
0
1409
0
4115
406
1749
15
63
0
0
2951
2
0
0
0
0
1780
2286
0
52
6
0
0
52
24
0
0
0
0
444
94
1
0
4
0
0
460
1
716
0
14
0
0
173
0
1446
0
308
0
43
0
1886
1675
0
4
0
0
0
0
1119
0
30
0
3
4
3932
13
0
0
403
0
321
0
3
0
1258
202
71
212
1068
155
0
71
2
0
10
4560
24
0
0
0
333
0
0
109
20
1820
0
2133
9
16
13
0
0
4
3694
0
157
0
0
104
524
124
4
41
4467
0
0
465
47
58
0
0
0
84
63
0
14
0
4162
0
0
591
18
1
92
4
0
7
0
138
0
39
0
315
1
0
0
1
0
2475
2750
0
43
1
81
3785
0
363
5
0
56
26
363
0
127
0
0
67
0
1
0
0
738
2
1686
144
0
69
0
0
595
0
20
0
0
273
114
1456
94
840
21
24
5
0
1140
5
0
0
2
2147
0
4
0
8
0
0
0
1
5
46
0
0
125
59
1242
0
0
0
0
15
1107
0
12
0
0
508
0
0
0
34
0
563
54
15
3
0
0
1664
0
0
0
666
0
187
0
267
0
1838
0
5
354
0
15
3
219
81
3
3831
0
204
7
0
19
0
550
1844
0
1
15
0
3
271
0
28
26
2498
225
0
823
18
74
0
0
71
255
0
2
0
285
234
0
164
1256
0
105
57
0
317
39
417
0
19
0
0
2809
0
0
0
46
13
34
0
0
702
0
27
623
0
1398
0
0
65
2
120
1
235
811
32
43
0
1
0
20
0
20
5478
0
0
0
11
0
279
0
0
1912
2
3
1304
120
2
24
1643
8
27
331
1214
532
0
180
3519
8
6
0
0
3
1180
19
18
0
5510
703
0
0
14
18
27
0
0
64
761
1500
418
0
0
614
179
3606
604
0
0
364
1543
26
108
28
0
44
7
139
493
276
818
0
41
385
1149
69
31
64
25
0
0
0
0
4553
882
629
43
0
0
4268
418
0
968
1289
0
0
633
0
0
1
2627
1381
148
174
245
123
4
0
0
467
715
3100
0
48
0
0
4
58
18
358
969
0
0
972
3039
2033
0
2249
0
0
425
662
300
0
5
0
1027
5047
4
1193
0
0
0
46
2
101
0
202
25
8
18
0
18
5
118
2558
0
6
6
0
0
466
0
7
0
0
34
0
0
0
20
101
0
122
0
0
0
4385
0
3
468
43
10
57
49
336
1301
0
534
0
2292
1482
0
42
1981
0
0
0
0
0
163
20
0
6
172
0
19
258
4
0
6
0
15
1
5
4981
120
1
716
5
0
0
0
32
6
1
2213
0
20
1
1265
20
10
0
1248
0
0
39
0
0
0
3705
0
4646
11
716
0
2
777
1
98
0
0
213
0
1041
19
0
0
1411
0
0
0
447
264
8
353
158
0
11
15
0
1
0
841
487
0
2
0
15
7
0
0
10
10
0
530
1006
0
55
0
3
0
0
16
0
0
0
561
0
78
0
0
0
253
48
32
148
0
1122
2
13
0
0
3
1327
22
311
47
24
6
21
1
0
0
0
0
3510
13
0
0
163
2
718
37
126
55
0
8
16
48
0
1
0
0
761
193
0
0
5494
0
4276
0
0
0
42
153
6
630
68
16
0
2040
60
0
83
0
3
42
3
0
1991
0
6
2
116
0
4100
2
3956
15
0
0
5089
657
0
0
1551
38
0
1341
68
13
0
716
0
27
473
0
0
1
12
0
3
0
20
62
645
9
0
392
1
0
0
3
1
114
297
0
207
1
0
73
2613
547
0
0
0
7
14
4
1
2
0
282
0
538
2
0
0
1992
1813
1053
0
444
0
45
33
0
0
118
378
19
24
31
960
2
0
0
0
388
61
398
357
624
4489
0
0
178
62
283
0
1511
122
122
0
10
479
0
352
0
1345
0
0
1
0
0
308
4
103
0
164
4
0
0
0
0
393
757
113
113
0
21
117
7
0
0
1
107
0
705
0
592
3
1419
0
1
0
1
0
11
1577
0
4
43
1990
0
0
2
19
0
21
0
336
0
461
505
1219
0
0
0
2362
0
501
1621
59
0
0
0
12
0
3
3
0
125
259
23
78
0
1
0
600
7
0
0
23
0
0
319
10
78
0
36
2
41
426
1695
12
0
523
29
45
0
8
2401
11
2319
35
0
161
2
117
1
83
5
0
328
0
4518
27
0
0
16
0
107
3199
0
2052
7443
0
0
1692
228
35
0
0
1878
0
1
1
12
0
0
0
116
638
131
0
0
3082
4248
25
2299
8
0
63
10
1696
0
2068
0
294
21
0
187
0
4
111
1611
8
158
243
1244
0
10
40
0
57
3
1235
11
9
0
141
0
0
0
0
0
0
33
0
0
64
245
1
0
0
0
0
0
0
0
17
1967
0
1368
1
18
4
13
0
304
2
358
0
0
0
0
2
60
2
0
0
1548
710
27
12
880
0
5
0
0
3
1081
179
124
1977
2
4
113
8
2339
38
210
2
1
0
0
800
0
14
0
0
16
0
28
0
57
5
30
0
85
0
15
4
0
9
31
0
11
978
127
62
31
8
0
0
82
260
0
0
3121
0
141
2
113
26
6
120
1941
10
141
38
1
20
0
970
2
0
0
10
163
0
0
0
0
1
1
73
0
0
6
1524
0
0
72
183
0
366
4
0
676
0
0
928
32
4
0
169
410
360
0
2471
20
12
1662
0
7
57
2
150
375
781
13
0
679
0
7
746
2
11
76
2
48
274
2
6
0
177
1
3
102
19
237
0
2319
0
1030
0
878
659
245
0
4
0
0
49
3
109
0
24
0
124
61
12
2598
248
4
985
3
0
2061
18
2678
1
19
604
17
2
0
1
0
2
0
156
8
9
381
2052
0
0
2
0
0
0
2
617
597
702
124
0
977
2563
4
156
0
0
0
34
274
413
1002
1624
103
1
263
59
0
0
20
0
1269
0
3006
1158
0
0
0
6
1170
14
6
24
3000
0
0
0
45
866
1
0
100
0
0
207
15
21
0
767
68
0
0
0
3
0
25
1477
18
599
2
177
51
199
0
6
50
0
0
2342
0
4
42
47
1199
0
0
3357
293
211
1
34
0
2412
671
45
81
0
127
662
1459
4
0
250
216
0
0
0
0
0
69
0
0
877
728
14
978
1
5
71
2
271
0
0
18
38
0
0
79
0
16
4
2
1048
40
1
9
1131
0
0
0
266
317
1
7
7
730
1
3
38
1723
1444
1
96
0
10
470
0
4
0
1141
20
0
2
0
0
0
0
75
2744
0
0
0
0
1
76
0
0
55
0
3730
486
3080
151
0
0
465
74
0
0
0
22
8
7
18
7
2296
0
0
5
31
0
21
1
0
0
0
0
4
65
40
2
7
1587
449
0
588
0
1
200
0
5
48
0
0
1382
2
1136
0
2251
0
3
18
0
0
140
3711
13
196
375
2910
0
0
389
1090
552
15
0
0
0
0
2680
591
333
11
409
17
1426
0
0
583
0
18
0
2
103
844
44
0
33
0
0
0
0
0
0
978
1137
235
6804
407
0
709
4561
0
168
0
7
0
0
3770
0
234
0
0
0
18
7
2
32
30
0
0
0
6
19
6
0
74
14
0
0
3375
4
66
14
37
2
0
0
3228
0
0
0
53
0
0
0
0
0
2
0
42
20
1955
5
474
1
1
0
1052
0
2
0
19
10
569
3344
4
390
0
245
0
0
0
213
214
5
3
19
22
3
0
0
1
0
233
0
0
1611
57
16
0
114
0
3
0
22
0
682
58
117
0
0
14
0
0
40
159
0
19
1
9
48
0
0
0
21
4
0
0
0
0
23
0
0
35
560
21
835
0
171
1
0
0
399
0
103
151
5
96
17
2271
11
549
0
0
17
538
3
0
0
0
9
0
0
16
2047
5
9
21
0
121
15
264
0
486
22
24
45
2000
1
0
54
0
0
647
0
0
69
0
0
3
36
0
8
124
46
40
0
34
13
0
349
490
1469
387
1397
56
6
654
0
449
203
0
0
31
0
206
817
2254
14
64
484
324
0
0
42
497
12
0
0
0
0
502
0
10
4829
0
17
41
0
13
0
1572
0
617
0
0
14
0
0
1
819
0
4835
1278
2
21
4349
0
844
2263
2
383
87
2
84
7
0
0
433
0
5
0
3
14
0
0
0
21
81
371
401
0
33
0
3
5
603
112
30
0
1
0
75
0
1170
0
0
0
0
6
305
0
0
0
117
0
0
6
155
5806
1065
5
3
399
63
585
253
1391
4
1659
0
325
0
0
1928
0
9
70
1543
0
0
238
21
0
0
0
22
4
78
0
1
53
34
11
0
2
1
0
1
6
2100
0
1556
561
0
4
756
0
0
0
39
17
137
0
109
150
22
4
0
1
1239
646
26
0
10
2
0
843
0
0
2
100
3
489
0
417
1074
0
1298
0
0
0
9
0
322
0
0
0
1
148
2181
0
1427
0
55
3
5
53
1703
0
609
0
1212
0
0
0
0
1
0
91
0
0
8
0
4
293
0
903
45
177
460
0
0
7
0
97
5
280
24
0
121
948
75
293
135
0
134
526
4
1191
1026
16
220
0
1901
0
2
1116
0
2416
0
0
0
986
0
0
829
52
237
888
3
0
0
13
371
0
1085
0
0
0
3016
63
205
33
8
8
1255
0
102
8
0
0
0
1307
34
553
1
0
6
0
6
0
0
12
0
0
0
0
0
0
135
0
10
8
0
0
0
0
1086
6
0
50
946
548
1660
0
4
145
231
14
0
0
17
304
681
520
0
0
8
246
4
1370
0
111
31
0
0
1
0
108
0
49
45
11
56
0
4
0
0
264
6
0
0
0
187
55
84
0
32
2917
7
279
36
13
0
0
0
801
0
1
531
632
354
995
28
0
0
797
101
0
0
2920
0
51
1333
22
1893
134
0
0
329
40
0
3586
49
60
0
0
2092
0
5
0
143
202
733
12
0
5
3207
0
6
0
1
0
47
0
19
0
6
539
0
27
1
60
1392
50
0
52
2098
18
121
19
880
34
173
437
238
141
1
2699
0
197
39
8
12
2341
3285
3882
0
0
0
1250
5
656
47
0
5
73
0
6
3
0
76
2
1195
0
5
0
390
0
1002
121
0
0
0
12
0
379
54
0
417
0
139
0
0
2
1664
14
16
0
0
0
586
868
1
13
5
30
188
0
0
16
124
1
127
168
84
434
34
21
57
4
1314
793
613
135
1046
16
962
6
386
4880
0
0
0
0
837
450
3
3
2116
1022
9
3
82
2167
5788
0
0
373
0
0
0
632
4
0
151
0
0
734
0
9
0
0
29
18
0
0
0
743
138
2
417
1304
10
285
0
0
62
0
94
199
0
1
1368
944
39
1
78
3
499
3
136
2047
290
3
519
0
1054
58
0
192
1710
245
530
0
181
3
0
0
1998
60
35
391
3
0
0
55
83
0
0
5
0
0
40
2
312
763
22
19
141
106
2
248
0
91
1173
33
0
0
1206
41
5
2726
3
0
0
6
0
0
0
9
361
4427
41
1906
463
1376
329
0
5
32
2127
0
0
22
13
3
0
12
163
25
1
0
0
464
1
66
2
1853
1
161
0
20
95
7
0
1843
0
0
7
2203
1005
466
142
3956
1310
1309
89
5
9
271
2
0
81
0
0
0
0
0
0
26
0
1551
0
0
108
157
9
452
872
1085
0
1625
14
0
60
6
0
260
4
21
408
0
0
1499
0
0
1703
4
0
919
720
741
42
103
12
16
205
208
3
1456
0
1563
0
0
0
526
0
935
0
0
2419
470
0
0
0
16
1
0
0
32
1
0
0
2981
973
7
92
3811
1
0
0
0
412
2
0
0
0
10
0
1320
41
0
591
0
34
0
0
76
0
0
17
0
2486
0
249
2
0
45
0
249
0
0
0
373
0
0
601
0
4
107
0
1
0
0
0
0
1540
0
42
0
22
12
0
0
0
2123
16
2
0
0
0
3
0
1799
59
11
1784
4
31
2240
0
122
22
75
210
0
25
6
145
3
0
0
10
0
341
8
0
1044
23
262
0
0
66
0
6
4486
0
1
0
0
0
1170
0
0
334
0
52
55
1028
67
0
1735
0
0
0
0
0
5
0
0
0
83
247
60
719
0
0
773
925
9
44
2755
1574
643
0
260
5
50
918
63
583
0
0
1
199
2052
0
216
1
1209
0
5604
339
0
0
0
0
1023
25
2
255
0
2698
393
3
0
0
0
582
0
0
4
3541
0
5
675
0
0
358
0
358
31
39
0
585
0
8
3500
0
0
330
65
0
35
43
37
83
75
0
0
582
266
18
0
0
0
200
11
12
712
0
2373
0
9
0
0
0
0
0
172
39
0
1
132
0
842
603
49
0
514
0
1110
1
722
0
0
3
0
80
309
0
83
2
3
8
31
0
0
0
47
0
12
0
74
10
380
1
22
0
2
220
0
0
2259
309
765
2720
690
0
0
0
327
47
21
1774
0
0
409
0
1443
427
15
2428
0
0
5
0
0
0
626
0
36
118
0
39
0
499
0
5897
1
238
30
0
0
892
57
0
0
34
0
1
25
2912
238
0
18
88
543
0
0
2
0
69
0
7
396
0
90
0
0
55
0
0
0
10
0
0
0
131
665
1
0
1276
1334
0
0
0
43
69
0
0
938
1220
0
1774
34
36
0
294
852
6
2263
3
0
0
0
12
0
748
0
24
0
2
172
0
0
0
77
5
0
0
0
310
1
8
0
40
6
5322
0
81
11
0
1734
2
18
621
948
0
10
3246
0
896
0
1
0
17
1
120
25
106
0
7
0
16
0
0
0
233
46
1
39
0
153
36
0
19
0
269
1
1367
0
627
27
6
3
2
1134
40
610
1269
0
0
24
894
61
0
0
0
57
603
5872
1054
169
22
0
2670
0
111
851
0
89
0
189
13
39
0
1046
0
349
71
36
18
0
0
0
0
1
0
0
1152
96
135
301
0
10
0
0
0
21
1
6015
395
5
0
169
0
0
0
0
8
267
4
0
0
30
18
114
0
67
9399
0
0
0
0
2
3
0
189
0
0
1716
1574
0
56
15
0
0
602
217
1034
0
0
0
0
0
0
1694
51
2
7143
0
24
35
7
0
0
0
0
1
2535
31
1684
6
1
0
9
4
941
71
1
3
57
0
37
45
0
0
231
1
0
2
10
2
0
69
44
119
985
11
7722
615
0
0
306
13
0
31
0
87
522
606
363
5959
4
13
4
0
982
4
919
1
1
0
0
0
0
0
793
1727
0
1330
34
1
193
2
0
115
0
0
0
746
938
0
1503
0
8
3
0
519
0
7
0
0
612
855
2
9
103
0
0
19
0
10
16
0
17
7
1597
0
0
0
2
0
0
92
595
0
10
34
2446
0
13
7
9
601
28
310
0
264
16
0
0
17
368
22
0
174
0
2492
0
1021
1981
137
4
33
1176
12
3
0
653
1702
0
1011
0
0
0
1607
2
1
0
40
855
0
2
0
1753
1341
0
0
290
1669
0
31
69
217
0
48
2120
353
0
0
50
1460
158
210
1162
0
0
0
0
31
21
0
0
0
0
99
60
3
744
236
0
0
3770
0
700
133
108
0
1
0
0
0
0
7
542
0
0
0
851
0
0
0
13
150
248
0
19
0
2310
191
20
0
7
0
11
12
3
40
14
4
0
1483
10
0
286
0
4476
5
0
71
0
278
236
6
0
84
0
0
0
0
0
35
12
0
29
482
0
1429
116
2
244
4423
18
66
1
3
60
0
2526
0
561
1
1583
0
31
0
14
1
724
5
0
134
11
0
0
17
0
0
0
1
8
388
5
1540
0
194
2
605
218
133
0
245
37
1
0
0
4
13
0
0
0
0
8
4
777
311
24
0
0
2
122
64
0
1899
101
0
0
0
760
2249
0
691
0
14
480
2
4
0
0
17
0
1
0
4
0
0
2403
0
637
13
500
4497
16
0
1322
0
4
1
0
0
196
0
0
1061
2
0
456
56
0
32
27
176
108
0
41
0
310
0
649
0
20
17
0
0
0
430
67
0
1023
0
6
2
2
90
0
1
4
125
0
1175
0
0
1405
0
2
129
1081
999
0
0
17
235
208
16
30
1076
0
137
0
3984
0
1
5
261
0
33
1525
0
0
378
77
0
150
3093
138
0
74
13
177
645
4
799
203
20
27
1
325
0
39
0
0
0
41
0
1
0
0
40
5
10
19
50
0
0
3
8
0
0
545
1655
0
0
1
2044
0
0
0
0
18
210
0
0
801
0
191
0
9
0
619
299
171
82
0
0
21
5
0
0
81
4
0
0
203
2049
1177
1
225
35
2
300
82
24
6
0
43
1
383
3
0
98
10
0
6
0
450
49
1418
0
0
7
2342
74
41
18
1
38
0
0
0
29
416
4
0
1802
271
33
59
0
4
0
0
0
0
0
1
681
202
808
534
190
64
0
2
9
309
3
93
338
1345
2120
0
1425
0
0
288
0
0
54
573
0
0
0
0
0
0
0
1360
169
0
415
16
0
0
233
0
24
0
97
0
107
0
0
578
0
2569
0
0
197
3
15
167
0
5
0
0
6
1508
0
0
0
332
260
0
137
0
1539
41
0
1236
0
85
7
1
249
0
6
0
22
2
0
200
0
1030
41
160
106
0
0
0
0
0
1048
1
10
7
0
20
273
0
29
0
1
2
47
1169
128
0
0
0
0
0
0
1568
0
0
149
0
0
3947
0
59
105
610
372
1120
0
435
1
0
0
703
0
15
18
261
0
2
2
0
11
2
4
0
603
0
19
1172
25
0
0
0
1
0
0
2309
35
1
0
24
0
0
0
356
10
135
13
0
0
48
11
178
2522
4659
202
0
0
60
479
5
17
0
492
11
0
95
14
2
0
0
161
0
0
0
423
7
0
823
962
93
197
13
1120
119
1572
0
0
0
0
571
18
0
0
0
0
823
0
0
27
43
177
1
1634
302
33
754
42
13
0
3
0
0
0
0
0
0
14
1784
0
0
0
101
1
1830
345
234
376
0
0
0
2
3054
166
0
1551
152
649
0
0
0
0
185
0
1231
0
428
384
497
20
0
0
25
6
112
0
1
12
1
0
0
0
0
0
40
83
9
0
283
0
3448
0
0
0
0
0
84
0
0
21
0
0
12
0
250
12
250
1
737
0
0
0
19
25
13
27
533
0
0
0
0
1
0
0
16
8
0
0
2
0
0
363
0
14
0
0
0
12
42
0
0
0
7
0
1
0
657
0
2
0
0
0
5140
49
202
1386
206
2385
445
0
1196
704
566
2
1
80
0
0
0
170
10
1900
21
1983
0
30
2
0
456
3320
0
824
0
0
1207
0
0
0
0
0
0
0
580
41
0
0
0
1205
10
3842
1729
0
10
22
0
4
0
0
0
7
307
0
0
0
0
0
15
146
84
20
84
0
0
10
2058
241
0
0
0
0
0
1
22
0
27
103
1
0
11
0
0
125
0
0
303
0
193
0
0
0
8
9
0
0
37
73
52
1
22
0
0
295
1377
0
1
0
0
3
563
15
0
11
582
1015
127
8
2
0
1960
0
0
51
0
709
0
92
0
116
0
129
4
0
194
1
4
0
1723
0
0
167
193
666
69
44
13
1
1171
0
8
6
236
13
582
32
0
0
0
819
406
309
606
0
9
0
72
0
11
29
35
56
0
32
0
447
21
0
1
1681
20
0
252
2
460
1819
702
0
0
15
0
0
176
0
0
15
11
116
1956
251
3453
118
0
1
0
0
0
0
1913
169
0
0
18
958
273
3
72
0
863
5
158
0
0
581
12
368
64
211
1901
16
0
0
0
100
119
7
0
181
0
681
0
64
274
0
0
16
0
2
127
20
0
493
12
0
0
0
0
8
6
18
0
0
544
6
0
0
580
24
4
9
2139
0
79
461
171
559
0
0
0
0
0
0
4596
286
993
2069
0
1337
0
0
0
0
0
48
18
104
10
0
93
0
1695
11
20
1430
1
1425
0
7
0
0
3
19
16
0
0
62
0
286
5
0
0
706
0
0
0
68
173
0
1
0
0
1
0
0
23
1213
0
3871
807
0
1406
0
0
22
132
140
0
16
826
897
0
0
803
12
0
1824
35
510
0
0
5
0
0
1144
79
0
6
0
10
191
18
0
0
20
393
2153
35
0
177
116
0
5
3
730
2
56
5
11
0
16
1945
135
0
733
0
274
1784
6
0
4
0
0
0
78
0
23
0
1
2
291
0
86
12
2215
3700
16
5
0
318
48
0
56
0
51
10
4
0
0
1
191
27
1
109
326
7
0
0
7
9
10
25
283
51
119
47
5
38
0
0
266
0
15
258
0
223
179
0
1323
0
0
1
0
63
2235
1
1634
2
3859
0
2
0
1
0
1
293
0
0
0
0
0
137
0
0
229
43
0
3
4047
0
0
191
0
0
0
0
11
0
415
2992
0
0
0
682
81
93
0
178
0
1280
0
0
344
0
0
661
33
0
0
78
1
0
58
2
0
2295
33
61
87
88
0
1254
754
1
151
72
256
0
39
0
94
95
0
308
196
0
34
1039
0
1949
411
2
9
0
687
157
3
0
98
0
208
756
0
0
0
65
35
18
1288
767
0
97
1095
4715
1255
0
0
0
14
148
13
0
1
0
26
0
4
244
0
0
0
0
0
324
0
0
1
0
414
212
0
0
0
0
512
0
14
0
728
0
0
0
1
0
311
0
835
890
477
22
0
0
8
0
64
1150
99
43
1357
0
291
18
0
1
0
10
3
14
98
1
0
0
0
15
46
2160
0
9
0
0
1399
0
1
96
415
20
700
2933
0
273
0
0
499
11
0
179
1290
0
0
913
176
0
339
6
0
0
1010
0
124
65
0
64
0
35
0
0
119
3501
717
596
46
82
0
0
0
293
0
0
333
13
1171
10
39
0
0
66
417
0
1
551
1493
0
0
0
1126
0
1
1299
0
35
0
1097
0
0
12
2
0
0
0
0
2
2
2284
0
22
0
4
16
170
0
5
298
0
0
0
0
375
4
56
3
0
5
0
0
0
21
36
3
0
0
0
97
5
0
0
82
378
0
1446
5
2
39
1206
1116
0
0
0
8
202
6490
1707
56
1461
0
8
2
0
6
1
139
351
1
0
0
0
0
57
95
0
263
14
2740
0
1054
0
1976
0
672
0
4
2623
0
32
0
0
2
1745
0
0
0
1
3
13
12
346
6
0
290
0
124
0
0
205
58
0
1718
450
1
11
0
24
41
1245
70
0
2205
0
1020
188
0
702
0
2
0
0
7
8
0
2
863
0
50
0
48
0
175
0
4
1462
57
146
5
2528
7
387
0
14
14
0
7
1593
3
60
1
0
3985
857
0
634
124
291
0
0
816
0
16
1
0
0
1
501
100
1154
24
408
0
145
0
20
0
0
0
1
1
542
0
0
0
0
5
0
0
0
519
187
66
0
0
0
0
0
1
626
0
0
0
0
0
166
703
22
0
919
4134
0
7
413
1426
11
53
32
0
85
0
1
505
0
9
1
0
1620
0
0
9
62
981
80
14
4
2569
0
0
0
4
0
0
275
0
1
0
6713
0
1137
771
0
0
63
88
79
141
0
0
0
0
8
0
164
29
6
25
433
1
0
0
22
3
485
0
0
0
679
1485
166
85
0
1
548
0
0
0
1
349
14
248
75
1651
269
69
0
0
1659
147
811
1
0
2752
29
49
8
0
433
0
0
1064
8
0
0
0
34
26
0
927
362
1203
40
0
6
40
0
64
990
5
480
530
0
0
0
14
6
4
0
1266
3
24
51
338
61
0
0
0
4557
129
2
197
0
2
1
0
76
15
0
0
3
106
261
0
24
19
0
0
217
1
2076
2113
0
0
88
0
18
3
0
0
0
72
409
0
41
235
11
0
144
0
0
975
0
3
52
0
0
0
344
1479
0
2
0
135
1
0
100
648
122
0
0
51
573
147
380
83
393
55
0
436
7
0
133
0
13
4
1151
0
0
0
1070
6
6620
0
4
13
70
4
1472
0
4
1
316
117
1036
281
0
362
0
0
3
0
747
0
6
2153
122
752
10
27
29
0
1
273
80
3
0
1921
38
548
2
1239
0
59
1992
0
6
169
1906
0
20
0
3
1434
111
2
1537
511
121
0
203
1020
0
5
161
0
0
5
576
732
0
0
38
3
48
3
470
431
78
1
111
64
4
792
6
0
242
531
226
9
0
5
0
0
6
0
1194
148
7
0
0
749
2
257
0
76
1803
4
0
0
830
0
1365
0
33
412
0
51
0
169
717
461
0
0
30
0
0
5456
1
0
0
33
1109
596
6
2
20
0
0
1017
19
623
0
0
568
0
225
214
640
68
1104
0
0
0
2112
24
0
0
0
66
8
2
51
33
2756
9
0
0
0
395
18
5
0
0
33
13
656
0
82
216
235
745
1
0
264
0
942
0
13
937
1
396
1440
0
122
2
0
0
0
0
4
1431
0
2325
0
0
343
1
0
0
163
0
297
6
0
9
0
0
33
0
115
0
0
0
712
0
16
0
153
18
722
9
0
0
152
0
113
0
7
2
0
0
225
0
0
1
1060
0
0
0
274
0
0
73
1
10030
30
0
15
52
474
32
1
1182
3086
0
0
22
0
6
1508
0
2807
0
790
17
0
7
146
355
0
2
2388
30
14
0
0
0
6
809
382
764
95
2474
5674
0
1115
173
374
0
0
0
165
26
1
0
9
1
0
0
26
341
41
3
0
268
1236
1358
0
2
1250
334
92
1306
1
0
4
0
432
394
0
0
0
0
0
2
2039
46
0
376
1
1514
0
267
1
0
819
68
6850
0
7095
19
0
11
0
0
278
0
576
287
740
0
3
0
0
1704
139
0
0
0
0
0
0
0
0
6
649
0
0
172
0
1
0
3999
3
0
3
0
0
0
3
0
2
0
15
0
619
11
0
0
4
1326
27
102
0
5
178
0
2300
0
1362
1148
27
0
0
33
0
3
0
11
32
2202
1637
104
0
193
475
1138
1012
21
78
0
20
0
0
201
0
1259
0
0
1493
1
144
1019
0
0
0
0
3
0
27
0
0
0
0
0
0
40
63
0
2
618
0
77
8
5
0
4
0
0
83
2175
1154
96
32
1486
774
8
0
1
0
1
7
410
0
32
1
11
786
0
0
4
8
0
0
0
157
0
257
2479
2
9
0
0
8
1179
21
9
899
0
5
0
0
5511
2895
251
10
95
152
1808
58
3
71
1553
0
10
3060
174
21
1
12
0
0
3
0
0
130
0
0
434
35
0
3
143
931
13
1864
38
1
0
0
93
462
0
1050
0
395
0
235
0
7
1
0
3
0
0
0
2070
0
29
0
111
5
1102
0
0
246
0
0
3
4
917
43
1265
0
6
0
69
0
0
3
0
0
320
673
336
0
0
0
36
0
68
0
0
87
0
187
20
0
3090
2
406
943
0
2
1391
4
125
0
7
86
0
25
3
7
0
319
5
0
4
219
5
0
168
0
11
0
987
0
12
7
0
27
2
0
0
0
0
37
0
89
5766
35
0
2
51
825
2
850
5
63
49
1671
10
0
0
27
0
4
0
39
88
37
20
351
0
162
0
117
0
631
5
0
37
533
5
0
0
8
575
1889
2107
288
514
0
0
269
215
1451
264
7
16
37
456
51
585
0
0
0
19
401
445
1097
782
1780
122
17
0
73
0
0
18
4
8
644
0
0
0
3369
0
2
999
773
1037
59
0
25
11
101
743
630
183
4
0
0
0
0
0
17
0
3
11
265
0
0
4
2766
0
0
6
2
166
731
10
81
0
1
889
0
2
0
0
1101
1633
0
7
0
0
9
0
0
0
26
712
56
0
0
0
992
34
135
2
0
31
0
21
16
151
34
712
102
1382
1063
202
0
0
86
0
0
0
1
0
0
0
0
2
0
0
0
1092
7
0
16
0
1
0
20
1
0
0
0
0
165
949
0
0
0
1
671
0
0
0
553
0
61
2841
0
10
136
0
9
110
0
0
20
42
305
321
14
2461
0
0
2688
1324
0
0
2470
0
0
0
17
662
0
147
0
15
0
2
0
2
17
0
0
0
0
1
168
0
18
0
0
0
0
384
0
46
7
0
61
0
1521
2
0
0
124
0
0
867
510
1384
330
1141
4
20
62
465
0
0
0
901
4447
330
0
0
4
3616
111
155
0
5
0
0
0
148
0
264
3482
0
0
0
0
1888
1455
0
0
0
0
5
0
29
2
0
1121
571
1203
0
79
0
12
140
107
8
0
0
21
17
3
58
2
0
0
0
63
12
3
663
3169
454
14
10
66
1782
0
0
0
0
36
13
0
87
37
15
11
285
1814
0
360
0
0
10
0
265
3
0
15
0
0
9
0
251
1001
42
5
389
1
57
1
53
938
4993
7
0
296
0
0
624
8
92
11962
0
4
0
0
56
22
798
13
0
0
0
71
4
0
0
219
476
1
1592
1471
0
1191
9
32
5
111
14
3231
2797
0
0
1079
0
0
184
3
37
17
0
0
16
3
422
3327
0
35
0
0
111
18
2
13
87
0
174
9
0
5
1
0
2
0
0
138
827
0
0
60
0
58
0
42
0
0
0
0
1
0
0
0
41
43
51
577
35
2591
474
2
0
7
6
520
101
0
0
13
0
18
886
0
1002
0
0
14
11
0
346
0
53
349
13
839
1309
322
2
3469
0
34
1537
14
0
11
17
1399
293
64
23
43
0
0
0
0
529
38
12
90
2
43
0
1112
406
0
0
0
150
0
0
32
4
0
0
645
0
246
23
104
0
5
0
2
8
0
0
478
21
0
0
43
0
19
601
0
0
0
0
1
141
0
1315
111
474
1
43
2
0
31
0
474
0
1982
839
88
74
0
92
11
1
4
861
0
0
99
0
1
7
3
0
0
77
0
3543
5
298
3
4
0
141
6
1156
1
11
0
0
4
1151
0
1314
0
16
1
0
84
24
0
0
52
7
1128
0
1344
0
27
3284
1
0
0
3
2
10
0
2
0
0
0
0
280
912
0
43
524
2
3160
0
1544
0
0
66
0
12
0
677
3
1
2053
54
0
2052
224
0
0
0
0
17
21
490
43
209
0
114
0
46
0
0
0
4
28
20
1
0
4
103
1
143
29
0
2
0
0
35
273
0
452
0
158
10
572
25
138
0
2
14
24
613
50
0
0
1445
401
17
1426
1393
0
4207
0
0
0
0
1
536
3
1110
12
182
156
0
1496
0
0
1058
964
2316
6
3
981
20
0
298
5
0
280
0
1005
0
35
0
0
1
670
0
0
0
1
0
1403
0
558
51
21
0
12
0
0
0
0
10
152
158
21
491
0
0
72
0
0
30
41
1608
40
21
0
36
7
162
0
0
3
0
0
0
2
6002
0
451
0
143
7
0
711
0
1390
9
0
0
593
731
1
93
0
306
18
0
2
1032
0
7
1124
613
151
7
3443
85
116
0
0
970
5
32
733
66
274
59
1
184
563
118
0
7
1
0
18
35
5
25
19
0
3032
89
0
2862
2
87
0
179
650
12
565
10
0
54
13
1068
0
0
0
0
1
119
0
901
57
0
11
6
0
1628
12
5
0
929
12
546
690
0
142
0
8
0
0
2
2338
7
12
100
0
0
0
137
0
0
0
188
1
9
0
115
12
15
2
0
0
0
0
949
4
0
0
0
37
24
0
11
0
0
0
216
0
0
44
0
0
10
0
1446
0
7
0
90
183
0
0
0
417
0
18
441
2352
1
41
4
5
44
0
0
0
0
0
0
159
6
6
176
0
0
0
4
0
0
2
0
4
229
13
0
0
0
0
351
0
0
0
98
1040
10
37
0
3
1130
846
0
0
0
30
0
2237
0
413
720
14
0
0
0
1330
0
58
190
2248
0
0
4
0
195
241
1
1723
646
0
1102
139
4
0
138
0
106
6
111
0
0
0
22
1686
0
0
0
55
943
562
0
5
19
103
0
0
117
96
5
220
0
0
0
0
2
0
1037
0
1
0
363
0
285
0
0
86
0
0
452
0
0
1310
37
7
753
0
4
0
623
0
0
0
4
177
856
9
0
0
0
6108
312
4
163
362
1
2
313
0
0
0
406
1
266
856
12
0
601
0
11
854
14
58
63
0
113
1682
0
0
34
14
0
0
0
0
70
0
0
2
16
1066
15
0
0
0
0
0
254
47
0
10
0
272
1774
0
0
0
1316
11
203
1122
151
36
0
656
25
0
0
27
1
11
48
2948
3
217
632
2
32
228
2432
5
357
0
78
0
0
306
1
313
71
156
269
0
493
0
0
0
1300
362
251
3
0
1031
275
1368
8
0
36
20
71
5
30
6
0
604
35
0
18
99
0
60
0
1100
9
276
2
0
2
0
380
425
73
492
0
73
1377
0
0
386
55
0
799
0
505
0
2128
0
6
0
0
25
6
33
1377
0
5
183
0
0
763
119
12
493
1459
68
0
94
0
0
75
19
0
0
0
1158
3
0
0
0
0
386
0
0
0
0
2460
0
12
0
0
7
3946
0
0
311
2030
362
663
0
0
16
11
47
0
15
18
0
31
164
1353
0
2633
6
90
0
0
0
0
0
209
3222
37
47
0
9
1
5
0
60
4
11
56
34
1063
9
0
29
18
1
2
0
193
0
0
1373
0
0
316
731
4
27
2820
207
4
4
45
22
0
0
118
0
2090
0
2621
1183
0
34
0
133
1631
0
325
158
1
54
621
33
0
0
0
3
0
0
1322
0
0
0
868
0
146
717
44
597
12
0
1
2
0
529
170
0
536
3277
24
4508
3
9
0
1426
1424
207
52
2729
727
1
233
0
0
1706
0
199
2
0
147
0
119
0
0
0
0
12
0
4
25
311
867
4567
805
14
0
3
182
1
49
14
0
0
502
0
0
6
50
117
851
0
1
0
7
361
0
0
1022
17
0
19
2241
0
0
0
3
18
1
47
0
1580
2
12
7
1640
58
0
21
2252
14
10
0
0
4
0
17
285
439
1282
0
2006
30
3408
0
0
1579
162
1196
0
0
78
0
0
0
2
0
0
202
14
0
2833
1
0
2
0
396
156
702
493
1
15
0
117
37
140
52
0
1016
1
163
0
0
0
19
2805
511
0
1
10
1
0
31
0
31
0
21
113
0
3129
0
1406
3
689
28
158
1472
22
0
0
0
0
0
889
47
31
118
15
0
39
0
3787
0
0
0
979
0
0
1049
4
5
0
4
3
2
0
660
0
0
0
0
10
0
0
0
0
576
2
2128
1
0
0
0
37
943
0
79
0
0
52
0
1115
0
1245
0
10
0
912
97
0
1
6
96
3
0
9
250
55
82
2395
0
247
36
182
1
0
9
6222
0
2
590
4909
218
17
0
0
3103
4647
744
8
0
690
1732
136
73
0
163
83
1844
4
17
0
100
215
0
158
0
618
0
595
92
2318
24
260
3
80
0
0
0
1
0
0
0
166
0
0
1154
337
146
0
3
7
0
333
1113
2
0
0
253
2184
0
0
0
95
612
17
0
9
32
24
3679
0
0
1432
0
0
0
257
3178
7
30
15
0
126
0
92
102
0
0
0
25
0
0
1
0
0
1222
0
0
776
2
0
0
0
0
3
35
0
0
1
0
0
0
0
3
0
72
491
0
35
1997
56
148
0
399
0
3807
1074
35
0
0
70
5
0
473
0
1287
0
22
337
609
0
0
85
0
9
0
302
5
2134
15
59
743
0
0
0
1
0
3
1200
652
2974
0
185
810
0
16
0
14
0
1
37
75
302
0
8
0
1201
0
18
30
0
0
0
0
0
195
43
0
1100
1
0
0
0
0
4778
0
0
154
0
27
0
0
6
82
0
187
1197
166
0
10
68
875
10
25
1268
2
0
0
56
6
2247
0
0
0
1
45
139
0
0
0
586
19
1
581
70
2
0
52
2
0
0
0
13
211
2845
16
0
65
0
0
0
0
210
11
0
0
32
0
210
3
0
0
618
0
1134
0
0
0
161
0
0
0
13
970
4
0
1356
723
0
189
0
8
645
2
15
0
21
0
154
1
103
7
1
23
0
38
0
148
0
1003
4
80
326
15
1352
0
0
163
0
895
325
44
0
2
3890
0
0
313
37
4
7
151
0
10
2
0
0
27
0
39
283
3
144
0
1439
5
506
0
1950
82
841
0
1675
72
0
43
80
0
0
0
0
30
2
1257
2587
0
0
717
0
68
538
12
0
0
723
0
0
0
0
2
91
1
0
60
8
1503
0
0
0
0
0
0
10
7
181
221
47
0
39
75
18
51
0
3415
3
668
396
22
0
470
0
2779
0
9
345
906
3212
1813
865
2569
7
1114
2
0
0
0
2967
0
147
55
2
7
0
432
0
28
0
167
709
3730
0
83
36
4579
0
0
790
0
1
21
0
102
13
0
0
901
0
0
198
0
0
0
15
0
0
450
1730
123
0
0
0
6
0
0
138
4
37
37
0
13
78
2
34
0
0
0
0
19
0
110
0
26
71
1
0
2
10
6
45
2
0
21
878
1
0
2265
0
0
488
15
1108
47
2746
0
14
0
0
39
15
0
0
0
86
0
29
0
62
0
832
0
6841
128
1373
21
1428
2149
858
0
0
733
8
0
0
0
0
220
11
483
0
0
5
328
168
0
0
2
1718
0
0
0
31
0
0
3685
66
3672
0
8
31
171
0
841
0
0
0
3071
2
20
0
0
256
0
13
1
0
0
1712
0
0
0
43
246
0
0
0
12
393
37
591
38
0
0
380
26
0
37
19
12
0
27
1374
343
0
1
58
0
0
137
36
0
42
0
208
105
2489
452
0
0
284
76
0
139
72
23
0
153
1
4
236
5
206
90
8
784
134
0
149
770
6
0
218
0
0
0
1145
0
0
0
68
0
15
3
0
0
0
0
10
0
0
146
8
1423
0
0
927
0
2
891
1895
0
244
21
20
589
269
29
0
0
0
10
0
1
21
0
426
149
2274
30
4
59
2
6
1
0
11
0
0
0
4
0
0
17
0
3
352
0
0
39
0
1737
10
155
3213
40
1947
1186
4
3068
0
4037
4
621
0
4
0
9
7
0
624
0
400
50
0
0
11
0
0
229
38
4915
1165
0
1030
2
2421
0
403
0
5381
10
788
4
0
88
1135
9
202
15
2934
0
0
3708
301
5
0
65
13
0
0
0
395
0
0
326
624
331
0
0
12
856
218
6
76
0
9
204
706
1409
3
0
1598
3243
0
119
0
4319
0
14
0
0
3
134
68
115
0
0
1
0
0
0
24
791
0
0
6
3
556
0
0
2
0
179
273
0
0
1652
268
689
3052
0
2
0
0
0
10
193
0
32
162
3
0
0
1291
3539
57
46
1707
24
633
5
23
0
0
2144
0
564
0
550
0
4
0
110
1
0
0
0
10
4
0
0
2401
0
28
3
692
36
24
542
2294
2
5
0
22
0
159
0
0
0
0
3636
0
1320
0
0
457
97
0
0
0
1368
1158
141
233
5
26
0
19
1019
0
0
1942
0
13
24
5
72
0
336
0
58
0
4
0
48
0
16
2971
0
80
0
0
31
0
0
1777
3
0
30
5
7
47
19
0
0
0
0
384
395
0
9
58
46
45
0
11
0
2
6
0
1
0
0
8
0
18
15
0
99
14
0
0
1225
59
0
0
1202
2
1
1
514
0
86
211
50
251
68
0
12
2801
818
0
607
17
10
0
66
0
2
38
0
0
66
2
6
0
9
114
0
1305
0
1323
0
0
724
358
0
1103
0
0
73
580
0
181
29
24
128
4
89
15
948
4747
0
5
80
0
23
149
17
879
1776
346
0
24
0
0
5
0
13
0
452
51
3646
1
15
222
0
0
51
0
13
824
37
393
0
1589
2403
0
0
0
0
18
0
0
992
0
233
0
108
0
0
0
59
2008
23
550
0
2
0
13
9
0
0
0
1
8
0
370
172
37
1
0
0
170
112
0
666
2
49
61
142
0
163
39
0
59
0
833
0
228
2
0
451
1837
1677
711
3
20
1224
0
0
0
82
693
798
349
0
0
4
29
0
0
0
1124
0
262
0
381
1327
95
9
1
194
89
0
16
0
11
3685
27
2166
744
0
2061
3122
58
0
0
0
0
4450
48
18
0
0
0
17
0
5
14
660
0
42
5
58
4
0
3
256
3206
6
0
0
68
0
48
12
191
4
182
0
1
0
7
1034
0
1390
205
538
35
2
549
0
4
0
3
0
240
996
0
2830
2
0
0
109
0
726
144
0
0
42
1
0
633
0
0
132
139
428
1470
1821
4
0
147
627
0
88
885
0
0
15
139
8
0
0
1
0
18
671
37
390
1351
0
20
3099
1
10
0
0
474
5
11
11
0
1
0
196
0
4595
338
200
0
558
0
0
347
267
30
0
1175
486
56
2132
0
1208
3
0
5567
0
2
0
0
0
172
25
5
1
115
33
54
1775
0
23
11
3
173
13
235
0
10
0
2
88
0
22
0
0
299
35
0
524
879
0
0
0
2011
0
0
9
590
16
3984
0
0
0
538
797
14
581
0
0
2
112
0
47
402
114
0
1239
731
18
290
0
778
57
12
1338
24
0
88
6
530
0
0
169
39
9
493
19
1
1195
584
11
35
486
1
0
648
1497
0
0
23
0
729
0
0
0
0
335
0
4
0
0
330
317
121
678
0
2561
11
7
390
0
833
0
0
0
0
412
1049
0
592
0
0
2037
139
0
0
3
2
192
190
3351
344
0
7
501
266
2183
0
0
0
84
43
0
1920
58
0
5
0
0
0
16
79
2657
0
1
74
3
0
10
2
0
0
327
146
391
0
0
0
673
9
0
0
0
0
17
2
0
0
13
0
41
0
0
0
66
0
0
27
2
98
3169
4
5
1234
0
2729
0
0
1
0
638
0
0
315
452
0
1561
11
447
222
41
6
1848
12
0
70
0
22
13
1
0
0
6
0
7
714
735
65
116
0
142
149
65
0
1
66
4830
1968
0
100
0
29
31
0
0
767
0
193
15
0
3405
0
1843
0
0
0
0
0
224
2367
751
0
632
0
98
1102
674
798
0
0
643
83
0
9
374
1046
145
249
491
0
273
0
226
1304
0
352
2
0
1200
0
2
42
11
59
1
1012
0
10
0
12
0
0
2
618
884
0
2
43
1
979
0
0
27
322
1771
0
1
417
0
959
2545
12
22
0
0
0
43
2
0
801
3
0
0
3
2203
0
50
1591
6
0
1005
6
31
11
60
0
181
192
0
1290
0
0
0
2022
32
0
0
0
1387
28
0
0
1549
227
155
59
0
203
2
1
0
15
0
0
0
16
471
0
0
109
0
0
1201
105
94
1322
0
488
15
276
5121
20
0
0
0
1
0
0
15
0
1
0
15
2
0
0
0
252
8
693
0
145
38
0
0
597
3
435
132
132
0
3269
0
307
0
52
271
453
22
8
7
14
244
27
384
3
0
1
262
517
0
0
107
8
0
0
0
22
6
0
0
0
571
263
4
10
0
0
1389
0
1380
955
0
3
3
23
0
0
0
0
0
0
0
1
2087
9
0
639
0
14
18
0
412
4
0
0
1
260
0
0
0
220
0
97
71
0
862
329
230
34
349
177
0
392
9
32
39
0
608
0
3313
620
2
0
0
0
311
37
0
458
149
151
0
0
14
174
0
1630
948
0
859
1441
0
0
41
22
0
1594
1440
135
0
0
406
0
20
0
0
626
258
0
1
13
1163
0
0
432
0
0
11
0
289
0
0
0
3
0
1148
0
287
20
6
0
66
0
0
3
4
24
871
4
0
0
2
63
1341
0
634
0
1802
0
0
989
28
0
0
0
0
0
411
1
2
0
976
0
78
0
1666
0
0
0
0
38
0
0
1142
171
1190
968
0
0
708
1592
1465
1481
8
0
0
49
4
2972
0
0
2052
199
0
2300
3679
14
0
0
1423
0
41
0
2562
13
4
0
758
707
1392
0
174
583
0
16
575
2
104
1
0
2070
284
0
5
1239
0
68
4
0
4
0
3
39
31
122
51
0
148
3
0
0
950
6
139
0
0
0
3068
1
186
0
876
181
619
0
0
3
87
0
31
1285
0
27
2
0
38
1
0
1
207
54
4
0
281
1231
1281
428
922
33
0
13
0
0
1
2
0
2288
0
53
170
51
1533
8
0
0
0
337
89
86
13
0
0
4
1
0
15
26
0
13
0
171
644
0
2
305
0
110
3
302
0
7
0
0
0
0
39
75
0
0
0
64
1428
14
5
674
361
1611
400
0
0
33
1300
2
2945
0
15
1
36
29
1487
435
0
150
0
8
27
2553
235
192
0
0
473
37
248
9
0
294
0
0
0
262
113
4
0
0
5
4
1
0
0
126
1749
1956
160
1042
35
0
7
7455
109
621
0
442
303
10
0
0
0
228
0
0
1716
0
0
3345
0
0
1
2659
0
256
3
10
123
9
2
2240
0
1
0
0
1
1863
6
0
2
0
16
67
0
484
0
0
8
0
0
11
3
0
0
985
0
0
1852
0
8
7
0
73
0
0
0
1835
0
1
0
2
60
0
290
0
325
388
47
0
232
0
107
0
0
51
0
136
1016
547
0
189
0
77
1522
0
0
40
2207
272
1
0
312
0
40
170
222
163
55
0
2
81
18
5
1157
152
0
0
948
1
0
742
0
2021
0
0
24
878
0
0
0
11
0
1
147
5
0
0
0
0
0
48
407
0
0
0
0
5
9
0
0
891
0
0
1093
845
958
403
0
0
16
72
13
0
0
0
80
0
0
142
0
8
0
15
1307
19
1376
157
0
5
11
78
2
291
0
9
5
8
0
5802
0
148
79
2648
138
438
8
164
417
0
0
35
57
462
8
151
1
1
37
0
8
0
101
2841
184
1199
25
0
1
0
0
27
0
143
1
0
0
3
19
3975
72
711
1521
0
0
0
157
146
2263
0
0
0
0
1
71
0
1829
30
0
13
0
0
2
0
34
736
392
1173
0
157
104
3
48
114
18
1255
0
27
18
0
2227
75
3
3
19
1240
8
6
220
93
12
236
9
605
48
2793
16
492
0
0
63
4
0
8
133
167
3187
10
1126
3300
181
1
91
3787
0
23
0
636
26
0
0
3477
86
39
23
0
12
0
0
0
0
0
13
0
6
320
23
0
551
3975
139
0
0
576
10
0
0
200
0
63
146
14
13
64
2946
1149
3
905
43
0
0
0
10
1819
1558
0
0
0
0
2
1173
0
1226
0
0
0
7
2
82
12
614
0
0
82
0
3
2
11
0
121
0
55
0
0
20
0
0
2394
35
0
9
0
1
0
0
1
0
1
0
326
0
599
0
0
19
7
1
1568
8
0
0
0
0
0
0
1815
0
0
684
529
228
0
0
19
0
89
1
0
1610
35
57
15
925
43
3
1
1877
0
0
0
0
9
3
10
0
0
1
424
290
0
5
426
0
35
142
70
309
4353
0
0
488
891
93
0
0
0
2
55
73
1
2486
0
1166
192
116
0
29
0
2
10
1256
35
0
1075
0
158
40
17
3
12
1
44
145
0
1096
0
0
63
1
1525
0
504
0
0
0
0
27
0
1577
0
2
1
1
0
28
660
0
117
0
0
0
0
16
31
13
14
31
154
0
6
0
618
3
0
137
1
902
0
35
1
764
0
0
346
0
32
337
24
385
2911
0
399
5
1358
0
0
0
0
7
6
0
351
0
4
7
1296
1864
0
2402
952
0
0
30
0
36
0
0
186
0
1
0
1018
0
0
2
0
576
647
3814
2
76
0
0
1235
335
675
0
1
3
13
0
53
0
0
913
0
0
8
0
28
45
852
1
74
204
0
682
9
1
26
0
4
59
0
0
264
0
0
0
25
0
24
0
16
3
0
0
0
762
0
95
0
6
25
0
804
9
126
8
67
0
12
171
399
1996
0
41
0
22
0
0
578
10
142
1
1
1089
0
0
0
2666
0
4886
0
206
0
0
0
0
0
0
0
87
462
1
0
13
372
2
0
0
0
9
1604
2028
36
0
0
49
1133
0
21
2
20
2112
1354
0
0
0
0
0
1549
0
124
0
0
27
120
0
13
45
1480
12
0
395
0
246
0
0
0
496
0
0
2
0
283
0
202
44
0
0
305
0
0
183
2
0
0
5
0
258
157
5
4
2085
5
0
336
156
0
0
129
28
0
0
0
33
1003
0
0
0
0
0
7
4500
108
315
10
313
0
0
362
1
1397
1169
0
22
15
2590
0
0
0
0
2
0
702
1126
6
0
12
0
1808
0
1
0
0
37
0
0
0
0
6
3029
32
0
0
86
96
0
0
80
0
13
31
229
2050
0
3
0
0
0
1967
0
0
63
0
0
23
0
13
38
0
1
1804
13
868
0
879
29
12
9
93
698
1
517
109
727
2523
0
12
0
110
1
56
1094
78
944
0
65
0
2964
0
1
0
57
176
1527
67
0
4918
10
0
4
11
0
0
2
0
0
3
117
10
0
0
0
0
0
2049
4
0
0
866
0
6
285
57
0
0
6
243
11
1539
1659
106
185
0
12
0
240
59
18
276
156
246
0
14
0
49
0
246
0
0
0
583
8
6
0
0
0
132
314
2541
3
129
333
2
399
0
16
530
14
70
4388
5
12
197
10
0
7
0
0
0
2
2
803
0
0
8
5
0
1
2049
4
8
1
0
1376
0
44
159
0
0
148
1685
4
1464
0
441
4
124
150
0
5
0
61
1552
3
210
763
367
1
0
872
4336
98
2311
1042
0
0
46
17
0
0
0
0
23
0
504
60
85
0
2709
584
2
0
100
0
964
0
25
1
176
14
0
153
0
578
5041
0
3
0
6569
0
1353
2
6
0
1100
0
0
4
1355
0
20
0
567
3330
0
0
4
0
161
0
0
0
0
595
49
3
943
3319
1237
4
185
0
0
0
74
0
628
0
110
1340
2
0
0
0
165
2
128
0
0
0
0
0
0
121
0
22
1417
2
0
6
0
26
3767
3138
0
1911
0
6
1041
0
0
25
1832
0
0
3221
543
1585
1695
0
0
7
5
1
1026
2348
3
0
0
0
301
192
0
217
2
25
1374
24
0
2
0
0
0
253
0
1804
995
0
32
1
0
0
15
0
9
0
719
0
0
0
0
0
0
24
0
9
1921
14
1405
0
1115
0
53
112
34
0
0
23
2985
0
0
0
2609
2622
14
405
624
47
88
145
0
0
85
0
5
0
832
13
1362
495
0
1
1337
7
0
777
2912
437
672
0
3
10
0
1378
0
0
0
0
0
2
0
1228
0
0
2094
489
27
28
0
124
4
14
1015
0
0
0
2016
466
0
0
722
1
120
3087
0
12
14
6
0
12
1472
241
579
7
0
0
10
1765
5
13
0
2479
0
0
66
2007
0
198
0
0
0
0
1
39
0
3767
237
0
61
1384
2
0
654
7
0
121
1
0
0
59
0
410
75
1
2146
0
1
56
494
165
646
9
0
0
31
10
0
1504
0
11
181
3
27
3488
3117
293
8
0
4
26
88
0
4
0
0
1
10
1
174
0
30
0
915
1
0
4
0
0
2780
0
4
0
0
940
0
1467
44
0
1451
0
112
2630
0
649
0
201
403
0
0
7
0
11
97
1501
3
0
2
670
343
918
27
47
0
377
0
0
0
621
0
25
0
7
0
8
0
0
1050
37
0
2
0
0
13
1
182
6
62
46
0
678
0
0
0
2784
0
5
1225
481
535
3
1550
0
25
0
0
0
0
0
0
735
838
38
144
1641
0
0
0
0
5
13
993
0
364
324
0
32
2526
0
390
331
4
4
0
0
91
1149
4
0
521
3271
665
239
0
0
3
1693
1266
0
12
1021
0
20
1359
0
2
0
0
93
127
12
4
2125
0
1
73
46
1290
255
111
350
2781
1076
46
0
729
44
0
0
0
0
6
880
1559
46
1
0
0
0
579
0
0
0
225
61
112
550
41
14
0
0
3177
3
25
1350
622
0
1
0
0
1
0
38
0
4
86
2
28
110
5
0
253
8
0
8
2
3705
0
0
3
112
0
44
1
0
133
2
228
25
7
0
22
0
0
0
1054
0
821
0
0
129
89
0
503
0
0
3
1056
1210
238
0
2
0
6
46
995
0
0
336
0
0
22
15
0
713
0
554
4
0
0
442
0
0
235
6
0
352
1572
40
2
3378
79
0
38
0
22
1156
353
3050
0
0
3423
110
0
0
48
7
8
1861
995
5
864
0
10
1
0
0
0
889
0
0
0
0
3053
1133
112
1
45
15
0
503
1200
11
78
0
0
0
1
869
2
1722
15
85
141
5099
0
56
1
0
0
0
962
50
0
260
19
0
0
10
0
29
0
2
0
0
2989
222
629
0
0
0
29
15
125
2146
158
69
195
1
12
21
21
0
76
0
146
97
17
4
4372
0
635
0
0
0
0
0
101
241
312
0
0
0
0
0
39
52
73
55
39
0
31
342
1453
39
5
1
29
0
110
0
3129
277
0
0
1036
697
36
2
23
0
886
0
920
0
776
16
1
0
16
0
3
28
61
0
0
878
109
711
122
0
0
61
0
0
0
0
90
0
243
1
1
0
1
0
8
1401
55
257
0
1976
137
2
2
39
1
11
0
25
0
0
11
701
68
0
52
3
0
38
497
9
15
3150
0
2
0
2
226
131
0
302
0
6
2
1
74
0
0
277
3
0
2008
0
0
66
0
27
0
28
0
126
3
1314
0
1211
10
1
0
0
1118
36
204
1363
0
39
216
69
0
0
875
0
15
355
852
0
0
211
971
53
0
0
0
0
2
1538
0
2217
0
63
232
0
923
8
0
0
7
0
476
1749
72
13
0
94
0
101
2
0
1
0
1105
0
31
906
1381
0
754
1
42
80
0
0
14
823
0
0
16
0
0
0
48
1
15
560
1032
30
0
0
1033
10699
1500
0
61
0
35
1
0
603
166
19
177
0
0
0
0
1
0
0
0
1041
6
281
0
6
515
15
3533
0
0
846
0
2
0
137
69
147
573
755
0
13
2401
0
0
100
419
0
1
0
12
0
0
0
12
709
1
227
47
0
0
0
0
0
0
793
268
83
0
1452
3
20
0
1
327
18
1
0
8
314
0
136
0
0
0
0
0
0
1514
4
702
0
0
0
232
0
0
0
36
0
568
0
49
1611
0
0
0
1
93
50
0
0
544
62
2
0
4
0
6
0
75
39
331
1
1163
0
2
1338
4
52
0
0
26
3
7
2
0
666
61
2263
1051
125
0
428
5
3104
0
1010
0
6
30
494
1048
0
0
0
474
39
0
1830
1540
0
20
0
2
3028
0
0
280
0
11
3
0
102
0
213
30
33
179
658
22
4
4
100
4073
0
2275
1
0
52
0
19
1
4
1
0
0
23
2
0
0
0
0
0
2312
32
635
490
0
0
9
0
1000
2
217
0
1
0
0
12
347
113
83
0
841
107
196
7742
3
2102
0
3378
872
303
0
22
235
6
9903
920
0
9
970
23
69
923
0
0
6
72
1199
0
1225
1228
66
7265
2
55
916
76
0
0
65
453
2101
1974
0
1407
359
0
1110
0
112
492
0
278
0
173
13
2383
54
11
14
239
642
465
0
14
0
0
0
440
0
0
2
920
177
0
37
0
426
3
71
0
0
0
0
197
801
59
0
0
2
0
0
0
12
0
134
886
0
929
1
281
12
2967
0
0
0
245
86
2
0
0
1556
2518
0
19
129
0
23
0
1
0
41
328
33
0
86
222
0
23
9
534
25
2996
0
2
0
0
0
0
131
0
1
0
1393
0
0
5
2065
0
0
1095
8
0
31
3832
0
0
0
861
514
12
522
351
0
0
3063
2
1
0
0
2
2026
0
34
71
0
0
0
57
0
0
7
0
1
0
4
0
746
0
0
0
42
6
0
0
0
1466
0
1
0
2
0
105
782
442
728
23
4
2066
559
3
0
0
0
1192
0
122
0
330
0
663
0
445
8
124
0
43
0
632
0
0
0
14
74
64
0
7
617
98
169
0
2929
0
0
0
97
45
31
2
878
0
57
0
0
0
0
0
1
1866
0
8
1468
91
0
15
52
291
0
0
0
0
0
540
108
91
6
0
0
73
0
11
0
56
23
323
0
1
0
0
0
12
0
0
0
295
508
986
0
0
5
0
0
9
0
1075
20
0
46
0
5
2
2
0
1215
0
138
10
1511
72
1330
0
9
0
1
1292
11
15
115
1131
1950
0
0
764
0
2
0
0
0
552
6
1365
603
0
35
11
1
161
1507
2128
927
9
0
426
741
1444
4
0
1806
0
0
59
76
37
14
0
24
0
0
0
650
0
0
2352
0
21
0
2729
0
18
0
0
0
0
2
0
5142
19
198
1492
0
3
0
0
97
280
0
67
0
0
33
160
145
1
0
1072
0
0
10
0
0
0
0
398
0
0
11
59
0
1
377
0
318
0
0
125
0
13
0
1673
0
1337
32
38
2086
271
752
0
0
0
8
0
0
0
494
5997
2
0
0
0
74
450
680
0
706
1771
0
5
31
295
0
0
1902
1054
0
2
0
114
0
0
43
0
0
0
3
1123
0
0
0
367
541
0
102
184
65
0
0
0
251
0
343
5
1
0
0
0
0
0
343
0
2617
28
1
340
0
198
0
1
0
9
2
16
0
36
1245
11
5
0
0
744
2
0
26
111
958
223
0
6
241
0
41
0
15
612
0
0
0
6
10
1447
0
32
0
139
0
18
0
0
218
9
1872
137
10
28
96
0
349
207
2348
0
845
12
0
850
173
0
0
2
92
14
1979
1148
720
1182
16
0
66
832
0
0
0
0
0
248
15
1261
124
0
1345
3
0
1
356
734
0
0
30
26
0
0
528
3686
356
284
1
0
0
0
525
2
0
37
1469
315
0
0
78
0
211
86
14
8
38
782
0
40
50
0
109
1469
99
1327
0
0
12
0
0
0
607
4
118
1
11
1447
0
0
0
7
13
0
21
91
0
0
388
556
0
4544
620
56
0
176
0
0
1
0
77
102
0
3008
141
1185
6
12
994
8
792
14
0
67
0
0
11
0
127
47
25
0
3991
3
4
18
0
0
47
3506
0
0
0
65
0
1248
0
123
0
1250
56
9
1
120
0
148
21
257
3
102
0
0
0
0
0
173
0
0
0
1085
17
31
0
85
17
0
0
4
0
74
64
0
0
23
20
47
351
1202
0
46
650
44
4
0
277
253
0
1
0
77
38
0
0
2245
0
0
2719
22
0
0
288
1459
2615
0
121
3
0
2
30
51
0
534
182
160
74
0
173
28
0
0
598
0
1
713
647
0
501
0
0
56
0
0
0
0
808
185
145
2
103
0
0
495
0
2652
586
1
2407
2040
74
0
174
86
2096
333
0
42
2197
14
357
0
0
22
29
2
0
177
0
26
409
2
0
0
4
1
310
91
0
0
0
922
3
0
4175
1
1903
36
0
0
1
1038
0
0
1322
0
0
890
361
23
6
13
0
2134
0
119
0
894
0
0
0
0
0
0
0
0
75
24
0
12
1494
0
13
0
123
7604
0
0
0
908
0
501
0
59
151
1313
1242
1
0
0
132
3
1635
585
541
39
2
2910
0
67
0
2028
15
542
203
1217
0
7
5
44
0
47
2561
179
0
4
323
1002
83
0
125
0
0
225
412
43
1292
439
0
27
0
68
0
14
0
554
0
635
538
126
2
0
1279
515
321
0
0
15
0
33
5
123
5
0
0
24
0
5
0
106
0
38
748
0
38
0
142
0
87
0
0
0
0
0
14
0
5
151
0
0
0
1719
288
159
4
1
974
4
0
0
12
979
0
3582
0
0
8
0
45
514
7
1
0
3
0
30
0
12
1625
7
0
61
13
282
1974
0
3
909
241
0
0
0
0
222
0
859
18
60
27
6
0
21
3
5
1743
2
5
0
1
1
0
467
0
0
3
0
0
255
859
48
0
850
3
0
9
3015
0
0
0
0
13
0
0
464
0
0
4070
1183
413
0
8
646
0
45
2
0
40
893
1826
28
11
30
73
0
155
4
10
29
2
164
0
0
2085
0
0
283
867
5
4
0
1803
0
231
0
15
0
2
0
475
473
68
0
0
1900
0
335
161
16
0
165
180
16
1
369
3
1873
0
413
0
0
5822
0
2253
0
1
78
354
102
0
0
0
0
652
170
124
3
20
1028
30
0
0
0
0
0
3
420
620
1
0
0
0
0
12
59
723
0
565
0
1008
0
0
399
0
1
32
0
0
7
0
76
0
0
0
383
28
14
244
2730
1402
0
722
1
62
0
1
22
5633
2293
0
140
0
0
0
7
70
1467
357
4
0
2239
853
0
1644
51
38
0
0
2608
2021
0
0
0
2745
4816
0
0
2932
61
0
0
70
0
11
0
0
0
2421
22
13
31
2
0
20
0
0
0
264
0
3283
0
15
1
0
0
532
0
0
0
0
897
854
0
18
0
0
0
194
0
22
5
25
0
44
977
777
0
0
0
935
0
842
707
3
264
44
0
0
13
796
2
1
8
3
1036
775
1754
0
66
39
1
0
0
0
0
1385
8
18
15
367
643
0
0
22
0
87
5
12
0
543
190
5
2
0
0
2
1
0
0
293
131
358
3042
352
47
53
0
0
0
12
0
0
361
7
4
3
36
84
0
0
0
12
0
201
8
85
108
30
2023
14
88
1
256
393
20
96
1655
0
26
374
0
0
0
0
0
658
5
142
0
0
0
0
0
0
10
0
0
0
42
25
0
0
0
0
0
0
0
197
994
15
4
0
0
633
11
3
390
4
0
0
7
0
0
0
3
2
1279
37
16
12
7
164
4
3899
759
4
0
0
48
0
0
0
0
0
49
882
0
0
0
31
751
122
2598
69
6
0
45
1
0
0
0
0
8
9
0
0
1
309
0
19
0
0
0
34
0
23
740
1
0
0
0
17
2
1782
131
0
0
155
0
252
976
81
2222
0
6
3854
0
1
844
0
0
98
0
1
25
0
82
1391
266
1281
27
0
602
741
559
38
0
0
0
2164
0
23
0
115
292
0
86
0
0
47
1003
0
0
0
0
175
0
0
4
471
5
110
115
0
934
2063
78
17
38
0
3
227
1394
1086
3
2550
0
1
0
574
108
1471
0
0
0
989
0
419
0
1
3832
38
633
52
1951
0
3
0
564
0
4
3360
0
3329
7
196
1
0
0
0
0
2275
11
0
2360
1663
288
1
154
44
2
25
0
2
0
727
0
1596
1366
49
12
0
0
0
0
46
281
42
80
504
2137
45
0
1045
0
0
1899
0
0
0
52
0
150
0
871
0
0
18
329
604
181
0
0
240
38
12
234
0
75
0
0
413
17
134
0
0
36
0
0
0
0
0
1621
0
1065
16
0
0
0
7
0
0
4602
0
0
252
0
0
9
2036
0
14
0
0
7
419
2895
593
0
55
0
11
0
1066
815
1211
1
0
38
200
784
0
65
50
0
0
0
0
3
1313
0
0
0
0
145
0
287
0
0
0
0
864
1818
437
0
1
0
665
257
9
481
145
21
2512
199
0
0
411
805
1
0
103
34
0
0
434
0
0
29
0
289
0
0
163
739
1394
7
278
74
1162
1182
2
1
7
0
3
0
705
55
0
37
0
0
0
91
0
62
26
0
0
0
4
8
19
3
52
706
115
43
0
0
9
6
0
29
12
3
0
0
0
3
0
0
0
33
387
1
0
2973
20
97
0
540
65
2696
69
0
0
1
0
1503
2
591
1401
328
0
692
363
1
374
10
1
179
0
3
0
0
2627
3
0
401
2016
131
0
15
284
1658
113
0
4
32
0
12
372
27
33
0
1
424
8
90
0
0
0
0
3990
138
0
0
9
10
0
935
0
543
11
730
3
0
11
549
23
196
0
30
586
18
0
425
0
3412
1
0
12
1
56
1719
0
0
21
1
0
622
456
74
943
0
267
387
0
0
0
331
409
1
0
0
497
1
1602
1055
2
2
0
0
451
12
0
4
281
0
311
3122
0
0
687
22
1953
1071
875
998
34
534
0
31
0
9
0
246
46
1270
201
0
417
0
101
1012
110
0
2
2
2
1
337
4
0
0
2590
519
2
1104
0
0
1
0
26
5414
1
0
0
0
0
0
0
0
0
0
0
0
0
0
0
0
4
696
68
0
0
3838
0
0
304
228
3
0
32
157
58
1
15
14
0
0
1440
2146
0
137
436
68
215
46
25
40
96
0
35
20
0
38
16
0
226
0
264
1842
35
5
0
0
626
136
0
0
1420
0
0
0
87
0
1296
0
0
1175
8
981
0
8
0
27
1
0
4450
3
4
154
0
3
0
0
0
30
1742
46
2
1825
0
0
0
0
146
0
0
0
0
0
470
0
2968
0
0
3
1898
3461
0
0
142
54
414
283
2
1
2
98
19
2036
0
2
4
598
19
0
0
0
0
0
0
0
127
395
751
7
39
0
492
263
1886
3258
430
0
67
60
0
0
65
47
150
1
555
0
9
527
0
19
0
0
1001
3
0
6
0
720
0
1
2
0
64
0
1
0
0
960
1693
4
0
0
0
748
0
0
4776
1
3218
1254
4
473
0
0
441
0
0
1147
91
1598
0
0
0
0
636
143
0
39
0
23
0
1177
19
13
187
276
195
25
0
22
66
1
0
0
1
1
59
0
0
415
0
0
40
0
1218
0
1290
0
2
0
66
78
0
8
368
0
0
0
1270
524
0
30
0
0
0
1
1030
175
0
1
0
101
253
0
0
0
158
23
0
924
0
145
0
0
0
1
0
18
11
934
24
13
50
1
590
28
0
37
788
1028
1393
0
0
0
12
20
65
274
101
15
38
1120
0
0
0
3
473
0
0
237
2
0
0
3
612
0
10
1722
0
640
16
4
0
0
3
0
6
0
17
49
145
3200
0
0
0
0
882
58
1234
0
0
98
0
0
45
4
4
4
1257
1370
0
5717
3
0
4780
3
0
0
1
3
33
141
50
386
154
30
2035
0
2814
24
2
346
12
23
899
2
2
0
3
0
536
0
2665
0
50
0
0
0
0
0
36
0
0
0
60
48
9
1965
1569
107
1373
0
8
0
25
1767
1022
166
7
40
7
710
0
0
80
1492
650
0
3
20
0
24
109
0
2149
0
1
32
0
316
0
7
630
0
5
0
2
0
1328
2
4
0
0
2235
0
0
20
520
0
0
0
568
13
0
246
3008
3
4
1914
3
268
0
59
935
167
35
230
251
3074
0
0
0
0
0
378
0
11
3796
2885
0
5
469
0
2013
687
170
251
0
0
930
1
520
12
597
37
8
90
7
0
0
0
0
6
679
101
0
1201
0
0
0
54
0
0
33
0
2802
0
222
855
0
13
0
515
317
0
0
49
0
99
2922
38
45
54
2
42
0
0
0
0
0
204
0
0
1
0
9
406
1144
0
0
0
802
815
67
0
4
0
2
0
209
0
313
46
2
129
587
9301
0
71
69
207
790
1729
1311
446
9
0
0
0
131
687
0
6
213
317
2462
60
0
16
0
0
77
0
0
17
6
0
413
1
0
1
603
0
0
1
35
48
0
1404
0
702
0
0
0
0
1217
26
26
0
319
1100
0
12
0
766
45
0
2003
0
0
2752
16
0
5
157
0
1
0
12
81
0
0
2
18
1181
0
276
0
0
0
0
0
3
0
58
110
2530
22
1
0
11
520
2887
133
0
0
0
0
71
1863
0
1882
2276
17
344
916
3304
3
0
128
27
3
0
0
0
0
2
5
0
0
0
643
10
997
0
193
246
258
13
395
53
0
24
0
3
267
1140
0
1357
0
0
0
23
0
46
201
842
1103
82
2
4
385
96
0
1
362
11
0
0
0
67
1
639
0
152
0
0
1
1103
0
39
1043
0
2598
1804
7
11
0
0
0
118
0
36
0
128
1
0
0
1762
960
0
163
12
0
2354
4
432
0
219
69
0
1
0
430
1148
63
8
5
1
0
0
5
0
307
8
1
0
18
33
957
8
6
0
2
19
0
58
2176
1
0
1957
573
321
10
2765
42
555
28
0
2
4
22
0
3
22
157
2305
73
45
542
43
898
137
0
8
128
0
0
0
0
567
139
99
0
0
0
0
0
0
345
38
1861
10
1
1913
0
0
0
6
51
1
1
0
1122
0
0
6
0
37
0
0
0
2
26
0
1
0
0
107
0
435
26
1082
27
8
0
0
2
0
0
0
6
114
1010
56
0
42
0
0
3
0
0
39
5
53
99
3
0
3985
0
4
2268
4005
2
0
271
0
1246
1010
410
64
0
1
1
3
2
0
0
21
0
0
1
2452
22
171
0
0
0
0
300
0
0
94
554
0
9429
0
0
127
0
0
0
0
0
0
0
85
14
0
0
0
0
2174
123
0
1
0
3
0
283
153
12
0
4
0
1557
374
0
0
308
3
0
0
0
61
6172
340
371
0
1877
0
0
0
0
7
473
24
424
0
0
59
51
2719
18
10680
5412
174
969
19
14
40
0
3
332
1
186
70
10566
1780
0
516
0
0
3193
71
207
2
0
0
1965
951
6
787
0
5249
4
0
0
0
0
366
0
0
0
0
3
0
0
0
1
0
1
0
287
0
3
7
0
461
2
0
557
33
14
0
2561
0
5
7
12
3598
2
4
0
4
0
1788
635
1
2939
0
447
3
1
0
2
0
66
703
10
0
0
29
4
0
9
1267
0
0
0
0
99
530
28
1668
2155
0
3435
0
0
101
83
0
216
686
0
0
299
93
0
0
0
0
70
0
9484
31
0
9
275
181
708
57
0
0
156
0
4128
0
55
135
2366
0
17
191
592
6
0
0
0
42
0
0
0
4
3
4719
0
1
20
70
731
9394
0
0
0
2420
841
0
867
550
1383
6
2545
539
0
0
9
3
5
2651
2271
0
0
0
47
0
0
46
94
511
13
2
0
182
308
46
128
0
0
0
132
0
0
0
119
0
4
0
0
2
0
6571
18
0
1460
25
0
0
5
17
0
4035
35
0
16
3038
583
0
0
2
1040
0
1861
2753
0
20
162
0
0
4990
0
483
0
0
1051
0
1
5
0
0
405
1
0
833
423
0
5994
0
0
0
0
3
101
13
528
1637
0
0
0
447
531
3
2024
2
16
0
0
9
0
252
0
0
0
443
2118
5
2279
0
5
1024
0
420
0
195
0
27
2
31
0
0
0
4059
0
0
351
69
0
61
33
3692
4303
925
0
97
0
3255
193
0
0
0
24
68
6
0
11
44
0
685
125
0
0
0
43
372
0
460
17
3
412
169
0
46
3573
3649
0
60
55
0
711
14
0
1
16
37
3880
202
0
517
5
0
181
1
1374
3
0
0
4300
340
0
2
1472
34
0
0
188
1
0
0
0
0
0
0
0
0
0
0
0
0
499
106
0
0
0
3896
0
51
0
1784
2
6
0
19
0
5
1408
0
13
0
0
0
982
0
0
0
32
39
0
917
2
2
0
27
660
1
4
263
22
0
1
0
141
72
0
3
2
0
0
1113
22
136
70
0
0
14
0
37
0
0
0
0
278
7
1988
0
0
0
3
166
3105
57
0
0
0
0
143
4
12
0
0
25
0
5
20
0
2
0
899
0
3965
294
0
294
1730
2
831
851
60
76
50
0
3
4
0
184
1801
2198
5359
211
0
5913
58
386
56
2
69
194
0
163
0
42
31
0
507
0
50
202
3286
0
4
0
0
675
42
51
81
0
0
607
0
174
365
20
0
0
664
0
294
0
1360
0
7
92
504
2881
0
0
0
300
0
0
25
0
851
729
44
407
2
290
0
16
0
0
2
1494
1655
0
3278
6
0
17
0
131
0
14
16
261
0
1990
27
0
0
0
0
1837
1010
3
0
0
0
2
0
219
29
0
0
0
0
1596
0
27
0
0
0
0
0
0
277
2
0
1172
0
12
432
0
0
187
163
43
443
78
0
4
195
1519
0
0
0
0
6
0
2468
13
79
283
1358
0
8
0
8898
79
6136
0
316
1710
0
218
4426
0
1817
40
0
0
212
0
0
0
1058
133
63
371
1160
335
0
461
410
0
2026
3
311
0
0
1664
223
2
20
2083
0
1
0
346
1540
0
129
118
1029
0
312
13
602
0
5407
11
294
469
0
274
0
0
1
500
1
505
0
3981
1002
0
0
0
0
1026
0
416
488
30
4892
0
7176
90
0
13
1601
0
4231
0
99
6
55
98
0
2016
0
198
0
0
0
0
35
10
825
384
0
4
0
0
1187
0
2119
122
11
3394
202
0
0
15
251
0
2115
2269
282
17
1
0
828
2
0
67
0
0
393
0
353
0
0
159
0
31
0
0
1841
1463
0
0
0
567
2333
68
0
0
54
134
73
1
0
0
1472
521
3
59
0
25
0
0
0
0
36
0
0
244
0
89
2926
0
661
15
4
0
0
116
16
0
0
30
0
3
0
9166
0
0
2
0
15
2342
0
0
58
196
40
0
0
334
0
697
312
0
0
4
16
5674
645
1
0
0
0
0
0
0
1971
0
114
2
53
1734
0
583
296
6
4040
0
0
0
3163
32
0
2
1
0
0
0
289
1
0
0
0
0
1
1816
0
63
18
32
392
63
0
7041
7
0
0
1
323
5
257
0
1755
0
68
0
19
7798
5323
0
4
0
72
1
201
0
49
187
3
23
190
656
12
0
0
138
308
2983
0
2880
0
0
868
0
181
0
0
0
1037
283
29
160
2
146
27
1
29
0
0
0
18
40
0
0
20
3510
2
1
1681
280
0
53
0
3773
0
0
0
0
0
0
2
0
386
0
0
881
3034
0
0
0
0
6
0
0
0
0
7001
0
20
0
35
50
0
95
6213
0
0
0
2
12
0
52
5
337
0
0
70
2
579
176
2
11
9
0
256
10
89
4653
2838
0
510
0
0
0
0
1
0
472
0
470
2785
44
0
1
0
0
0
1019
54
15
93
0
0
0
0
0
0
0
0
1740
0
133
32
1836
0
0
0
7
7158
68
0
0
75
62
0
26
1518
0
162
2742
242
4
0
91
4601
0
3
1523
0
0
1
0
461
49
6
1
0
0
3
39
0
30
2
0
0
0
0
13
0
6554
91
0
0
0
42
0
257
9
0
3
2868
0
0
0
953
0
198
2204
0
1
1406
253
0
0
12
1304
137
1116
622
2808
0
1117
579
3958
4605
0
16
390
0
6
1153
0
1444
0
0
90
0
15
0
1
2478
4455
8
0
1
12
0
970
919
1609
0
0
21
0
0
2977
1859
4411
1723
0
3481
30
87
0
0
4
121
13
644
0
3605
56
727
4532
34
1
0
0
739
1
24
0
948
3333
0
0
0
5305
0
0
380
0
50
2063
19
500
2165
36
57
0
0
0
1255
5
720
15
5223
0
1
25
0
6
1142
0
0
0
281
1
0
873
0
6
0
1936
0
0
179
14
2
0
70
0
2066
750
96
0
0
0
0
1053
946
0
3660
2296
0
0
741
0
19
835
0
2
2
128
6468
0
24
0
7
15
0
2241
0
0
0
0
558
4
0
0
627
223
1045
59
5
0
186
138
0
0
807
0
24
0
0
9
14
0
2073
1441
4
192
0
68
25
134
2
0
57
334
28
14
127
2902
1207
0
520
0
0
5514
99
0
19
5273
149
16
0
0
0
9
334
4
0
357
443
3
0
138
68
89
0
73
0
731
0
4
1
0
0
232
1863
948
0
0
0
0
1
890
34
0
0
0
630
0
6
51
0
6194
139
11
0
1803
31
0
19
0
3331
2329
813
0
0
3
1404
24
573
0
0
82
476
0
0
0
2
0
26
597
0
2991
0
0
6507
1015
152
0
79
0
0
0
0
1359
0
0
0
0
0
0
0
0
690
344
0
0
54
0
0
0
1
0
1944
0
1915
634
0
0
18
2
0
9984
5789
0
4627
4
0
6
182
0
5667
0
23
3
79
416
0
22
304
1318
2350
0
51
3418
0
128
0
0
50
242
842
0
432
38
2
1908
9
3809
2907
224
2658
129
3
2
0
0
0
0
130
715
180
0
0
0
580
2635
0
0
0
344
0
12
3104
17
0
4
0
0
0
0
0
24
0
0
156
1431
0
0
0
371
1
1
44
4043
0
4860
2
4
93
5
297
56
172
18
0
5
0
8
318
0
0
352
12218
137
945
0
14
0
6
23
102
863
0
121
0
225
1742
3876
238
0
632
324
191
0
0
371
1577
0
172
0
39
2234
2
0
0
0
29
51
49
0
0
261
0
66
0
238
0
6
0
5
73
126
0
312
2
2442
549
2099
0
1180
5925
259
15
0
0
9
0
180
1
4874
163
8526
230
0
0
0
0
476
1
0
849
0
11
537
0
66
5
702
0
0
0
1170
0
0
2892
54
149
46
11
0
0
0
0
210
0
732
1958
51
808
53
0
5634
336
26
1
2643
0
3
2437
0
4392
250
52
2
0
4
0
0
5
0
0
26
111
423
0
0
156
115
2108
28
0
907
0
0
37
59
0
3
6
0
0
0
0
760
0
183
669
538
0
0
153
4223
0
46
0
105
826
0
0
0
0
1
938
62
1313
0
565
0
0
0
0
1593
11
0
3081
0
0
0
322
0
476
0
19
0
188
0
0
1
391
75
0
1297
0
383
7
1454
0
0
1
0
0
2
0
247
0
6
0
1
2980
0
0
259
189
0
2011
19
16
646
138
5
8
14
570
1732
211
0
8
0
0
0
2
7
0
61
358
1634
0
0
1
0
41
41
3267
3419
0
0
70
508
23
0
644
8
45
0
0
2
183
0
76
225
0
200
1314
0
57
119
95
2
88
0
1039
0
1741
0
691
0
11
39
18
0
0
4
0
613
4887
0
0
615
1
4
0
342
0
4839
111
0
392
597
0
16
0
0
0
0
1
0
0
11
0
79
547
42
0
964
0
2
19
0
1174
2441
0
189
0
982
0
614
0
0
142
0
2474
35
29
946
3
1
1
17
198
0
4423
74
566
859
260
140
0
3
10
9
0
19
2
0
20
228
0
0
840
4
2195
0
127
0
1317
6
0
6635
2
0
89
0
79
6953
2
28
0
370
0
15
1207
0
291
0
10531
0
2
27
0
5
7
0
4772
0
98
424
792
0
1363
1940
2147
12217
2
1045
6
381
0
0
0
0
0
7
0
343
8
30
343
0
0
0
714
0
0
0
