"x"
0
45
0
0
0
73087
0
0
6182
0
11968
0
0
0
0
187
0
5
0
0
0
0
16306
0
0
0
356
0
0
0
33
0
0
0
0
0
883
0
0
0
0
0
3
0
0
11593
0
0
0
0
239
0
400
0
14152
0
0
0
0
0
2967
7186
0
0
1468
0
465
65
54014
0
0
0
0
16
53
58
0
0
0
0
3540
0
0
0
0
0
0
0
78
0
0
0
0
0
0
17586
184155
0
2
0
0
0
602
2
0
0
0
0
0
0
0
20192
20562
0
0
0
65515
1
0
0
0
0
0
3200
1486
0
4
0
0
0
0
0
0
0
981
0
0
0
0
0
0
0
0
245
0
0
0
0
0
0
0
0
0
0
0
9
0
89891
0
0
0
21895
0
0
28809
0
0
0
0
0
0
0
0
0
0
0
0
653
0
0
0
1168
0
0
0
0
0
24502
49418
0
0
0
0
802
0
0
0
85
4777
0
0
0
0
0
0
0
0
2170
0
0
0
22
5287
0
0
0
0
0
0
174
27640
0
0
0
0
0
56246
0
0
0
0
0
0
0
0
24955
0
0
0
0
232
0
0
0
0
0
6931
94255
7033
0
1078
0
0
0
0
0
83
2771
0
0
0
0
0
0
5910
20
6708
6433
0
8
55927
0
0
0
0
4480
0
0
0
0
0
391
0
911
0
0
5378
113150
0
0
203
2229
0
0
535
0
964
0
0
9685
0
0
0
0
7
0
48987
0
0
0
0
0
0
0
37232
0
0
20
0
0
0
1812
0
0
0
55223
14008
0
0
0
28017
732
108
0
0
0
0
0
0
0
0
59
0
0
103232
617
0
0
0
0
0
0
0
610
5231
0
0
0
0
0
0
0
360
0
0
108470
0
0
401
0
0
0
5796
1153
0
0
0
0
0
0
0
0
0
118101
0
0
3518
0
0
0
0
0
115199
0
0
0
0
0
0
45276
0
0
0
0
0
14167
768
0
0
1006
49106
0
8
0
0
0
0
0
0
1
29621
1709
213
0
0
0
0
0
0
296
0
0
0
263
0
198
4532
0
0
0
0
174106
0
0
0
0
134
0
0
0
0
0
0
1184
0
0
0
0
0
0
0
2
0
0
0
0
0
164468
0
0
0
3006
132
0
86356
0
0
0
0
0
0
1594
1848
0
21708
0
0
27
0
0
0
0
10098
0
0
34440
140
0
1073
0
52802
13117
105872
10923
0
1281
0
0
397
43
0
0
20
0
40
14
0
166
0
0
0
0
0
7908
0
0
0
19058
4433
0
0
0
0
0
0
0
1
0
0
0
0
0
0
52179
0
0
0
0
518
608
70
0
0
0
2209
51471
2
0
6546
296
29
0
7125
0
31945
0
0
0
0
0
0
0
0
0
0
0
0
188
0
0
0
0
0
0
0
0
0
0
23705
6
731
0
84
8080
0
0
0
365
0
66099
0
5
0
0
0
0
0
0
0
0
0
0
0
0
0
77
0
0
33
0
0
0
0
0
3203
0
15154
1008
11
0
0
315
0
0
0
0
38641
0
0
0
0
0
260
444
84
100
0
0
0
0
0
1088
17983
0
0
0
0
0
0
0
12091
55685
11645
1940
39491
68566
107241
0
0
0
0
0
43
0
0
0
0
1831
136
0
0
0
0
0
0
154
0
0
0
1148
0
0
0
0
0
0
0
0
0
0
0
2755
39856
14989
0
0
26223
0
0
4
0
507
108
0
0
0
0
4
0
0
20
0
1
0
38598
0
0
0
0
0
152
0
30
0
53097
0
0
8445
0
0
0
0
0
12
0
0
0
6
0
0
12196
0
105
0
0
101564
0
0
0
0
0
0
0
0
0
0
0
3361
172
0
0
0
0
0
359
0
0
12293
31555
0
31
0
0
27426
3114
25645
768
95
0
66483
37838
0
58629
0
0
0
0
242
0
324
0
0
0
0
0
10530
0
37
12542
0
41829
0
488
0
0
0
60005
0
10438
0
0
0
0
0
21
0
0
0
38994
0
0
22301
0
0
0
0
343
0
7371
0
0
7885
0
0
0
0
0
0
0
0
0
1
0
27316
0
0
0
0
0
0
8
6541
0
0
0
0
156
0
0
0
0
8790
0
0
0
47654
0
0
0
0
0
0
0
369
0
0
0
2923
0
0
1634
0
0
0
0
0
0
0
0
0
157
20
0
0
0
0
0
0
3334
0
0
0
0
0
818
0
0
158423
0
0
0
0
0
0
0
21195
10292
0
0
0
0
0
0
168751
0
0
186
0
0
0
40073
0
0
0
0
0
0
65211
0
0
0
0
176326
1925
0
0
515
0
0
0
11363
40
0
0
733
0
0
0
0
0
0
0
0
0
0
0
0
0
0
3
0
3884
0
0
0
0
30073
6671
0
0
0
0
2068
4464
1080
92
0
0
211
0
0
0
0
0
0
0
0
9872
0
0
7439
0
0
0
0
0
36
0
1970
0
0
627
0
0
0
0
0
8850
44
0
0
0
0
0
0
0
0
37584
0
0
0
0
8729
0
329
3
0
0
2444
0
0
0
0
38415
0
0
15
187
4
24843
0
0
0
0
0
29
38593
0
0
0
13715
0
0
39
0
0
0
0
4
597
0
0
0
0
0
5615
47960
0
0
0
107
0
0
0
3312
18
0
0
43818
1
0
0
0
0
8908
357
0
71195
0
0
0
0
0
23149
0
0
0
0
59312
0
0
0
0
0
0
0
0
1
0
2888
53016
0
0
0
0
0
0
0
0
0
3151
0
0
0
0
0
0
386
0
0
15
0
0
0
8513
0
0
49508
59035
0
4440
6
0
632
0
0
0
151
36
26460
0
70180
0
0
0
3528
0
1069
0
0
0
0
0
1047
23700
0
78
0
0
1100
0
0
2
32573
0
0
7
0
0
0
0
0
0
116
0
0
0
0
0
0
41209
6
279
0
0
0
0
0
0
19146
10
0
3538
0
0
0
0
0
0
146
0
0
0
0
2527
0
0
0
4738
34
0
0
862
233
0
0
0
69
2887
0
0
1966
0
0
0
0
0
2
0
0
0
15
0
0
0
0
0
0
0
0
2462
5324
0
0
5462
0
0
0
45706
0
0
0
0
161202
0
71814
177
0
0
0
0
24459
0
38277
0
0
0
89480
118
230
1
0
0
117
0
0
0
0
0
4
0
0
0
0
0
0
0
0
0
0
0
0
0
0
56
0
0
78162
0
10935
0
0
0
70399
0
0
0
0
0
23
5
0
0
5
0
0
0
9
0
29110
0
7
112
314
0
0
1006
0
0
0
0
6477
0
14732
0
33
0
0
0
0
0
0
5005
0
0
0
1411
217
14589
0
0
0
0
0
0
0
0
0
0
0
0
0
0
0
2
0
0
0
0
186
3285
0
0
0
998
0
77
0
0
0
0
0
0
1
0
0
0
0
0
53491
0
0
243
0
0
0
0
0
0
16746
0
0
0
0
39
0
0
11
0
166116
12575
0
0
5405
0
0
0
0
0
0
0
0
0
0
215
24085
254
0
0
0
0
0
0
0
0
118534
709
0
0
0
0
0
0
0
0
0
0
89
0
7184
0
0
0
0
0
0
1986
0
0
0
0
0
0
2039
95
0
0
0
0
0
0
0
31184
138945
0
0
551
0
0
0
68
0
0
0
0
33484
0
0
0
0
0
0
0
0
0
0
0
0
3034
0
2062
13151
0
31837
0
0
0
0
0
0
0
0
0
0
0
0
0
0
0
0
0
0
0
0
0
365
0
0
0
8963
0
0
897
104
0
0
0
0
1
63025
0
0
0
0
0
0
40942
0
0
0
0
0
0
11163
0
0
0
0
0
43
0
0
12870
0
0
0
9353
0
1
0
0
0
3476
0
0
0
0
0
0
0
0
99
0
0
0
12972
585
110799
30
0
0
0
0
0
21
0
0
1914
2585
0
0
0
0
726
0
0
22
0
0
0
0
0
527
0
0
0
228
767
0
0
0
976
1070
0
37
0
45476
0
154
0
0
0
0
0
0
0
127476
0
0
0
0
0
72565
0
0
8226
0
17
0
0
0
0
313
1
0
0
0
0
0
0
0
103164
0
6002
0
67777
11
0
0
0
0
0
0
2019
0
0
0
0
5050
0
0
0
0
0
0
0
0
0
70050
0
120
0
0
0
0
0
0
0
744
1
0
58313
0
0
0
0
0
0
0
0
6327
0
0
0
0
0
1534
0
74
513
154957
31
0
0
0
0
40
0
0
0
0
47070
0
0
0
0
6987
0
0
0
0
0
0
0
0
0
0
2673
5063
0
0
0
0
0
0
0
0
0
664
0
0
0
8364
2412
2413
353
596
0
0
0
4
0
0
3
0
0
2390
0
5549
0
0
0
1559
0
0
0
756
0
0
10004
14936
18727
0
0
0
0
0
0
925
0
43643
0
35730
0
0
0
0
49846
725
0
0
0
0
49
0
277
726
0
0
0
0
0
0
0
0
0
11515
181
0
0
0
0
53
28988
0
0
71771
0
0
0
0
138
0
11983
0
0
15
0
0
0
75458
0
0
108352
0
0
0
0
1
0
0
0
0
706
0
602
37170
0
301
7897
400
0
0
0
0
0
0
0
0
0
0
0
0
0
5
0
0
0
0
896
0
15058
12
1750
0
12964
0
62
0
6486
0
0
0
0
0
0
0
0
0
0
21668
0
0
463
0
0
0
1
327
0
0
0
0
0
0
66553
0
0
0
1661
0
0
0
0
0
0
0
0
1333
84
0
0
0
1
2482
0
0
0
185
0
0
36
0
5765
0
0
0
0
0
0
0
0
68
44
125
117
0
0
0
0
430
0
4966
0
0
0
0
0
0
0
336
0
44
1465
0
0
0
0
0
75350
27158
13566
38
394
0
4161
0
0
0
0
0
0
26
0
30179
0
0
0
0
0
1
0
0
0
0
4
0
1151
0
398
0
29
0
0
0
0
3169
0
242
0
37
50957
0
0
0
0
157664
0
0
1958
0
0
9783
8073
0
0
0
0
0
48
63313
0
837
10022
0
75688
0
127601
0
0
0
0
0
28869
0
12
0
0
0
0
0
0
0
10
0
0
153
283
0
0
83
55
0
0
502
0
0
0
0
0
0
0
0
0
41205
0
0
0
0
251
0
0
0
0
0
65471
0
0
0
0
0
0
0
100
0
0
0
39860
0
0
0
0
57137
39
0
2037
0
0
0
0
0
0
0
28613
0
0
0
0
37105
0
158411
0
0
0
0
0
0
0
39949
0
3
0
31
1819
0
19
0
0
18639
0
16414
0
0
0
0
0
0
0
0
33409
0
0
0
294
0
0
0
0
0
22529
0
0
0
481
99
192467
3401
12565
0
0
4155
0
10544
0
0
0
34140
0
0
0
0
0
0
0
0
0
272
243
0
39213
0
0
0
256
1702
0
0
25691
0
0
0
0
0
3
0
0
0
0
0
0
0
0
0
88
0
0
0
0
0
1
0
0
0
0
0
0
0
0
0
869
0
0
0
3253
0
0
0
0
0
62
0
0
180074
0
0
42705
569
0
0
128080
0
0
0
0
0
3
4
0
12424
0
0
0
0
0
0
0
0
0
0
9248
0
0
0
0
0
510
10124
68805
0
29
0
8
0
5
0
0
0
0
0
0
0
0
0
0
0
0
0
0
2
6819
1061
0
0
0
211
0
21049
0
0
0
0
0
3
0
0
0
0
63166
0
0
0
9867
0
0
0
0
170
0
53
7
0
0
0
0
0
0
0
0
0
1083
0
14486
0
0
0
858
0
0
0
0
0
0
0
0
0
0
0
0
26
0
0
0
0
22033
0
0
571
563
0
90541
0
0
0
1380
0
0
0
0
0
0
429
0
3544
0
0
27300
0
0
2228
136
2144
0
7170
0
0
115633
1
0
0
20
163
0
0
0
0
32137
0
115
666
0
2822
34096
0
72827
63
0
16
12
28711
10667
0
0
0
2
0
0
0
19914
0
0
0
0
0
0
0
34462
15524
0
44
0
3774
112192
0
75
0
2961
0
0
0
0
94671
46
0
0
6779
0
0
31902
0
0
0
4262
0
17188
0
0
1433
0
0
84
6001
132
0
0
0
40101
0
0
0
0
0
0
0
938
0
0
0
18
0
32
43953
77309
0
0
0
24111
20143
4050
0
5645
86392
0
0
0
0
1036
0
24844
0
0
0
0
1258
0
25855
0
0
0
0
29900
0
1798
0
1112
0
0
0
116
0
0
0
0
0
0
0
28424
0
0
0
1532
0
0
0
0
0
0
0
0
0
0
0
0
0
0
45
0
1295
847
0
0
0
334
0
0
2248
152
0
0
16589
0
7
0
66811
311
0
0
0
0
0
0
0
0
0
0
45511
0
0
13
4743
0
0
0
0
0
0
0
0
35
0
0
0
1132
0
10751
0
0
0
0
0
0
52
1132
0
0
924
524
94
0
0
134
0
0
0
0
0
2370
0
28240
1504
0
0
0
0
0
9395
2382
0
1354
0
0
0
0
0
0
0
3718
0
24
0
0
66950
24351
0
0
0
0
40848
0
0
3806
0
0
0
0
0
0
0
0
2
0
0
62
0
0
0
0
14468
3592
172
0
0
0
0
81437
0
181
0
32913
0
0
0
0
0
0
212
0
490
0
51352
0
0
0
2
0
0
0
0
0
0
0
0
40163
0
0
1
0
0
0
0
13287
0
0
0
0
69
0
0
0
0
32
0
0
0
0
159
0
0
0
0
47879
0
0
0
0
0
177
74
0
0
0
0
4650
101247
0
86858
0
0
0
0
0
0
0
0
0
0
244
2
0
0
0
0
20221
0
0
79185
0
0
0
4135
0
0
706
5038
0
0
0
0
0
0
0
0
0
0
0
0
0
44697
1425
0
0
0
0
0
0
0
8864
0
48109
92584
0
82
0
0
0
0
0
0
263
0
16675
0
8063
0
0
0
8477
0
0
0
59
0
7737
0
1567
0
0
0
0
0
0
0
0
0
0
5503
0
0
0
0
0
0
0
33458
1189
268
0
5
0
0
0
0
3902
0
0
1604
1252
0
1319
0
0
429
0
0
0
4359
0
0
74275
2971
497
47343
36993
0
0
0
1586
7199
0
0
108703
0
0
0
0
10474
0
0
20499
62
0
0
0
0
0
0
0
2962
4161
12290
0
0
2573
1098
13
0
0
0
18316
0
140003
0
0
0
0
54873
0
0
398
0
0
0
0
0
0
0
0
0
0
0
0
0
447
0
0
3816
5850
2135
403
0
280
0
0
979
0
2006
0
1500
0
12591
24303
0
0
0
28
0
0
0
0
0
0
0
0
0
0
0
0
1729
0
0
0
0
210
0
8149
0
0
0
0
3821
0
0
0
0
21966
0
0
0
0
252
0
0
4927
0
0
377
0
0
0
0
0
1829
1362
23
0
0
0
118
565
28812
0
0
0
37
0
0
0
0
0
0
0
12483
0
0
86361
0
0
30
0
0
381
415
0
31086
0
16964
0
51
0
0
0
0
7594
0
0
0
0
0
0
547
867
2860
0
2
10324
0
0
0
0
0
79
0
0
0
131
2293
17625
0
0
1065
0
0
0
0
0
0
0
652
34113
147
0
0
514
0
62573
2199
120
793
0
0
0
0
0
0
0
0
0
0
0
3930
0
0
31392
0
0
0
0
0
15
0
0
184679
342
0
0
86117
0
0
0
0
0
0
0
0
0
91781
0
1913
4984
0
0
816
0
0
0
0
0
37
0
1506
0
0
0
0
0
15373
0
47
365
0
0
0
30
111
0
0
134
0
0
0
0
0
0
56705
0
0
0
0
5252
0
3019
61
0
0
0
0
122128
0
0
0
3602
0
0
292
0
0
0
0
702
0
9964
164
5167
0
10248
0
0
0
0
0
3
0
0
0
0
64
0
0
0
0
0
0
7168
0
871
0
7
0
0
0
0
0
23011
0
2013
0
0
0
0
283
0
0
0
0
0
446
344
141
0
0
0
3506
0
848
2336
0
270
43191
0
21483
83316
0
0
0
0
0
0
2828
0
0
9800
1716
0
0
20336
0
0
0
4237
0
0
203
0
15808
0
149
357
0
109
16681
0
0
0
0
0
0
0
0
589
0
0
0
112
51145
0
137022
0
0
0
36664
0
0
0
0
2545
0
0
0
0
67
0
0
2707
0
0
0
0
0
85
1980
0
0
0
0
0
0
0
0
0
0
0
0
0
33
0
0
0
64
90263
0
0
0
0
0
0
5163
0
0
0
0
1
0
0
0
0
92735
0
0
0
0
11
0
114482
0
6
0
0
0
12671
71
0
0
0
118270
0
0
0
0
0
0
4923
0
0
0
0
0
0
0
0
0
36890
0
419
0
38
37058
0
44925
0
0
230
13
0
0
0
292
0
0
58577
0
3723
0
2992
0
337
0
65
0
96
0
0
25
0
3360
348
0
0
0
0
0
0
0
12824
0
0
0
0
2981
0
20706
306
0
451
14
0
0
0
0
6
314
0
13542
0
0
0
215
0
0
0
0
0
0
15850
0
0
0
0
0
0
417
0
0
0
7
0
0
0
0
0
0
0
2136
13
0
0
0
2
22
0
34287
0
3730
0
0
0
0
0
80
0
0
2316
0
0
0
0
6068
0
0
0
0
66988
0
0
0
3692
0
0
9956
20
0
0
9
2652
68633
0
0
0
0
19432
0
0
0
0
0
0
0
0
0
0
2
0
0
0
2015
0
0
0
6229
0
8702
0
0
0
0
26050
0
0
0
13368
0
0
0
20646
0
0
0
873
0
0
0
0
0
0
39573
0
31737
0
0
0
0
0
56552
0
0
0
0
0
0
0
157
0
0
14334
0
10
0
2
0
0
29508
0
0
73291
0
0
90641
0
0
19116
0
69
110553
0
826
439
14321
0
0
0
0
0
0
2331
2
0
0
0
0
0
0
0
117102
5106
0
487
0
0
0
0
0
11
3202
0
119
0
0
0
0
108
0
0
0
8665
0
0
0
0
3021
569
0
0
0
0
0
5142
16199
19181
3964
0
0
929
122
0
516
0
44301
0
0
0
0
23
0
0
0
0
1016
0
0
387
0
0
0
0
178
0
0
1140
0
5098
0
0
0
0
0
0
0
0
0
0
0
0
43
137546
636
665
0
0
0
12
0
0
0
18363
0
0
0
65473
9846
237
0
0
0
0
0
0
0
0
0
44
0
4030
0
137106
0
0
0
0
0
0
0
0
0
50680
5189
0
0
227
0
0
185
96
0
0
0
67
18
0
0
0
0
0
0
0
9
0
0
0
0
18813
0
0
0
0
0
8
0
7
41948
0
8646
0
0
0
16773
11004
0
0
0
0
0
0
0
0
0
0
0
0
0
0
0
103
0
1
0
15046
0
0
0
0
0
0
0
0
0
0
0
0
0
6805
829
0
13515
0
0
0
4742
526
0
0
0
0
0
1219
0
33237
11086
0
0
80
0
0
2087
0
0
8
1
370
0
0
0
0
0
0
24
30
0
0
47529
0
49
0
0
0
0
0
0
0
0
0
0
0
0
0
0
26013
0
0
0
0
0
0
0
0
0
0
0
0
0
16
341
925
0
5709
0
0
0
0
15
0
114
4
0
0
0
0
0
0
17
0
0
0
0
0
1
0
14751
0
0
0
362
0
0
0
0
1256
0
52424
827
0
0
4
0
307
0
11
0
80433
38140
0
0
0
12115
0
20754
0
0
0
1774
1673
398
12724
0
0
178
0
18496
3408
7702
0
4500
13
0
0
0
0
0
110
34206
555
0
0
0
0
0
0
31764
18051
3061
0
0
509
0
73985
0
0
0
7131
0
0
0
0
24120
0
0
0
0
0
0
101140
1
0
0
0
0
0
0
0
0
0
70
0
0
0
4
0
0
0
2485
0
0
0
36706
0
0
74930
0
15
0
0
0
73
0
34
0
0
0
0
155
0
0
0
0
87650
0
59
24
0
0
0
0
0
0
58928
0
253
0
0
0
0
0
0
274
0
22304
11602
0
0
0
54
0
0
0
0
0
0
0
659
0
0
36246
0
0
0
0
0
0
0
0
0
0
3278
12728
0
168047
0
0
0
0
0
945
0
0
0
61799
0
324
2225
0
0
0
0
0
0
0
32
0
0
42
0
0
0
0
0
0
56
0
0
0
0
0
0
0
0
24
5911
404
0
3390
0
214
176579
0
11427
0
0
0
0
19270
3079
0
200
0
25036
0
64
54
0
35469
0
0
0
0
7
0
7528
0
0
0
73
0
0
0
2
0
0
78606
0
9089
0
0
41191
0
0
0
0
0
25009
0
0
0
26831
4763
109155
0
0
102
0
136208
0
0
0
0
0
0
26298
0
7350
0
537
0
0
0
0
23
2011
0
0
0
0
0
2063
67
2349
0
0
0
0
105358
0
3
0
0
0
0
132
0
0
0
277
2874
0
0
0
0
0
0
15088
0
761
0
0
1449
8962
0
3616
32994
0
0
21
0
3885
518
0
0
0
0
0
48175
0
21307
4230
0
0
21176
0
0
0
0
0
0
0
0
0
0
11454
0
0
0
362
0
0
0
0
0
59645
70697
27
0
0
101278
0
0
0
0
0
0
0
0
0
0
0
0
1
0
0
0
0
0
0
0
0
0
0
0
0
0
20276
64459
0
0
3104
337
0
0
0
61574
0
195
0
0
13
0
0
15738
0
0
52
0
0
0
1379
0
0
4
0
476
16166
5794
4013
0
0
0
0
2
35916
0
0
0
170151
0
0
0
0
0
18
14
6246
0
0
0
125
0
83
0
91
0
7958
0
60
28758
2978
278
39
830
11
0
96
1948
0
0
0
0
0
500
0
0
16971
0
0
0
0
0
0
0
0
0
0
4451
55600
11880
0
0
1146
0
0
0
25119
0
1040
77
0
36817
0
83
0
0
0
0
0
93
19227
0
0
0
0
0
0
5222
0
0
0
0
0
0
586
0
29276
49
0
0
0
0
0
0
0
47385
0
0
0
0
0
0
0
59053
34079
0
0
0
0
0
0
20160
115
238
34409
0
0
0
15522
0
0
0
0
308
2210
0
0
0
0
0
6804
6105
0
0
0
0
0
0
0
0
0
0
10097
0
87736
0
0
0
3633
4201
7587
0
0
1462
0
0
0
0
0
1
0
66
0
0
0
0
0
0
67637
0
0
93786
0
0
9379
0
0
0
0
0
0
0
53810
0
0
0
1
0
0
0
0
28492
0
0
0
8386
0
0
0
0
0
6983
0
0
0
0
0
1492
0
390
3
0
0
0
0
0
599
0
79
0
0
0
0
0
0
0
105337
0
0
0
136
0
0
0
0
0
4817
0
0
30
0
0
0
55
0
0
0
54
46437
0
0
0
88829
0
0
134828
0
26
0
0
0
0
5384
0
0
90341
0
19
0
0
594
0
0
0
0
0
0
0
0
0
0
0
77
0
29478
231330
0
0
0
0
0
74790
0
0
147
1
0
0
0
0
33
0
0
0
1467
0
0
3479
0
71
0
0
0
1440
0
0
0
0
32
0
0
0
2
0
0
0
0
0
0
0
10
0
0
0
0
0
0
0
0
98788
0
0
0
609
0
0
0
0
0
0
0
0
0
0
95741
0
0
0
0
0
0
0
0
0
793
0
30
0
0
0
178944
0
0
0
12110
10161
0
0
0
38926
0
0
0
0
0
0
1
0
1848
0
0
0
4182
8960
15
0
0
10
0
0
3298
0
30409
0
183567
4571
78838
194579
0
0
0
61
0
289
0
90
0
55289
0
959
536
0
0
0
4624
0
0
6
0
0
87974
9638
0
0
0
0
0
0
0
11042
0
0
121841
0
0
190121
0
0
0
6148
395
853
0
0
0
4
7562
0
0
0
0
1521
0
3
0
17082
25
84271
0
14293
0
0
0
0
2
0
0
514
0
0
0
0
0
333
0
615
0
0
0
1
343
20
0
0
91486
154
38297
30507
9432
21062
0
36158
0
0
0
10453
0
5
0
0
0
0
0
3896
146
0
167
10121
0
0
0
0
0
3307
0
0
0
6
165021
0
0
0
0
0
0
0
228
0
0
0
0
0
0
0
546
0
0
0
139
0
0
0
0
0
0
3
0
0
0
0
0
0
0
0
0
5
0
0
54365
1858
0
0
0
0
0
0
0
721
0
0
0
0
0
0
2200
0
0
0
0
459
0
16
0
0
458
29059
151
0
21
0
64478
0
0
0
521
0
0
0
0
0
0
0
102135
27395
0
0
0
0
974
4034
0
0
6111
0
5466
0
136
0
141
0
1668
15126
0
362
5220
0
0
0
0
0
0
142
0
0
65
0
0
7028
0
5
0
20847
0
0
0
9773
1875
0
2438
0
74791
0
0
0
0
0
0
0
0
0
0
0
0
0
2
53962
17629
0
0
0
32
0
271
565
20
0
0
0
25
0
0
0
2394
0
9504
0
0
346
15
50
510
40
942
0
0
0
0
0
0
0
10004
41326
0
0
0
0
0
0
22
0
0
16750
0
0
3
0
0
0
59
44390
23089
0
101054
0
0
0
2
0
3374
0
0
1397
0
93
0
0
0
0
0
0
182
0
0
114
0
0
17654
0
0
37292
0
6254
0
0
0
11
0
0
0
0
14087
0
0
0
0
0
0
0
0
3
0
0
0
0
0
0
0
0
0
30780
0
84849
0
0
0
16
44
0
0
0
0
5824
0
0
0
16736
0
49624
0
0
0
0
0
0
4721
1241
0
0
0
0
0
0
0
0
0
0
0
0
28
0
0
358
0
578
0
198
0
0
9525
1444
62
0
14
81684
0
0
0
0
0
0
0
0
0
0
0
0
7491
16705
3422
0
0
0
0
0
0
656
0
0
0
0
7637
100
0
0
2226
1088
0
4
0
0
0
0
0
8034
10001
873
0
0
0
0
4679
5352
0
1250
5248
0
0
0
0
1313
0
0
0
0
593
131301
0
0
0
0
0
0
589
0
0
0
0
0
0
2857
0
0
0
1642
0
0
0
155185
0
0
0
0
68219
0
3972
0
0
64171
0
0
43304
29183
62
0
0
0
45
0
0
0
0
72146
0
0
0
0
0
0
0
0
476
0
0
78333
0
6151
10
117878
0
0
77
0
0
0
2514
0
0
0
2878
0
4567
0
0
0
0
0
0
0
9332
0
0
907
0
0
0
3214
197098
0
70238
0
0
0
0
0
0
0
0
0
0
0
0
0
0
0
0
2841
0
0
0
0
0
0
1
0
0
0
12
0
0
0
23
0
0
41099
0
3
74337
170629
0
0
0
0
0
0
0
0
0
0
0
0
7590
2937
0
0
0
33110
0
0
0
0
87068
0
0
0
0
0
43155
85473
0
24561
0
0
4
0
0
0
0
0
0
2179
0
0
0
0
0
15360
0
22
0
0
0
0
0
0
0
0
0
67449
0
0
0
928
1
4000
0
0
0
0
4718
138
0
0
1647
17620
0
24
0
0
0
0
53
0
0
24773
92
0
0
0
0
6
36883
0
0
0
34159
0
0
0
0
0
0
0
12029
12735
44698
0
0
0
114
0
130
0
0
0
0
0
0
40725
56
0
0
0
47
0
0
0
0
217
0
0
0
0
41333
82487
0
0
9585
0
0
0
0
0
0
46465
165674
0
0
52446
651
0
0
0
0
0
0
0
79
0
0
19083
0
0
2382
0
101
0
1211
0
0
12142
0
115
62548
52855
11044
0
0
0
0
101
0
98658
0
0
0
23046
2411
0
0
0
0
0
0
0
0
0
6
0
0
0
0
0
0
0
2573
0
0
0
1290
188564
0
0
0
0
5372
239
5392
4477
0
3
26514
135
0
0
0
0
0
0
32268
0
0
0
0
0
0
1475
0
0
0
3527
0
0
85289
0
20
0
0
36
12031
0
17807
0
0
0
0
0
0
0
0
0
0
11810
0
0
40699
0
0
0
1600
0
0
0
18
0
18424
10294
0
0
0
0
0
0
0
0
92
0
5
0
477
0
22279
27
0
3080
4886
0
0
0
0
0
0
0
0
3
0
0
4423
0
30794
0
0
0
0
2
0
41
0
471
2608
2
11668
2288
1477
0
0
0
395
9371
0
19969
0
0
0
62
7
385
0
0
0
2
0
0
0
0
0
0
0
0
0
0
11254
0
391
0
18336
869
0
0
0
0
20
0
0
0
0
2252
0
0
0
0
0
0
0
0
0
138
0
0
4
0
3035
0
0
0
32161
0
0
7356
31566
0
0
5937
0
67888
23146
18
0
0
23580
0
0
0
0
0
0
77949
7554
259
11407
0
185
0
0
0
0
12
0
0
2
0
85
0
45478
0
1319
0
420
6160
0
0
0
6
0
0
0
0
0
2
0
0
0
0
0
0
75
48877
0
0
0
0
0
0
0
407
0
0
0
0
7616
0
0
0
0
0
0
0
0
0
0
30882
152
0
1
0
134318
0
0
0
41640
0
0
523
0
59
12076
24826
465
0
3876
1127
2555
2318
4672
8173
171494
0
0
0
14904
0
0
0
55855
206
0
38
60
0
127290
68646
5192
0
427
0
0
0
0
0
0
0
0
14916
9
0
0
50
0
0
0
0
0
3
132632
0
0
0
63
0
0
0
1393
0
0
389
5011
0
0
0
0
0
0
0
0
0
0
0
0
0
0
0
0
0
0
0
1237
3109
0
0
134
0
0
0
0
0
0
0
10
2
0
475
0
0
0
9343
0
44974
23991
0
0
20
87
0
0
43710
0
0
0
0
4
0
9165
0
849
0
0
1300
641
0
0
0
0
0
0
0
0
0
0
0
0
0
0
0
0
28447
0
0
0
0
0
0
0
0
0
0
0
0
0
0
0
0
0
0
0
0
0
0
0
0
0
17087
0
89
0
196082
0
43342
0
6539
0
0
0
0
0
0
0
0
0
0
1638
0
0
326
0
0
0
0
0
2582
0
0
0
0
0
0
0
4
0
0
9
0
0
8393
0
0
8827
24583
0
0
0
30
0
0
46110
0
0
0
5391
7241
0
0
0
0
0
0
0
0
0
0
2541
28476
22
0
0
0
0
0
0
0
0
229
0
0
2685
0
0
0
0
0
0
2400
0
0
238
0
0
6093
0
0
35939
0
0
0
1169
1713
0
0
0
811
0
0
11527
2405
0
0
159
0
0
0
0
0
0
230
26562
113262
12872
0
0
0
0
0
0
0
0
0
0
0
0
0
0
53608
19143
0
0
0
0
0
0
0
0
0
0
0
0
0
0
0
156973
1136
0
1072
0
0
0
1974
0
0
0
0
0
0
0
0
206990
0
163
0
0
0
0
0
29022
0
0
0
0
515
0
0
3
0
0
160047
540
0
0
0
13
0
0
0
1040
646
0
0
0
0
0
0
0
0
0
17062
0
0
0
0
0
70206
0
1006
11
0
0
0
0
1716
0
8060
102497
0
0
0
0
0
0
0
983
0
56
18
0
0
0
0
0
0
0
0
29874
0
3934
0
0
13
0
0
0
0
27796
0
0
0
0
0
0
0
0
10556
0
0
0
0
0
0
0
40512
0
0
18220
362
0
0
0
3
1537
35612
0
0
58533
0
0
1
196
7
0
0
0
0
56
28080
2
5
0
36139
0
0
0
0
0
0
0
0
0
0
0
0
8702
0
0
0
0
0
0
0
1
0
0
0
1332
0
0
26106
1814
0
0
0
0
0
0
0
84
141
2348
0
0
0
83614
0
0
0
0
94
0
0
0
125071
0
9206
0
0
0
0
0
0
0
0
62
583
11811
0
314
0
1744
0
0
0
0
0
0
74968
19097
0
0
0
119334
0
0
0
0
1
0
0
0
0
0
0
202
0
0
0
0
0
0
0
2
0
36383
0
355
0
0
0
0
37030
0
0
0
0
0
0
0
0
0
17758
0
0
0
1014
2
689
0
0
0
0
0
0
0
2241
0
0
12354
0
0
0
0
0
40793
3702
0
0
27221
0
0
0
0
0
0
0
114500
327
23
0
0
0
0
0
0
0
40215
0
0
0
7857
0
145
0
0
0
0
0
0
11562
0
23536
0
0
0
0
2
92613
12510
0
11
0
0
0
0
0
0
95
1056
0
0
0
2
0
82591
0
0
12
0
0
0
0
0
23080
0
0
0
1639
0
0
1239
0
121
0
0
0
4333
0
13316
0
55883
0
0
0
0
0
3259
0
0
70267
0
115
0
0
0
15982
0
0
0
0
0
0
0
0
0
0
0
0
12471
0
0
0
0
36638
5766
0
0
0
0
5077
25657
0
0
5578
0
0
0
0
0
4982
0
62252
556
275
769
0
0
0
0
0
0
0
0
1424
0
0
0
0
0
17
0
591
0
0
186
0
38721
0
0
0
0
0
33
0
0
0
0
612
0
0
0
0
0
7284
7296
0
0
0
334
0
0
0
0
0
0
152
0
0
0
1441
0
0
76970
0
37974
4556
0
0
13432
0
675
243
0
0
0
9148
0
56369
15953
0
0
191
0
0
0
4
0
0
23930
0
295
0
0
114
246
0
0
0
0
0
0
81
0
0
0
25037
5818
0
0
0
0
44
0
0
0
17865
0
86
19473
0
0
0
33893
0
0
23064
0
0
0
0
0
0
0
0
0
0
10137
0
0
0
0
0
0
0
0
0
0
5
0
880
0
210
0
0
0
0
0
0
0
0
0
0
0
0
0
0
27230
0
0
2304
0
0
0
0
0
0
0
0
0
0
0
0
0
0
0
0
0
0
0
0
0
0
0
0
0
0
0
8012
0
0
10
100
2391
2351
0
0
0
8692
0
0
0
0
0
0
77
3175
0
22217
0
0
0
0
1845
0
54611
0
0
0
424
0
0
0
0
0
0
0
60
0
0
0
11
0
1779
1995
0
4926
0
2334
4708
0
0
0
0
0
0
0
0
2978
0
0
40641
0
4
0
0
0
0
0
0
0
0
38151
0
145013
0
0
0
6211
0
0
0
0
0
0
0
0
0
0
0
0
22441
0
21243
0
0
395
0
0
7533
0
168651
0
22
0
0
18165
0
105
0
0
0
0
1262
0
0
0
0
0
1200
0
0
11
0
0
0
1275
0
0
0
0
0
0
0
0
0
0
0
2230
0
0
22380
2140
0
0
0
0
0
0
0
1107
0
0
0
0
0
0
22337
0
39478
923
0
587
0
0
0
0
0
0
58
0
273
2771
0
14045
34
0
0
0
3105
0
0
0
0
0
0
0
5
19572
0
205
0
0
19366
52830
0
0
0
0
0
0
0
0
0
399
0
0
0
0
0
6783
0
0
8
0
0
0
0
7689
125565
0
0
0
0
0
348
3497
0
5679
3
0
0
107
0
572
0
761
5516
8135
0
0
0
0
314
0
0
0
0
0
0
16901
0
0
0
2760
0
0
1106
0
1528
3
0
0
0
0
0
0
0
0
4
5
0
120
0
0
0
0
0
0
0
2
0
0
0
0
0
3674
186329
0
0
0
0
9
0
0
7830
44081
0
887
0
0
0
0
0
0
187260
52057
0
0
362
0
0
0
0
0
0
0
0
0
3815
0
0
0
0
17
0
0
0
7
0
0
0
0
3305
0
0
0
11314
0
0
2579
0
708
0
0
0
0
2113
0
0
0
438
0
0
0
0
0
17187
0
40
0
0
4703
68331
0
0
0
693
65
0
17729
4
3698
0
0
0
9327
916
0
0
2
0
0
0
0
86903
0
0
3947
0
23
0
0
0
7336
0
0
0
12522
15
0
0
0
0
0
0
0
22106
1011
0
0
0
0
3091
25242
0
0
0
0
0
0
0
0
9570
1364
0
0
19
0
0
86889
155621
0
0
102328
0
0
0
0
0
0
0
0
0
0
34953
0
0
0
0
0
0
0
0
0
0
500
0
0
0
0
920
0
0
0
0
0
0
0
0
0
2
0
0
0
0
0
14046
0
0
12644
144
0
0
2463
0
0
0
0
0
80956
0
0
0
0
0
0
0
35
0
0
0
0
42288
0
12627
0
914
0
61358
0
0
0
0
2
10328
0
386
0
1594
0
0
0
0
0
0
0
22
0
0
0
40
0
0
0
0
540
0
0
0
0
0
0
0
0
0
0
0
0
0
11691
14071
1
0
58
135
0
166198
0
0
0
0
0
0
0
0
0
0
242
0
0
0
0
8
0
0
21997
0
0
296
0
0
0
0
3506
0
3863
12013
0
0
0
0
1
0
1
591
87
0
0
0
0
0
0
39406
0
298
0
0
0
0
0
54994
0
0
38
28008
0
0
6313
0
0
0
0
0
0
0
0
42848
0
27
0
0
0
0
180
0
0
0
0
0
0
0
0
0
0
0
0
3205
0
0
0
2203
0
0
5631
55095
1685
0
0
0
0
0
0
3115
0
0
0
0
0
0
0
0
0
0
0
2735
0
0
84
0
0
5
0
0
2984
44
183892
46381
275
0
0
0
0
0
5
0
0
2218
23015
0
0
0
0
0
0
0
0
285
0
0
0
0
0
0
0
70899
0
423
0
0
13319
0
0
0
0
0
0
0
0
0
0
0
0
0
55083
16129
0
0
0
0
0
0
0
0
0
0
0
483
24
0
7
0
0
0
0
2857
37067
0
86
0
0
48708
0
0
0
38893
0
0
0
0
12794
0
0
0
0
48
0
17356
350
48
0
6026
16461
0
24299
117614
0
0
0
0
0
48524
0
0
53
0
42
0
0
0
317
12
0
0
1745
110194
0
0
0
0
0
0
0
0
0
38
0
495
0
186176
0
25154
0
0
7181
6
0
0
0
0
2116
0
20
0
120
0
0
0
0
88511
0
0
0
8385
0
2331
0
0
0
3899
4163
2392
0
0
0
0
0
2
37435
0
0
0
0
0
98502
7737
223
0
0
0
0
619
155
0
0
58388
0
1721
32024
152443
0
0
2381
0
0
0
52072
0
0
0
4961
0
0
0
0
0
110
0
3680
0
0
0
0
0
0
0
0
0
0
0
0
0
0
38433
95303
0
0
17476
0
0
0
0
0
0
0
0
0
1691
0
0
0
0
0
0
0
0
0
0
0
0
0
0
0
4
0
0
0
0
0
0
314
0
0
0
0
0
18818
0
0
903
0
0
0
0
0
0
594
0
0
0
0
0
0
0
493
35285
2974
99
0
0
0
0
0
4849
0
0
0
21
1071
0
0
0
0
1348
0
0
0
0
0
0
551
0
0
0
50755
0
729
12357
270
0
0
4
0
0
0
0
0
0
0
53431
8697
0
9083
13
0
0
0
0
0
0
0
0
0
0
0
0
0
356
0
0
35
0
0
0
29
0
0
0
0
0
0
10342
0
0
0
0
0
0
763
0
0
0
0
0
0
0
0
0
0
0
100129
0
0
0
0
0
1
0
0
5362
1066
0
0
0
75
0
0
0
0
26675
9038
0
2809
19950
0
0
0
105
0
66
0
1
0
0
0
0
2
0
0
63622
68902
0
0
0
0
0
0
29055
0
0
0
0
0
0
0
0
0
0
7
755
0
0
0
0
0
0
0
0
0
917
0
0
0
0
0
553
0
0
18
2
0
39868
7
0
0
63
0
483
0
0
0
0
1411
0
0
0
0
0
0
2494
0
6516
0
0
0
30287
19
0
0
0
0
27257
0
0
0
388
0
266
0
36
55
0
0
0
0
0
2
0
0
65
64669
0
0
0
0
0
5800
0
0
0
0
0
19875
0
0
0
0
0
0
0
0
0
37
0
0
0
1394
18049
0
0
0
0
440
1596
0
0
1
4183
700
0
0
0
0
0
0
0
75183
31633
0
10
0
7819
0
0
156
117937
268
0
20
137
0
0
0
0
817
151379
0
0
0
0
0
0
0
0
1
3063
0
63995
0
21510
0
0
0
0
1470
2612
19
0
1077
0
0
0
0
0
24942
0
0
0
0
0
48387
0
22
0
0
0
0
0
0
0
40
0
201
0
0
3629
0
0
0
0
97
907
1
0
2392
0
0
149020
0
1675
0
0
11
0
0
0
6378
39399
0
0
17579
48486
0
13967
0
0
1447
0
0
0
3186
0
0
0
0
0
0
0
112935
0
0
1214
0
0
0
0
7545
0
0
0
0
0
10440
0
0
285
0
60715
0
0
0
0
0
0
0
0
0
0
0
0
0
0
0
59834
0
0
0
0
0
0
326
0
76718
0
0
0
2066
55
40
0
0
0
0
0
4693
0
0
0
0
0
0
0
0
0
0
0
0
71464
0
0
0
0
0
0
0
54
0
151
0
0
0
0
0
0
0
512
0
31382
0
219
10388
0
0
0
67847
0
29
0
17423
0
0
0
0
0
34639
668
0
3368
0
0
0
0
0
4183
104328
0
45146
58
0
0
0
0
0
0
0
1131
17
0
0
0
3
0
18886
0
3513
0
0
0
0
0
6
1709
0
1738
0
0
0
0
0
40320
0
7554
0
0
0
0
0
0
87
0
63885
0
0
0
0
0
0
6115
0
110
0
0
0
53905
15617
0
0
0
0
0
0
0
0
0
0
0
23274
0
0
0
54
18
0
0
753
0
1204
0
36
0
0
0
0
0
0
0
10348
0
0
0
0
0
0
0
0
9591
0
235
0
0
0
756
0
0
0
0
0
473
58135
426
0
0
0
0
0
0
0
820
231
2399
0
34536
0
0
48346
0
0
0
0
6197
29345
0
0
0
0
2741
0
0
6
0
188
18339
151410
0
5
12076
112819
0
0
0
0
0
0
0
41033
0
0
0
0
0
5202
0
0
0
0
0
74500
0
0
0
4779
0
0
6
306
0
0
0
933
19
3
0
8
8255
108148
59672
53998
5149
0
617
0
0
232
6
0
961
5
0
58687
0
0
0
0
12
12242
0
0
0
0
0
0
566
0
0
0
601
0
0
0
0
0
0
0
267
37931
0
0
0
0
4606
0
0
0
0
0
0
0
0
16
0
0
13064
19259
0
0
0
0
0
0
0
0
0
0
897
801
0
0
0
0
0
0
22217
0
746
0
0
0
0
152
0
30917
0
0
0
0
0
0
0
184
13
0
0
43851
0
34246
0
0
0
0
27959
0
0
4915
0
0
0
132
145759
0
0
4779
11
0
6019
0
0
0
0
0
0
0
19271
0
57912
0
0
0
0
0
11
0
0
0
0
0
24
22047
75532
0
0
0
0
11574
81477
0
1155
694
0
0
0
0
0
0
0
0
0
0
2
0
0
2541
3490
0
0
0
0
118
0
0
0
0
0
0
0
0
22831
0
0
0
0
0
0
0
73554
0
5682
89462
400
1340
0
0
0
0
0
1
0
88
0
517
5074
0
25
0
0
1671
418
0
0
462
1
0
0
65814
59437
0
744
138417
122711
0
0
7
43484
1231
0
0
0
0
0
0
0
188
1031
0
0
0
36
44951
0
0
0
0
1209
296
93
233
0
0
0
0
0
0
0
0
0
0
0
0
0
0
1298
27262
0
0
0
0
0
0
2
1440
5226
1
0
1
0
0
0
0
0
9299
30755
0
0
0
0
16602
0
0
0
0
9681
0
29616
0
11520
0
0
21870
0
0
0
10611
69
0
0
0
0
25
0
0
0
0
6
0
6119
0
0
4118
488
42354
0
0
21
0
0
0
0
0
0
0
0
0
0
274
0
0
0
0
1246
36
0
0
1196
0
0
9170
0
1
3673
0
1690
0
0
0
0
1035
778
0
0
0
0
0
0
0
0
102001
42446
141
0
0
0
0
10
0
73919
0
5983
0
0
0
0
0
0
0
0
0
0
3029
35187
0
0
7711
0
0
9042
1
0
0
0
0
0
0
0
32
29973
0
5
0
0
0
0
0
386
0
0
0
0
122018
0
0
0
0
0
0
0
104
0
3137
8
0
1575
0
0
1326
0
1284
0
0
0
0
0
0
0
0
0
0
0
5
0
0
0
22821
0
0
0
0
0
0
35
3150
0
617
0
0
2799
0
1766
0
0
0
27
0
0
0
142
0
0
8800
1123
0
0
0
0
0
30784
0
0
0
243
6855
0
0
5476
0
0
130200
0
2404
0
0
0
0
0
0
0
0
0
0
0
0
0
0
0
0
0
0
0
0
0
0
0
0
36288
445
0
0
0
0
1243
26812
0
0
0
0
0
3702
0
0
0
0
309
0
0
0
0
0
0
0
0
0
0
0
0
0
0
0
564
0
0
7181
0
84617
0
0
0
0
0
974
24807
0
0
0
4
16793
0
0
0
0
0
0
1
0
0
0
0
0
0
0
0
0
0
0
0
43419
0
0
0
0
170726
0
0
0
0
0
0
0
0
0
4003
0
0
0
0
0
10
0
8459
0
0
0
0
0
0
0
45
0
42024
138823
5510
149
534
218
0
0
0
75
775
0
4984
0
0
0
0
0
0
0
0
0
2109
0
0
0
35
0
19933
0
0
1504
0
0
186
0
0
126
0
0
0
0
0
43852
0
0
0
0
0
0
0
0
0
1297
7429
40372
0
27333
3
0
0
0
0
0
0
0
0
56
0
0
0
723
0
0
0
0
45054
1
32
0
64
111402
0
0
0
0
1460
0
0
2
82071
0
735
0
0
1209
6097
0
0
0
23859
0
0
1991
0
801
632
0
73
0
0
385
0
0
0
0
365
0
0
0
692
0
0
0
4469
0
92
65
0
0
0
93
0
0
0
0
4180
221
0
0
0
0
0
1
11
0
0
46
0
51483
0
0
10664
1480
0
0
0
0
643
0
0
0
0
0
0
0
0
0
0
22639
0
0
58
10615
0
0
0
0
0
20338
0
0
6906
0
7378
0
1
0
814
0
64139
0
0
0
199
1
1
0
0
0
0
0
0
0
0
0
0
0
0
0
0
0
0
0
0
2216
0
0
0
0
58
126123
865
106
0
0
0
0
42
686
0
0
0
4
0
0
0
0
0
1766
0
0
0
0
0
0
0
0
0
31418
0
33782
0
0
0
0
87
0
0
0
0
0
0
1690
0
0
0
0
25
0
33
0
0
0
58
0
0
0
0
0
0
0
0
0
0
0
97074
0
0
0
0
0
412
1044
0
28057
0
0
38476
23189
0
585
0
22888
0
0
0
0
0
29829
0
0
0
0
0
0
0
91868
0
0
0
0
0
0
0
0
52
0
11548
0
0
0
0
0
726
51867
0
0
0
147
31215
0
0
0
3744
0
0
0
0
0
0
173600
0
0
0
0
0
6
0
14038
92223
42097
0
54937
48098
0
32068
0
0
29
0
0
0
0
0
40892
0
7876
16015
0
0
0
0
7
1480
4
0
0
7659
0
11871
0
0
0
0
0
0
40
0
0
3013
0
536
58788
0
0
0
0
0
18249
0
0
0
0
0
2592
0
0
0
0
0
0
0
0
0
0
0
0
7662
0
0
3971
0
0
0
0
10
0
0
284
0
0
91396
0
2376
0
58
2367
44733
10592
206
0
0
0
0
0
0
0
0
0
0
21409
0
0
83
0
0
7253
1938
0
5478
1
0
0
0
0
0
436
0
0
1034
11609
23973
0
0
0
0
0
0
231
0
0
0
70833
2
347
0
41732
0
0
0
0
0
20521
0
0
1
0
18
0
0
0
2618
0
859
0
113
0
0
11
0
66961
373
0
0
0
0
0
45666
0
2888
0
0
0
191
119
0
0
0
0
0
6
0
0
0
0
10
6997
0
13682
0
0
0
0
31203
0
0
0
41537
0
367
0
0
0
0
0
9
0
0
0
0
0
17
3
0
33889
0
0
0
0
0
0
0
0
0
0
0
0
0
0
0
0
0
3866
0
0
152
7
696
842
14106
0
1813
124515
0
0
5107
0
0
0
269
0
0
0
0
33154
8059
0
114
0
0
0
0
0
0
0
0
14706
0
599
3422
0
0
78
0
24692
0
0
0
0
0
24578
6770
0
0
0
0
5579
0
0
827
0
0
0
0
0
0
0
517
0
0
0
343
134
0
15
0
0
400
0
0
0
5867
0
28590
15
0
0
0
1483
3475
1
0
0
0
0
0
0
8488
441
714
0
0
0
0
0
0
0
0
1076
0
0
0
0
0
0
1
0
0
0
0
895
0
331
0
127
0
0
0
4
0
0
14235
5711
0
0
0
143253
0
0
0
0
0
0
0
0
372
0
82794
0
0
0
0
0
0
0
0
50997
48
92
6804
0
0
0
0
0
1394
127730
0
158419
0
0
0
0
1
0
0
0
0
0
17138
0
0
535
0
0
379
0
53630
0
0
0
34127
0
270
0
0
0
0
0
78248
0
0
0
40
21062
0
0
99219
125
0
0
0
0
10403
20166
0
0
0
0
432
0
0
0
0
0
0
0
180
0
0
0
0
21642
16
0
0
108416
0
0
19654
0
0
1465
1614
36
0
14
0
0
0
0
0
45
0
0
0
0
0
0
0
0
0
19105
105
0
35883
0
357
0
1411
0
659
0
0
5
44
0
295
0
1740
0
11206
25042
7
0
2490
0
0
0
0
0
0
0
0
0
0
0
0
0
0
0
45
0
0
10824
0
0
0
0
396
0
0
0
0
0
26
0
0
708
123
0
0
0
0
5470
0
0
0
30056
0
2735
0
8
0
35975
0
0
0
0
0
0
7199
0
0
943
0
0
0
3
0
0
0
0
0
0
0
0
7226
0
0
0
0
0
0
0
619
0
0
0
46293
0
0
2244
25356
2
5767
0
0
4
0
55
0
0
183928
0
0
0
0
0
0
0
0
0
0
47
0
56067
0
0
0
0
0
0
0
0
0
0
0
0
0
0
0
0
0
0
0
0
0
1368
0
0
0
0
0
0
0
0
454
672
0
0
0
0
0
141
0
0
0
4
0
0
0
364
0
155173
325
3510
0
0
0
0
0
7
0
0
0
63815
8716
0
0
0
0
0
0
0
0
2
25592
32124
0
3769
0
0
105
0
1324
94
139
372
26543
0
0
0
0
1238
3184
0
34215
0
2514
0
6134
0
732
0
0
0
49037
0
0
0
0
0
0
0
62
0
1218
127663
0
0
0
0
0
662
0
0
83
0
0
0
0
0
0
24
0
0
0
292
0
0
0
4409
0
0
0
6
14
6092
0
3
0
695
31668
0
3
0
50660
0
0
0
0
0
4006
5728
0
0
0
0
54546
129827
0
0
34002
1563
95
0
1941
558
584
0
0
0
0
0
0
0
0
0
0
0
0
0
0
0
7038
0
0
264
0
0
0
0
22073
0
0
0
0
0
0
0
0
0
260
13074
0
17
0
89
0
0
23976
0
0
0
0
0
24
42134
0
0
0
4056
0
55308
0
104390
0
0
0
4944
52235
807
0
3492
0
0
0
0
0
0
16636
0
0
0
0
0
0
0
0
0
0
0
0
0
0
0
706
0
6350
197
0
0
0
0
0
0
1733
0
7
3
2637
0
0
11931
0
0
0
0
0
48
19
27
0
0
0
0
0
0
1
0
0
0
18678
0
11
0
0
0
0
0
4798
0
0
0
0
0
21
3
0
0
0
4
0
0
0
0
0
0
0
0
0
0
0
19325
0
0
0
0
5752
0
0
0
0
0
5691
138036
0
104
0
0
0
5
0
0
0
0
0
30
0
10220
0
0
0
0
0
0
0
27061
1424
37181
0
2
0
0
0
0
3731
0
53
0
359
28
0
0
0
0
28964
0
0
0
0
0
0
0
0
0
49
3
0
0
77891
0
0
0
0
0
676
0
0
5046
0
2674
0
92912
0
0
0
0
36394
0
0
0
0
0
0
1
0
119
0
0
0
0
0
0
0
17
985
45307
0
0
0
112
0
14
0
0
0
0
0
0
174
6
0
0
0
0
0
23966
0
0
43484
1310
0
0
7146
0
0
0
78
0
0
0
9
0
0
0
218
0
0
0
0
0
0
0
9
76
0
0
0
1960
0
0
0
32774
10137
36846
0
0
0
0
0
41
0
0
0
17691
0
11
0
17807
0
113
0
0
0
2
0
0
0
0
1315
0
0
0
0
0
0
0
0
635
0
0
0
0
0
0
0
0
0
0
85
0
0
0
0
3
0
0
0
0
0
0
0
0
0
0
0
0
0
24720
0
642
0
0
0
0
0
0
0
0
4983
0
0
0
0
0
0
0
0
0
0
0
0
0
0
0
32466
22001
4168
0
0
3948
52749
46
12124
0
0
0
0
0
0
0
0
0
0
12912
8153
14
14887
31950
71
709
0
0
0
0
288
0
0
0
0
277
25932
0
41012
2
0
0
191
2
0
0
0
0
0
8
0
0
233
0
0
0
0
0
0
0
0
0
0
10868
0
0
0
0
5082
3739
0
30
0
0
0
6657
42
0
0
0
0
43
0
0
0
1617
0
13
0
0
1196
0
35
0
0
0
5870
0
0
0
0
0
1599
0
0
3365
0
0
0
571
0
22930
0
0
228
1
0
0
13002
0
0
2025
0
22872
0
62
3228
0
2705
0
166
0
0
0
767
0
0
0
0
0
0
1
0
0
0
0
36765
7083
0
0
0
0
0
0
0
0
0
0
0
0
0
0
25
2054
0
0
0
0
151
0
0
0
0
0
68583
0
0
82
0
0
0
0
0
0
117
0
0
0
0
0
52
0
0
29722
0
0
0
76
0
25446
0
30
0
9302
0
0
42
0
0
0
0
0
0
0
0
51402
0
489
0
0
0
15081
0
0
0
0
0
18
0
0
0
0
55
5029
9672
0
33221
0
0
0
141
0
37199
722
0
0
31931
0
0
0
0
410
278
0
0
6307
28
0
0
0
0
122
0
572
0
0
0
70
0
7
48076
0
355
105
0
0
0
0
0
0
0
0
23505
0
381
132
0
0
0
0
2306
0
7234
0
2334
0
0
0
0
5764
0
165
133438
0
1240
139
0
40110
303
0
0
0
0
90652
55
0
0
0
0
0
14669
0
0
32246
46
17473
283
0
0
0
0
0
0
36156
0
0
0
0
0
0
0
0
0
0
0
0
0
0
0
23036
20
0
0
0
0
0
0
0
11440
0
0
0
9509
0
13
0
14600
0
0
114
0
3085
45
0
0
3
0
46481
19
88966
125
0
0
0
0
31
0
1
0
13
0
0
561
0
366
2108
5630
0
99340
34619
286
3349
16978
0
0
0
0
0
37763
0
0
29836
0
2481
1234
0
0
0
2019
907
574
0
0
0
0
0
480
0
23123
0
0
0
0
95409
0
335
0
0
0
0
0
366
0
0
0
0
0
54445
0
377
0
0
0
2360
0
1201
0
0
0
0
0
0
0
0
0
0
0
0
0
0
0
0
0
0
21355
1
0
0
31612
555
0
0
26593
4276
0
0
47303
0
0
0
0
0
8691
30207
0
14354
0
169
0
0
0
0
0
0
5857
0
0
0
0
0
0
17505
0
42
0
830
54210
0
14
48271
0
31
15021
0
0
0
0
0
0
0
10633
0
0
0
0
0
5
655
1874
0
0
0
73
0
28
0
12514
0
0
0
0
0
43
9557
0
0
0
0
49594
0
0
66
118
0
0
0
0
0
0
0
0
0
0
7433
0
0
5093
0
0
0
0
36501
0
478
0
0
0
0
0
0
0
0
0
7656
0
0
0
0
0
0
0
0
0
0
0
0
0
599
66889
4056
0
1015
0
148
0
205
88061
0
0
0
0
39
0
100516
34
196950
0
0
0
0
186
0
0
333
0
246
0
0
0
0
0
0
0
0
0
3984
0
0
4188
0
0
1
10950
0
0
0
0
89987
0
58095
0
0
0
0
0
0
0
11
0
0
186
391
0
0
0
100
9809
0
0
0
0
0
12
0
3595
0
0
0
0
0
0
0
0
0
0
0
7600
0
0
0
0
0
18
1263
0
0
0
0
0
1811
0
117
0
0
0
0
0
10
1
0
0
1298
0
51164
0
0
0
0
22314
744
261
240
0
88057
0
5652
0
0
0
0
0
17230
33
0
0
11555
0
891
0
0
0
3
0
8073
6
103
0
702
0
0
0
0
0
0
0
4
0
0
0
0
1379
0
0
0
0
0
1810
0
14
0
28643
71
0
0
0
0
12854
0
0
36761
442
1
0
0
0
0
0
0
164
0
17364
0
0
0
0
0
0
0
0
0
77
0
0
0
0
0
90
0
0
0
0
0
774
41037
0
0
0
0
9672
0
0
0
295
0
0
0
0
0
0
0
0
95179
0
18
8
0
0
0
0
0
21
7108
0
0
0
1
0
2167
213
1665
0
0
0
30971
0
88723
0
0
0
0
9569
56
0
0
0
0
21953
0
0
0
0
0
21669
0
177
0
0
0
0
237
4
0
0
0
0
0
3
0
0
0
0
0
0
66
0
27648
0
0
0
0
0
0
0
0
119733
0
79658
0
0
0
0
0
0
0
0
0
34
0
178
0
0
0
0
0
16880
9
0
0
0
21
0
3644
69
1218
1094
0
0
0
0
0
87677
0
553
0
0
0
0
0
0
0
0
0
0
0
0
33787
0
0
0
0
0
0
0
0
0
0
0
0
0
0
0
0
0
0
22
86336
25
0
0
0
0
2441
937
0
23788
31239
20559
0
0
1729
0
0
0
635
0
0
48998
0
0
4
0
1291
0
0
0
2607
0
28022
0
0
0
105979
3700
31
14299
0
0
0
0
0
0
0
0
0
0
0
1
997
0
0
0
0
1720
0
0
0
3981
0
0
1961
19931
0
0
0
972
0
55842
0
23974
7
0
4462
0
0
0
1278
0
14558
0
1
0
27
0
0
0
6
0
2994
5968
158
33
352
19938
0
68
0
0
0
3055
3562
0
0
0
0
0
2325
0
0
0
0
0
0
1569
0
17098
0
0
0
0
0
23771
3
0
0
0
0
0
5263
0
0
0
0
59
0
3265
29364
0
417
0
0
67848
0
1295
0
0
0
0
0
0
0
0
0
0
0
0
0
0
0
22965
0
0
0
0
0
0
7051
34
0
0
0
48
0
9
0
0
0
0
0
0
99901
7136
19849
0
657
0
0
4
1394
0
0
0
0
0
0
1262
0
0
39
0
0
0
0
12138
0
0
0
34
0
0
9
1926
949
0
22076
94
14809
0
0
0
9
0
0
0
0
0
0
0
0
0
0
11361
32329
0
15
0
0
0
0
0
0
0
0
0
0
0
0
0
0
0
0
0
14
0
0
0
0
0
0
0
0
0
0
0
0
0
0
0
237
0
48546
0
0
7787
0
22724
0
772
0
1459
0
0
0
1658
0
0
5415
0
110
8
0
0
14747
0
0
0
0
0
0
0
1448
162792
62168
0
0
0
171
0
0
0
1477
0
0
300
6
4131
15
0
0
0
0
0
0
0
0
0
0
707
86533
4
0
0
0
0
0
0
140
0
0
0
0
153856
0
0
0
0
143
0
0
0
0
0
0
56611
0
0
33
0
0
192
0
0
0
0
0
20963
0
0
0
1
0
0
0
21612
0
0
0
0
0
0
7
0
0
0
153990
0
0
0
0
0
0
33784
0
0
0
0
768
0
0
14
0
0
0
0
0
0
0
2390
0
0
145207
0
0
0
0
0
0
122114
0
0
0
0
2
21136
0
0
1455
5563
18662
0
0
0
0
0
0
0
0
144
0
0
0
0
0
0
0
0
143036
0
0
0
0
0
0
0
0
0
0
3397
81
18895
0
0
119
41
0
0
0
0
0
0
0
0
68305
1429
397
0
0
0
0
0
0
0
3822
0
5
0
35691
3610
0
0
0
0
0
0
0
139
1018
761
0
1895
0
39144
0
0
20310
0
0
0
0
54125
0
126
0
0
0
6407
68510
0
20
0
0
0
0
0
47292
0
1
0
675
0
0
0
0
0
0
4158
0
26703
0
0
23
3558
0
0
292
16
50688
0
0
0
0
0
0
379
8
0
218
0
0
3710
0
6456
222
0
17069
0
0
0
0
0
0
0
0
13701
0
0
0
0
4449
0
0
56158
177
0
0
1859
0
0
0
12
0
0
0
594
0
0
17130
2
0
321
0
0
0
0
218
8
0
409
220
0
0
36399
0
0
1670
0
0
7637
0
0
105495
0
0
0
58964
0
0
0
12182
8
5364
0
0
3230
0
0
0
0
315
81
0
10596
0
316
0
1159
140
0
0
0
0
93
0
0
0
0
613
6
8025
0
0
0
0
52
580
0
0
7472
0
0
0
0
0
0
0
8843
0
0
0
4
377
5158
0
0
29564
1
0
0
0
0
0
0
0
698
0
0
0
26
0
0
0
6922
0
0
38950
0
41084
0
383
0
0
0
0
0
2334
0
0
0
0
0
0
0
0
0
14
0
0
100
0
0
57809
0
767
0
0
0
287
4098
102550
5470
0
143
47523
6924
438
0
0
0
0
25672
4
0
0
0
0
9278
22680
0
0
0
0
1182
0
0
0
0
0
13681
7146
0
0
360
0
0
0
0
0
128
57
0
0
0
0
0
14
2
0
0
1
0
6777
0
0
337
35205
36222
22543
0
0
0
0
0
0
0
0
0
0
0
0
0
2
0
0
0
0
0
20468
0
2074
0
0
0
0
0
0
0
0
0
0
1326
159
51291
0
0
0
0
0
48478
1546
5940
0
30746
20352
0
0
93
0
3501
0
0
0
0
0
0
0
513
0
0
90349
0
0
0
279
0
0
0
0
0
0
0
165
0
0
0
0
0
0
0
676
0
0
0
0
0
0
0
0
0
0
5871
0
4743
0
0
22
0
0
0
0
0
0
0
0
0
35790
96233
0
0
0
137
184011
0
0
0
0
0
0
121
0
0
0
0
0
271
0
0
0
0
81818
0
32
0
4345
0
0
0
0
0
0
7
33955
0
0
0
0
0
0
0
0
0
832
0
0
89934
0
0
1072
0
2
0
0
0
1865
0
0
0
0
0
0
0
289
0
0
1
0
1725
0
11
3046
4648
0
240
0
0
0
2
35365
0
0
157
0
246
0
0
0
0
0
0
0
0
0
10748
33486
41
0
71
0
0
316
0
0
0
0
0
125
0
0
0
0
432
5065
0
0
373
0
0
0
0
25031
0
0
0
0
0
0
18
1352
48326
30801
0
0
0
0
2
0
0
0
0
0
1
117416
97
0
0
0
0
0
0
0
62122
0
0
0
0
0
0
72118
0
0
0
0
0
1108
0
1
265
0
1974
0
0
0
9
0
0
3887
0
0
0
0
0
0
0
390
0
0
0
0
0
0
33842
0
0
0
0
0
1048
0
0
0
0
0
0
0
0
46
3948
0
0
0
0
0
0
0
0
0
0
0
0
0
33
0
0
1
0
1213
0
0
4895
0
159
45228
0
404
0
0
2349
0
0
0
0
0
0
8392
74
0
0
0
0
0
27371
0
0
344
0
5805
0
0
76565
0
0
0
0
0
0
30588
0
0
0
111
0
97
0
0
0
0
0
0
13
0
0
94
0
21918
6709
0
0
3
0
0
0
53845
0
0
0
0
0
0
0
0
36190
15867
0
353
0
0
0
0
0
0
0
0
4370
0
0
3220
8
0
14
0
465
386
0
8
0
0
0
0
3945
2579
0
0
0
0
88818
0
19
0
0
143
0
9404
0
36
12309
0
0
0
0
0
4
0
49485
49
0
0
0
0
0
0
0
5349
0
52798
0
0
0
0
12264
101
55223
333
0
0
2933
2
34
463
0
0
0
9
0
2680
31
83
0
0
425
0
0
30133
0
0
0
0
16545
103628
0
5149
0
0
0
5889
268
40630
0
0
0
0
0
0
0
0
38
0
0
100
0
0
0
0
0
1
12269
0
0
53511
0
0
0
34
59
0
0
27862
0
0
0
1
0
6974
0
0
3050
0
113
2
0
0
0
18555
83949
0
130
207
0
0
0
0
0
0
0
0
0
0
0
452
0
0
0
58494
63619
0
0
119
0
0
169
0
0
5662
11
0
0
0
0
0
0
0
0
0
0
2
26355
4600
25530
2
84
0
0
0
0
0
38
0
0
0
755
50042
7975
0
15720
15214
256
0
0
0
822
0
8377
0
8749
0
0
20
0
27118
0
177
0
24756
12087
0
0
394
0
0
0
0
0
0
21159
0
0
34002
0
0
0
21040
0
0
0
0
2
14
0
44577
39978
0
0
23634
0
0
0
21517
0
650
0
0
0
0
80
0
2081
1005
2712
0
3
0
0
0
0
0
0
1226
0
0
0
47
10
0
0
0
474
0
0
31386
0
0
40
0
0
0
130
0
0
41264
0
0
0
0
238
13217
0
0
8471
0
171
0
0
0
0
0
0
0
0
0
0
48443
0
0
0
0
143013
0
1152
0
0
0
0
0
0
0
0
0
879
0
389
0
0
0
0
0
79
0
9387
0
1
0
0
0
0
25
6856
0
0
0
0
0
0
581
0
0
0
305
0
0
6117
0
0
0
0
0
0
0
37458
0
322
259
0
0
0
0
5280
0
0
7967
0
0
0
0
0
0
0
0
0
0
0
0
0
4
0
0
7629
0
0
0
374
0
0
0
0
0
0
359
0
0
0
142468
130156
189
0
0
120904
0
1437
0
130
0
0
0
1
13732
7463
22
0
0
247
172808
0
0
0
0
0
4391
23305
0
0
0
0
120
10
394
296
0
0
0
15
0
0
0
0
1295
1202
0
0
0
1
0
3406
16
0
0
0
0
0
0
8
0
1000
0
0
10399
0
0
0
0
0
0
0
3436
0
0
0
0
0
0
0
82
0
0
0
0
0
0
0
18304
0
49252
0
0
0
0
441
567
0
0
0
30
0
20
0
0
0
80765
0
0
0
0
0
31047
0
0
774
0
0
0
17
0
0
0
0
0
2052
0
0
0
0
0
0
0
0
150278
0
0
67767
0
0
0
29
0
0
0
1181
0
159428
0
0
29184
0
0
0
0
21902
0
0
0
12288
2
0
0
0
0
52
0
40
24
4
170038
0
326
0
0
11552
0
0
0
0
0
12216
8287
0
2
0
0
77
0
0
0
0
0
0
73739
11
18482
77
0
34573
0
0
0
12585
0
0
0
0
0
0
0
0
0
57
0
0
32940
18346
0
0
0
0
0
0
0
0
411
0
0
0
0
6418
0
0
0
0
29485
20
0
32292
15937
261
0
0
0
0
0
0
0
0
0
0
0
0
12
0
0
0
0
0
0
120
0
207
156
0
0
0
0
0
0
93823
0
0
46790
0
0
0
0
0
0
0
3018
0
0
0
0
0
0
0
4419
0
7831
8
0
0
0
0
0
0
83
0
0
2581
0
10175
19
0
0
0
0
0
0
0
21953
98
0
0
0
0
0
6
0
0
0
0
0
0
0
0
0
3895
0
0
60
8821
0
454
0
0
0
616
0
3
304
0
0
0
0
0
0
0
0
0
0
0
27
0
0
2
0
0
0
0
0
0
480
60
92451
0
0
0
0
0
28
0
0
28275
0
267
0
0
0
0
0
0
0
0
0
0
128
0
0
0
10
1258
254
0
40365
0
0
965
0
187
0
132237
29979
1418
0
49
90595
0
0
0
0
0
0
0
0
0
46
0
0
1173
0
0
3637
0
0
450
0
45
0
0
0
0
0
0
0
434
0
126
0
0
0
0
0
0
0
0
21585
58
0
0
126654
0
0
0
0
0
0
0
7474
18
0
0
0
0
0
0
40615
6
53
8009
0
11622
0
0
0
0
77774
0
0
0
0
0
0
0
197
0
0
0
0
0
1361
0
0
0
0
0
0
0
0
0
0
0
14
0
0
78553
0
0
0
0
0
0
0
2721
0
0
10264
0
0
0
11
1148
0
0
0
0
1203
0
0
0
0
0
0
0
18924
40
0
54
0
4787
0
0
4844
109924
0
0
0
0
0
849
32242
36
0
0
0
0
0
0
1678
0
0
0
0
0
0
0
0
21090
0
0
0
0
0
0
0
13506
0
0
0
9665
0
0
0
0
281
0
12777
0
3401
0
0
88487
0
12230
0
0
0
0
0
0
1152
0
36
0
0
0
0
5668
3676
0
0
237
0
0
23
0
1
0
0
104
3754
0
61362
0
0
0
0
0
0
5225
0
9537
0
0
0
0
0
0
73
0
0
0
35763
0
0
0
0
0
0
49076
246
0
397
0
0
0
0
0
0
532
0
0
15
0
0
0
0
0
18342
0
0
0
0
0
0
0
0
0
0
0
3233
0
0
0
16
0
27
929
0
0
0
0
1271
0
0
0
0
0
3773
0
0
0
0
0
0
123116
0
0
143
0
0
87713
0
0
0
0
27
0
4812
0
0
723
48
0
13
0
0
50117
3681
0
0
0
0
5787
0
0
0
2666
0
0
0
0
24594
0
0
0
23
0
7414
146203
0
32228
0
0
0
0
0
0
0
0
0
0
0
0
102706
63014
0
0
0
0
0
0
5162
3451
29680
0
2137
276
0
0
0
0
1252
0
0
1034
0
0
0
0
14445
1523
1551
0
14236
0
0
0
0
0
34982
0
0
78812
0
0
0
3484
0
0
0
3707
0
162
0
17023
0
0
0
0
0
0
7
0
0
0
0
9
8279
0
0
0
16
8027
37664
1681
0
0
0
1719
0
0
0
0
133986
0
0
1147
0
0
0
0
0
0
0
0
10
0
105
0
0
0
0
0
17155
0
0
0
0
0
13892
0
0
0
0
0
0
35391
0
34405
0
0
1
0
671
11501
895
0
15
0
0
0
0
0
0
0
0
866
1
5
0
36626
0
0
0
1
15
26
12275
0
36665
0
0
87203
4633
0
9799
0
0
0
0
411
21605
0
96192
5460
0
0
0
0
0
0
3944
0
0
0
0
0
0
0
0
0
0
0
0
0
0
0
0
0
0
0
0
0
0
0
0
0
0
0
0
0
0
0
0
0
0
0
0
3
0
0
0
0
2807
2922
13751
0
3093
0
0
1
0
0
0
10
0
0
0
0
168
0
0
0
0
8
29205
0
0
6
0
0
0
0
0
72
0
0
0
0
0
0
0
0
132413
0
17309
310
0
1889
89
0
4
0
0
0
0
0
0
0
0
442
0
0
0
0
11054
0
0
0
0
0
0
0
0
0
0
0
0
283
0
0
0
9
0
0
0
0
0
0
0
0
0
0
0
0
48643
0
0
0
0
0
0
45705
0
0
0
3841
0
0
0
0
0
0
0
0
0
0
0
0
0
0
0
209398
0
0
0
0
0
0
0
0
64257
3760
8
0
0
0
0
0
0
1320
0
0
0
0
0
0
0
875
57010
0
2806
0
0
0
0
0
13156
0
0
0
0
0
0
0
0
0
0
0
26
35970
0
0
0
0
0
237
0
850
0
0
0
0
67
0
8
0
0
834
0
0
8
0
682
0
0
0
53
0
0
0
861
29125
236
0
0
0
208
0
66
15229
0
0
0
0
0
0
6394
4
899
21892
0
0
0
3
0
0
0
0
1753
0
0
0
0
0
0
66284
0
0
0
51485
0
86835
0
494
0
138
0
0
0
0
1311
1077
0
2380
102
0
0
0
0
0
0
2015
0
0
0
0
0
0
0
0
3
0
0
0
0
0
0
0
138341
0
0
1652
0
0
21
3182
0
0
324
0
0
0
0
24278
85552
2675
16
0
0
84
9994
2952
0
73962
0
0
0
0
396
0
0
0
79839
14964
0
0
1
1428
0
0
42403
0
0
0
0
0
0
0
0
31869
0
47743
0
0
0
0
621
334
28901
330
0
70661
638
0
0
0
0
0
0
0
0
25
0
0
38838
19556
0
0
1321
0
0
67991
0
0
0
0
0
0
0
0
0
0
0
0
0
0
0
1
71
7
0
0
0
0
0
157
0
0
0
566
0
0
0
0
0
21968
0
25565
14
0
0
47927
4601
6440
0
0
0
0
0
0
0
0
0
0
0
0
0
53
0
0
0
0
5966
0
0
0
1620
0
0
0
0
0
0
0
0
0
0
0
0
0
0
0
3896
3
0
0
0
24185
79446
7
0
0
0
0
0
94
0
82
0
0
0
0
0
0
0
0
0
0
0
0
0
0
0
0
0
0
0
0
83491
0
0
0
0
0
29891
0
0
6313
0
0
0
79469
0
0
0
1005
0
0
0
2509
0
0
0
0
0
0
0
545
734
0
457
9098
0
0
0
16417
0
0
0
0
0
0
0
0
0
0
163
0
0
0
0
0
22255
0
151
0
0
0
16955
0
37139
0
0
2
0
0
4
0
560
0
15352
0
0
9733
525
0
0
0
0
0
0
0
0
270
0
67
809
0
0
0
0
0
0
0
1868
1
0
0
5
140
0
0
0
0
17197
0
44570
20545
9
0
0
493
0
0
0
0
0
36333
2851
0
0
0
0
0
0
57
0
0
1821
23976
0
0
0
0
0
0
0
0
0
0
0
0
247
0
0
0
1879
0
0
0
0
0
34538
422
0
0
1405
0
0
0
5
0
45
0
0
0
0
0
0
0
195
111801
0
0
0
0
17102
0
0
0
0
0
0
0
23829
33057
0
0
0
0
19158
0
0
0
0
0
0
0
0
412
1249
96733
0
0
3
0
0
0
1858
0
4
0
0
0
42369
95495
0
0
0
1
0
105346
0
0
0
0
0
0
0
1
0
0
3
0
0
0
17622
0
0
7476
248
0
0
0
0
0
0
0
789
0
31017
0
0
0
0
0
0
0
0
0
0
15192
0
0
0
0
0
0
0
0
0
0
0
0
0
0
161
0
0
0
268
0
0
0
0
0
0
60
0
0
0
69742
8711
0
0
0
0
0
1578
998
0
1967
0
0
0
0
56257
0
0
0
0
0
0
640
4641
0
0
0
0
18708
0
0
0
0
0
0
0
12959
0
593
81
0
0
0
2620
25065
0
10861
0
0
0
4282
0
54271
0
0
0
517
18
119353
0
2856
0
0
0
0
0
14994
0
0
28533
0
0
0
31333
0
0
0
0
14
0
0
0
0
0
0
0
0
0
0
0
0
0
0
0
0
0
0
0
142475
0
32316
0
0
3673
0
0
0
0
0
22
104
37
0
0
0
66330
48171
2
0
13646
0
0
0
0
0
3
102
0
0
0
0
0
0
25
8863
0
0
0
0
0
0
0
0
2042
0
3863
0
0
1333
0
0
2642
173
16106
0
0
0
19393
0
0
0
235
0
0
0
34
3
0
0
64
0
0
0
0
8947
0
0
0
0
0
52
0
0
0
0
0
0
33442
0
0
0
0
0
118
0
3876
0
0
0
0
0
27133
13004
24
2
0
0
289
13
0
0
627
0
954
0
0
1055
0
0
0
0
0
0
0
0
2
0
0
590
122252
0
0
0
0
46976
0
426
0
0
0
0
0
0
0
0
0
0
0
0
1205
132106
0
0
132
0
20
91
0
0
0
118
0
0
0
0
0
0
0
0
11116
1928
0
0
0
18
0
14758
0
0
0
0
0
0
0
0
30152
0
102627
0
0
9858
4
0
13546
0
40090
0
0
3951
0
0
3130
0
0
4
0
0
0
3
60
0
0
1188
0
13262
323
0
0
2048
0
0
0
0
2384
0
2
20312
0
15971
0
0
45
0
5
5856
7
0
0
0
0
0
0
5183
0
48261
0
0
0
22106
0
0
0
0
0
0
0
20248
9
0
0
0
0
0
0
61695
0
0
0
0
0
0
6274
31742
0
13
0
44152
12545
0
26788
0
0
0
67832
0
30
0
0
0
0
0
0
2184
0
0
0
60
0
0
0
0
0
0
0
0
0
1557
0
0
0
388
0
0
0
304
0
115492
0
0
30488
0
0
0
5577
0
0
0
0
0
0
0
0
26
0
0
42394
36
0
0
22
979
0
0
0
5724
0
0
0
0
0
0
4007
0
43
0
0
0
0
0
0
49799
0
0
0
0
0
0
4464
0
75
0
0
0
0
0
0
26
0
0
0
0
0
0
13473
48
0
0
0
0
4030
0
223
0
3343
0
0
0
39876
0
0
0
0
0
0
0
9637
39180
0
0
0
0
0
0
0
0
0
517
41115
0
0
0
0
0
5150
72342
0
0
0
6445
0
0
0
32107
98
0
77038
0
0
0
0
0
0
53684
867
0
6446
0
0
0
0
42334
0
0
0
0
0
0
0
3693
35
4529
0
0
0
0
0
0
0
3004
12834
0
6
0
0
53234
0
128
42
8
0
0
87
19829
47649
149
870
0
0
0
0
0
0
0
0
0
0
0
0
149
2724
10812
20
0
0
0
100
0
1443
0
0
107420
14333
0
0
0
0
0
0
0
0
0
0
0
0
0
0
0
0
0
5
0
0
0
0
0
4
0
0
0
0
0
0
0
835
0
0
2537
0
0
822
382
44750
0
0
0
0
0
59
0
0
0
0
0
0
0
0
0
0
0
0
235
8729
869
0
0
0
0
0
0
8185
0
0
0
0
3452
0
3644
0
0
0
18
1
0
0
0
6321
36542
0
89268
0
0
491
0
0
0
0
0
0
0
0
1631
0
0
0
9160
603
0
0
30
0
3147
11624
0
0
0
0
41
0
716
0
0
10049
0
996
0
0
0
15266
0
0
0
0
0
0
18814
0
5326
0
0
0
0
0
0
0
0
0
3578
0
0
0
0
9570
0
1
0
0
0
0
0
0
0
0
0
123607
0
0
756
0
73361
0
0
0
17
87704
0
0
2757
0
0
0
0
178
0
0
0
0
113810
1480
11400
0
0
11851
36
0
0
0
7
178
0
709
21288
0
0
0
0
0
0
2024
0
10862
0
6
4
0
0
0
0
0
0
0
30
31714
0
0
0
0
0
0
3
0
0
53
0
0
1581
0
248
0
0
0
0
0
0
0
0
0
0
1410
52429
0
0
0
0
8100
0
0
0
0
0
0
0
0
0
0
31
3158
0
0
0
0
0
0
68
0
0
0
0
0
0
0
765
0
0
50
2137
0
190
0
0
7
0
40543
6994
0
0
0
0
0
0
35
0
75571
14406
0
0
175
460
0
0
660
0
0
0
0
0
0
0
5306
3315
0
0
0
0
0
0
1513
0
52
0
0
0
0
0
2156
170
53451
0
0
0
0
0
1
701
0
0
18
516
0
0
0
23
3481
12154
0
0
0
0
0
0
845
399
0
0
0
0
0
28
9604
0
0
0
29574
5
0
0
0
0
0
0
0
0
0
939
141
421
42991
0
0
0
6174
27316
0
0
0
0
409
0
0
0
0
0
0
0
0
0
379
1136
1889
213
0
2
12890
0
0
0
0
0
0
0
5364
0
0
0
0
0
0
0
0
60
306
4366
0
0
0
0
0
23406
51626
0
0
0
0
35383
0
0
0
4
0
0
23
4670
54848
3188
0
0
0
0
0
0
18888
19083
0
0
2747
0
0
2655
0
0
0
0
19390
0
0
43
0
0
0
0
170
0
34962
0
0
0
810
0
13011
0
0
58082
0
0
216272
0
64233
0
0
0
8163
0
0
0
0
11305
0
0
0
0
0
0
6
0
41146
0
0
0
0
0
0
0
0
0
0
0
75
319
1
0
0
107
0
20270
0
0
0
88
0
0
0
0
0
0
0
0
0
86
0
0
0
0
0
18
0
0
2
1445
219
0
0
2
3
0
0
0
0
626
0
0
0
0
0
181
14894
0
538
3428
0
0
43049
0
0
0
0
0
186
0
550
0
0
0
0
0
8699
210763
1446
1799
95735
0
0
0
0
9444
0
0
80
0
1302
0
0
0
0
0
0
0
48572
0
398
0
0
0
0
0
0
5332
0
5
0
0
2914
0
0
120
0
0
0
0
0
0
0
0
0
85
41078
0
249
7937
0
0
0
0
0
0
59771
0
0
0
0
0
0
0
0
0
43723
0
0
0
5
14436
0
3810
11
0
794
0
0
0
0
0
4721
0
696
0
0
0
0
0
0
0
0
0
25
104260
0
0
0
0
0
0
0
0
0
0
0
0
16102
0
0
0
0
0
0
0
698
0
0
0
0
0
0
0
0
0
0
0
13414
0
0
0
0
0
0
0
0
0
0
0
0
3471
206
0
555
0
121
5507
0
0
0
0
0
56869
0
0
0
0
1086
32380
0
0
0
0
0
0
0
0
0
14859
0
2
0
5690
50428
0
116306
210
62951
4242
58266
0
466
0
0
19762
0
0
0
0
0
5176
0
341
0
0
0
0
0
0
8
0
0
115483
0
0
0
0
0
28
0
0
0
0
0
0
0
0
53
991
6959
1
36726
5080
0
0
0
0
0
248
0
0
0
25217
0
0
0
0
3387
0
0
0
0
0
0
1
0
0
9554
0
0
0
0
0
36
0
88641
0
0
0
0
0
0
0
0
10787
0
47028
0
0
0
69
0
0
0
178260
0
0
0
0
8201
0
138183
17397
0
43107
0
0
0
788
0
0
0
0
0
719
0
0
0
0
0
1938
0
0
1369
692
12214
0
0
0
0
0
0
0
0
0
654
0
0
0
67
0
0
0
0
0
11364
0
0
32142
0
0
0
992
0
0
0
0
0
0
0
0
80740
0
0
0
0
36676
0
0
0
0
0
0
704
0
0
0
0
6893
1701
0
0
0
0
0
0
0
107497
250
0
0
0
0
0
0
0
0
18
2156
0
0
0
0
0
0
0
35381
0
27190
0
60065
0
0
987
0
0
62762
0
0
0
29
17515
0
0
0
0
0
0
0
0
4971
0
0
0
0
0
0
0
0
0
0
0
0
0
52086
0
0
0
0
0
0
0
0
155
0
0
0
0
0
0
0
0
0
0
0
0
0
49577
0
1
0
0
146
0
0
0
0
0
0
0
0
0
0
0
62460
1570
0
48156
0
27
0
0
0
0
0
0
36
210291
0
108
9
0
1
0
1
7767
0
0
1894
0
61886
2697
0
0
0
0
0
0
0
0
111167
0
34
7427
0
2037
0
383
192
65662
0
0
40265
0
0
2
0
24325
0
0
0
0
0
0
0
0
0
787
0
0
0
1194
12
0
0
12469
0
0
0
30135
25
0
0
153
143344
17498
0
0
0
0
0
0
0
0
0
10936
326
0
2810
0
0
0
0
0
0
56829
0
0
265
0
2
0
0
0
0
1691
0
33
0
0
0
63
8710
154
0
0
4514
9412
0
0
0
496
16572
339
0
0
0
0
110
39127
4
664
0
0
0
0
8
866
1786
0
0
0
0
0
0
0
678
0
1438
0
0
0
4
0
0
0
0
0
0
0
2353
0
0
0
0
0
94977
8114
0
0
0
0
0
636
74415
0
0
0
0
0
0
0
0
16331
0
0
0
0
0
0
0
0
0
0
0
0
0
10418
2072
0
1436
0
0
0
0
0
0
0
68
339
0
0
20740
0
1308
7979
0
0
2
0
0
354
1097
0
0
0
0
0
0
0
0
30
157
0
16
0
0
0
56313
35630
0
0
0
0
0
0
0
345
0
1152
18
0
0
0
51533
0
0
121735
0
0
0
1219
0
1494
0
0
2
0
14
0
0
0
4298
0
0
186
70139
0
0
22091
16371
0
1447
5
0
0
0
0
0
22971
0
1036
0
0
67275
0
2965
16342
0
53661
0
0
0
144
0
0
0
0
0
0
1826
0
0
0
0
0
0
0
0
4295
8896
0
29407
0
0
0
0
0
30770
232
0
14
0
2502
0
0
0
0
0
0
0
0
0
270
0
0
0
0
0
0
84949
0
0
0
0
24734
0
0
0
40901
0
0
39012
53
0
0
0
0
0
1087
0
0
0
11989
14146
35625
1
0
0
0
254
0
78
0
0
0
0
0
0
0
0
0
3494
0
0
7553
6343
0
95
0
0
4322
0
0
1729
0
0
0
393
0
0
0
0
0
30132
10
17968
0
0
0
0
0
12
0
68
4377
0
0
0
19147
0
0
0
0
0
18180
0
0
0
0
7
0
605
0
12196
1781
28069
0
175
10916
0
42
0
2274
0
0
0
0
0
0
0
2170
0
0
0
0
0
0
0
0
0
0
0
0
0
0
0
0
0
0
0
0
0
0
0
0
0
0
93
15
0
14236
12428
0
18
11
0
13599
0
0
0
404
0
49781
0
10
0
726
0
0
0
0
0
0
0
0
0
0
0
0
0
2358
75210
4274
0
0
0
63
0
0
0
0
79111
23508
0
0
0
0
0
0
0
0
11
152
0
36028
0
0
0
984
6317
0
0
0
0
0
318
0
13083
0
0
0
0
638
0
39
0
0
0
0
0
0
0
0
0
4533
5
0
0
0
0
0
0
0
0
0
0
0
0
2782
6061
0
17128
302
0
0
0
8303
0
0
15172
0
0
0
0
0
16433
0
4765
0
0
0
139
0
0
0
2219
0
0
0
148
0
0
0
19165
8
0
0
37714
0
183
0
0
0
0
337
0
0
0
40
7609
0
10033
0
0
0
0
2184
0
19
116
0
15557
2574
0
0
315
0
71
73658
97149
0
0
0
0
0
0
0
0
0
0
0
0
0
1378
0
9545
0
0
0
43252
0
5529
0
0
0
0
18050
0
0
5585
7529
0
0
0
0
0
0
0
0
0
1
0
603
0
5672
0
0
0
56391
95760
28
6874
0
0
0
0
0
0
0
0
9680
0
0
0
0
2
0
0
0
0
0
0
0
0
0
0
0
3091
0
48875
0
0
0
0
0
0
0
5291
0
0
0
0
0
0
0
5992
0
4956
0
0
0
0
0
0
8614
28112
258
40333
0
0
0
14571
0
0
1053
0
0
0
0
0
0
95576
10526
0
0
18407
0
0
2515
155642
59
0
0
27123
0
0
0
0
0
0
0
766
21092
834
0
0
4
0
99
0
0
0
0
0
0
0
0
0
0
0
37917
0
0
0
136
16122
0
0
0
0
0
0
0
137
0
11220
0
162
315
0
0
0
0
0
0
0
85275
0
0
0
0
10
0
0
0
0
0
0
0
0
1
0
0
0
1172
0
0
0
1924
0
15112
0
0
0
0
0
3290
0
0
49396
0
0
0
16323
0
0
0
59258
0
0
0
0
0
0
2
0
0
0
0
134910
0
0
535
0
88143
55178
0
35325
0
0
0
118
0
54
14647
0
0
110
0
0
1
0
6
0
15
0
0
6583
0
0
33021
12
0
0
0
0
0
94605
0
0
0
0
0
23285
0
69584
29592
283
0
0
0
0
0
0
32492
0
0
1087
0
14643
224
0
0
0
2
6470
0
88349
0
9868
0
0
9669
592
0
0
0
0
29797
0
0
33291
26
1362
2356
87
0
0
1044
133811
0
25
0
0
0
0
0
188
0
0
168751
0
9277
1991
0
2806
0
0
0
32
0
0
0
0
0
0
0
0
0
42160
1308
36684
0
0
128
0
0
0
0
0
0
3094
0
26009
836
0
0
2
69
34685
0
0
5675
0
0
0
67701
1
0
0
0
0
2789
0
47
0
0
0
32196
0
43257
11096
0
45
0
22
0
0
0
0
1
6290
0
0
2546
0
0
0
0
0
0
0
0
0
160
1
0
0
0
0
0
0
35221
0
0
0
0
0
0
0
0
0
0
0
0
112032
0
0
0
0
0
0
0
0
0
0
0
0
0
0
0
0
0
0
0
29868
0
0
0
0
0
0
0
0
0
0
0
0
0
0
16106
0
0
0
0
16046
0
0
0
0
86
90
0
0
14296
0
0
0
0
0
0
100519
0
0
0
0
35
0
0
0
0
0
0
0
0
0
0
8
0
0
17572
0
62
552
0
0
0
29
463
0
0
0
0
42424
0
0
0
3176
0
0
0
3608
0
0
0
0
3702
0
0
0
0
32595
0
0
0
0
0
0
0
0
0
0
0
0
0
16449
0
0
10
0
0
0
9363
0
26833
0
88
1522
0
4187
0
0
0
1
0
3943
22
0
0
111967
0
0
0
0
76550
0
91
0
0
2
0
0
0
0
0
0
0
15
0
1421
0
0
0
26528
0
0
0
0
0
0
0
0
0
0
0
5
0
0
9551
97576
0
0
0
1
0
64
0
322
0
0
0
0
565
0
0
0
0
0
11165
0
2471
0
0
0
0
0
0
146
0
0
2450
5047
0
0
4546
0
0
146
0
0
0
28530
980
0
0
0
31
4
0
0
0
0
0
0
0
0
0
0
0
0
0
0
0
17
0
21
0
0
0
7676
0
0
0
0
0
0
0
12129
0
0
0
0
0
0
0
0
0
61
0
0
0
13
0
74
0
0
83885
30339
0
0
76
0
0
0
491
0
2
0
0
0
0
28408
0
65124
0
0
0
0
0
0
10294
0
0
0
0
0
54349
0
4181
0
0
7841
68533
0
0
107026
0
0
18784
344
0
0
469
0
461
0
0
0
0
9547
74888
9
0
0
1732
0
0
0
0
0
0
70534
0
0
0
361
0
0
0
0
0
0
0
0
0
9248
0
0
0
0
1
22665
0
0
363
0
0
15
6062
200
0
1415
0
0
53
0
3
0
0
0
0
0
0
0
0
0
0
0
0
0
0
0
83523
0
0
0
0
0
0
0
0
0
0
0
0
0
0
1441
7
0
0
12252
53
0
25673
0
0
0
0
2065
0
42381
0
0
0
17815
0
2
0
0
0
83444
0
0
0
0
78
0
0
0
0
0
0
39170
0
0
0
0
0
0
0
0
0
0
1
0
0
29
10
0
0
372
0
0
0
0
0
0
0
0
0
0
0
10000
0
0
0
0
0
203
5658
0
0
0
1458
0
0
0
0
0
0
0
0
0
0
0
21515
0
0
0
0
0
0
0
0
0
0
0
0
0
2
0
0
0
0
117
315
0
0
0
0
0
0
0
0
0
0
0
0
0
0
3577
81
0
0
15227
0
0
0
0
0
0
111
0
0
3
0
429
0
52
0
0
0
0
2
2527
20584
8321
0
0
0
0
0
2
11808
0
0
0
0
0
50
0
108747
0
0
0
1243
15635
0
9722
0
0
0
0
0
0
54146
2282
0
0
0
0
0
0
4940
0
0
0
0
0
13820
0
266
0
0
0
0
0
0
0
0
0
0
0
3252
8265
0
0
0
0
59801
0
0
16715
0
8
0
0
21979
0
2625
0
0
0
0
0
33379
0
0
50592
1
0
0
0
0
0
0
0
233
0
0
0
0
1
0
2
799
0
0
4
0
0
0
0
0
4308
0
0
0
0
0
1062
0
109
0
0
0
762
0
0
0
343
39
16923
13456
0
1193
0
0
0
14940
0
0
0
243
12453
0
0
1792
44861
0
0
0
0
0
0
0
0
859
0
865
0
0
49
0
0
0
3
1085
0
11
0
0
0
0
1
5932
0
87
90067
333
0
94721
0
3919
0
0
0
135350
0
0
4257
0
0
189
70085
33
0
0
0
0
4
0
0
32
0
0
0
0
0
0
1348
0
0
0
0
0
0
38271
343
0
643
0
0
154
0
0
0
66432
703
0
57
134932
0
0
0
0
58915
53
0
0
194043
0
0
0
126
0
0
0
0
0
0
869
1131
0
0
0
0
0
0
45
0
24
94403
0
176
0
4563
2662
0
70703
0
1
0
0
0
0
505
0
0
0
78
0
0
27984
503
0
0
0
0
0
0
3
0
0
0
0
0
0
0
0
0
23562
0
0
0
0
0
0
4
0
0
0
105215
0
0
0
0
0
0
0
0
0
50157
14081
0
2600
0
0
0
0
0
0
0
3855
0
0
0
0
0
0
0
54769
0
104
0
7688
0
0
0
0
0
0
0
0
0
0
3963
0
0
0
0
26385
0
70
0
0
0
0
0
0
0
0
3407
106
0
12975
13
0
0
3281
93
0
0
4543
0
0
0
0
0
0
34123
0
0
0
2
0
0
779
0
0
0
0
0
0
298
0
0
0
0
5
0
0
0
0
0
30
0
21
0
0
0
90
0
30855
0
0
0
3576
1378
0
0
4962
0
0
5357
0
0
1338
0
0
0
0
0
0
1413
0
0
0
0
0
0
40122
0
0
0
2753
0
0
0
0
0
136
0
50337
0
0
0
0
0
85896
0
1554
3554
0
0
0
16172
6
0
0
0
1754
0
0
89
270
0
0
0
0
0
0
0
0
0
0
0
195
0
0
0
16407
0
0
0
0
0
0
0
0
26
6
0
0
0
0
0
0
11530
15433
0
18651
0
0
0
0
0
0
140
0
0
0
13
0
0
0
0
0
143
0
0
4700
0
16034
0
0
79056
0
0
0
0
3380
0
0
0
0
0
0
0
1141
0
0
0
0
0
0
0
0
771
0
0
0
0
0
6500
0
0
0
0
0
0
0
0
0
0
0
0
0
0
7485
0
61736
0
0
0
11590
0
11168
1
0
0
0
0
0
0
5
107022
0
0
0
370
52790
0
0
0
7585
0
1664
0
0
0
116
0
69778
0
0
0
0
18126
0
0
109
0
0
0
0
0
0
0
0
0
0
0
0
0
0
0
18
0
0
18755
0
3773
0
107047
0
0
0
0
972
0
2001
0
347
0
0
0
0
0
0
0
38213
0
0
0
0
0
0
2923
0
0
9520
0
0
0
0
2
0
0
0
0
0
0
0
0
0
0
0
0
0
0
0
0
0
0
617
0
0
10
1009
0
0
0
0
0
0
0
0
144
0
916
0
24624
0
80545
22663
915
0
0
0
95180
0
0
0
0
0
0
0
0
4998
0
0
0
113772
0
0
0
0
0
0
0
0
0
0
0
3
0
0
0
0
0
0
0
625
2176
0
0
0
0
0
0
21897
0
1253
0
0
0
0
0
0
2959
0
0
0
0
0
0
0
5008
0
109
0
0
34428
0
0
39272
4507
0
0
0
0
0
8104
0
0
0
0
0
0
0
0
20
56881
0
4
26590
1384
146
0
0
4940
1
0
0
0
0
0
0
10
1142
0
0
0
1
0
8158
0
0
0
0
0
0
0
0
0
74489
0
0
0
0
0
0
0
4820
0
0
48391
0
0
65
0
32565
0
0
0
0
0
13
17
0
0
0
0
288
0
0
1
0
783
0
0
0
5817
0
0
0
0
0
0
0
0
0
0
0
0
129692
0
135365
26
0
23985
0
4040
0
0
816
15329
624
0
30505
11
0
6627
0
0
0
6123
0
0
0
0
0
0
193482
0
0
33
0
0
0
5923
0
0
0
0
0
0
210
27
0
0
0
0
0
0
0
0
0
799
0
0
0
0
0
35
56410
14255
1
28952
0
0
443
0
0
0
0
0
0
2
10
0
0
11394
0
1
0
0
0
0
0
0
30502
2359
0
0
27
0
0
0
0
173010
0
0
838
2
0
0
0
0
30129
0
0
0
0
0
0
42848
1
0
4840
0
2477
277
0
23
0
19
0
0
0
0
0
0
1236
0
18
0
22
46241
0
0
0
1593
0
9225
0
0
2
0
0
0
0
0
0
0
0
0
178
79
0
0
0
0
0
0
0
0
0
0
54266
0
0
0
0
0
0
0
0
0
0
62070
0
0
0
0
0
0
0
0
0
0
0
0
0
0
0
0
0
0
72488
83667
0
736
0
0
0
1228
0
0
0
0
0
0
413
0
0
0
442
0
41
0
0
0
0
0
0
0
21828
0
9
1131
0
0
9
0
0
0
0
0
0
0
0
0
0
0
0
0
0
14
2957
0
0
0
0
0
3567
0
0
0
0
1495
0
0
0
0
35307
0
0
0
0
0
0
0
0
0
0
0
0
0
0
0
71457
0
1449
0
1075
0
0
0
0
0
11741
0
0
97289
0
0
0
0
142122
0
26626
0
0
0
1540
0
712
0
0
0
0
0
0
0
0
0
0
0
1193
0
0
0
0
0
121
5
0
0
0
0
0
0
0
0
0
963
0
0
0
0
27
0
7
0
0
0
0
0
0
0
0
0
0
0
0
0
0
0
0
0
0
170
115
0
0
0
0
0
0
0
0
29078
2
0
7978
0
0
0
14786
0
0
9559
0
0
0
44602
0
0
0
31425
0
0
0
0
0
156527
0
0
0
0
0
0
0
0
0
0
0
0
0
0
0
14609
0
0
0
0
0
9
29961
122181
0
0
0
0
0
0
74
0
0
1383
0
0
0
0
0
0
0
2
0
0
21533
0
0
2
0
0
0
7
0
0
0
0
34208
0
0
0
1074
0
0
0
7857
53
0
0
16
0
0
2072
0
0
0
0
0
0
0
0
0
0
338
0
0
0
355
0
0
0
0
0
0
0
1
120849
0
0
0
0
0
0
0
5873
0
0
7825
0
0
0
52094
0
0
0
0
0
0
22909
0
0
33
0
0
0
0
0
0
0
0
301
2
0
4648
0
0
0
0
0
0
0
0
0
10
0
0
0
1007
0
0
85
0
0
64213
4080
0
0
2773
14198
0
0
116988
3
0
0
0
0
0
0
0
0
0
0
0
0
0
0
2652
0
0
0
4474
0
0
1599
526
0
0
0
0
0
0
0
0
0
2
0
0
0
287
0
0
0
0
0
0
0
0
0
0
1723
0
0
27
0
0
0
0
0
0
0
2693
0
0
0
0
