"x"
0
4
0
0
0
46
0
0
43598
27
423
0
0
12448
18054
6
0
4104
0
298
0
0
9199
0
0
0
507
0
2
0
6
0
159
23
0
0
1725
0
0
0
0
0
1109
0
0
33
0
0
0
0
20
0
12
0
1783
0
0
0
0
0
103
925
0
0
7399
0
528
16
6603
0
0
0
0
48661
127
24
0
0
0
0
39800
0
0
0
0
0
0
0
23
0
24
0
64
0
0
675
8
0
39
0
0
0
1097
56496
0
0
78
0
0
0
0
157
511
0
0
0
8008
688
0
0
0
675
0
535
1422
2
115
0
0
81
7991
0
0
0
308
0
0
17
0
0
0
0
0
12
0
0
3
0
0
0
5
0
0
0
11
18
0
311
0
0
0
1057
0
0
3506
42
0
0
0
0
1757
0
0
1
0
2865
0
70585
0
0
0
5
0
0
0
0
0
17475
12590
0
0
0
0
116
0
0
0
91174
11233
154
0
0
0
0
0
215507
0
2133
0
0
0
391
2439
149
0
0
0
2792
0
5
9
1558
0
0
0
0
502
0
0
0
0
0
0
0
0
14132
27
10
0
0
0
0
0
0
0
4
151
1883
457
0
5299
2
0
0
2
0
1611
1219
0
0
0
0
0
0
19667
193
9076
3451
0
421
263
0
0
0
0
12549
0
0
0
0
0
0
0
98
0
4
250
15
96
0
5995
22724
0
0
0
0
10054
3
0
33954
0
0
0
0
14657
0
2350
17
0
19
0
0
0
0
2318
12
134
172
0
3
0
781
0
0
0
2
465
0
9
0
2610
374
51
0
0
0
25269
0
0
0
0
35
0
0
686
19918
0
0
0
0
0
0
0
133
2988
35716
0
0
82
57
5649
0
431
0
0
385
0
0
9
0
0
0
54415
25
0
0
0
0
0
0
0
0
1
18
0
0
4262
0
0
0
0
0
82
0
0
0
0
0
0
6141
118
7871
0
0
0
17463
1
0
0
20
12008
0
381
0
0
0
0
0
0
35
6201
18
15
16656
0
0
0
25
0
24
0
0
0
1
4
131886
2083
0
0
0
0
2
903
0
0
0
3
0
0
4
0
0
8
944
0
0
0
0
0
0
0
14608
0
0
0
0
0
26
0
98
0
2106
11650
0
2343
0
0
0
0
0
0
154
4460
4227
13
0
0
1141
0
0
0
30564
1980
5629
0
88
437
0
7
0
6
11627
743
23192
0
10
0
0
3
1
39744
0
4050
0
10803
1
13839
57370
0
0
0
0
0
39590
0
0
0
1030
459
1
0
0
0
565
0
0
344
0
0
36
0
0
0
583
0
0
0
0
1002
803
50
0
0
0
66
5759
24
1
3815
1405
72
0
21922
0
3960
0
0
0
0
0
0
0
0
0
0
0
0
340
79
0
0
15515
125186
0
0
0
0
0
26177
473
287
0
7756
94
0
0
0
27
0
2989
0
7
0
0
0
0
0
0
0
0
0
21
1386
0
0
726
0
0
1
1
0
0
517
0
1744
0
24375
29
14
0
0
5
0
11041
0
0
19741
0
0
0
0
0
3188
7546
37
63
13
0
0
0
0
36709
2519
0
0
6288
0
26447
0
0
0
149
8029
24598
794
4548
20
0
0
0
0
0
61847
0
0
0
0
302
61797
0
0
0
1
0
0
71496
0
0
0
4113
0
0
0
0
0
0
0
0
12
0
0
73603
7
33
22
0
16250
0
0
109
0
9
168
0
0
0
0
48
54
36
17
0
1475
0
7199
0
0
0
0
0
0
0
0
0
10224
0
0
417
0
0
0
0
0
3
0
0
0
18
0
0
24560
0
3765
79
0
669
0
0
2020
1653
0
0
0
197
0
0
0
8798
4067
0
0
0
0
0
13321
0
0
8732
19439
0
65854
0
0
10672
807
24707
1021
91
0
123
1194
0
5534
0
38978
0
0
1
8244
4
12817
0
0
3
91
47857
155
7
15301
0
3460
0
23
0
0
0
4
0
5299
0
0
0
0
0
23
0
0
18
18508
0
0
7
0
0
0
0
104345
0
267
0
0
11737
0
0
154
1129
0
0
0
84
0
3080
0
31
0
0
0
29
2
0
465
127
0
0
0
0
412
0
0
0
0
10239
0
0
0
9417
0
0
0
0
0
5
0
2249
0
0
0
4909
0
0
48628
0
0
0
0
0
0
0
0
0
1
52
0
0
0
10
88
0
6063
0
5
15808
0
5140
6490
0
0
70
0
0
0
0
0
0
0
408
2
0
0
5056
3
4
670
39
0
0
0
0
12
0
11696
0
0
0
513
0
1
107
1
0
0
0
32
98953
0
12954
26
0
0
0
1006
14
0
0
71507
0
0
0
0
0
0
0
0
0
1378
0
0
0
0
142490
0
99
6950
0
0
0
14470
12542
0
0
0
0
21530
7838
32086
3
0
0
92
0
0
0
1869
0
0
0
0
31176
0
0
16290
0
0
22
1
0
3249
0
2085
0
0
680
11
0
0
0
0
4277
6190
0
0
0
0
0
0
0
0
15063
0
0
0
0
9
0
8497
2865
0
0
458
0
0
0
0
16498
0
0
5913
52
249
13049
0
0
0
22
0
1
368
0
0
0
262
4
0
1167
0
0
0
0
1885
870
0
0
0
0
0
6229
9640
0
7524
0
5
2956
0
0
3145
18222
0
0
1197
132794
0
0
0
0
33023
2023
0
1489
0
0
0
0
0
15429
0
0
0
0
6792
0
0
0
0
0
0
4815
591
38
0
84
36
96899
0
0
0
14
0
0
0
0
3899
0
0
0
0
0
0
16521
0
0
26
0
0
6
2292
0
0
4873
3835
0
248
3
0
20218
3
0
0
3
19230
57
0
975
0
0
0
305
2967
63
0
7
0
0
0
39126
1076
0
100
0
0
1446
0
0
46485
128
0
704
135
0
0
0
0
0
0
5
0
0
0
0
1
0
9173
71
3878
462
1
0
0
0
0
45
0
0
16970
0
0
0
1512
0
0
92288
0
0
0
0
315
0
0
0
13986
13120
0
0
17687
239
1
0
0
183
10
0
0
25344
0
0
0
0
0
282
0
0
0
7602
0
0
0
0
0
0
0
0
1099
26745
0
0
6692
0
0
0
9257
0
0
0
0
58
0
1493
6355
0
0
0
5
20559
0
17314
0
0
0
5
433
124
901
0
0
10
0
0
0
0
0
4506
0
0
0
0
0
0
0
0
0
4
0
0
0
0
22
0
0
120
0
1114
0
0
3767
397
0
0
0
0
0
1887
89
0
0
6
0
0
0
1063
3509
11195
0
22
10
3746
0
0
1052
0
0
0
0
12709
223764
10919
0
7
247
0
0
0
0
0
1189
1
6
0
39
1396
4860
0
16638
0
0
0
0
0
0
0
0
1
0
0
12
58
62019
0
0
0
0
13
60
496
0
0
4
0
274
0
0
8207
0
0
0
160
0
0
0
0
0
9735
0
0
9884
43
0
0
0
0
0
11589
0
0
0
0
8
0
0
6
270
3
49512
0
0
655
0
5184
0
57
0
0
0
0
1
10
321
45
288
0
0
0
0
0
0
0
0
496
25161
0
0
0
0
237
0
0
1
0
0
1894
0
57525
19400
0
0
1
0
0
717
0
0
0
0
0
16
4026
937
0
0
0
0
0
0
1540
24
4
0
0
14720
0
0
0
528
0
0
0
3
81
0
0
0
0
0
0
0
0
0
0
0
1640
20630
1
0
42753
0
7305
3
0
0
0
0
0
0
0
0
0
0
0
0
0
0
0
0
0
0
0
0
506
0
0
0
2052
45
0
120
543
0
0
0
0
27
1
0
0
0
1
0
110
2018
0
0
0
0
0
48915
1773
0
0
8749
122
0
8
0
0
4323
0
0
0
47
0
1138
0
0
0
18055
0
0
3159
0
0
0
0
0
11
0
0
0
19176
4
217
645
0
1
0
0
0
95
0
0
944
5914
0
0
3
0
1122
0
0
50604
0
0
0
0
0
1468
0
0
0
10
103800
0
0
368
2970
456
718
846
0
9313
0
2384
0
0
0
0
0
0
0
2
0
100
0
0
3551
3779
0
0
5978
0
39
0
0
0
0
1926
638
0
0
0
0
0
0
0
456
0
40178
0
86
313
0
0
0
0
0
1
9
0
21
0
0
4
0
0
0
0
0
0
0
10882
0
43
0
281
1
0
0
0
0
0
0
5
2
0
8560
0
0
0
0
0
0
15677
0
7625
0
0
0
0
0
104
0
3475
28
15
846
0
0
0
0
17845
0
0
0
0
2858
0
0
0
0
2329
2999
0
0
12
0
0
0
0
0
0
5621
2
0
55
0
0
0
15933
0
0
0
30
0
0
12455
0
536
2665
31
178
0
0
0
5
0
0
431
0
12310
1094
0
48905
0
0
0
2
0
0
0
1585
0
0
168
2747
4316
0
0
0
0
0
37
12670
0
42
0
5913
0
0
0
0
2145
71
0
0
0
0
48
0
12
3644
0
0
0
0
0
12985
0
0
0
45566
27
0
0
0
15285
110
16446
0
0
127
0
0
0
0
0
0
10879
0
0
831
347
0
0
125
0
0
780
0
0
0
0
3089
2
0
0
0
3392
0
75
17429
0
423
201
5358
23184
0
0
0
50
0
0
0
7191
0
155
0
0
42
0
0
0
0
173
0
26459
4
13726
0
16907
0
7
0
739
0
0
11522
0
0
0
12395
0
0
0
10946
171
0
66
38
0
0
29
111299
0
0
0
0
0
0
2306
518
0
0
162
0
0
0
0
0
0
0
0
94
24797
0
111
0
1
78
0
0
0
12
0
0
28
0
531
0
0
0
0
0
163603
0
2536
51
104
60
80769
0
0
0
0
560
0
15
0
0
0
0
0
0
0
876
0
1
16
604
0
0
0
0
839
22101
5391
7
2223
0
12
0
0
0
0
0
66
419
0
13171
0
4
1
0
0
31
0
0
362
0
5
0
3829
0
3
0
204
0
0
0
0
7161
0
5822
0
68
1
0
1
0
187
70
0
0
3603
0
0
5003
31199
0
0
0
0
0
3745
7041
1113
3
4964
156
1559
3
2
168
0
0
0
0
912
0
14283
0
0
0
0
0
0
4
5178
0
0
15280
17
0
0
27
51871
0
0
33
0
0
0
0
350
535
0
493
0
3059
0
941
0
0
1299
0
0
0
0
0
7103
27
0
0
0
0
0
0
2
0
0
0
11962
0
0
0
0
8922
17744
0
81
0
0
0
0
0
0
10
28699
0
0
0
0
14294
0
45
0
0
0
0
0
0
0
12624
0
48995
0
319
57832
0
6
0
0
10925
0
204
0
0
0
5840
0
0
0
0
8340
0
0
1
7
0
0
0
0
5
4696
0
0
0
5056
248
3
5177
4139
0
0
5739
7
24356
0
0
0
2377
0
0
0
0
0
0
0
0
0
150
304
0
14699
0
0
0
1269
3
2
0
7
0
206
0
0
0
6607
0
0
0
0
0
0
0
0
0
7425
0
0
0
0
0
401
0
0
0
42
0
0
31
0
134
13
0
208
0
1576
1
0
0
0
0
8293
0
0
0
0
0
5081
3
0
0
91
0
0
0
0
0
1459
6829
0
1622
0
0
0
0
0
0
0
0
0
0
20442
0
0
0
0
0
932
28829
2571
0
39763
0
16
0
180
0
0
0
0
0
0
0
0
0
0
345
890
3619
0
53149
58
1
0
0
0
4
0
3400
2
0
0
0
0
109292
12213
0
0
0
49
0
0
6
57622
0
0
0
0
70
31519
292
1
32944
0
0
0
0
0
0
0
0
1026
0
36426
0
0
0
6
49307
0
0
0
0
0
0
62
0
6012
0
0
0
0
4
0
0
5149
0
0
768
857
0
1088
0
0
0
4555
0
0
0
0
0
0
1
0
88
0
0
25924
0
0
2386
36112
706
0
253
0
0
349
6552
0
0
39
5638
124
0
137634
0
10351
0
319
117
0
13038
9100
0
738
13
6373
14
15
18813
49896
6974
0
0
104
0
0
0
113
0
0
0
0
0
0
9
7507
14079
0
59900
0
7461
35
0
6
1
3933
0
0
0
0
113
194
0
0
51061
0
0
1710
0
0
6884
9563
0
26563
0
0
31089
0
0
834
48695
1
0
0
0
16511
0
0
0
0
0
0
0
14
0
0
0
74462
0
14
7502
2552
0
6
0
23102
109
11807
0
6373
2657
0
568
0
1130
102295
0
27652
0
0
0
0
0
0
46
0
1182
0
0
25713
0
24878
0
6026
32
0
0
1500
0
0
0
0
0
0
0
73
0
0
0
606
0
0
0
0
49
0
0
0
0
0
60182
15301
0
0
9485
0
1812
360
0
0
19
10
0
0
769
3313
0
0
1795
0
15716
0
1
2874
0
0
0
0
145
0
0
0
3
0
79
0
0
1
43575
0
4273
0
0
0
0
4
0
856
0
0
0
10
0
151
0
0
0
10
0
5
0
4
0
0
342
30
9
0
0
41
0
0
0
0
0
29
0
23024
99676
0
0
0
0
0
59
49845
20610
229
0
0
0
0
0
0
0
5551
0
42
0
0
1385
27247
0
0
0
0
4803
0
0
25516
0
0
6193
0
0
6
0
1
2
0
0
668
0
0
0
1476
9082
5205
1236
0
0
0
0
1
0
2148
0
7854
0
0
1
0
0
891
48427
0
11347
0
1
0
0
0
404
0
160727
1
0
0
86
0
0
10739
0
0
1246
30721
0
0
0
1207
94
0
0
0
54
163406
0
0
0
227
0
302
0
0
63
4622
0
0
7179
11652
0
0
0
0
0
11390
3639
0
0
4381
0
199
974
0
0
0
0
517
156
0
0
0
0
0
2
36435
4
16219
0
0
4
20
0
0
833
0
0
0
46
199
0
1
18
3
0
0
0
0
0
0
0
0
0
0
0
0
6875
21082
0
0
0
0
0
0
246
2901
0
12271
1435
0
0
0
0
0
2798
0
0
49
0
40
0
1430
0
0
0
328
0
0
0
72
246
26090
0
32
0
3
0
0
0
854
0
886
0
0
8970
423
0
0
0
0
0
0
7151
10
554
0
35
0
0
0
0
22381
0
0
28687
1372
0
876
0
0
131
0
0
0
107
0
0
2678
2879
14
6333
1899
3495
0
0
10
3842
0
106
197
0
62
0
0
98
0
0
90
7
0
0
0
0
0
0
0
559
13082
11733
0
0
82
137
1015
8
0
0
18940
0
94
0
0
0
0
299
0
0
171
0
0
0
0
0
0
0
0
0
0
0
0
0
3592
3346
0
0
57
114
25730
0
1282
0
0
30
1497
30
0
2031
0
2
4919
0
0
814
76
0
0
0
0
0
0
0
0
0
0
0
0
8119
0
0
0
0
20
0
362
0
0
0
0
10064
0
0
0
0
395
0
0
0
187
14176
0
0
1947
0
0
132
0
0
0
0
0
195
173
3
0
0
20
2852
3563
7827
0
61
0
2
0
0
0
1528
0
514
55
3087
0
0
876
0
0
287
0
0
11510
232
0
3936
0
34665
0
8032
0
0
0
0
318
0
0
0
0
0
0
920
64
2620
3
7
10293
0
0
11
0
0
91127
0
0
0
5465
91985
21
0
0
2063
0
0
41
20
0
0
0
256
6
27199
0
0
202
0
243
1597
2005
99160
0
0
0
0
0
0
0
0
0
0
0
6761
0
0
553
0
0
0
252
0
7
0
0
15
5328
0
0
139
0
0
0
0
0
0
0
0
0
16
12
18
289
2918
1
84007
0
0
0
0
381
2
0
42
0
0
0
0
0
1
6934
50690
324
5
0
0
19
2
0
0
15
0
0
0
0
0
0
42
0
0
15099
0
786
1014
15
111243
0
0
1
1694
170
3
0
0
130
0
0
7083
0
0
0
0
30144
0
54818
1
10635
0
974
0
0
0
0
0
2
0
21357
0
0
37341
0
682
0
0
0
0
899
0
390
0
11
0
0
0
1
0
5842
0
6
0
0
0
0
1377
0
0
0
3
0
5
53008
32
45
0
0
9585
0
24278
30
0
36
197
0
2032
59
0
0
0
0
0
0
113
0
0
10932
35
3570
0
169
0
0
0
3549
0
0
6554
0
5753
0
4418
6887
0
40
19732
0
0
0
0
0
265
3127
0
879
0
2
0
20
4170
0
74
0
0
0
68
0
0
0
73
5
0
0
0
0
11
0
0
2
0
0
0
0
0
6
37
0
0
0
1
0
0
0
0
0
0
0
0
165484
30
0
0
0
0
290
0
20410
0
0
0
3
835
0
0
0
0
48233
0
0
0
1168
1718
0
0
1180
0
1330
4573
1075
2
5
0
25667
0
559
101165
0
0
2
635
0
0
0
0
0
0
2873
0
0
0
0
0
0
0
0
0
16078
8
1081
0
12
18312
0
608
0
0
1130
596
0
0
1
6215
0
0
1737
0
8838
0
15
0
5970
0
15981
0
102
0
0
2
0
11515
1097
0
0
0
0
0
0
0
274
0
0
0
0
44317
0
2190
257
0
25
72569
1
0
0
0
0
46
0
4315
0
0
0
479
0
0
0
0
0
0
8001
0
0
0
0
0
0
1
197
0
0
10
0
0
4
0
0
0
0
156
0
0
8
0
2
123960
0
0
0
95
0
372
0
953
0
83
0
2270
31
0
0
59
0
71
0
0
0
0
327
761
1
0
19379
0
0
165
35151
0
0
3
1350
75
0
0
0
0
107
0
560
0
0
0
0
366
0
0
0
55428
0
0
0
1263
0
85
0
36650
0
83
0
0
0
0
12094
0
0
0
12931
0
0
0
20084
0
0
0
156
0
4
45
0
0
0
1292
804
455
0
2
0
0
0
57
0
0
0
14837
100
827
0
6033
53
0
1321
0
2
0
1726
0
0
155
0
0
1569
0
0
60
0
0
12055
13499
33
397
167
14
5369
1227
0
0
0
0
0
0
10002
70
0
0
0
0
0
0
0
96
179
0
3
0
0
0
0
0
1168
76
0
3218
0
0
0
0
88357
0
2
0
24865
0
994
2
0
64074
310
167
0
0
0
0
74
40799
29
2674
21672
16
653
575
0
2588
0
10528
0
0
0
0
119
0
0
0
0
37
0
0
46
0
0
0
0
2942
0
0
7
0
15437
192525
107
0
0
0
0
0
1007
0
0
0
0
11
104
2912
11652
0
0
0
47
0
0
0
50
0
0
0
1311
1284
6
0
0
0
0
0
0
0
0
249
705
0
287
0
11
0
0
0
0
0
0
0
0
0
5
10
0
0
66
0
1104
1045
3778
0
0
0
37
28
0
1
0
0
0
84
25
207
0
0
0
0
30960
0
0
0
0
0
9
0
32732
172
0
217
0
26157
0
29732
43548
0
0
0
0
0
0
0
0
0
0
308
0
0
0
45407
20249
0
9
4
431
0
0
0
0
0
0
0
4982
15328
0
0
0
0
1535
1
0
6812
0
21504
0
6345
8418
19314
0
478
0
101
35862
0
8350
62
0
0
1315
0
0
57
0
0
105
18
75117
0
0
0
0
0
0
6089
105
0
0
11592
0
0
0
0
0
0
0
0
0
0
0
0
0
0
51658
830
81
0
136
0
0
0
0
0
0
0
0
0
0
0
33
6
7771
0
80
0
0
9
0
4
0
8
728
0
4
0
0
0
0
45891
9
0
0
0
0
131
0
5492
0
0
0
8205
0
4
0
0
2400
0
12799
4644
146769
0
10
0
516
579
0
0
0
181
0
0
0
16308
0
5411
0
0
0
8895
7373
5
1859
0
0
67915
0
16285
2759
8959
0
721
97
214
0
0
0
0
13253
1412
96959
0
0
0
0
0
260
0
505
4486
0
0
0
0
1444
12
0
0
78
6262
0
0
0
757
0
0
0
0
0
2627
973
36312
0
0
104704
0
0
0
0
5
0
5
0
0
8
292
0
0
0
12682
0
0
0
188
0
0
33
0
3
0
0
0
2314
0
35803
0
0
0
0
99695
0
0
0
0
1040
0
3608
55
0
0
0
16
0
0
1057
0
4
0
0
0
218
0
0
19503
0
72
24212
27577
0
0
67158
0
0
0
0
0
0
0
1152
815
0
5993
0
0
0
0
0
0
0
0
0
0
58807
10431
0
0
0
19
0
0
0
29
0
0
0
843
0
2
364
0
2484
0
0
0
0
0
0
0
0
8
47837
0
0
0
0
0
110
0
0
114
0
0
0
0
0
38
67657
2104
112
15962
1584
241
11
0
13371
0
58
0
0
719
686
0
6
0
12443
134
82
0
0
113
0
16135
0
0
11
0
2466
0
0
0
15359
0
236
10
12
0
0
309
0
9
0
0
156
0
6691
425
0
0
14890
0
0
0
10839
78385
45
0
0
8
0
1
0
0
0
0
0
0
29002
0
745
0
39
0
0
0
0
20
23
0
0
0
178
0
198
29
152
0
0
0
0
264
0
37504
0
33
0
0
134119
0
0
0
7
122
0
0
0
0
0
0
54
0
9
0
0
33320
2
0
31
2374
0
0
69412
0
7477
1792
0
0
0
685
32
8926
0
670
20
0
0
2946
0
0
1022
0
0
0
0
0
0
0
48015
0
0
0
4790
0
1
53
0
0
1571
33
17
26
0
797
0
0
0
1451
0
0
0
0
0
0
0
0
214
0
0
0
0
0
0
0
0
1
0
5797
0
0
10848
3425
0
0
35980
2885
0
0
0
540
0
0
0
0
4
0
1515
17778
0
3
14
0
0
0
523
0
0
6071
0
12
32117
233
22
0
0
0
0
33952
10
0
0
0
20
0
0
0
0
0
21
505
411
0
0
0
24257
0
3
0
8236
3
751
0
46
929
3430
818
35
2280
519
0
52
422
0
0
0
0
0
661
0
0
4854
0
15823
0
0
0
0
0
0
0
0
568
3303
9163
0
0
563
4650
0
0
17643
0
4453
427
21
7560
0
768
0
0
0
202267
0
84
8203
0
0
0
0
0
0
87
0
0
0
0
0
0
82
0
1409
17
0
0
0
0
0
0
0
13663
0
0
0
0
0
0
0
335
3545
1
0
0
0
0
0
97
28
5
28837
0
0
0
23050
0
0
0
0
3060
1565
0
3647
0
0
0
2117
523
3874
0
0
0
0
0
0
0
0
0
7721
0
3157
0
0
0
13757
0
45691
0
31
86
0
0
0
0
0
4
0
42382
46456
0
0
0
31
1
300
0
0
1213
2
0
354
0
0
2323
0
0
0
0
2478
10
0
0
6411
0
0
0
0
2435
0
6703
0
459
0
545
32
0
0
111
0
0
0
0
0
95947
1
108
167870
0
0
0
0
0
18376
0
44
0
0
0
0
0
0
1
1103
0
0
0
15417
1
0
0
0
0
2336
0
0
8
0
264
0
146
0
0
0
59
11964
0
0
0
213
0
0
32
0
16
0
26225
0
0
2354
0
0
1131
0
32
0
0
16231
0
9
0
13339
0
0
0
0
0
0
0
0
0
79
0
0
40
0
10675
0
185
0
0
167
35
0
9794
0
0
18
0
0
0
4915
0
0
1046
0
30
0
0
0
415
0
0
0
0
124
0
0
0
141
0
0
0
0
0
0
0
35
0
0
0
0
0
16030
0
385
205
0
0
0
89
5
8782
1331
0
0
0
0
0
0
0
1502
0
0
0
0
0
0
0
6166
0
115
0
38
0
0
0
20
0
99
0
189
11
0
0
0
4854
2
0
0
0
0
0
879
0
2026
0
0
0
16009
1044
2090
0
0
2
0
0
227
0
152
0
21
384
5
5
0
0
0
2173
3
104
0
5364
0
3603
0
9
5
268
0
0
0
0
0
6
0
0
462
263
24477
0
0
0
0
0
2
5152
0
0
232
0
0
1
324
0
0
41010
27
1426
0
0
0
1319
31
0
0
0
0
11
0
90
8
5764
10
80
0
587
582
0
0
0
3
0
0
5
0
0
0
0
0
30
0
1763
0
0
0
3
15
55
444
0
818
391
12619
1076
1
39972
0
4237
0
328
0
9067
61
30315
0
0
235
0
0
2834
209
0
17
41098
0
0
0
0
53
4421
0
0
0
51
14
0
0
0
0
0
0
0
869
0
0
0
0
0
0
0
6268
0
0
0
36308
751
0
0
0
0
0
5360
0
0
0
0
0
0
0
0
0
162
0
0
1030
23902
0
0
0
0
0
0
0
26
0
4330
0
0
0
2893
153
0
0
0
0
86946
0
650
0
0
23292
292
41876
1006
63
4
1566
0
0
0
197
0
0
0
0
0
0
7066
259
234
0
0
0
0
213
18060
0
0
11
366
9536
0
1123
0
68
0
554
111
0
111151
808
0
58
0
0
0
0
28
9
0
3
2
0
12925
132
1
0
17693
0
0
0
1657
214
0
21224
0
1540
29
2
0
0
0
0
0
0
0
0
0
0
0
0
5489
9022
0
0
0
466
0
25272
15170
37
42806
0
2240
147133
0
0
0
464
0
49987
1865
0
2
17
8
113127
3289
21208
9
0
0
0
0
0
0
368
21632
100
0
0
0
0
0
0
0
0
4501
0
0
144
0
0
0
768
3107
7814
2
269
0
0
0
23722
0
19321
0
0
70225
0
27535
4
0
0
0
0
0
6
16
0
707
0
0
15
0
6687
11535
62
3204
0
0
0
132
0
199224
0
0
16987
0
0
0
0
0
0
0
0
1260
0
0
0
0
0
0
0
0
0
17769
21
1
0
0
0
1710
91
146
0
0
0
132
0
0
0
13174
0
13036
0
0
0
0
0
0
23878
90
0
0
0
0
0
0
0
0
0
0
0
0
3860
0
0
54316
0
38
0
1982
0
0
5153
2902
349
1
1189
487
0
0
1335
0
0
0
0
0
0
0
0
0
198
26999
3667
2
0
0
0
0
0
527
14
0
20287
0
5444
26
0
0
9
20720
0
589
0
0
0
0
0
29
1491
23779
0
0
4817
0
92
19162
0
1465
30446
0
0
0
0
72295
3661
0
0
0
5055
113
0
0
0
0
0
0
145
0
0
0
1
0
0
16814
0
0
0
651
0
384
0
140
0
2917
0
0
957
0
22905
0
0
4481
0
0
830
2105
101945
0
0
0
134886
0
0
0
0
421
0
0
0
110
0
0
0
0
4156
0
0
488
224
2787
33550
412
0
38
7539
0
13
0
73715
0
0
0
65203
0
11611
0
0
0
0
0
0
0
154
0
0
52197
0
71
46979
2654
36
0
956
0
0
0
0
0
0
0
0
1
0
0
0
0
0
0
0
23122
18
0
0
0
0
0
29
0
0
6
2522
0
4
0
120669
157
366
13342
0
15
791
56
0
0
42
0
0
0
0
0
0
0
22
0
3
8976
192326
0
0
4117
0
0
0
6
2861
0
0
0
0
0
865
46
0
298
0
0
54734
0
0
0
0
0
0
250
0
0
0
0
0
3759
0
0
0
0
529
0
0
0
0
0
0
25
0
0
0
256
3012
1059
0
0
0
0
15108
1301
0
23
11619
9053
13
343
1
0
0
0
2
0
0
178
1811
0
0
0
11725
538
18380
0
0
0
348
0
0
0
0
0
0
0
4768
624
7944
0
0
0
1
0
90693
0
0
0
0
0
0
17
35
0
0
0
965
1705
0
14230
0
1
0
0
0
0
2022
809
0
0
3595
6
35
0
0
0
0
6615
3
1
0
9980
119
0
0
0
0
0
0
0
49201
0
0
896
0
0
643
0
8371
0
438
0
0
11794
0
6034
6
34
48457
0
0
0
0
126
0
1291
78
0
0
39007
12374
0
0
0
0
0
0
0
0
0
22303
0
0
0
0
0
0
4219
16
0
0
0
22
43
0
18472
0
0
31
6719
3693
4192
0
7519
8118
1715
0
8
0
0
0
0
1413
0
0
0
0
0
0
10289
4806
0
25557
1144
0
0
60
0
9
0
0
70423
17
0
243
0
0
0
0
0
0
29
0
0
0
281
0
0
447
0
0
0
7645
0
0
0
2
0
38182
901
0
0
0
0
0
0
2963
0
107688
240
176
0
104
0
773
595
2
8
14
4613
0
0
0
0
0
0
0
1266
0
0
15193
0
5999
0
158
0
0
1672
0
36
0
520
10548
6645
1975
20583
35
0
0
0
724
14842
0
7321
0
0
0
0
37
12
0
0
0
72
0
0
0
0
0
0
0
0
0
0
14855
0
3
704
17526
125
770
0
0
0
6
0
0
0
0
9
0
0
0
0
0
0
0
18728
0
47
0
0
1632
0
765
0
0
0
1174
0
0
1
18163
0
0
11
0
55
26535
23
0
0
23
0
3
0
102
0
0
1484
2258
10
1855
163286
737
0
0
0
0
928
0
0
1760
0
4
0
8818
0
82725
0
118488
1059
0
0
0
1080
0
0
0
0
0
61
0
0
14273
0
0
0
172
10415
0
3425
0
0
1
0
0
24777
0
0
0
0
164
0
0
0
0
0
10350
0
0
0
0
10396
4
0
24357
0
24
0
0
0
33
0
0
16
0
67
5060
15586
0
0
68
6547
4
523
9
16276
6
1003
0
0
6336
0
66
122
784
2955
636
52
112712
0
179
7295
14846
0
3686
0
0
0
0
4865
2
0
0
4280
632
0
5
187
0
0
0
0
0
5
67
0
0
0
1302
0
917
0
910
0
0
11155
5
6
0
0
0
0
0
0
0
0
0
0
0
6
0
0
11
0
0
0
382
51
0
0
90232
0
496
0
6
0
0
27570
370
1182
0
349
0
1
5
0
0
4945
30278
0
0
292
488
0
0
149
0
0
0
9649
7990
0
3752
0
9440
0
0
2827
94
2
0
0
0
0
0
0
0
0
5241
0
2
0
0
1
0
3691
0
0
0
0
0
0
0
0
0
0
0
0
0
11
2
0
0
0
0
0
0
0
0
0
0
7015
13
19
0
7
0
4120
0
9604
0
0
0
0
0
0
0
0
0
0
581
0
0
1545
0
0
0
0
0
1901
0
0
0
0
0
0
0
66412
0
0
443
0
0
11569
0
0
245
2363
0
0
2327
6
0
0
12209
0
10
0
54703
75
26
0
0
0
0
0
0
16642
0
1
2270
11883
1
0
0
0
0
0
0
0
0
20977
0
0
32978
0
23
0
0
0
0
524
0
0
622
0
0
691
0
0
411
0
0
0
68
2479
0
0
1
291
634
0
466
20486
0
0
3531
0
0
0
0
0
0
1967
1423
47
1
0
0
0
5990
0
0
0
2825
0
0
29
0
0
0
4902
21707
0
1
0
0
16445
0
0
0
0
0
0
0
70
0
0
46
394
0
7
0
0
0
276
0
0
0
13
0
0
0
0
11
5721
38670
0
0
0
0
0
232
0
0
0
0
67443
0
0
55
0
0
54
2109
0
0
58
29
0
0
17711
951
563
0
0
0
0
0
0
0
0
0
331
0
0
0
0
0
274
0
1768
8205
0
0
0
0
10867
0
613
13
0
0
0
133
0
128489
0
1934
717
1
7
0
0
0
0
77
0
0
0
195
0
7619
0
0
418
1
0
0
0
1006
0
0
0
0
0
0
0
0
5
6
0
0
0
0
0
0
14084
0
0
2172
2685
0
0
0
7663
0
119
0
0
55
0
8
320
48
1805
2559
2
0
0
5
10186
4491
36786
0
316
0
0
0
0
0
0
0
0
0
0
0
0
1116
0
0
0
0
0
0
0
926
7278
0
0
52
0
0
4576
719
18
0
0
0
1102
0
0
19607
265
5098
0
0
0
333
0
0
0
0
1
0
2
0
49
0
5226
0
0
0
0
0
0
0
0
2
8
2913
0
117
0
353
2073
0
0
0
0
3
2877
593
0
0
0
57
0
0
4012
0
40
0
0
0
0
0
0
17
0
0
0
3648
5
0
0
1521
343
116
18
3
0
0
0
0
9125
0
0
0
0
0
0
0
0
0
17279
0
0
0
627
2579
471
0
0
0
37
0
1
0
4502
0
2
3597
0
0
0
0
2
4630
20327
0
0
20
0
0
0
0
1183
0
0
34
3
690
200
0
0
0
0
0
0
1854
0
4590
0
22024
0
1
0
0
0
0
0
0
83
0
770
0
0
0
0
8113
1336
10487
0
232
0
0
0
72170
2
0
17
5225
0
0
0
2
0
331
0
0
812
0
2
0
0
0
13649
4
0
468
41104
0
0
432
0
16578
0
0
0
25019
18006
44506
0
400
0
0
0
0
0
383
0
0
909
0
336
18616
0
0
9602
0
0
0
0
0
2824
0
0
0
12090
0
0
3560
0
0
15138
0
11251
75
0
166
1
0
53553
14613
0
8
491
0
0
0
349
0
234
0
888
203
79061
1214
0
0
20275
0
43353
0
0
0
14961
0
0
0
0
0
5
0
436
0
0
1
0
3676
0
0
0
0
4
68
0
0
5896
0
625
0
0
0
4082
2
24
5
1332
0
0
98217
0
0
0
0
0
0
7
0
73623
0
156
0
0
219
0
189
581
0
0
482
0
4
2
0
418
0
8956
0
769
42855
1813
0
193
0
0
0
33
0
0
7299
0
8300
0
5
8
112
0
0
0
0
0
0
90201
0
0
0
553
11508
0
0
1
0
37884
2
0
0
29
4
1021
6416
0
63
0
52
0
0
2550
0
0
918
628
0
143
50
0
0
0
60
0
0
0
0
0
0
0
0
0
278
13
243
712
10871
8579
0
0
0
0
0
0
0
0
0
0
0
0
0
0
10
0
0
702
0
0
0
0
0
45184
0
0
0
0
44032
0
0
1
0
0
0
0
0
19
0
0
0
0
0
0
0
15639
0
0
56
4399
146
36341
0
0
0
131
0
0
0
0
0
0
219
81393
0
75
0
0
0
0
69926
0
10876
0
0
1292
7
2986
0
0
0
0
0
0
163
0
0
0
3051
0
818
5886
0
3413
0
14727
1272
0
0
0
0
0
191
0
0
23
0
12
10086
0
217
0
0
0
0
0
0
0
0
2704
0
116
1
0
0
13576
0
32
0
0
0
0
0
0
16408
0
0
142145
12572
0
13017
0
0
61078
0
0
510
0
9
0
15
0
0
244
0
4355
0
0
0
666
462
0
4682
0
0
0
391
0
0
78389
0
0
0
28
0
0
1975
0
0
0
28777
0
0
0
0
18
0
0
17
2042
0
0
0
0
0
0
0
10
0
0
0
0
0
0
5388
0
45
38031
2
2181
0
0
0
0
0
0
7
0
137
0
0
1084
1336
0
0
1690
14059
0
0
0
0
1
0
0
41506
12975
0
10
0
0
41033
87
0
0
0
0
0
0
209
0
0
4396
0
0
0
0
0
58
0
0
113
0
0
0
58
17892
208
0
0
0
0
0
1765
36
7
13405
2341
0
0
9
0
688
0
133
156
19245
0
0
0
0
7506
0
29
0
47955
0
0
25447
0
0
0
61
0
0
243
336
11
820
0
0
0
0
0
0
0
0
119
29835
1841
3
0
0
0
189256
17632
1
0
3343
0
0
0
0
0
12
2
0
0
0
0
7032
5593
2
34589
1613
0
522
465
0
15425
0
0
0
6
9511
0
0
24
0
352
0
0
14
0
0
0
0
18
0
0
0
0
8
0
0
0
7
0
0
0
0
89
0
0
0
14788
7
0
89142
0
1237
0
2857
0
0
36965
0
0
0
30876
0
0
0
0
0
7667
0
356
0
0
3173
7
0
18
0
10
7
0
11083
834
4342
0
0
0
249
2225
0
0
2
0
0
0
69
236
0
17091
4180
0
8912
0
14058
0
148
0
0
0
596
36
0
0
0
0
0
0
0
1497
42920
0
0
0
0
21829
157
0
0
0
0
0
0
0
0
10809
555
0
0
260
0
2
440
84
0
0
253
0
0
0
2
0
0
0
0
0
0
16110
0
11
5
0
0
0
0
0
0
0
0
0
0
0
0
1746
0
0
0
0
0
0
0
0
0
1
1454
0
0
0
0
21980
0
0
684
10
0
0
201
0
0
0
0
0
839
0
0
0
0
190
0
0
24244
0
0
0
0
9546
40
10344
0
16792
0
227
0
0
0
0
46443
60840
0
0
746
53491
0
0
0
0
1
0
0
4002
0
21087
0
11088
0
0
0
0
20
0
0
0
0
1
0
0
0
379
0
0
0
43985
87
5571
95705
0
137993
90
0
3
10688
1
0
0
5244
0
0
0
0
0
503
20406
0
0
425
434
0
0
66
0
0
23
0
0
0
0
39
0
11188
57240
0
0
0
96
52164
0
79
253
38
0
0
0
0
0
0
2165
0
1
0
0
0
0
0
63
0
0
964
5493
0
80
2152
0
0
0
0
0
0
0
0
78
0
623
0
0
0
0
812
6
0
0
0
0
0
0
0
0
0
1107
0
16
0
0
0
562
0
0
10941
43
1329
0
0
0
0
0
0
3107
0
0
7715
0
0
15
0
0
0
0
0
9
258
1
24
0
0
57632
0
0
45624
66454
3
11316
451
0
0
0
0
0
4
0
0
6314
0
0
0
0
0
0
5
105
0
8088
0
0
0
0
0
0
0
1941
0
16289
0
0
28668
0
1
0
0
0
0
0
0
0
0
0
0
0
3562
8877
0
0
0
0
0
0
0
0
0
0
0
265
1
12
5498
0
0
0
0
4
6
32049
2868
2
0
2360
0
0
0
16147
0
0
0
3
9413
0
0
0
0
79
0
6842
42921
7416
0
64
1617
0
1620
471
0
0
0
0
0
1180
0
0
91641
0
10
0
0
0
10
61
0
0
750
0
0
0
0
0
3660
0
0
0
0
0
0
44
0
13
0
819
0
0
14946
72463
0
0
2
0
496
0
8437
0
2870
0
0
76
0
1676
0
0
0
407
0
5025
18
0
0
928
9525
0
0
0
35385
0
33365
3241
15353
0
0
0
0
77
63
7
21
1
0
0
0
2
81509
0
4361
5829
0
3
5116
10
0
0
53
0
2581
0
25
0
0
0
6853
0
0
0
0
0
4200
0
1689
0
0
0
0
0
0
0
0
0
0
0
0
0
125
1829
50
0
0
31962
0
0
0
0
0
0
0
0
0
18441
0
0
2516
0
0
0
0
0
0
0
0
0
0
0
0
16
0
0
30
20361
0
0
13
0
0
0
0
0
4307
0
2035
66515
0
0
0
0
0
0
143
0
0
0
0
0
0
0
2233
230
182
38312
0
0
0
0
0
25320
0
0
0
2123
107
0
0
0
0
946
0
0
0
0
0
0
3293
0
200802
0
1285
0
56
0
61087
0
0
563
0
0
0
1306
0
0
0
3924
21498
0
7609
3888
0
0
0
0
16008
0
0
0
0
0
854
0
6638
215
0
0
48352
0
38995
0
6722
0
0
0
0
4429
0
28762
0
0
0
0
0
0
68001
0
0
0
0
0
0
0
0
157
0
0
296
0
0
0
0
0
11
0
0
5601
1361
0
218
0
5114
0
0
13
0
987
6658
99
1
228
0
2
168
4
0
1133
0
5
0
0
0
0
26
0
0
5424
95
0
10699
0
0
0
4158
254
0
0
0
0
0
0
0
0
8312
0
0
13171
0
0
8
0
0
0
0
0
0
9
0
0
0
0
0
14158
0
0
8
3641
1
7405
1051
0
0
4020
0
2
0
0
0
0
5
0
0
0
0
0
0
4
0
13125
0
0
39
25284
6450
0
0
0
0
2014
0
0
16193
1322
0
20
0
0
5
0
0
0
0
0
11958
0
0
34
259
24
0
0
0
0
22718
0
0
0
0
0
208
0
0
0
0
16
0
0
0
0
17410
0
0
70
98896
34502
0
0
0
0
11861
121
0
0
2
3
979
0
0
0
10596
0
5
0
3174
12113
0
16357
0
67
0
0
10
9
3
0
739
35
0
0
0
0
10718
11
0
0
0
0
174
0
0
2026
2482
146
0
6554
0
31731
0
0
0
0
1130
4622
56001
0
3272
0
0
0
0
0
10538
0
19403
0
0
237
189
0
8
0
0
0
0
0
0
17542
70570
0
1314
0
0
2613
0
6
0
0
32806
7
1
0
21624
0
0
12
0
4
0
0
0
0
0
0
4145
10
0
0
13413
1060
1
2141
0
0
20
0
0
0
3
0
0
0
0
0
0
59
6
0
0
4483
0
103
0
0
11
0
3303
0
0
0
4254
0
0
10
0
12
0
0
0
0
0
0
0
0
0
3
0
0
0
0
0
5003
0
8039
0
0
0
0
14
0
209
0
18880
0
59
1036
8
0
0
0
0
0
16842
0
0
0
0
0
0
0
0
0
0
0
0
1410
0
0
1
0
11924
0
0
3774
0
45
0
0
0
0
0
0
0
2681
0
901
0
27257
279
137
0
0
1016
0
92
0
97
1
0
0
0
0
629
105
0
911
34545
0
3
0
0
13975
391
0
2885
2311
466
263
0
0
0
0
0
5301
440
0
11529
0
45
0
575
0
27017
0
0
0
0
0
7
3
0
4154
0
0
10904
0
0
10
0
22
0
0
211
0
0
0
7
0
925
0
0
0
0
0
0
588
0
1086
0
0
0
5762
1434
0
0
0
0
0
0
0
3
0
0
0
5338
0
0
0
28
7704
0
0
0
0
20
0
14
0
0
58
0
0
0
0
19694
0
20713
0
0
0
4
0
0
5800
0
1489
4
0
0
31
0
0
0
0
0
8622
7907
7061
0
9124
0
3
0
0
0
274
47
7470
0
9982
0
13675
3045
0
0
0
0
6122
18014
38
0
1774
0
3145
0
0
5622
0
0
9868
23
0
3
5226
297
20865
0
1530
0
0
0
1456
10413
0
0
0
0
0
43
0
0
0
0
0
1078
0
0
0
41696
0
159
7938
9
3233
0
0
337
94
43640
7852
52985
33
587
8308
5
81
0
277
0
0
4316
12
0
4832
146
0
950
0
0
0
0
48
77
0
0
0
74
0
0
107921
0
2
0
4193
0
0
0
0
0
0
0
266
1363
23287
0
160
0
71082
0
0
0
0
0
5
3
0
1507
0
0
18492
9926
0
0
0
0
0
21
0
0
0
0
542
4
0
0
0
0
13583
5
1929
0
24821
0
0
0
4780
1101
0
7170
0
0
0
0
0
0
0
25009
15
0
0
306
0
326
0
0
0
0
202
0
0
83
0
0
0
46
6
0
0
28065
186
0
4
224
0
0
0
0
0
0
4601
0
1152
0
0
0
0
0
53598
7
0
0
0
0
135
8067
2353
0
0
0
0
848
146
0
4
113430
0
0
0
0
0
0
0
0
0
0
10918
0
0
3907
4
0
0
2504
0
1465
277
0
0
0
0
0
0
0
1633
0
0
0
0
0
0
0
3689
0
65884
865
125
10801
13
0
0
0
0
955
0
106
0
611
329
0
24
0
0
10515
200
0
0
13875
35
1
3221
5576
236
1836
744
32
234
0
78
1
119
8
0
0
0
9
0
0
0
2
4814
0
0
0
1
540
0
0
1
0
1
122
20
5126
0
0
0
0
0
0
0
0
0
34
0
1
0
10770
807
26482
0
0
0
0
0
0
164089
1
592
23671
0
3272
0
0
0
0
0
10133
10805
0
0
0
0
124
134733
0
0
2163
22141
0
28916
0
2118
0
0
28668
0
0
0
3848
6
0
0
0
0
2
0
0
0
0
2056
0
722
0
0
593
475
104
0
0
9
0
0
0
0
0
0
0
0
0
204761
110
0
0
0
3902
94
2
0
0
33
0
0
41
0
94812
11267
15999
7316
0
0
0
0
5602
5427
0
0
0
0
0
0
0
0
462
6292
30543
0
62
0
0
22
991
14
0
5366
0
0
0
0
29064
0
0
0
0
0
951
181
0
0
1413
0
0
8075
84
0
0
0
0
0
0
0
6
3367
0
17
0
0
0
0
0
667
0
0
0
0
8
0
0
5
0
0
0
0
41689
0
64
137609
0
4
0
0
1
11316
75871
0
0
0
0
0
0
0
0
0
0
0
8
52
0
239
9535
0
0
0
28
0
0
53
15
45984
58
0
0
18029
0
6663
0
0
0
313
0
0
0
97
0
0
11
1851
0
0
2035
0
0
6284
0
0
0
164
67616
0
0
61901
0
0
82
0
6790
0
0
0
0
0
0
0
0
0
0
0
0
0
0
0
0
0
0
0
0
0
0
0
0
2887
88521
24151
0
0
0
4
1267
253
0
0
0
0
7311
0
0
0
0
84929
0
45200
0
0
0
5
0
0
0
0
0
0
0
1091
0
29776
0
0
3
0
822
0
0
0
0
203
8402
11088
0
0
0
1
12827
1481
0
0
0
0
0
52997
0
0
0
0
0
0
0
0
0
0
0
0
14073
0
0
0
0
39
12356
0
0
0
1854
0
0
48361
0
8
0
0
0
0
0
0
0
30220
0
0
0
0
0
0
0
83528
0
212
35
605
30
53
11485
0
0
0
7
280
0
267
2696
8438
0
0
0
0
0
0
0
292
1648
0
0
8
0
314
2
0
46
0
0
11529
0
0
1
0
0
0
0
0
6
0
0
0
0
0
0
0
502
0
1241
60749
14107
0
17487
90
0
5
0
0
0
46
0
0
131
0
0
0
87
0
0
0
0
4895
40
110350
0
63
446
55
0
5
0
1554
0
0
5
47
0
50396
0
0
3
60677
0
0
0
8577
0
0
1553
0
31842
112087
5
158
0
0
812
0
0
0
0
4915
1177
0
0
19
0
0
0
33329
0
925
7597
356
0
0
77
0
2350
0
0
5808
103467
0
0
0
58
0
174
5264
0
0
9
0
4616
0
0
129
15300
0
0
0
0
4104
0
0
0
0
937
0
0
0
119
0
2630
0
0
2
8524
0
0
0
0
0
90
0
0
61
0
8320
0
421
0
94965
3337
6938
0
0
0
7
338
2294
0
0
0
0
0
0
0
543
340
0
0
0
0
0
0
0
0
0
12
0
0
2956
0
869
1
5745
1378
0
0
0
0
54
67
0
0
0
5545
0
0
1
0
0
1268
0
0
28
0
0
0
0
0
0
825
0
29
0
0
0
0
155
0
0
0
0
0
0
24467
0
0
0
0
1292
0
133330
5049
0
0
109040
0
0
0
0
0
0
0
0
0
0
0
145
2
0
0
0
0
16
51
0
3761
0
0
1986
9021
0
3932
0
101
0
0
0
0
0
518
1
0
0
0
29910
0
0
626
0
0
0
0
0
0
0
1
263
0
887
0
0
0
0
0
0
0
0
0
0
65298
1506
0
0
0
2879
0
10481
0
0
1050
0
18
0
0
0
0
1
6
0
15718
1063
12465
0
4833
3759
0
70
0
5
32
0
0
0
0
0
1753
0
4
8460
0
721
1058
0
16
678
13
0
0
14822
0
25834
0
0
0
218
0
0
23
0
67
11
0
108311
4130
0
0
0
0
0
33146
0
0
17
0
0
955
0
0
0
0
0
0
0
0
0
0
0
0
204
11791
541
0
0
0
0
0
160
0
0
125296
2556
0
1206
0
41099
0
463
135
3
979
80815
0
99
0
0
636
0
0
115
0
5805
30474
0
0
1407
0
0
4
12001
0
606
71865
0
0
32533
0
0
44
0
0
103033
333
2295
0
164
0
0
0
0
250
0
0
41521
1607
3
12030
0
13792
0
0
0
0
4
35662
0
0
54285
0
4109
0
0
0
414
0
87
0
986
0
0
34
0
6484
16558
6758
0
17
0
0
3261
0
21380
0
0
0
654
117
63
0
18867
0
0
4159
0
0
0
0
3
1237
0
81
0
0
0
0
135
0
0
0
12677
42739
26
0
0
0
0
0
619
0
0
0
0
1729
1460
16823
0
32
0
0
0
0
0
60
0
0
0
0
0
0
0
0
0
0
0
5888
0
0
3
67
21911
1104
33120
0
1892
223
0
0
9
0
0
0
53904
0
0
0
0
12923
5060
0
4176
0
0
0
0
23
8397
0
0
7308
0
1743
2673
467
0
12
0
23619
0
0
0
0
0
21166
67
0
0
0
0
0
9185
0
2766
0
0
0
0
0
0
0
37364
0
180920
18
123
83
0
12
0
0
7
0
0
0
9614
0
13936
34
0
0
0
596
5799
97161
0
0
0
0
0
0
25
30
1
0
0
0
0
0
0
0
0
10228
0
0
0
0
2841
0
7776
0
0
0
0
13679
1
129296
0
52
0
0
0
3982
0
1
358
14489
0
0
1
10
0
0
0
0
0
0
0
0
626
32950
621
0
0
0
0
0
0
0
0
6836
7590
1
74
0
0
0
0
0
71
470
0
2
0
0
0
0
154827
0
0
0
0
0
7373
0
0
4846
0
0
151
80
6600
1
0
0
4744
0
10743
0
0
0
0
0
177
93
0
0
31512
39098
1
0
11
684
0
0
0
0
10780
11822
55
53
0
0
2716
15
0
2689
0
0
0
0
1403
0
36060
0
0
39637
130982
0
7
507
0
0
441
0
0
8301
21916
139
0
61
0
0
0
0
0
5
0
0
0
0
2
0
0
0
0
1135
1627
0
101
0
79953
0
65
0
82136
1085
12
47
887
0
90723
2
4131
0
607
101
1969
20
15
0
0
0
0
0
0
0
0
0
0
0
0
0
0
0
2
0
0
30218
0
0
0
0
111646
0
0
32071
0
0
7
0
0
472
14728
0
0
0
0
250
0
0
339
2540
0
7
31466
224
0
3055
0
30580
0
0
0
0
4066
0
0
1766
0
0
0
19
0
0
0
0
0
0
0
0
35484
860
0
0
0
0
0
0
2081
0
0
0
9316
0
3
14113
19
97
1526
0
0
3292
0
6834
0
0
1
0
0
0
0
0
0
26929
0
0
0
1422
0
3818
0
0
0
0
0
0
246
0
0
0
0
0
0
1
0
493
0
0
0
0
0
533
0
0
0
1
0
0
0
0
0
222
0
332
321
0
0
40
0
0
0
5159
0
0
0
6004
0
113
19133
1957
0
0
0
0
1
7
0
50364
0
2558
1198
0
0
0
0
0
0
0
0
229
25174
574
0
11573
0
0
14
0
767
30647
151
116
24312
0
0
0
0
125
8
0
100
0
4949
0
4879
0
65948
0
0
0
294
0
0
0
0
0
0
0
25
0
1437
132
39275
0
0
0
0
851
0
0
40
9
0
0
0
0
0
3608
29357
3861
37670
46
0
0
0
1298
1
0
0
3978
2
15
0
128
0
6
24096
0
12
218
215
0
0
0
0
0
11079
284
0
0
0
0
2944
482
0
4010
3480
4947
414
0
481
7699
250
0
0
0
0
0
0
0
0
0
0
3237
0
0
0
0
1230
0
0
65
0
0
6
0
195
0
0
0
0
0
0
0
0
0
461
376
8
2448
0
11
0
366
23527
0
0
0
0
3
14
84
0
0
0
18290
0
680
0
227
0
0
0
16
1925
9
22
4
0
0
0
0
0
0
43865
0
0
0
0
0
0
0
0
12
0
0
0
0
0
0
30119
0
1333
849
0
0
0
0
0
0
1
0
3
1168
13954
0
0
15594
0
0
0
0
0
1792
252
45
0
0
0
0
0
0
19
0
7598
0
8
0
641
0
0
293
0
821
68273
0
0
0
0
0
113
9
0
0
0
4104
0
0
0
0
0
0
0
0
0
0
0
1886
0
5
0
0
10247
1
0
321
0
0
17895
1
0
263
23
0
0
31
0
0
0
0
0
23387
0
14738
0
0
0
0
0
70
0
3220
24464
1887
0
29
0
0
0
0
456
5
38944
0
176
19
0
0
0
186
983
14166
0
107
0
0
0
0
0
0
81607
787
0
0
574
0
113
0
0
0
2167
0
0
5626
0
463
3
54
0
0
0
0
4385
0
0
41
0
105
0
1725
0
619
0
0
0
0
0
0
0
71739
7949
2214
0
0
0
11799
0
88
0
0
0
0
0
0
1
1196
0
0
9
0
0
88
0
18288
11165
7417
0
0
44164
0
0
0
3
1
0
5
11
0
0
0
16710
0
0
0
0
0
0
0
460
18
0
0
0
42844
0
0
0
4301
7082
1030
0
0
0
0
0
1
0
0
0
38
0
25208
0
2456
4
75
0
0
0
315
0
0
14
0
9354
0
0
0
0
0
0
0
0
109336
0
0
0
9175
0
0
0
11
0
0
219
0
0
0
0
307
0
0
0
40
0
4
0
1898
0
0
0
0
0
8074
28
5
0
0
0
0
0
0
0
1
8872
0
0
0
0
0
0
0
0
839
0
0
0
0
0
0
8211
3024
7721
2150
0
210
7568
26719
20026
1
8
0
0
0
0
0
1666
0
0
7095
6
143115
242
466
37
179
0
0
0
0
2
0
0
4
251
2594
3893
0
435
211
0
0
5980
175
0
0
160
0
0
4
0
0
9
80
0
0
2199
0
840
0
0
0
0
35926
0
0
0
0
10348
469
0
36436
23803
0
0
8619
30
0
0
0
0
110
0
0
0
124
0
7
0
0
129
0
16683
0
24312
0
26134
0
0
0
0
0
10787
7264
1
181
0
0
0
143
0
13482
17136
0
19463
61590
0
0
18119
0
0
3455
0
8143
94
5020
161
183
48433
0
4150
0
0
0
18919
0
80
0
0
0
0
8931
0
0
0
0
15168
1728
0
0
0
0
1612
0
0
0
0
0
0
0
0
0
13
0
0
4
0
0
7
35239
15
0
0
0
49
0
42
4977
0
0
0
0
0
0
7036
0
0
0
0
0
8
0
61
8788
0
0
74
11
0
246
0
2954
0
1022
20956
195200
72389
0
0
6914
0
0
3087
0
0
8727
0
403
0
0
0
10282
0
0
30
0
0
3654
0
0
0
0
0
63
5942
0
5079
0
0
0
676
0
17416
113614
138
0
159
0
0
0
0
376
1691
0
0
9455
23
0
0
0
0
1880
0
21
0
0
0
2
0
43
536
0
6
49972
0
0
0
0
0
0
0
2234
5
0
762
3
0
0
0
0
25221
166
48928
0
22229
0
136
0
0
6
0
78
19
0
1371
7839
24377
6890
607
0
0
0
78
946
108
0
0
0
0
1
17052
0
0
6252
3
6
25
0
838
0
0
0
0
9614
0
0
0
0
0
0
0
0
0
0
0
0
0
0
0
3352
650
0
0
2
0
0
0
0
4
0
0
0
5263
0
17
0
25872
0
0
92
0
79072
172
0
0
39
0
12193
1
448
0
0
0
0
0
543
0
110
0
34
0
319
136
0
161
1091
2900
0
81
5590
483
5324
9000
0
0
68
0
0
9523
0
0
10594
0
19437
10
0
0
0
3296
464
10605
0
0
0
0
0
2277
0
16
0
0
93626
0
22
0
1065
0
0
9
0
0
60461
0
0
0
0
7370
67
0
72473
13444
0
0
1279
0
4752
0
0
0
0
0
1
0
0
0
0
0
6
501
0
0
0
121693
0
2043
28476
0
0
4631
1365
1
0
14
7415
0
0
1535
0
0
0
0
0
1
7830
0
5112
0
22
9462
0
0
0
0
0
12969
0
0
0
0
4319
1106
21904
0
29
0
1136
7545
0
2097
361
0
842
3612
0
0
7363
0
0
0
0
4742
0
0
0
1033
0
502
12038
3117
0
0
0
10233
0
61
573
16421
14986
0
0
0
0
66177
27
4307
0
0
1598
7626
0
0
76352
0
0
0
0
0
0
0
0
0
0
0
1754
0
0
57542
0
0
0
0
14624
0
1489
0
0
0
0
0
0
0
308
155008
22962
326
0
0
0
0
687
0
0
0
0
2907
0
0
1931
7156
833
0
3742
0
1
0
59
829
0
0
65
4875
23103
0
116
5
18
0
0
0
0
417
0
0
1713
150044
1
0
244
0
0
0
0
0
913
0
11579
0
0
77
0
0
112
5365
0
0
0
0
62
0
8708
95
0
0
0
0
0
0
19
6487
0
32
527
0
0
0
60
31060
0
0
0
0
0
8997
0
20603
0
0
0
0
0
217
0
0
0
0
1
22520
0
6324
0
0
0
6
2621
0
0
0
0
0
402
0
2720
0
0
0
0
0
341
61233
0
0
738
0
11536
0
0
0
0
6946
73035
7156
481
0
498
0
1416
0
0
0
0
0
6300
1
0
0
472
3892
5
0
0
0
75
0
5361
958
4816
0
72682
0
0
0
0
0
56
0
13
0
0
0
0
222
0
0
0
2
0
31358
0
5
0
43
5469
43738
0
0
0
3663
0
5
234
24
136
20
0
0
0
0
0
18
0
4669
0
0
5676
0
0
0
0
0
0
91148
0
0
10
0
0
3
0
0
0
262
373
89728
28
0
0
0
608
11892
0
0
158
20
0
0
0
0
0
0
0
0
31
0
55
71
0
0
0
0
0
7
6835
0
0
52960
983
0
619
2163
1376
0
0
0
2
2
963
0
0
0
0
279
1065
0
0
0
0
34
0
0
0
0
0
19379
0
94
0
0
0
3841
2
779
0
0
0
0
0
39
0
0
0
0
0
0
669
0
1810
0
0
0
0
0
0
0
0
330
0
1872
0
894
0
0
0
0
25649
44
0
55827
0
4704
17076
0
0
0
0
7809
37658
0
0
0
17
0
47098
13
467
325
0
0
0
0
8225
365
0
45944
0
153
0
0
0
0
0
2
0
0
138
0
1547
0
7
0
0
0
0
0
0
0
0
20
0
0
57
0
0
0
122
3
2
2
0
736
0
0
1
83
0
12266
22160
2
0
285
1515
0
0
0
5682
0
0
11982
0
0
4381
0
56
0
0
0
24704
0
53
0
0
8
75
1079
497
13556
0
0
0
0
0
0
0
0
0
0
0
132731
74007
0
675
20097
0
9105
0
0
0
4882
0
0
2182
254
0
0
0
2242
0
1956
0
475
19
0
4688
0
0
0
14382
0
348
0
146
0
23485
0
0
0
10
0
595
41946
52620
144203
184
2
0
55
0
0
0
7001
18252
0
0
0
0
0
9754
0
0
0
0
0
0
42
0
703
0
0
0
0
0
7410
47
0
0
0
0
0
69013
0
0
0
0
0
0
10176
1228
0
0
1
0
6094
0
8296
0
75
0
0
0
0
0
0
0
0
0
0
0
0
0
8732
0
0
4
0
23
0
13085
784
0
0
0
3
0
332
0
2049
0
0
0
0
52
5035
2644
876
7926
0
0
14
431
0
0
0
73
0
0
540
0
0
72588
1
9926
0
0
1910
0
0
0
1
0
0
3
449
1577
0
16
3
18316
0
0
0
754
0
0
0
0
0
0
0
0
0
0
5722
5
0
2268
0
815
0
0
0
0
0
12772
2
0
0
0
0
0
0
0
0
46
0
0
0
0
0
0
0
0
0
31
0
0
0
0
0
161
0
4762
0
0
2
0
2654
0
3987
0
168
0
0
0
34630
2
0
8969
0
64
0
0
0
8809
4
0
0
0
0
0
0
40649
8
26
0
0
0
372
0
0
0
13463
0
0
4
3432
1
3
0
0
0
0
0
0
0
0
253
0
8330
150
174
0
0
0
0
0
0
6
0
10
0
0
1
0
0
0
0
3486
0
0
0
0
0
0
324
0
0
7
0
0
13
0
0
0
0
0
2492
0
0
885
6773
0
0
18
29568
0
0
0
0
0
0
26677
0
380
224
27
0
0
0
0
0
0
301
0
0
0
0
549
0
0
5272
42
0
0
0
0
0
0
897
0
1175
79
0
0
0
0
0
0
131
0
0
1638
0
212
565
15684
0
279
4011
4
0
0
0
0
0
0
0
501
17
0
0
5662
14894
0
0
0
2
49
0
0
0
0
0
0
0
112
0
0
1
39
1243
20
0
133608
5959
0
0
45952
0
0
0
0
0
2609
6326
980
6
0
0
0
0
1176
0
9616
0
143908
0
16
6607
0
0
0
0
0
0
0
33
1673
13467
0
89119
3
8
0
0
8200
0
0
0
0
189
0
29805
0
0
0
37178
3058
0
2631
925
0
0
0
0
11355
0
25
0
23570
0
0
0
0
0
0
587
0
6675
0
45272
83672
7847
11627
0
32
10151
655
0
0
0
0
0
0
20
31302
0
61
0
0
647
0
14141
5069
0
21629
0
0
0
0
0
0
0
0
161
2
0
2
0
4164
0
0
2362
124
0
0
23259
0
0
0
8
0
0
0
500
19
0
18
133
0
764
0
0
813
0
58
16324
0
3
209
0
0
739
41965
0
6598
0
0
895
0
0
1
0
145
0
5058
0
0
0
649
161
9
0
0
22041
0
0
0
0
87
6032
0
6767
0
5
0
24
77678
2
0
0
0
2
0
1
0
0
57
3227
514
0
0
0
0
298
10904
0
0
565
0
0
2790
0
0
0
0
14458
0
0
0
47
91
330
0
12244
20733
8773
0
0
0
0
0
0
0
22
0
0
3267
133895
0
0
0
5147
0
0
8623
0
15481
10
45
0
0
2
0
272
7859
0
0
0
0
30244
372
0
0
0
19
0
0
37
0
0
21
0
10
0
0
0
206
46826
10
3686
0
3
881
1102
1459
0
0
0
0
28526
13
0
0
0
0
21439
7935
137
0
7123
10985
274
0
0
0
0
0
3833
20938
0
0
15848
0
0
0
0
0
38964
48832
0
0
0
1156
38
45
15
0
0
59
0
23137
0
0
8153
6375
13342
11
0
0
0
0
0
0
0
0
0
0
0
0
0
1839
0
0
0
0
0
22957
0
530
0
0
0
184
0
0
0
0
0
0
807
41
10872
0
0
0
0
0
5
33
5627
0
41
26476
0
0
0
0
0
0
0
0
52
0
0
0
4209
0
0
79
0
0
0
2
0
0
0
0
0
0
0
1265
0
1420
0
0
4
0
0
77
0
0
162
0
0
0
0
0
0
0
835
0
1925
0
0
688
0
0
0
0
0
1457
0
0
0
22549
253
4
0
200
28
27
0
0
0
0
0
0
1321
0
0
0
0
0
13
16863
0
0
0
44
0
69747
4
1002
0
0
0
0
0
0
2168
1096
0
0
0
12023
0
0
2
0
0
1105
30655
0
186
522
0
72931
1
40
0
0
0
4447
0
0
0
0
44848
0
0
913
0
12707
22
0
32233
0
5
103
23336
0
84448
0
0
0
0
9206
0
0
83
0
76976
0
0
0
0
0
0
0
0
0
49
24267
14
0
2796
0
0
68693
0
0
0
0
0
743
0
0
0
0
6
22303
0
0
80
0
0
0
0
2129
0
0
2
0
4
84
742
429
1193
20320
0
0
0
0
0
0
0
0
43
0
135
211
43075
0
0
0
0
63
0
0
4864
0
0
0
0
86549
3640
32
0
0
0
0
0
2
0
288
23
0
41682
0
0
0
181
0
51
78132
0
0
0
24
0
0
0
71046
1226
0
0
0
54
0
899
0
0
0
1
0
51522
166
0
0
0
0
0
0
0
1823
1320
0
0
0
0
0
0
0
0
0
0
0
0
0
40
0
0
2
20287
75870
0
0
46572
0
308
11537
0
32
0
0
69310
42
0
0
0
0
0
11824
84
0
0
0
0
0
183
52899
0
106
0
23
0
0
932
0
0
0
0
79
0
9305
0
0
0
6
0
4323
0
0
0
0
0
0
0
0
3975
3
0
12143
658
0
0
24167
0
5
0
7438
116
0
0
0
2531
63
0
0
12046
42
0
3718
0
0
0
22
4
0
0
0
2054
0
0
8
29031
0
17
0
79274
446
0
1127
0
0
14
0
14
281
0
2
4
0
1046
0
257
0
0
59520
0
1286
0
667
30706
22707
0
0
0
0
6795
0
6613
1
0
0
0
0
0
60
0
8534
0
4097
0
26338
0
0
6654
143
296
4504
0
0
37118
52823
57368
22031
0
0
0
0
0
713
69725
83754
0
0
12774
0
0
142
0
86
0
0
389
17
0
35671
0
0
0
2355
243
2515
104
0
63
0
0
0
0
5
545
188
0
4
33
0
0
0
0
11743
8
36
0
3
0
0
0
8584
934
0
0
4
4584
0
0
859
0
159
0
4149
77
0
2
29156
0
0
0
4102
2662
0
56
121725
0
0
0
0
37630
0
0
0
0
0
0
9302
0
0
0
760
4905
0
0
35624
0
2
76
0
0
5590
141
0
0
0
0
151
1059
0
0
0
0
8316
1696
1
8888
3451
440
0
0
0
0
0
14097
496
0
0
1115
2830
311
0
16626
17894
0
0
0
0
104
0
1749
0
1133
0
0
85429
0
1695
0
10926
0
3486
1268
0
0
45377
0
0
0
0
0
0
919
0
0
20371
30
0
0
7322
36129
299
0
0
8
906
0
7823
30
0
9569
21143
0
0
0
20630
0
33212
0
0
0
0
8
0
1038
17058
5
2342
559
0
0
0
0
0
0
793
0
0
0
1
57826
0
0
0
1
0
0
135
0
0
755
0
1256
0
140
0
0
140
0
0
946
0
1203
25470
0
0
0
0
5611
0
0
1735
0
0
0
0
3375
0
0
76
0
0
0
30
13
0
6987
0
0
0
9956
0
0
690
0
63
54
0
63
0
13
0
0
88
1986
0
1659
0
3
0
0
228
0
3297
46782
0
0
0
0
0
0
24
0
0
839
0
0
0
1773
390
0
0
0
6
0
0
6036
0
207
4
0
0
0
0
27818
0
0
6244
0
0
0
0
0
0
0
0
0
0
0
159
0
406
23527
0
1
2
0
3
6
0
0
0
12
0
0
186
0
0
0
71
14
27226
0
0
22
0
28613
0
63481
0
0
0
1
18568
19208
43
0
0
31
1
0
0
0
0
0
3677
25859
0
0
0
0
2102
21
2083
85581
0
0
0
447
0
0
0
0
8627
43725
0
0
0
67
0
19985
58
0
0
0
1827
0
0
2
8
1654
76
0
5
5363
0
0
182
0
0
0
244
0
0
0
264
0
0
0
519
5969
0
0
0
0
0
0
4768
0
1245
0
0
0
0
36
114265
0
12
0
10351
0
33
0
0
0
1565
0
0
0
0
0
23229
0
0
645
0
0
0
71
0
0
12
0
0
2045
0
0
0
0
0
0
0
0
49
0
0
36
0
0
0
1640
0
0
0
145
0
2
0
14634
27796
0
0
0
24949
94
0
0
0
6402
57432
0
0
0
0
915
0
89
1
2106
0
0
38811
671
0
33
0
1036
0
0
0
2815
156
0
155
208
0
7429
0
0
0
0
0
2
2627
109165
12630
3
0
10853
0
0
0
20242
51
0
0
31650
0
0
0
0
0
41
0
0
311
8342
0
0
0
0
0
0
0
0
22
0
0
0
0
1371
0
0
0
69
289
18
0
13291
2842
1654
0
0
0
0
12
0
0
0
0
0
215
0
0
0
0
7
0
0
0
3749
0
64
102918
0
0
0
43
0
0
239
0
0
6850
0
0
0
0
0
0
0
10973
0
0
0
0
0
0
0
16248
74
29940
1698
0
0
0
22
975
1344
64921
0
3
303
0
601
13
0
0
0
0
224
0
40
9115
4
0
0
0
0
0
51227
0
0
0
5495
0
0
22911
0
0
16914
0
0
1086
17418
0
2
0
0
4270
254
0
88
326
0
0
0
0
0
0
0
0
0
0
0
51
0
0
71
0
5659
0
0
0
0
1698
24
40
0
7469
0
0
903
9
0
0
1672
0
98
0
0
0
0
0
0
0
0
0
0
524
0
0
0
93
2244
559
0
3019
0
0
49
18
1480
0
230
511
0
0
1203
174
0
0
0
0
9
0
0
0
20
31
0
15854
7072
0
0
15192
0
0
7942
0
6815
0
0
0
0
0
0
0
54439
0
20
0
814
0
0
0
1
0
0
5
5
0
0
0
0
1716
0
179
0
0
0
1696
34433
895
0
0
0
1
0
10328
6809
923
11232
0
14998
20743
0
0
0
394
16
0
0
0
0
0
0
26189
0
1658
0
0
0
63570
0
0
172
0
0
0
39052
0
0
6
0
1
0
0
60
0
0
0
0
186154
0
0
311
0
1
53
0
0
0
4
9333
0
64
0
0
1202
0
0
0
0
0
0
0
533
1929
0
28
0
33233
51987
0
18215
51
0
4
0
8
0
0
6830
6410
0
0
0
25
0
0
84
0
0
0
0
0
0
0
0
4739
0
0
0
0
4
0
0
1
0
0
0
11894
48810
0
0
21271
106
0
5707
0
13652
0
82
279
0
5215
0
53056
0
0
0
0
67874
0
4
0
0
0
0
31143
368
0
34
4241
0
0
25
0
234
0
0
2335
13322
0
5602
0
0
0
14
0
0
110
0
46
0
0
4
0
0
0
14
0
0
0
265
0
0
0
0
4342
0
9845
47
0
1077
0
0
0
0
0
0
2
0
0
99
0
0
0
0
0
550
0
7232
0
0
0
0
0
722
0
0
0
535
0
0
0
1898
0
1
17798
0
0
0
0
3672
0
0
77550
66
19
14106
4
0
0
0
0
0
370
0
5
366
0
0
1279
0
0
0
0
37
0
2
0
0
68781
1412
0
993
0
0
0
10
0
0
0
469
55548
0
0
0
191
0
0
0
413
72
0
0
0
14
0
8719
9
0
1464
0
0
0
1443
0
0
504
0
0
0
0
0
874
49
0
0
0
126770
0
13
45027
15522
26302
0
2004
2
0
0
0
0
144
0
0
55
0
0
2
0
4228
10
45638
0
2609
0
1
0
3256
0
10274
0
9755
4294
0
0
0
5548
0
0
0
16623
0
70
1801
38897
0
0
0
0
0
0
0
0
0
8
0
11
5869
0
0
0
38597
59922
2330
24956
3
0
0
58268
0
0
0
0
425
0
0
26
0
3967
0
0
0
0
0
0
61
0
75882
0
0
0
0
0
6497
0
212
30
0
0
26
0
93
0
0
0
0
102
0
202
0
16875
9
0
42939
1726
11095
0
54
0
1
0
0
0
0
0
0
2476
175
2
0
13402
0
7
0
1545
468
3
6
0
8046
0
0
2350
444
0
363
0
0
0
0
4799
204
0
410
517
0
0
0
0
0
0
6
0
0
0
0
0
0
0
0
0
0
22
0
0
0
0
0
84
0
0
365
0
0
0
0
2
0
0
0
0
0
0
0
0
0
0
674
109
0
0
0
5
63922
30
40
430
107
0
0
1555
0
0
2126
27
0
0
0
0
4
0
0
0
0
74
11082
0
0
69
142
0
0
0
29063
5596
0
0
0
0
0
0
0
0
223
0
12079
2
0
69
2597
0
3
132
0
0
0
0
0
0
0
335
0
0
0
0
47199
0
0
0
0
7
91
0
0
0
0
0
0
127
0
0
0
6
587
7
0
0
0
0
0
97
0
0
0
0
8225
0
0
0
0
0
0
3860
0
9440
0
11627
0
0
0
0
0
0
0
0
1
0
0
0
0
0
0
6
0
0
0
0
0
0
0
0
5313
38782
2269
0
0
0
0
0
0
23005
0
0
0
0
0
0
0
64
7138
0
1308
3
0
0
0
0
1653
9821
0
0
0
6943
0
0
0
0
0
0
316
18787
0
0
0
0
0
30085
0
1207
0
95
0
0
3
0
1003
0
0
49648
0
0
1767
19933
18
0
0
0
65
0
0
0
2655
21127
12913
0
0
0
457
0
5719
259
0
0
0
24336
0
0
7402
147713
1
9980
0
0
0
18979
0
0
0
0
787
0
0
0
0
13
0
2110
0
0
0
351
0
377
0
3
0
1062
0
0
9
0
105
3331
0
4403
44
0
21512
0
0
0
0
1893
0
0
0
55
7
0
0
0
10
0
0
0
0
0
0
0
61
0
3372
37
0
0
1
69
0
0
255
0
3977
0
0
2618
1329
748
7
0
9
6
46832
86444
0
21
0
21781
0
0
109047
0
0
0
386
82
0
0
884
102032
0
0
586
0
760
0
0
0
0
778
19886
2522
0
9876
0
0
0
0
343
265
7
3464
0
3536
5239
0
0
0
0
0
0
1
0
513
0
0
12023
5
0
75
14914
0
0
16
0
0
0
3
0
0
0
0
0
0
0
37
0
0
0
272
11
17
0
0
4067
0
0
7047
0
0
0
110775
0
0
32668
205
0
4416
86
4
4074
0
0
4816
2974
851
0
0
0
0
0
0
40717
12
0
9051
0
0
0
20978
0
0
0
0
48447
0
0
0
110
0
0
0
0
2239
5
0
0
0
0
0
8
0
0
0
33355
373
892
0
0
72
1580
237
0
0
0
0
0
9127
2348
4
0
0
1033
0
0
0
0
0
0
0
0
0
67
0
0
21753
0
0
1891
0
2507
19594
0
0
368
0
18807
15
0
974
0
0
0
2531
0
0
0
13
0
0
0
212
0
0
0
22850
0
0
0
19
63
0
87475
40796
30
0
0
42561
0
0
0
3
0
10815
0
0
52359
0
248
0
0
0
0
0
3377
0
4619
0
66
0
27135
0
19665
0
0
4836
0
0
771
0
12
0
97
0
0
6
92939
0
0
0
0
0
0
1
0
171
0
0
79
0
0
0
0
345
0
0
14714
1711
0
0
2365
3753
0
0
0
0
6651
0
12252
15447
20642
0
0
1676
7741
7
0
0
0
8370
6702
0
0
0
1659
0
0
216
55
0
15546
40
0
0
0
0
1
0
0
0
0
0
0
0
23
0
0
0
115
0
0
0
0
21689
18
28
0
0
5
0
0
0
101
18
6525
0
398
0
0
0
0
0
105422
4
0
0
0
0
479
0
0
0
0
0
0
0
23
8296
0
0
0
0
684
0
0
0
0
0
0
232
0
114073
236
672
0
0
16
0
0
0
17165
0
13180
1
0
0
602
697
10405
0
0
0
0
62
8
0
0
0
0
0
0
77
0
1522
2
0
1218
0
746
3525
18986
18813
6137
0
0
0
0
0
0
0
25959
1783
322
31075
0
0
0
0
0
0
0
0
0
0
107714
0
0
0
0
0
0
5392
0
0
0
0
0
29795
1
0
0
157
123
0
0
0
0
0
0
590
0
0
0
4830
3
0
0
0
0
0
22633
2453
0
18169
0
0
0
0
1562
0
0
0
0
0
1557
12
2885
0
0
0
0
38673
0
0
0
0
0
74
0
285
0
1716
2
0
0
0
79254
188
0
652
0
0
0
48
0
28
0
4
0
15
33
195
0
15804
0
0
0
178
0
3110
0
0
739
0
0
0
14501
0
0
0
0
2182
0
0
0
0
0
0
0
0
0
0
0
0
0
0
0
608
0
0
16
29
0
212
0
0
42713
21
0
0
0
0
937
2
58
0
0
0
4
2545
86
0
2076
0
0
0
0
0
239
1838
0
141
0
0
0
245
2242
8979
0
0
0
0
1
0
0
0
759
0
22756
0
0
44
0
0
11077
125803
1136
4723
0
2
321
0
0
0
0
30
0
8141
18
12
0
0
31
2
0
0
133
5124
0
0
0
0
0
12
0
0
0
0
0
0
1485
0
0
0
0
0
26435
0
2874
0
0
0
0
0
1232
15994
451
99
0
0
4
124462
0
0
37
0
8671
1
0
6273
0
0
0
0
0
0
0
0
28542
0
0
1312
86
0
0
0
0
2
0
428
0
0
0
78
0
0
1
0
200428
0
0
0
64760
110
0
0
795
208
2
87438
0
0
0
8
0
0
0
0
0
0
0
18511
34093
4186
0
0
611
2
0
21899
0
0
0
0
0
0
0
0
1204
0
104
0
0
18453
2
0
20847
0
7213
0
0
2355
0
0
21877
0
0
80
0
0
0
4772
44
0
0
1776
0
8409
8
0
1
12448
0
0
6691
0
3488
0
1822
2
1350
17918
0
0
3
0
1481
10
2441
0
0
0
0
0
0
9968
0
127
0
0
0
27942
0
0
0
0
0
0
31347
35
143087
0
0
0
0
0
0
2742
0
0
0
0
0
0
1126
7119
0
115736
0
325
2229
0
68
0
0
0
5978
0
45313
0
0
0
0
0
0
5
0
0
0
12
0
0
0
0
0
0
0
0
0
93998
0
0
0
32
0
0
0
47
3307
36
1
0
282
0
0
0
142
0
198
0
51
0
0
0
6853
3230
0
0
5651
1
152
0
6
11
0
0
0
2149
0
0
0
0
0
2035
15282
0
49421
8
0
0
0
0
0
10251
0
0
0
0
0
1
861
0
3095
0
0
0
4931
39554
0
53393
0
0
12
0
0
0
27444
11
0
0
0
80524
6870
0
37
0
1135
0
0
1580
12501
0
0
0
0
0
0
2
251
2
0
0
0
0
0
0
0
0
0
1641
16236
0
0
6177
0
0
4
245
16578
0
0
14461
0
0
0
8783
5984
0
2376
0
0
0
0
0
0
1538
22276
0
24194
0
0
0
0
11535
0
0
0
0
0
0
0
51
6
5
0
0
0
0
0
0
0
9612
9013
0
1109
0
0
47
0
81137
67405
8233
108
0
0
2073
9598
1
290
0
0
0
0
0
2
0
0
0
0
0
0
20017
78
158
36
0
0
0
24
0
227
0
0
189
16955
0
0
0
0
0
0
0
0
0
0
0
0
0
47
0
0
0
88
0
27
0
0
307
50218
0
0
0
0
0
0
0
1197
8
0
7002
0
0
7
161
2330
0
0
0
0
0
0
0
0
0
0
0
0
0
0
0
0
0
0
152
14146
98998
1
4
0
0
0
0
4
0
7
0
36
391
0
1411
0
0
0
10475
2346
351
0
0
47
1646
0
701
352
27882
20
0
0
0
41
33
0
0
0
74
0
0
0
2166
1725
863
0
1062
0
1097
52481
0
0
0
0
5414
11
5752
0
0
90
0
12495
0
0
0
35598
0
0
2830
0
0
0
4375
0
931
0
0
0
0
0
0
0
0
0
2280
0
0
0
0
18690
0
41339
0
9
0
0
458
0
0
0
0
86
0
2
656
0
127
1
0
0
42
9
0
12
5122
0
0
0
1
3946
0
0
0
0
181
779
8139
0
0
2
769
0
0
0
28
891
0
479
1051
0
4
0
0
0
0
817
0
50
0
3619
768
0
965
0
0
26511
0
0
824
0
0
0
74
0
0
0
410
0
0
101
0
0
6172
0
514
0
0
0
0
0
0
0
0
0
1
4
10442
0
0
0
5722
3104
0
0
0
0
0
0
0
0
0
0
1
6104
0
0
0
33
0
16582
20
0
0
0
0
0
0
0
3
0
0
267
155
0
28694
0
0
156920
0
14704
869
36
0
0
0
4
0
87
0
2974
36
0
0
5828
99
0
0
21
0
0
0
0
0
0
50
10224
210
0
0
0
0
0
0
628
2721
107
0
0
0
0
0
88251
3796
8804
0
0
3117
0
0
724
111227
0
0
24
25
0
0
0
59270
0
790
0
0
0
0
0
0
6237
12894
0
0
0
1
0
7
15207
3778
0
0
3526
222
0
0
0
0
0
0
0
0
46742
151
75
1816
4176
0
0
0
14209
1616
0
0
0
0
37
0
1
0
0
0
0
0
1805
0
26
172
75039
0
0
3
15666
0
0
272
0
0
0
0
41736
0
0
0
0
0
0
0
0
69
121283
11186
0
4
0
0
0
260
6491
3
0
0
0
7277
0
0
0
2410
0
35860
23232
140
179
6286
0
0
0
2079
0
0
246
9651
48897
42
77
2
0
117
0
8
0
0
30845
0
0
4880
0
0
0
0
15348
982
401
0
0
3031
8814
0
2465
0
0
2026
0
0
3
0
174
0
0
0
940
942
0
0
6038
9157
0
0
11
0
0
0
13
0
207
0
0
0
0
0
0
0
0
0
0
11
1512
63040
2710
0
0
532
44
26497
0
2265
0
2127
0
0
0
314
0
0
0
0
0
5664
0
7
0
0
0
17
0
0
49
29349
292
0
0
210
2
1199
0
0
0
25
0
0
0
0
166
78873
13
0
1274
7615
0
0
5726
0
0
0
1
0
29
0
70687
0
0
2
0
0
23
10
730
14331
116
0
0
0
0
876
0
0
6511
1
2707
0
0
0
0
6
0
2
6569
0
127
0
0
0
158
0
0
5027
0
817
0
0
277
0
0
1719
0
13
0
0
0
0
0
0
0
12
1506
0
37
115
0
0
0
0
9
0
5121
0
0
46437
0
0
0
0
0
0
521
524
0
0
32126
10519
0
209
5
18911
3395
0
0
0
0
91
9122
0
523
0
0
0
0
0
0
0
287
4456
123
764
0
0
0
0
0
0
0
1684
1
0
0
0
42
0
0
0
8
3425
0
0
6681
0
0
0
0
0
0
0
0
0
0
34
1431
0
0
0
820
0
0
0
0
0
11
0
0
0
70486
0
216
0
42
1049
0
0
0
0
2
3460
0
0
218
0
11210
16691
0
0
0
0
0
0
0
0
0
4418
0
53807
0
6568
2253
0
191
1
3676
11683
177
0
100049
0
0
13971
6922
131
37
0
0
16425
0
14
0
0
0
0
0
0
24
0
0
5
0
0
0
0
0
2261
0
0
7196
2
0
0
0
0
143
176
27573
61
12969
43
0
0
0
0
0
37
0
246
0
27128
0
0
0
0
478
0
0
0
0
0
0
1835
0
0
2072
1192
0
0
0
0
2
0
808
0
0
0
0
0
610
360
198024
19645
0
11281
0
0
0
832
0
0
0
1
0
329
288662
50495
1212
5185
7
18446
0
2563
0
0
0
41658
0
0
0
0
0
2757
0
0
119
0
4
309
0
0
461
76
10896
0
0
0
0
0
0
0
0
627
7329
0
4
159495
5
51544
0
0
0
0
189
0
0
16419
0
0
0
3015
0
0
0
0
0
0
0
0
810
0
0
0
0
17599
0
0
20810
0
0
0
3763
48
775
0
0
4788
556
0
0
0
8
0
0
0
414
37
0
0
0
0
0
0
0
0
5
24013
0
0
0
0
0
0
0
384
0
2258
30101
786
0
0
384
0
0
1688
0
0
0
14
8787
0
214
0
0
0
0
0
0
80079
0
0
0
0
0
0
0
0
0
0
24988
207
0
376
2452
0
0
0
0
0
0
0
1
0
352
5
1461
0
2181
0
0
0
0
0
0
0
6964
0
57
142
0
8025
0
4
0
0
0
0
0
0
0
0
0
188
17
0
2241
0
205
0
0
0
0
0
0
6518
7
13401
4248
4
0
1060
0
83
1135
151
0
592
34139
638
251
0
8
0
0
0
0
0
0
11
0
812
21188
0
34975
0
194
9
336
12353
0
111
0
0
12
0
50
0
0
0
0
0
0
15
0
0
0
0
0
0
1055
195
0
0
22003
0
0
0
2955
4
0
1
33465
65
15
0
0
0
0
0
0
46
0
0
34449
10
0
6356
0
0
0
246
0
0
2332
0
0
100764
0
1010
0
0
0
0
8
0
3
0
6
0
5361
10447
43387
0
0
3274
10235
0
267
0
138
42800
106
0
0
0
0
101
3
89213
8315
0
0
0
0
1
8056
176
0
0
0
0
0
0
0
8027
0
15598
0
0
0
6252
0
0
0
0
0
0
0
5411
0
2782
0
0
0
1563
100
5321
0
0
0
0
79979
410
0
0
0
0
0
104
0
0
139
0
0
639
0
0
0
0
0
0
0
0
0
0
2358
20996
0
373
0
0
0
0
0
0
0
0
25600
0
0
446
0
49
2692
0
1302
13
0
0
7
70211
0
0
0
0
0
0
0
3
1460
33
1401
1
1
0
0
354
7712
0
0
772
0
0
0
0
1040
0
84536
110969
1200
0
0
71
0
0
246
0
122
27
10927
0
33891
0
23
35
0
2
0
0
0
352
2
48695
2
10
53
0
23530
367
0
36919
63
1
0
0
0
0
3813
145510
80517
0
0
3545
2
6950
106
0
1581
0
0
0
82806
0
0
0
0
0
41
49778
0
141
0
0
9
0
18
0
1525
7408
0
1168
0
0
0
0
27158
2478
122
9
105235
5
91413
0
0
0
18
38
0
83
0
0
17
0
0
0
0
33205
0
343
0
0
0
0
3931
0
0
0
15489
0
140148
30
16
0
0
0
0
0
6712
0
0
0
31
10659
205
4
0
0
0
1185
0
2452
0
0
0
0
0
0
0
909
0
10036
0
0
4688
48645
0
4
0
0
1746
39692
0
3593
0
0
0
4042
0
0
0
0
0
19427
27
4
0
2
0
0
0
1593
19735
5
4
0
0
70
26
0
4346
0
0
0
0
0
0
0
0
37
0
7112
0
26148
44890
6596
0
10
26252
0
58945
3
1423
0
0
0
0
0
0
0
15408
0
528
0
0
0
0
0
0
37038
0
0
0
0
0
0
0
0
1713
0
0
0
24
0
80
0
0
12454
2
0
48
4435
0
7
8
0
40736
4344
0
0
4766
1579
14619
0
581
0
5
0
0
0
0
0
2
0
0
0
0
308
0
0
277
2320
18
723
0
0
42836
0
0
0
0
45
317
0
0
0
0
0
2267
0
0
188
214
0
159
0
0
0
1961
69
0
0
0
90
0
27
70
3446
0
0
86
0
172
0
0
0
0
0
0
0
0
0
0
0
30291
341
0
0
0
0
0
0
0
0
0
0
0
0
14187
6026
0
480
8
0
0
0
833
0
41
5548
0
0
0
0
0
32320
0
42602
62550
0
0
45
0
0
0
1130
0
0
0
324
180417
14
0
504
0
0
20558
10630
14
771
6
0
0
0
620
0
0
0
993
245
0
24029
0
0
0
0
2598
0
730
1407
0
7769
39547
0
0
10589
0
98
20
95
0
8573
84544
0
0
0
0
0
0
0
4
0
0
350
0
15728
0
0
0
244
0
5503
314
0
0
0
29541
0
0
1634
1306
0
0
9913
0
0
0
0
0
0
410
10
4164
0
12778
0
0
0
6067
969
9
4008
0
0
38
0
0
0
0
0
18
0
0
0
0
0
0
0
0
0
51
0
0
0
0
0
0
4205
0
2922
0
0
12245
0
0
11
1
2
0
0
0
0
803
0
0
16303
0
3181
50
0
137
0
404
0
5551
984
7368
42
0
2
0
34189
0
0
538
0
0
0
0
0
0
1637
3770
0
0
4504
0
0
32482
13
61
0
0
9
0
874
0
1
0
0
0
6797
3901
1
0
0
29
1226
46
0
20
0
0
0
0
22
0
0
0
0
13805
0
0
0
7
23209
0
0
68
0
0
0
0
83
5
4902
0
1602
5319
0
0
0
0
0
0
0
127
0
0
0
0
140061
0
0
0
0
0
19
0
0
3375
0
0
0
203
5476
13
0
5720
0
26891
683
0
0
0
0
3467
0
0
13162
0
0
0
22583
0
0
4
6261
0
0
0
0
0
0
2
0
0
78
0
25
0
0
5
0
26
38
0
135
11
0
0
66
0
5695
27796
0
0
119524
0
0
70
0
3
0
21
0
0
13819
0
0
9237
8743
0
0
0
0
0
52
0
0
0
0
0
3177
0
14
4540
830
0
0
0
0
0
0
1770
0
0
9192
0
9527
52
0
0
0
235
139
23149
918
0
3077
0
0
18305
38349
0
0
0
0
857
0
98
7803
4
6248
1383
223
0
0
16
283
1
18
0
0
0
0
0
96
134964
0
15
0
168
1864
0
85456
0
0
0
127
0
1132
0
0
0
0
0
0
1
109
54835
6925
0
3462
4
0
0
1491
0
0
0
5708
0
12423
2
0
0
5656
254
4563
8
0
13272
0
0
0
72
2782
0
0
0
0
390
0
11
0
0
0
2984
0
3400
1186
12124
49710
0
28279
0
2746
0
0
42
34
0
0
132
4
0
0
0
0
0
0
0
0
1
11449
0
0
0
0
5
0
15
0
0
0
0
0
0
0
0
0
28184
0
0
20
0
0
0
0
671
0
0
0
0
0
0
0
0
23
0
0
0
15031
22839
5937
0
357
0
0
0
1
0
0
0
0
0
0
0
4254
25672
0
0
0
231
5144
0
0
0
0
161
4544
0
0
137
0
0
0
40
0
0
307
0
0
0
0
2
0
0
0
0
0
0
0
0
0
0
113693
0
0
1820
0
10
10624
1
0
0
27
10822
0
0
1095
0
28056
0
0
25863
4646
1440
199
0
69847
594
12802
0
0
2826
7486
21305
0
5936
39
0
0
0
0
0
247285
0
0
0
0
0
0
121453
15599
0
0
1227
0
0
0
19941
0
8746
0
81256
110
0
5531
0
0
0
174961
0
90
62
0
0
828
0
0
0
19836
252
0
82
0
0
5244
0
0
0
0
3226
0
0
19
0
96
0
0
0
9
6
0
0
0
247
311
0
0
574
1188
185
5
0
34451
654
1239
0
0
0
99472
0
132
24
96668
0
0
186508
0
6420
0
0
0
0
0
603
0
4330
0
0
0
0
0
0
35
81
0
6
101
0
0
27079
18026
0
1148
62
17
0
20605
46656
746
0
0
188
128
0
2282
0
0
0
0
0
0
0
15767
0
0
0
0
0
23397
0
15
0
0
2
249
0
0
0
0
21974
0
11524
442
0
0
0
0
0
0
0
0
0
5401
0
0
2
5
0
0
195
96345
223
1520
0
0
3785
12751
0
0
105430
0
67163
0
0
0
7191
445
0
3466
0
0
0
0
1034
44479
11918
0
0
0
0
0
9268
0
2
0
0
1061
1182
0
0
104
0
0
2082
551
0
0
10535
0
317
0
58
0
0
58970
29
1251
0
0
3
0
0
0
0
0
0
914
3268
2907
0
3819
0
0
0
198
444
0
0
0
0
9723
0
0
0
0
10692
26
5214
0
5
0
0
4068
7587
447
0
20553
0
0
0
0
15787
0
771
0
0
0
0
0
0
221
0
0
0
0
0
0
416
0
85
0
0
0
0
0
0
0
0
0
40150
0
0
1923
4
19924
0
29468
1177
8868
14643
0
0
0
0
21271
58
11255
0
0
0
5
329
1048
0
0
0
247
3
0
0
0
4883
0
0
0
20277
616
0
92
0
0
0
0
0
0
0
0
5516
0
2
0
10036
2833
2736
19
0
91884
0
501
0
0
0
0
0
0
0
0
0
11813
0
0
0
14511
0
31656
100
0
0
33
18
0
27374
0
0
0
0
0
0
0
0
0
13750
0
0
1
0
0
0
0
0
0
0
0
18
0
586
0
0
0
0
5637
47125
0
0
1
19345
0
0
36
0
18937
3574
0
0
0
20424
292
19657
123
0
1270
0
0
0
0
0
0
844
0
24136
189
247
12
0
5
0
0
0
1323
47
351
1278
53559
5
0
0
0
0
34316
10
0
0
0
0
0
644
0
1036
0
0
0
4238
12
0
9282
0
15122
0
0
0
0
6671
78647
0
0
0
0
16132
203161
1
1416
0
17192
60282
0
6260
0
3
0
0
0
0
0
0
0
0
0
307
0
1599
30854
0
0
0
0
7156
1
0
13169
0
288
0
0
946
0
2478
0
7713
0
0
499
5109
0
0
9054
105
0
4
0
0
0
0
0
15158
0
0
13219
0
11
183953
505
35
4025
0
93
0
0
0
3
0
5750
0
0
5979
0
0
698
0
6406
0
0
0
31950
0
0
174
635
12087
0
31948
0
2124
0
0
0
4494
0
0
0
88
231
0
3
40
16
0
14
0
0
0
0
0
0
1997
2366
4863
0
0
70754
0
0
0
367
104578
0
8832
0
0
0
0
172
7922
30
135568
0
57
0
184
1
15387
0
902
0
61
0
0
2142
0
1854
193
4233
136208
0
6808
3
0
58473
0
0
13375
36
0
0
0
0
43826
1179
1696
0
0
0
5999
0
16218
85759
0
4
0
0
2
0
0
0
1474
65470
0
2923
9
0
0
0
0
7111
55
1181
22626
10
0
0
2
2756
0
87108
0
0
0
1759
122
22255
0
0
0
0
0
0
13
0
27690
213
13
0
10
4550
106
162648
80
0
40012
0
30226
0
0
217
0
0
0
130619
137684
0
7
0
1159
0
0
33696
0
107
535
0
0
0
0
0
4
0
0
0
16481
0
0
17905
0
0
0
395
0
0
0
135
0
0
0
0
0
0
0
0
11139
25
1677
0
60430
138
0
0
0
0
0
68545
99
0
0
0
0
0
0
14
263
0
6716
0
2434
0
0
17
0
134194
0
28703
0
7053
0
114
0
0
0
0
1157
0
80602
0
0
0
0
6926
0
0
0
13076
362
3206
47
162369
0
0
32476
85196
0
0
8681
12794
0
0
0
0
0
18205
0
7
0
3570
0
1869
24
3473
0
0
0
0
0
85032
0
0
0
497
9
0
4
118
0
0
3
0
12
0
0
0
36516
0
7
0
6147
0
4
0
0
0
6275
0
0
3
0
0
29798
0
0
282
0
0
0
88709
0
0
0
29043
0
0
3204
0
0
0
52104
0
0
0
0
0
156
2
173
0
0
0
0
0
2192
16270
31468
2250
0
0
66
5610
85782
0
0
0
11698
0
0
104291
62951
10790
0
0
0
8
0
0
0
1
0
0
0
0
1491
0
19060
0
4
0
59
10273
0
0
0
113263
134299
0
6005
0
0
0
25917
49362
16811
0
35905
0
0
0
0
0
0
6002
0
0
0
407
196836
0
2
2679
42246
8421
0
0
5260
4999
1436
0
298
2423
0
0
4806
0
2010
0
13
0
0
30
0
0
57609
0
0
0
18861
17209
0
0
0
93654
98531
67
0
0
0
4
0
0
14670
0
0
0
16313
817
4117
0
3910
0
0
2305
50
3686
5057
0
0
0
80
0
3
141
0
7
0
2168
0
0
5
466
270
0
0
150
0
0
0
0
41397
0
282
0
0
0
3713
0
425
0
0
0
0
4075
0
0
1759
0
0
0
4646
0
0
142
11128
0
2
0
0
0
0
0
64990
0
8
137
0
0
0
22
5
0
0
0
10743
0
638
45
6
0
0
0
0
0
0
0
392
0
0
0
0
0
0
12031
0
0
1835
160439
0
0
7758
9784
0
24870
0
0
0
0
48
0
0
0
0
0
0
32
0
0
0
461
5983
0
0
787
280
0
0
19261
0
0
2
0
243
21
0
35
0
123
0
1
2612
90885
0
0
0
71
0
0
1
0
0
0
0
0
249
0
11068
0
517
98
0
0
26
0
0
164
2
0
0
173782
27760
0
0
0
0
0
0
0
435
103
0
0
0
0
0
40224
1944
0
7760
0
0
0
0
0
0
39387
0
5844
0
0
0
0
0
1
684
6303
5
0
11
9972
0
14604
15601
0
0
0
0
0
2
0
0
0
0
0
0
6777
231449
43
4694
0
823
2
98457
90775
0
0
30
35
0
0
0
29643
0
0
127
369
0
0
0
33
0
2270
12879
0
0
0
0
0
0
0
0
2613
0
0
0
0
0
0
0
142
0
0
556
0
0
110255
0
6409
0
7
1215
0
0
134051
65660
0
0
0
17585
13
0
0
11642
0
13552
0
47
0
7298
1001
0
0
0
85569
0
0
0
0
0
0
0
92
15
162
2397
4831
2496
14326
1921
0
569
15465
316
1007
0
14630
1
0
1424
35788
0
0
871
0
0
0
0
0
0
12
0
3733
13768
0
637
0
244
0
0
0
0
0
41379
228
145
0
0
1126
0
0
0
0
0
0
2054
0
0
0
0
0
3685
55
2784
44903
3
0
0
533
0
0
5477
0
0
0
3053
815
0
0
15141
0
593
0
435
11538
0
0
0
18797
11676
0
0
376
0
0
0
0
10
23
0
7696
32
0
0
0
6222
63
0
0
4
0
0
0
6911
67438
0
4853
0
128
16
0
4
1552
150
0
0
0
0
0
8314
16474
20380
11
0
119712
3317
2096
0
0
80
1530
20148
0
0
35
0
51
0
0
0
0
1308
0
0
740
5211
0
0
0
0
0
0
0
0
15
0
144
0
0
5107
1442
0
41
0
0
724
0
3907
0
0
0
0
0
0
0
0
30
0
0
0
910
0
0
83
0
0
5
130
0
66755
0
0
5
3
0
0
47727
22
0
57200
18
0
454
0
2170
0
78454
0
0
0
0
0
0
0
5775
0
46173
1327
6
0
1219
0
9481
0
0
763
8604
0
0
0
0
8
5
0
0
3106
7
0
0
0
0
0
66
0
0
0
0
14579
0
146
0
0
15790
0
0
0
0
701
0
0
1455
0
0
0
0
0
0
0
3219
0
8
0
7509
4
0
0
8446
0
28066
0
0
415
0
3
2688
0
257
0
10009
4732
0
934
7420
0
7400
0
0
0
0
28909
0
0
3
0
0
0
38
0
0
0
4333
0
10
3723
0
1
0
0
0
0
3792
0
1028
162
0
30
0
0
119149
0
141409
0
0
1181
0
0
0
0
0
0
0
0
0
0
0
0
0
0
0
15
91460
0
0
0
0
0
0
3868
0
1946
40
0
2313
16
272353
0
1968
0
0
1362
0
0
0
149
1
0
643
12
0
0
14238
0
0
1
0
138112
0
0
4
0
383
694
0
0
0
0
0
9
0
34967
0
93
0
0
0
264
24004
883
0
0
0
0
0
0
67
0
0
5966
0
0
13
0
0
0
20741
17872
0
1452
12490
0
0
0
0
0
0
1
184052
0
0
261
1045
0
7171
39541
877
0
0
0
12782
44329
0
0
10
13937
0
10
0
0
0
132
0
0
0
0
0
0
105222
0
0
2304
1243
0
0
0
19198
9954
2522
83
31038
168
0
0
0
0
0
1371
98
38910
0
0
3651
0
0
0
5085
0
0
0
0
0
0
1573
365
0
1
0
0
0
0
0
0
0
0
1721
927
0
979
0
0
0
0
0
0
23
0
0
15
0
0
0
47
0
0
10
0
1538
39
58649
0
0
22
13424
0
164
84
259
0
204059
7
7484
0
0
0
0
0
527
0
0
0
0
7666
0
0
0
13396
0
0
30
247
0
0
0
1
0
0
0
0
0
121
38
0
12
82472
0
0
0
0
0
0
0
0
50
7
190
4729
0
184
0
50791
0
0
0
1
0
3184
0
0
0
0
