"x"
186612
0
0
81
0
0
0
6650
0
2771
3
288012
10
22668
0
4
4124
0
4302
229818
9135
5
1002
83
11
7312
15094
0
324
1943
210
2
0
33
12
7099
15
76
14125
13
1
138668
7
147418
0
604
115451
785
1867
14197
144983
0
109
110053
8
4757
1
28862
14434
561
123306
0
1041
51
35341
7639
11317
672
0
0
0
127843
0
0
6580
85606
164968
19
0
269
61705
0
1
478
1
125
270
10
1506
0
0
2823
3
105
0
165659
0
142
14
45722
0
2946
11768
90
142
0
284369
823
227715
0
2707
79890
84114
0
0
320
29
256
9361
3
0
1615
8592
20
41518
3
0
0
0
0
36
567
1
59
32584
143
9999
0
73
190
35
125
101
0
53
0
25
856
776
0
82
9
0
16578
40
0
5277
76198
1
29552
1073
130
44
14
57
7
18
7408
0
425
143626
395
11
252
70596
502
28941
597
0
32245
70985
0
1636
4
1733
0
37445
2081
712
1
0
0
3298
6536
0
62
0
0
5652
27
560
0
1864
1803
2
11208
0
5589
74459
7383
478
0
0
0
1221
0
16295
49282
2768
283
110639
300
4068
2297
225
1
0
0
16350
95121
96252
0
251605
1
0
45
26
6
0
996
4
123
1221
2713
4
1996
6352
15
825
29
0
1768
0
4160
107401
463
145514
0
93
30827
38861
86
66
4075
0
40
38511
0
277
83988
18866
59
4
312
33866
21
1118
1
9
1
10
42829
9588
49619
138
1
45
0
9179
6027
244
15873
3879
25
0
0
0
2366
0
1068
5430
0
2
36
4727
322
842
22
7595
2292
21848
74
0
0
6
0
1
604
37790
62136
0
1368
0
3147
15280
43322
49
2559
0
406
0
16513
0
17
0
140416
31199
0
1797
0
0
3814
0
1061
97
0
0
0
38758
363
8
0
1095
7
37587
8
1
1333
25
76580
0
9144
308
3
4830
639
2144
70
438
90
0
2922
11164
3403
2008
72835
1457
12473
38
0
2711
3101
0
651
0
0
0
0
0
723
2162
885
133085
19
3407
19
4
26302
86
34036
939
9
94803
21092
463
7300
20
1175
69
8
1985
113
0
1148
191
68023
0
2996
6692
153
12
0
0
15288
7160
371
18952
0
5
73
0
0
1073
116
5
3235
398
0
180337
9935
0
0
312
133848
11520
121
0
8553
1
200
2
0
1650
50576
1162
89
972
2171
119763
194
0
0
4
0
1235
0
0
54
62441
57522
23459
79
4
3
47810
0
0
11837
419
19
0
13242
1
83432
2
45580
9
530
12667
4
383
142183
3574
25552
153300
16138
214394
40855
11
26
32927
15218
488
0
1285
0
0
32
3
2
0
0
0
75
450
11572
0
6343
570
0
59832
616
3635
30
12
0
0
21199
19711
1199
3378
5247
73
0
1219
45171
2
78916
51
3
0
4326
19127
46785
53
88
0
22
0
0
3
8077
12836
0
2160
0
7
33
10636
22722
0
1
0
0
0
0
5272
80
792
2
0
10487
5912
308
0
0
53
14830
112
26
72
92187
114
1
9
373
632
209438
1
4473
0
1
0
0
0
0
110373
0
1133
125
95
454
396
8
18795
624
84
164
0
27544
0
117
83626
198768
15736
6630
0
0
105
40022
102
2676
165
0
0
3366
114
710
0
2124
5
0
26
23428
4234
0
37750
12
382
47
782
15313
14
3188
175
4
0
2
0
1493
0
215
19458
0
381
0
0
0
20039
8002
4
68
4564
15457
52628
686
22872
0
57
36590
227
0
67
0
130
350
0
18066
149924
160
15537
88188
18238
172807
21791
10140
0
0
8513
32
8869
5
18479
156444
11262
46884
15
208
12
2375
183
137
25907
0
0
1
11750
3
34521
0
1305
207
238693
0
21918
23
167
0
34
5931
6
10717
472
15
0
0
0
5711
299
0
8851
349
412
59
54
0
0
0
45806
43
0
0
28
0
0
33
17
560
55339
1
83614
1189
0
0
50083
218
2777
0
0
38538
0
739
17
9016
22
833
0
38
45
154366
0
11858
75
220
237445
23794
736
17472
130
267
131535
16226
3284
196661
0
0
17689
0
45608
2
3
15
183
148237
2415
2288
9172
4305
25
0
34
660
268595
0
110415
5404
61052
1
25
0
18929
292
0
0
12583
17236
0
24575
2655
72332
0
1730
0
384
0
1704
0
0
128027
1963
13571
1812
101
360
40350
31805
10
12
480
0
4
5883
12768
13380
1
0
0
182
0
7288
1704
0
0
13
188680
116014
0
0
13
13634
0
35893
1602
69412
0
14
2359
1117
210
101482
0
0
0
0
1148
2826
104
1463
144925
19855
713
46855
166281
0
0
5292
232
16
10
0
52
0
173083
978
1499
45916
132963
1
0
2353
0
1237
34725
0
976
316
0
1103
29
39
0
1
0
37
22
168876
40
19
0
0
0
0
1338
32638
0
63
0
2916
0
41295
4
2043
79912
0
661
101
0
1197
0
87
85
166217
163
8
0
51645
0
75
7
0
49386
0
288
0
0
368
0
187
0
9917
0
2728
1
355
109
158864
5
0
385
5181
0
5456
35
4
800
4222
478
190
2510
395
0
1038
0
14
6
0
0
136
19354
886
659
33719
92
0
32
701
0
0
502
0
2124
4085
1395
14618
7999
28
11
24866
1
197957
245373
59
27412
0
4369
324
3
37037
157
23
16300
190
0
478
19728
369
0
1085
385
3744
10
11377
0
55069
146732
28701
20
6526
155
1465
86801
717
5
4822
0
0
0
101364
74
4103
5457
27299
11
58512
0
70
265
32105
41508
29
1339
141
0
1427
3849
51
320
475
0
1915
0
0
0
0
11404
0
348
26206
24500
36
2
401
58117
102
1
10804
4
53
29443
115
26
0
0
0
47395
213
5473
13553
17109
7968
8
150636
29443
0
0
0
29
14880
0
0
56
16035
5
0
94
27803
95
10
0
0
0
149143
0
53
0
67531
771
2896
328110
108376
37
68701
310026
1928
350
148
0
970
63
0
0
476
0
4580
233
59
1781
0
154
0
143986
100
8
94165
0
4981
69
0
0
0
0
1
32142
117
829
172273
0
3
17
0
58185
0
86364
95492
835
0
14
13540
285449
1392
1401
0
182
61301
0
0
0
63782
410
213
215
39
135882
0
2
0
81945
15180
3642
516
0
516
68156
4183
9
19697
2976
11
509
23747
658
1121
56854
191
0
941
133
18493
149
0
0
632
1
0
130841
0
1634
93593
0
13007
14
11
5
28879
22
7241
0
0
73
19795
287
19206
1
30
543
166
10391
310
12445
17
240871
1129
0
3397
0
719
2759
0
0
0
3720
102
126
229365
92090
0
0
2170
0
102862
7073
1971
6
113
28493
3782
495
135862
7
59173
0
0
26901
361
572
12
34
0
0
0
20
13
15178
4197
0
18295
904
53
2766
256482
5
116
18
7
27285
8763
0
45
764
395
0
956
1
124
0
3597
0
31
9084
0
0
0
23
255
232
4
28
0
0
11828
6544
1026
0
24
0
0
116
10
18
128
1327
112346
9787
7010
0
8
23724
191
122439
303
1468
24
140604
0
25374
5737
3854
0
233365
6433
16501
119749
0
79
411
0
39
337
0
26151
1081
31205
0
0
14860
4122
12976
0
24054
499
4849
0
3385
7
95875
20
268049
36788
0
341
81643
0
0
70094
81809
1957
0
9078
0
1131
0
0
334
0
0
15764
4
5
144
46
39887
70077
245
0
4821
227
0
1080
52248
3956
21213
0
7013
1552
0
0
15
40
978
13
0
8
16
25
0
0
1
5
2
296607
0
236
0
92
9464
10
2365
58509
6
0
12
0
26632
11313
2
193
843
144511
16674
38
25661
268
16
195
1
77067
0
0
0
46
94235
47
0
2750
578
0
0
0
850
0
2585
0
0
3
15769
1263
0
150991
12
68
0
135465
0
14940
0
41
242712
4
37403
51573
0
0
17032
3185
26391
0
861
0
4109
838
45
56887
20328
29
21521
2
84
0
344
275
0
726
2
0
82
0
11
177306
47691
12493
86080
7535
0
17741
234
0
498
19003
27
0
161113
11318
0
792
640
14544
139869
0
0
7969
1526
22996
1
6649
0
17
343424
4
3268
706
45
2129
30509
10005
7003
7
242
33
2737
2262
0
54175
245
374
0
1173
306612
0
210
483
0
0
39
2169
0
5320
5
0
7
88
109
1125
8
0
15585
539
16
0
0
10297
5151
1128
95
101114
6
0
4846
4527
19705
2367
8
13827
0
4
0
0
1551
9050
1511
352
12546
0
16
169
674
181065
60
2514
0
0
11
0
0
4377
31451
0
1102
0
73
0
13924
4320
0
70814
0
486
72
0
0
0
0
22
59502
3801
60330
0
41
0
33
0
129
21
8054
47212
0
0
4015
3307
134635
2
148
3633
1911
50
13
200369
0
0
1
11623
55
41740
13
0
1587
0
2
0
0
115
0
0
0
56
2
19893
4
2
0
117303
0
6699
466
0
7
68763
39604
111338
173451
0
1
0
556
4
0
7
0
687
69049
0
131
999
14
38640
179
255933
247
174
7729
27514
619
0
9485
13
91602
51
0
0
145
21
105
2
0
0
283
401926
1
0
0
5
0
286
6527
12
0
586
376
387
0
0
7
0
74572
0
60602
0
23685
0
103719
15
2855
239622
0
0
45034
0
14218
78
0
5691
172559
0
12283
61175
107436
0
2
0
8048
6993
66
584
150
0
88119
9
193304
5181
0
0
44788
9581
5
37379
20
13296
0
0
8
0
359
201
570
43
237081
21557
490
0
55276
0
0
0
0
193676
35
110654
1219
0
1655
0
0
98
125373
7415
34
0
269629
0
0
26796
166
2092
0
399
0
0
16219
409
9
16611
0
107479
183
3753
0
4584
1713
719
1064
8
80
43
5171
179118
745
0
4
386
66872
2
815
0
0
0
55
326
2
2997
8
8
56000
0
7
2925
64515
3
131
500
0
10
2
900
1602
0
13
0
516
3
0
3317
46545
7680
0
7757
51
99
50622
0
110
128377
18265
7
0
6610
0
2782
19754
15898
12175
5258
0
745
20148
0
0
78
35
0
0
156308
0
416
406
105591
0
0
368
13
4385
203
75
57362
4950
7803
76
578
0
69
157531
35
0
175833
10550
21010
63848
755
2
531
1060
133
2
0
2
0
544
105
0
15
3635
14858
0
76
6438
4928
37
111660
6890
165644
32
0
255
171218
476
114
6191
84
3852
0
5
82473
77051
20
9
2
617
94741
258
0
50
13
145052
44
133
50
40
1
34
0
3261
10
0
85006
62
0
0
142
53
155668
92
41
339
21238
0
21282
2
25264
3272
660
0
0
659
1535
695
0
5277
23123
409
1079
45727
0
20198
3081
479
5
135491
7844
46
0
0
94
34
638
0
0
168
5024
0
291274
323
0
685
772
201
356
540
16792
1715
14744
5
36
64231
0
23714
528
112004
15
3518
482
0
371
155
0
44546
0
0
179998
0
1540
236
2
1566
86482
1940
2869
1
0
0
15
215
0
23453
165536
0
66
10767
15
15734
1
65102
0
1258
706
145
30
986
34652
0
0
136782
0
0
7781
0
0
30
80
174052
15034
12067
27435
5617
30849
5
0
9
477977
0
330
3741
2
15
0
35173
624
290
151
0
6370
235234
6
523
55640
0
2
0
3360
0
0
99266
0
45
30973
416
1930
5
68800
196
76
122
15723
18
1286
1235
0
4570
338
61986
13930
26279
10
549
10
3126
72
4323
19
25191
143203
26808
1
0
4445
0
3547
140311
69
1100
1068
0
0
1843
0
0
114820
0
0
45
2698
2734
5697
14
258130
19
46
72
80
264808
0
50367
50606
0
422
7139
0
612
9
23
11615
434
1290
10179
15372
497
36960
0
0
0
266
1207
4
0
0
78151
26294
3
105545
2
103802
0
432
24937
0
0
0
13
235
0
0
28
311
8
0
0
849
0
2747
0
0
435
14778
0
0
0
56
0
0
0
50772
382
213
60
0
33158
0
29
0
0
27806
434
3561
0
28572
0
1996
2650
0
0
0
349
4980
0
30
0
16
60996
17206
2987
3539
26
41
143237
29
4416
124822
1496
273
704
0
8
2416
0
6
165447
71136
1510
25
32126
16
127077
14735
2526
15
2762
2883
46
76
25
11120
69749
354
72305
82
347
0
0
10
5
120
0
8
0
0
41
0
25
0
4530
27944
0
51
177
358
2665
0
37933
71
0
0
0
1639
150690
0
3
0
19
12
1
399
0
0
7
168
27962
8404
0
88436
351
169616
0
20
77
13804
205
6
217
0
0
1212
61549
0
312
1746
742
0
161
1138
39430
0
15
8929
2
12596
31505
0
551
0
113628
30
23
180
1
704
0
53710
67193
0
34006
0
57
35
62
68
4891
80
0
0
1143
0
7708
91802
0
438
87675
150161
0
0
8252
0
0
9181
0
25130
49
336
0
14676
185
62098
185249
0
170826
6
10115
1208
5
73907
21
236
346613
29
10
96
0
572
16194
56373
0
9
11572
0
539
0
0
232
0
0
2761
336
8473
0
275993
2397
0
0
0
171107
67028
0
0
594
12
0
670
43723
101498
925
3
169237
0
99
44837
155951
85768
0
27998
229713
15450
0
799
8
0
13
0
0
8559
3542
0
0
64636
17615
262
5933
24851
151806
3618
3310
1909
27
64
126226
2633
377
0
32033
0
23
0
67142
547
30954
0
15
202407
0
0
0
16
23
4002
12
225
58
255387
6642
0
10
973
0
11
0
78
0
0
5
1282
73
0
0
0
0
0
578
72
1
81
20
182516
2
0
0
42953
196
11012
54086
562
63020
643
0
0
0
36
1310
0
65729
0
0
89
0
0
0
20957
0
0
3822
84679
2083
41535
0
15765
1896
0
0
2468
0
62
5439
0
1236
0
0
285
0
30
0
17135
120
2
0
31137
127
7
6
22
8301
359
24
0
714
0
308
0
317
631
8
59
32781
1928
980
2375
0
3380
0
160380
213
48303
245
850
0
58230
2
1986
404
13554
551
0
8
187336
0
2799
46
4981
0
1
21626
0
15458
714
31429
58824
0
15238
0
3768
0
2877
0
4439
204601
0
45
0
76
28
0
23
0
0
1898
15989
37826
22651
0
22
42346
34
269
0
233086
10016
54046
828
3284
3586
416
0
0
156
14089
137641
263
1140
156622
534
9870
0
1
2
12
1170
1030
30
0
1
1750
0
0
101642
0
1
568
116113
16
56330
83
0
13
0
21
0
0
8606
5
0
29
32
0
793
11
1099
0
3587
5
3632
177
28
34
36
0
0
54
2
0
1707
12
0
705
8
4
3987
0
204633
0
0
288
94
73456
94
69852
8083
25642
1526
4
8993
127605
6009
0
29970
23393
52
0
143158
0
86159
127930
18101
0
30997
0
0
0
238
256
0
0
34689
3
0
54939
0
343
137
7
296
16459
1940
80
98
160013
1
0
2386
0
363
13
1
20106
14
4
145
0
1395
0
17108
0
125893
0
196
129
2003
36
27679
21604
0
0
1
1
0
0
9766
746
4623
0
1
131243
3634
1898
98396
18969
15536
18882
144
46551
56
31260
1248
5495
13329
3762
2022
783
3938
1
3124
155314
0
428
354
12246
696
8
0
143082
1956
157537
0
3243
0
0
9475
0
1078
4
337
69040
43
966
0
216388
0
0
110346
30550
0
7
2388
3
792
0
1590
0
4040
194746
0
0
696
42
0
5680
8
35
301
0
0
0
5
144357
18789
125183
1325
1
0
0
6102
3
0
0
54112
0
1866
29
0
1389
1255
0
8
374
82039
481
5
568
85
1238
6918
344
51
7532
73
0
0
282
69986
355
193
0
0
17955
164923
23282
6860
28011
10960
35705
224
259
382358
678
0
37
0
1
37431
0
3278
391
29
1106
24
0
332
59
10132
6694
0
812
5
492
803
0
10671
0
1012
14
4160
709
0
9492
14
56533
398
0
19
933
18920
11
84
1967
156651
3667
154176
106504
3533
275
30346
42715
1863
21
85362
78890
2555
23
0
4574
1
175
57983
148072
172726
0
12588
0
22262
0
36410
0
12157
165592
0
3
14151
50357
110673
0
8
0
69537
0
14149
459
9
0
0
0
33
0
1875
245091
96
0
3607
37837
2716
30
167679
10922
1
393
22685
27
1838
327
3478
5
14
0
5221
19839
0
16
1639
49761
0
0
9663
37
631
0
15341
47228
0
395
13840
6287
44200
0
0
7840
86991
0
2
0
117060
19
39
38
13
256
3
3731
0
83621
0
254
0
418
13528
4
0
0
10
3893
3
0
26486
655
0
8776
0
678
7
3637
4
14208
23990
12373
6
2
11198
1193
175247
8191
12
2618
7249
0
9307
264
0
65232
11347
5986
0
0
143
25533
573
1
291306
1429
85693
1
171
49839
0
31559
1798
298
0
197057
165394
289
0
33
231
6036
906
27233
98
21
1015
0
1684
87275
0
223
7905
0
9544
1087
26
0
251
9
0
103746
0
447
0
148
535
0
540
165235
0
8
0
3488
1079
7445
13884
0
72568
448
188045
23191
4
0
8
0
78471
0
707
4021
0
0
4596
36029
29246
0
0
2028
0
0
0
0
13724
1850
42
3112
0
685
593
0
29830
0
149990
0
35
6954
0
0
232612
1819
0
83400
2336
0
2
0
134
3368
0
5193
9556
94
131596
1348
216
0
584
25
373896
0
67807
0
204
49
54066
85088
0
6
3433
0
119
27
587
0
2
13
828
1126
3
664
172
52440
594
31
446
30474
10
21689
123
1758
0
0
0
3612
25
65907
155
0
0
49
1
0
1208
0
0
53
6
0
658
40
0
56
0
0
0
4846
0
46
228
0
150873
7
265
679
13002
254218
1507
0
8
310
2674
104
2
0
12665
137
0
66
8895
7178
19491
2141
0
27508
0
126
16197
10
20
7259
572
3142
125679
32
753
68
113
9382
9374
17
15458
72032
27849
40241
13
1171
0
6719
90
0
38919
22987
28050
0
102130
0
520
234
9
0
33529
0
0
15
203515
28
1
0
6555
10280
558
0
0
0
86
0
21
5286
24077
108
1918
1816
5
73496
1
522
32964
8
3
144246
0
144
15285
2142
1426
2572
628
0
2684
734
31
138969
1480
18
5113
314
17350
3483
0
1
80
73
83
0
0
11429
84
4066
999
1803
6
8654
13804
73250
28
0
23208
7540
0
0
0
24
0
350
0
0
0
64
3082
26709
1519
0
11380
110029
9533
10020
96
0
112332
0
0
146
0
32274
0
3819
853
0
15
1
5630
0
113
1223
0
0
0
470
0
65
0
244234
0
67773
670
185
0
1009
5
623
1324
119497
45
0
322
101430
0
11
0
11477
52698
9
1294
3
66864
0
1
3455
4
281
0
6
78908
79
13009
79
43925
5
0
56229
4234
841
179
0
11
2520
152
0
7174
203
6378
0
168
13923
27717
0
106
1
0
63
1905
0
0
2860
385
45308
0
3261
289
0
0
254
13
0
3395
0
258
68222
1081
4041
782
175
76
0
18854
36936
202
10
155
117
0
0
1034
2
19
25
36008
84833
221
0
57
12
3160
381
16088
0
1
0
233848
1739
3915
108
12145
0
0
403
69
15
18
1044
0
37630
109633
300
0
0
0
0
0
111
5426
25
0
807
42
829
34621
74888
237
11569
39
1766
53055
1223
0
4113
442
220982
0
1033
52833
48029
46339
2356
1044
1978
9
23238
23893
1223
65675
130
0
25768
42
0
5
0
9620
0
828
0
0
17021
27
350
2
15823
21
18736
8
6369
1752
17
0
38
51580
2039
2843
1887
0
237
11736
15635
69
109534
110419
0
15
10535
1288
2
366
50
18
889
97
194
0
14
69
579
1715
24
3122
606
1525
2219
93468
84537
366
8
0
149
0
1176
0
2
7
174308
215375
0
11753
147511
0
0
5262
4
190
27074
89410
20
84
107
0
457
1679
15613
249
0
0
3734
61
1
0
50289
0
16550
44987
38661
106
189
82
119477
19328
0
154742
0
0
756
0
0
0
0
28
251
4
23
660
59230
98773
0
36413
5432
0
322
1719
24
3781
458
7211
2839
76397
134750
68842
60
37471
1924
0
188
0
31
1037
0
0
7982
0
0
1222
626
17238
23462
0
1152
65703
5
14711
0
503
139360
0
0
10021
0
117870
2510
2
56
89629
0
637
1540
2919
3
10874
0
4
0
44895
0
0
36
2404
66
0
2
0
0
2
27
0
48292
658
0
46
52
55
875
6052
0
861
1120
5
88
142584
78
1
0
122
489
85934
0
43
16
70
17714
0
19
11685
0
176
44
0
5
981
3751
187545
0
0
2894
0
2393
75524
0
0
6
2340
849
70
0
3145
71339
1308
0
0
1688
93
3
25
10
1096
1121
0
0
3169
0
2983
2
785
4285
6380
6343
0
269
926
51608
0
424
424
0
278
494
0
576
1110
172603
140735
6832
18753
83
0
104826
0
75
3
0
0
960
64
0
48321
0
30
0
645
4
40765
28963
32
76645
2431
75
670
710
25778
0
234
137
0
0
2901
412
220966
6280
133
6
2977
42
61456
0
6
1
0
32408
4
1234
1453
42373
34
195881
3546
0
149
0
7274
8824
126275
69
54323
9
7
1
195
0
123085
20
0
6104
0
1523
84
0
0
0
53420
154
21
9522
71
0
0
71380
0
1128
7225
60
0
19
0
5
3
0
140506
99
0
0
14
24
56220
872
2133
570
36510
8133
9493
84163
46643
8656
0
28
2810
0
1
1341
126441
1380
27926
0
148390
705
74628
67636
0
0
0
4
7
55323
13395
307
187588
0
59152
1351
4
149
119
78
11
26884
32160
7471
31880
10459
158636
199951
635
2
1971
332
4239
0
87
4198
1
65
1034
8
0
16
0
37388
16187
0
7019
107
4132
25106
0
12
0
82
16450
134
9
154465
0
0
119
5500
0
28
30456
79211
50
201
0
26565
4
0
0
0
0
24
179
0
155377
0
2038
1652
770
0
0
0
0
3
10
93463
685
132920
0
12
0
442
37591
1
7264
0
0
253
7541
0
1798
0
83
0
29927
292
6
60737
33481
2899
0
1359
1028
2455
33743
357
0
55
32269
113
2102
100
0
12
0
3279
0
10
0
11
3
76
63023
0
7583
177819
340
1
0
0
2
2358
122
0
0
9126
0
575
123005
32888
8
205
17391
37529
0
0
0
754
165389
2643
63
0
58351
0
28
0
15518
199
0
1
1
0
683
92136
822
0
0
4046
2168
151841
4703
136
0
46216
46761
2028
1433
0
107939
131820
23915
20
0
1795
0
5496
228
931
7710
0
7
0
0
235
80808
22
0
8753
0
193
114
1474
20
45
423
2899
288
0
2362
733
1033
0
131
28610
0
2
0
0
1099
0
0
16
21099
0
0
4
20586
152770
828
120
2637
9
1
13403
0
107
0
238206
3013
38903
0
444
0
1509
1
458
42
78
93
4320
0
12
0
254
42
464
0
0
158083
0
2706
92
0
65
0
0
1246
293
0
22
32386
17049
524
129
0
0
40914
302
3
1872
7720
0
396
0
0
0
6962
17338
131578
378
179
487
0
39557
2351
30033
31046
0
848
0
22
212
1803
280
46
412
169412
527
42458
3766
153192
30232
22
0
2507
213
2030
10336
1543
0
0
85
0
0
0
18704
0
30814
8138
3
11804
1610
17722
20190
14773
0
0
76
15
3904
2952
1
29468
112104
30143
36941
1327
3789
0
0
4356
818
17662
0
3336
27
58806
0
0
26260
0
190806
8
111895
673
39446
70489
5945
880
1239
686
3
178
537
0
1769
143099
413
69409
2
72
15
22586
78980
1115
279
0
25
0
1355
336
0
172683
0
25788
8
23920
6
398
149496
0
613
0
26
216
0
229
2617
26682
10789
327942
9196
2
0
2528
0
2381
5888
56
2371
35
3689
38
0
0
3548
260907
4
5
875
2940
75
39391
0
11237
260
12
0
0
0
6469
271870
0
6
144
12
32388
5914
9
4521
955
16354
0
358
6834
3881
0
73925
120
71986
11835
139288
79
0
26597
113
2792
2
3969
0
7702
3974
19469
33
22
4568
0
0
0
24
615
2199
29577
24281
449
0
0
0
101886
2
0
0
2469
52300
12786
0
178636
0
0
7550
0
0
0
0
12
4
35
69
24459
31115
111
0
0
0
133756
5654
0
275
5
0
22120
1832
201455
9
89396
22
0
16995
309
74
265
0
24794
4
21620
0
14
2077
66
27
39
4678
18
73950
72
8615
1075
3534
0
1046
124621
0
1
20
0
3231
3
851
532
1
0
4
1131
137
0
0
0
19316
453
141478
0
39779
16
2
8202
100
1
25942
0
158
5
49272
36
60
0
926
0
259
18
0
928
0
211
0
16180
129352
10717
20510
1395
1303
1261
204
235
41
178
325
16190
1490
1511
855
117
2598
116317
0
3834
0
136
0
119
671
0
0
3300
0
29
4833
12994
183
73
0
107385
30
0
44
0
79
128110
586
0
483
0
721
53
525
0
45359
0
69
5241
401
39516
104
0
0
0
816
247
141877
0
186
122
50
21793
1
4001
40
21
231
1101
2
28250
0
0
186317
0
2
0
0
88
0
10809
3
926
59224
0
0
0
95
0
189686
3961
20
389
0
0
0
409
31592
0
0
0
17
0
4
0
4
134770
0
0
232832
11
29362
6084
0
4953
505
223
60
6875
0
4
2
0
0
59890
227
2
38
698
75
26391
0
10
142
10829
0
0
1665
0
0
0
160968
0
4
74314
1
0
5
0
11244
0
2691
143582
297
1219
0
4
163
21493
32568
2
0
22
953
84926
1687
41392
12280
49081
25833
877
0
50202
66
1
63
4
5098
97
10446
687
0
134
35
253663
0
56
2
19088
24
15822
1667
0
3810
7
335
188
20
15553
1183
1379
61
0
0
0
10438
0
85
7383
1096
80015
36138
0
14
1317
0
269062
21556
53
2
24937
42
409
22
4071
187724
1194
106749
994
613
0
0
175672
0
0
188501
84
49017
0
0
0
25
0
183
2
0
0
0
16
94
961
1348
0
2871
0
21762
22
148
10
5566
155607
0
3431
0
0
145814
0
0
14042
383
35774
180
5
430
325
55699
965
2
1712
11042
10
0
4156
44349
0
68163
0
0
0
530
46
0
1026
12
0
35638
55895
11883
95
3267
617
0
0
2870
0
5463
3212
420
34137
1266
9993
145
2451
0
0
0
158
98
0
106349
168514
26
267
31
2231
0
1608
143
10220
0
0
44
191179
0
0
313
0
103707
3077
0
3
3145
0
26695
88547
4203
12382
4510
0
950
0
0
86812
9
7
158497
177385
37161
1785
80882
270247
29
3959
230883
0
38486
1
15
0
971
0
0
33186
29716
0
434
4196
8
303
17
83305
36684
0
13
3556
0
130
32
102
17465
389
3769
88253
339
24
13
277
2
6016
0
0
182
22128
94
164104
0
689
173440
0
0
0
2
0
754
7
7600
0
588
0
0
38179
41870
497
1222
41666
28658
28578
0
732
95027
3032
52
0
3866
207
65306
107
12
3416
0
0
2071
6
38
64
4497
38
0
111509
1
1335
0
0
584
90889
1
4942
14586
7139
56
218
20648
81
48732
499
126
65
94975
67115
170
1390
0
1176
81656
4441
284
3942
26
255
153
0
285
50
802
0
7277
84351
5425
0
821
76
2792
0
0
158
9481
0
6389
811
5448
11917
20330
186
199
145
224956
1005
149
2491
1441
7790
0
105
0
197
4209
0
199594
43
22027
17
0
273
0
45448
318
94228
280
152044
0
1978
0
269
808
2294
85
6
0
21477
5
93408
2
51793
765
154
60
1
7
86
60
78630
859
0
27
241
7362
735
117520
39495
2289
35
8474
87
24330
0
9
6
3
94017
13149
0
0
0
5889
0
1123
3700
155795
2926
337
961
110511
0
18
243
93
725
119
12425
2
97
17592
125251
0
199235
64184
3329
0
41
0
52501
42
290
14198
288
2
0
0
58285
187
5041
2
25333
0
76
37
0
35814
36
15809
7863
0
757
0
572
249
396
11110
0
41
23844
0
0
300
985
62
45889
47146
33
101254
3915
0
397
4515
5
4662
10002
1400
13278
0
82
5
23000
0
2
112992
180095
214335
240
0
4880
1521
1
6059
112
53
0
83
0
0
0
3
93507
0
0
45466
147
0
286
1140
3052
0
113
376349
0
0
314
0
0
285
93709
0
540
0
0
0
815
0
154706
0
56
1
0
0
4295
29313
0
37921
5
32
4355
2435
4
245
172
48
13187
10469
0
0
0
114591
72917
0
0
17772
28748
198
6254
81991
2
44169
2
0
0
0
807
171048
0
0
11
28604
0
215
87390
0
31710
15434
295
4560
1664
0
11335
0
16
16
0
60
82
76
0
63054
9
98792
0
8317
0
31
9
9231
1448
165
1407
332
0
2775
38
0
6
0
2
1
0
62
9
10898
2538
0
0
10957
273
0
259
173
775
0
1885
13
0
23069
1801
0
600
0
444
12090
1228
0
367
139
1
0
0
79042
0
26174
1746
1250
0
12
21452
755
1613
1550
0
42
0
96898
11
7
0
31
169
1
3
19
85038
134
0
0
945
6787
3
113
28
42401
4988
0
28033
43573
145
0
4542
6
9
2
745
54433
10427
49
615
0
3738
0
1
93
40
69863
129925
4790
133151
91
31
2064
42
0
11410
0
106674
0
306
0
21226
12624
153
64
31
1045
289
0
8491
1888
2013
0
0
24
74538
0
28
92299
1114
0
4004
1
21
11020
235
30755
119790
62
2079
0
37998
311135
2334
170292
0
0
3467
219
24107
7
0
6202
0
40
50
32
6775
5823
15
0
0
4
3444
3393
1569
32722
562
0
992
330
499
0
62177
111294
8
65
1
230
4
0
125779
7968
671
0
528
39999
6
0
4851
3044
3
13
0
672
2648
0
20
77
20135
0
7490
395
7
14977
29
17324
7517
11
45987
0
0
5252
5
0
19
2848
0
2287
64082
5434
734
0
0
0
0
12704
414
2
115
0
0
302
61
0
0
335
0
2202
33605
0
97814
316
1372
34
638
3
41
14633
8
0
1793
0
6362
29908
26529
138526
20
16108
0
21170
27809
7290
40826
213591
45
0
0
94933
11
376
0
0
10088
127
0
20
18
80542
6
61629
39
233
4
0
75
4368
791
0
0
0
299
0
31
20
96209
18074
32914
0
5565
43
0
0
111
127
62030
0
4774
0
669
42
0
0
631
0
18
0
137451
703
2752
31109
5491
10
549
26
6236
2125
280
292
0
0
16
0
61
2087
0
242756
23
2454
1
429
249
0
0
0
2
1451
14
8
51890
28
0
7
3
0
7
25
0
2085
88589
0
118
5272
1327
0
0
1238
698
11266
456
19
37354
59
113391
0
580
66313
2622
0
0
0
157
0
850
6497
21
236
40166
0
6654
0
5600
27
0
261
0
1667
0
7988
7
67796
214
40107
0
4310
109
89
2
37
1658
0
0
82747
5
538
1452
13
4524
295
0
0
29
5807
118375
1464
0
150155
78
144
0
18
114449
5462
4007
7
78
502
5470
83502
3857
170235
321220
854
1431
236238
0
5528
120363
27
139
1145
0
0
93827
23
65
3
7694
19155
646
6211
3
63403
0
5850
61
321
0
0
1280
15071
36067
0
0
14929
0
1137
18
3
7
61084
77658
599
0
0
0
175
14194
3
0
0
106
0
1174
7
22471
103
2640
0
0
118
793
11
146648
270911
324
2
141
178
122766
3543
0
0
0
18182
317
85
518
9
39
245
51
39474
15382
39489
3069
78059
745
16469
119
23
1
13003
5285
0
0
84
0
3
108249
231282
146690
0
245
0
41211
5458
29
0
13
596
1455
2
1452
0
50613
53397
450
3
0
4056
7513
7177
1645
20
0
0
54
5469
1894
1452
6
0
132463
0
22129
0
0
129341
2
251
0
4936
11
0
14
0
155606
624
0
15
0
117855
0
3843
216
13
764
1782
185
1367
72539
51202
3
6141
262
0
146167
0
1
42
154659
92807
181
15164
624
9775
0
10056
170
7
0
63458
206
314
136180
120
85747
12194
1
0
418
10
12820
3792
0
70
1203
5133
0
777
6
132480
7
0
196
1
0
4179
190433
1143
0
0
0
2
18
465
0
0
90
0
47
10156
49160
3773
1
0
59
103
72339
1233
34
1
0
0
125
53136
0
1
0
1043
5
0
32
4684
16
206
60428
32
126
0
61
15111
1044
9
773
7378
8411
46738
0
366
0
0
6841
15517
51031
6
0
390
0
118
316935
0
4404
48033
0
75345
76
0
319
82194
4
238
7
3
106832
0
527
0
0
0
0
212
423
0
0
13567
259
3097
0
0
0
0
0
367
7245
186
3158
1060
10636
1812
365
0
3994
6797
180
29
0
883
227993
21
34
20792
54796
82
2177
962
22
401
25425
61
3
587
0
0
62713
0
0
95081
16
715
149
11133
78
0
396
0
2
9007
3452
0
70
376
45595
4
152664
0
147763
0
56
69437
53
0
1077
73129
20
4493
29313
186
0
0
449
0
0
15267
56220
60
1617
97
0
0
0
89
174402
153
83
0
41420
5
5
39
5188
0
35
0
0
3534
3808
5007
0
0
0
0
15772
0
115874
5
2577
332
196
245833
970
0
0
34897
36
0
30221
998
0
0
157
30664
11
124
0
74707
161900
100446
0
511
0
0
0
19366
4225
11
0
0
2
35
6451
67730
40356
13378
3081
32007
22163
306
3
24
127
0
4367
4752
222
2
0
133186
11
88367
10713
2835
25947
1035
4
3096
21103
589
1211
7
1105
102125
6
0
2592
470
469
3
0
0
18154
0
137
6
14682
0
468
198
2
168814
19291
0
71
394
76
0
33719
69
86114
0
11
158
55843
9
0
0
80
0
19640
53
0
126
67
59801
135116
0
82195
0
1
919
481
18515
1
19
0
0
308
9886
177334
100
10320
10074
3
0
1
365
37
8669
0
58713
3719
12671
6418
90139
90
66867
0
25
47
354942
234253
4432
406
7
2339
0
0
11531
20188
35
92
195086
24
1246
101
5117
1649
172018
0
0
3482
0
0
0
22
6557
36208
106603
2652
1228
0
0
295
11814
558
56
1634
164
428
93
136
95
1259
45
161
593
0
0
327
7
0
0
67
131985
158
3579
0
0
140
39
0
130
1970
118277
0
0
1956
0
46
0
97
1
176
1
0
0
415
69971
11961
352
4174
60
694
493
1
170
2
0
6160
176017
0
14
157
0
1068
4
308
35221
105
686
63
295
0
396
0
0
255
397
4489
10532
829
0
17
180554
767
1441
2196
17440
1271
515
167
0
1939
48028
5398
0
74
2
1056
0
131445
2605
14165
0
0
126252
10433
0
0
124363
0
42455
47006
14434
179
0
93
90
4
0
9793
2
36
39174
131
64638
18268
7863
42531
636
41450
825
36
22
1
0
193
10
9107
5
100
166
4673
0
3305
602
106
2
0
4742
35
2374
14
760
0
148
0
60413
3
1628
1408
0
115581
0
3
859
6183
32
1
69
9
102
76
0
13967
232
15
75
0
0
10907
74997
0
1571
0
1164
23403
31
314
0
1393
91411
0
1039
2
11
77800
152045
0
0
2276
267
76
36
0
256
1112
0
3030
2686
10821
12204
22
491
226
480
0
0
0
0
348
33226
15569
2393
0
0
108916
23
798
1
43577
1467
348
0
11118
0
0
107
178
0
4948
0
0
253
22787
2
0
197
156818
1668
9523
219
0
653
347
0
0
27838
0
31758
18524
589
62091
0
214
4816
2696
4647
0
0
0
0
0
77169
123165
417
0
3
0
0
585
76
5143
0
0
1
52
112570
44581
3
6
2294
113
0
0
0
0
0
44259
122735
0
6
3
0
337
22285
0
266
0
55
0
14301
0
496
425
3025
31849
82
120
0
19556
272
299
10582
0
22156
0
70689
167344
40298
0
0
85190
36878
0
3
8
5
26239
36
13416
19
79138
138
0
835
0
14088
7538
22997
111
844
1734
8
0
1679
1089
80726
0
5
3
27872
131332
1279
0
53691
141142
1
22
2228
0
15522
10
8047
0
72553
0
949
252
757
0
188
14
1
207
461
39759
0
0
709
1
22253
0
36
593
0
0
5892
0
55
15943
0
12
5
3
0
15
1974
27
942
1031
3333
0
6146
3
6732
0
0
671
320
0
0
0
59040
0
2
0
50
3
12183
0
0
0
0
0
120
0
0
76
122
68
258459
62
126
0
51612
13641
0
113
0
3272
1913
104311
8864
2
0
17
0
90
0
0
71
1889
127
501
140
5
0
12
49
0
50434
460
2
0
46
1
0
54828
1
10400
573
0
0
5
14261
3
164255
0
334
3
0
2575
7771
3351
0
411
4
0
2551
5849
10
11
17
59
130482
24
13
27673
18
0
0
10126
11
28
100770
22
37
0
5044
80
277
32581
6006
11
0
0
113350
6385
10571
23922
538
8
0
0
78
98801
13989
137
0
0
79
0
149991
27967
495
106311
5
5441
100874
54
0
68
0
331
10062
5826
0
4567
743
57
17223
0
167847
50
0
1801
366
0
46
115155
0
162113
172
0
651
11030
0
0
39415
10399
3
6
27738
254
156
187
1023
0
16
0
0
0
0
1544
2
5598
0
3080
22
2
40246
344
0
165035
273457
8140
206
41583
558
193
197
0
106680
0
0
0
96
0
1812
60
6088
0
0
368
1444
735
210
0
178
3168
161
0
2696
1106
295
0
94875
105
0
3580
20
55
23018
542
0
3366
10
99407
147
0
21
0
844
36572
1380
3997
228
171
0
1991
0
156
32622
21250
47
729
87
4065
105
3648
1
0
0
0
0
94
0
1
0
340
176319
57
34017
29786
40
14055
294
0
0
462
0
113000
129051
62
153
0
436
8650
62
120
132
5
0
0
0
57002
705
126485
69
7
3544
1395
0
55283
53
55664
4298
377
1377
82
0
46
231
38
0
3
92252
0
42272
10812
0
3384
5
726
91613
47679
3333
59
0
7
40
95
18
6908
20343
7715
20
85550
26720
27865
1
5033
2663
0
256
0
526
143578
873
0
120571
120
1
54
303
57651
10
28
0
2675
0
26409
0
257
1861
0
133345
1795
605
1180
793
5203
4619
277
4
13
219
54069
20
487
509
0
4676
21759
0
326
0
0
331
0
103650
29486
0
56
219
31
13
0
45
5799
0
213009
66
203
0
0
242
8412
0
0
0
808
0
191
1118
350
0
67308
3015
86
647
884
52
14
176459
122248
59625
276
0
88527
223
8569
21625
0
21378
0
136
0
1
0
6
0
0
32077
12066
14389
17
0
33259
0
24214
94
2
0
117694
184487
14
84
0
49
8427
0
297
0
2929
5621
591
21571
677
3
389
0
0
511
0
93
52666
14707
0
149
0
5145
5237
34
177
76073
1046
1519
0
0
0
4938
0
1720
2
0
107
39490
175487
0
90702
925
785
893
80124
3547
0
15530
16329
0
20
9168
115337
11681
0
121687
0
3458
40543
0
1421
252
0
3
58869
1229
540
0
0
629
0
2597
0
0
169574
85
8983
24008
32
5
2090
8911
4184
36
592
2341
196533
37019
18
0
11
2681
274
84
0
243
182705
2352
3071
0
34641
1642
145890
0
0
12422
0
75356
39
708
0
671
0
86674
3
268
4293
11047
6078
47793
37
0
0
29
249527
80478
54992
124
2
2346
137926
0
77
424
5100
0
0
8095
0
70033
0
171405
408
32
0
0
0
14314
45
0
11793
11156
62837
7214
20374
151
1
5291
1121
0
13
417
151889
7604
76937
0
688
213
0
49501
2
3641
13498
50400
102
0
111610
0
1753
33
63237
8918
973
7
220
0
117613
7298
108587
62
6169
92
0
5
58486
0
25355
4
611
0
85
414
43881
12479
77
89
0
27
641
1966
9
53
0
86908
1001
1076
1868
58093
391
10956
0
79835
1388
0
15157
590
2528
0
0
0
4256
0
1
2
0
394
0
21
27379
0
97474
1350
58385
5132
0
2241
76107
19
317131
1
0
37312
13
15329
6413
95
6979
534
4
391472
20
0
300
217
103974
118
220146
67326
32861
227714
0
0
2266
5
5973
102888
494
140256
594
0
1
0
271020
312
2079
0
0
4349
141
1
59
50
7269
1566
35590
22
143013
317
0
2
10241
118
0
0
0
10021
0
17
84
144877
985
235
9859
160
1414
458
221
355
0
84
11
47
0
0
138022
33
90053
25494
5853
20
36002
25798
13
33
260
0
133552
8514
7
38424
196679
46320
3946
3
2958
186829
78895
45
0
55
6
0
85
2255
331
15084
12
54
0
458
0
0
0
761
9266
0
44
0
865
6907
0
0
0
1425
1910
16973
24
1073
0
21685
0
16073
0
5309
217846
121
62262
0
353
0
61501
4
20525
23554
2128
1027
0
0
0
4643
64
0
6
1118
30
4654
222
248872
29
3218
0
63
110927
13
5271
1211
0
22759
0
20957
149489
167
113
93896
11591
0
781
176
0
13740
1368
9594
6083
156
340
2
592
0
0
169
0
133
1456
175
2049
1632
1
0
44253
2
9
327
0
47242
67
223456
56
98383
145
245
0
0
269
0
2
0
792
129
344
1617
6454
51
8787
0
4
50
2249
188
36448
14
2
793
0
32959
12
30296
1
6693
1175
102
44652
0
0
4
772
27
49590
45219
8137
2
151
2150
0
2
0
1678
609
5464
784
2434
320
34
2772
94947
617
72
2441
74793
0
0
28771
0
1542
1424
949
0
5620
87522
121897
210
717
5726
262389
43686
0
31093
5304
12
0
0
13748
167273
5
0
0
2760
58633
298
12328
56875
69069
137
74152
3345
973
38032
0
820
40
49
0
61
412
329
10
0
16
822
0
0
1
128
2
0
117
0
57
15071
0
2
0
213
0
26074
103576
0
127
0
0
367
76
2573
1691
82799
1533
1
6
1655
199926
0
33897
40639
30
216
0
52
12
257
17849
184
2
31162
2590
9
54
10
55172
0
2339
14877
0
0
0
9061
11
0
0
142
0
111158
50008
0
309
0
0
1294
0
94206
11991
96827
418
23567
0
0
11203
0
3085
0
2
0
255711
5436
37
154773
0
27105
3093
33
40950
0
3269
0
0
0
86375
8
35
2945
1
156
107188
11
106
788
1473
0
135274
0
46
13933
63
94715
70467
3
12078
381
0
0
4981
174328
0
3
12
1
795
0
235
0
0
0
34680
37438
49
147
19250
0
13810
2211
2
32590
0
45
827
217
3
144299
601
158701
94326
2
7111
34425
21
33
5
10
6263
69
1181
37020
0
6171
19115
0
953
180681
8282
45
55008
5212
1680
148975
98560
13
99
24651
65413
0
1059
0
377
0
533
185
3569
14
0
61
88306
13
0
0
2194
0
1
2361
879
6
0
99
0
3037
0
16317
0
0
0
27
30539
0
0
0
95
0
18561
85851
0
36
90332
46
64
3361
84587
33
5868
3
618
11481
349
0
579
0
0
2
2891
59
4683
37296
428
0
0
0
0
0
833
466
20873
463
0
1
2753
7
0
9150
10390
105226
101271
3
177
148294
13976
0
0
2588
0
553
0
286
0
10737
883
14250
5520
1579
215886
0
114860
4
6142
2570
13240
0
1007
0
91958
4827
4007
4
474
17
263
178398
2604
59460
11
0
0
2020
85
0
0
19
568
208311
2
0
0
0
22487
28
0
3265
10629
20364
19
208
426
0
485
76805
1436
1490
2
113
0
578
140076
2781
0
0
58550
725
100
17664
54
0
3206
2220
0
57
6
3
226656
142147
86302
13127
324
119102
0
2361
0
12
41829
23273
3
1
4972
180
0
1
0
65
1510
0
3078
476
11191
51207
129203
15701
3
0
3944
355843
35845
327
31
25
96
16368
0
3
113092
18
95825
12288
2
29110
0
2154
80972
188
0
68327
137747
48436
0
4989
985
0
0
2
550
7
1871
0
0
38
396
8862
33275
6012
204135
0
101369
6
137229
855
56786
334
2815
478
20
0
541
0
0
0
0
12
0
0
130401
8570
130
34
891
8378
6731
0
11286
58809
9
1037
4
82501
157485
22
13
3758
1823
3
3
2
115
0
50416
0
0
3069
90778
0
3092
0
1
0
195848
0
30353
207
51
37
11399
0
2636
0
917
0
275
7183
1210
6976
72642
5114
20375
0
0
42509
88
0
12
53
16259
9
1909
1
55
1
10664
0
156
0
1
1960
4
39222
6632
46
0
8
146
1916
162707
2037
280
135626
2666
7
885
0
396
302427
0
0
0
0
4870
120699
143439
1
786
0
0
0
0
2546
0
35359
2985
9
7
0
0
34
372
0
38
0
3985
0
0
3477
106442
96534
39
7
0
41
0
172
1847
1457
70
68
0
26295
0
19
1968
1061
22332
24
122243
15
0
136
1237
2709
1
0
216
6166
0
5
1816
6229
68
162238
0
95212
0
187
492
56
0
6
0
127547
0
148
24
523
55032
83172
26
2819
47230
120832
1042
2491
1449
0
84925
4123
120909
174011
107767
40537
1487
36
3243
0
17357
30631
0
1205
1
37
24336
2868
0
4337
648
0
0
166
0
12349
0
74498
0
5302
9422
10404
3961
33
12904
3892
0
25
1032
698
0
3939
174053
366
26142
66947
3933
592
116893
39
0
963
28002
0
553
0
14753
0
0
2600
0
435
0
17894
0
2023
297
450
0
35477
20599
638
0
48918
2569
40788
1
5172
34952
95
0
122001
0
165600
2
0
904
0
0
299
0
0
302
12654
2
1052
25785
659
0
141
18073
51737
0
1664
0
1111
0
94119
0
0
588
135
33010
39
0
358
31
74
2047
0
23191
19
63325
626
7
0
2849
90238
4310
20988
386
26
1079
6
0
0
500
92
0
0
0
0
0
90213
1171
32345
21606
0
3
0
278243
60
1952
0
0
0
4140
5438
29331
47639
222
3
0
66
0
0
15
0
432
898
9665
0
8451
0
107
0
0
0
0
8
22852
210
108
15215
0
16
161972
0
10481
77
0
3
0
0
9967
368
77
5960
433
47867
20155
337
36474
2
0
0
51652
0
5729
12
62136
127420
4792
57
14
4985
121110
159
0
13709
37779
0
0
40602
0
0
122
1433
211
0
1
0
1982
0
0
33
8674
1164
5768
25
14
1200
1307
18540
0
58291
0
0
0
43
8
0
6282
1652
0
0
1496
1059
0
4098
15
12
55
2793
8066
0
0
197852
3817
152819
55373
932
104988
4560
160
73337
91521
0
4
436
9
0
102110
1642
0
0
4291
25
76
0
0
0
26490
30
2192
855
25894
0
17918
19309
64
18
66168
62441
0
0
0
68
441
618
205
6
2965
663
0
0
8250
25
6043
293
0
11
0
0
62
2
25
1875
3
163
0
0
29
61
34429
611
47
553
23
0
0
65668
1701
0
0
387
15
0
123
3536
74
1602
0
0
15441
3148
2964
151264
2185
2367
2477
0
47
9738
0
0
5746
26369
24870
6991
33818
1
4
3
280
36
1755
8273
158098
578
792
10
0
0
1328
0
14
2596
71
259
174899
251914
0
143411
20952
70
0
7
11901
45585
0
417
20516
291
0
1
35
202
186
2
0
36
1563
109354
1
363
4
0
1530
84740
11006
16
7443
185
12
0
667
18617
7513
173968
209
0
292
696
3493
0
0
0
4
0
1158
0
6696
41
201
1054
0
252502
31
0
7
1830
4
0
21100
203
1
74
13
13448
45
0
768
0
0
259
48
0
8299
0
0
0
1159
556
0
3
991
0
15
4146
743
327
417
0
3996
3548
0
1658
45
0
45
0
6
3
280
14
3169
1
9
0
19893
16740
705
2780
0
53223
30
886
0
0
2
25756
0
5362
0
13
32
8833
8821
139
151
50
3
12216
13171
0
6640
135423
8
89
0
0
0
489
429
189902
13899
8164
43
31394
479
970
4283
27
0
40
77
87
137
391
169007
0
122
41
85619
472
34263
77
0
8132
137724
19
0
0
2
5915
33596
2642
0
488
525
29
481
1959
0
248
0
99
0
2218
6338
19262
4864
13823
55710
488
35
0
7331
95
314374
553
0
603
960
1
43
0
0
72
27249
3
525
0
62
27
0
559
472
13637
11465
57
116844
244
1868
2885
53
3
0
0
0
22
0
99586
169
894
276298
2
29532
2
0
0
0
15839
0
1
275
22199
0
0
0
0
560
487
0
0
0
59
1
11
194
3843
46
10
18
0
16
0
298
0
222
6925
189105
536
23982
1130
1506
716
17986
11
1846
17
1518
252
0
4
47033
19495
36
34400
0
22
1361
280
49599
0
1
504
0
0
8
0
0
197
0
0
7210
32
0
8767
0
549
52942
222
139
0
571
37
55627
107163
0
54217
52205
4056
1
5669
0
24
131770
10356
20023
0
600
329
1090
0
8662
455
6
0
1
0
0
0
2
0
3
0
605
0
2564
46775
241
256435
23319
2598
2782
401
50
75
0
218
3
0
1644
518
472
238
0
384
157
0
453
1101
88
44503
44
0
345
2607
13267
4674
43198
1914
1507
3
1521
164
46
2119
0
74696
13
147365
278
725
0
0
4975
19
0
8421
0
17934
0
53
60
0
218
385
3850
7
32255
13670
16449
817
232610
0
184596
131
0
125
0
378
52145
153
26829
4171
16906
83638
18
51
60
0
453
1708
12
1194
118
0
0
266
1763
543
252
513
5558
412
646
41
0
8
201589
27
789
20290
209508
27049
3929
38
108
6474
137809
0
1503
0
2
18446
3107
12202
0
3128
148651
88
6667
4
0
17
91
0
37
0
14890
0
7949
85430
200
16925
3848
0
10
0
0
0
569
0
50
0
11
57
0
373
0
37354
1085
0
36935
0
0
0
536
0
0
154
4165
0
0
0
127
0
89488
0
0
1692
0
2017
17521
254
0
1
16
8440
30587
0
25326
3810
88660
1
19
3
3
16781
1377
7786
14
100025
4019
17080
143671
0
9
0
0
177
4368
3
0
20
0
5804
0
0
0
0
7
2662
170563
10628
75811
0
1019
61973
325
1
5
49
10
0
14677
0
13
1122
6
132504
2
39
0
0
109940
89
660
1482
598
49414
0
81
399
1093
0
4590
6138
4695
40622
105
0
3
0
0
0
1550
174234
69663
0
28790
17
50420
7977
280
160
63930
780
1
60
4588
48
248
0
0
2898
573
1183
0
2588
60
263
0
551
637
1073
0
88219
24
82855
265997
40
8319
109
178870
21
0
0
8
0
20473
147
76356
0
452
0
1998
10
7
28307
68296
229978
47
74335
191347
0
508
0
31
29824
8
0
14619
0
0
0
37
0
0
32
0
20
10
84265
0
3
203
327
77607
1831
1472
80
20391
0
0
42
104514
50
0
104
74
662
204239
0
0
18
0
0
21
0
4584
154639
27716
0
40064
1862
577
14156
189772
938
92
15457
83095
3581
33
135
5989
0
5
63
1081
25
1133
42
1176
0
4937
2274
0
24298
153
167
67126
0
0
395
79936
0
3115
4334
20114
17022
10
0
15
552
4823
4627
26
93223
46478
74466
769
0
11329
0
267
439
636
1419
8119
3061
17
148346
124849
7
1473
2909
409
0
3317
8382
9021
646
0
1857
0
10523
78046
3042
0
155
363
1309
9370
15692
0
0
0
103
4149
0
0
0
28
574
16755
54416
1187
0
1275
4
0
0
1
11
16463
1
9790
202939
0
2780
653
0
201527
2078
3
0
0
5220
117831
0
9554
0
0
104266
268
0
934
1934
0
0
67
599
0
733
5
534
0
0
2102
167
173864
27
3874
19551
133
22584
290
369
0
17
92
23116
0
40
0
38945
3
2176
316
170
2897
0
317
0
2759
115
5595
214
44546
84
102
60675
86
27260
0
40
1571
0
38861
0
33
14512
3
0
1000
0
52
0
0
33356
0
19662
155
149870
0
84
2270
0
20120
0
3671
38473
3949
0
0
3
35
8422
40
0
11181
0
16178
25190
0
23
1445
757
6
46953
0
0
51567
27
19
212
0
0
23
334
20
0
0
2
6
0
44
2702
0
26433
59316
0
1811
3592
10625
1666
3284
810
176
2268
4
2479
4494
26217
125992
3735
10
17
351
0
152
40
0
42551
467
12057
1008
3122
20457
129
15
0
208
412
19348
0
15
248
69504
346
590
19
1234
57959
5
35008
45
4607
319450
0
34408
5817
114947
3939
5
202497
1328
917
561
2078
0
153
18
0
0
2954
250133
0
9778
11
195
2418
913
1088
0
13
3172
47575
0
15517
0
0
93
2
0
5552
12655
0
0
23
92
151205
0
2
191
0
229
11
0
0
4281
101589
13442
6
91
0
94
0
64985
531
23745
63181
433
3425
12
1081
1734
29856
26
0
711
0
0
23150
721
12148
855
0
10774
1
384
0
9
0
6
22835
158438
0
0
0
120
34218
30535
181538
8937
23416
114082
25
60372
0
3185
0
22868
0
784
32379
1474
384
1
9
157
16
0
217561
354
0
2663
179601
17802
0
6063
51775
0
0
14
116
3
0
958
11701
1041
133
937
329
13
0
0
12
1
60312
20022
156
517
41
79549
1
0
66541
0
0
2823
38976
174176
67
0
379
14073
92
0
0
6276
0
12869
0
0
7775
392
20
0
196916
202557
1
3212
73729
0
13172
0
15
501
144847
37607
0
1
558
1635
0
0
0
234
331
0
6757
167
764
186
4320
15475
0
0
160
261
363
0
9
0
4859
66496
2
3495
0
8260
0
176966
55
136
3
483
4940
0
0
25
1219
180
132918
4513
500
0
157745
0
31
3
181
0
673
668
1113
27671
0
1
0
134
13
24426
63252
138448
9
0
601
212
853
22514
627
0
37
9560
4212
3
203
188
4668
1058
4
3092
0
0
34
3264
263553
1262
3832
1379
42872
2982
533
1516
0
1047
0
0
0
0
15
0
6395
0
7018
0
133
1518
30746
103908
76940
156672
0
201
2005
836
257556
19677
15
0
179
7
3
101576
334
74719
295069
0
180
0
7
5707
336
0
701
0
41993
756
1923
5106
6109
31
46
8026
28
332
0
171
0
11
12
0
0
0
0
0
0
255736
44969
46
211
0
0
173
69
3206
14253
0
2
2750
8
970
56
18037
7
0
11470
5781
51196
0
3568
44750
2
18
173
3
127741
4
714
2770
7187
0
11230
194
367
30
17
10
37
627
0
23925
0
6534
95037
37758
48339
1845
2339
429
0
143
1023
891
10
0
819
0
1272
255888
659
1351
0
9
50
0
1197
45060
58
918
265
0
8
0
1972
57485
120
5
0
154
454
299
3
423
2892
47642
1492
62606
89744
0
17
7
2494
39
99511
27
1492
8
26
0
0
477
567
1749
61
71990
121
4
84154
11
268
0
12
0
0
272
5981
0
2044
0
1486
65
11
0
636
0
17
2048
1
626
1715
25
0
0
143278
5463
47
1843
51482
0
3247
0
0
6428
2
0
14927
4702
0
2456
0
31
25
48
43
270270
3
3
12
141
0
4211
0
53080
0
1281
811
1
92
1266
0
47
0
0
2417
16726
0
12
0
2927
420
43
113459
66
63368
0
24
6480
0
0
86
0
4
22831
380
3827
0
7
262
0
65334
7858
0
4256
0
205738
10190
0
18016
14
1
67216
89
4
0
60247
25
0
0
0
102890
0
1
716
29
761
18
13361
0
0
451
5
457
11726
391
1157
10631
526
0
0
0
28710
96
182406
655
10260
1999
0
0
33
193439
0
7690
147034
0
103738
306
2
1
3466
0
182231
102
3
0
999
11
266
31
59956
645
139
716
33248
111
0
2483
93
0
0
25
4355
704
18436
116
8
0
0
0
0
1379
0
143
42124
632
37570
81
1
0
0
123
2148
71
0
24307
2282
0
0
0
3649
1357
1521
0
175
123
17895
48
1024
0
0
905
805
197773
0
6028
389
765
19627
5
0
30
1255
5013
22707
8458
0
206
2369
9357
9
909
1648
0
2
115
143520
0
45818
0
102
17277
0
1038
0
3
0
5
7
0
1
7
1
150
41
203483
2662
18964
86
4
0
0
0
0
114022
16
82230
1733
0
144
124
574
291813
4350
127989
366
105
70904
16
0
57
10
42
0
0
1895
127402
24512
37135
234
846
10583
28
842
438
168624
539
0
330097
80
0
89775
0
161
0
134
5824
105627
2801
14
29
19409
20512
11
771
16081
165950
11606
202
277
0
16358
0
5
2
0
15039
279
11854
680
2545
0
0
0
1788
63738
58
144
0
467
27
0
0
31438
7
3601
105988
0
121575
87
0
674
8
42821
213
32814
323
1186
0
751
787
154557
0
0
6
15935
0
0
741
0
2557
0
0
571
1882
65
180
2
270
0
136
455
2060
5745
10
126584
1644
146
1567
123827
15867
126828
0
10118
0
423
0
9233
17
70
2
12
732
10159
755
0
95
0
93779
106600
0
457
2880
0
121
3842
0
1342
10960
1567
31532
999
0
263
1
95468
13727
150
0
586
0
3006
60
8735
221
5
117739
5
859
0
40
1
6
5253
3
0
2
11758
4461
2217
71
343
172
470
741
5
9
36
112715
27754
6
311
64
120
58
1
25
40773
0
0
3796
215
6062
259
0
445
2
1
694
0
1881
111
3623
0
25236
148841
4
18
104
10
0
4442
496
14915
1
2097
18
0
0
3666
0
18530
163
0
523
0
1506
0
0
56
32
3
1326
0
2711
0
36
15769
51892
100677
0
0
8
1
0
0
3
0
0
0
622
503
3
508
19349
0
105558
0
46243
65204
134870
273
0
12765
5443
0
0
58
0
2
6184
0
20662
136474
0
137
7
35
205337
66926
130327
209939
173
11652
0
1171
1948
7574
0
59437
0
0
0
29770
0
13
214699
0
0
70
20712
206
19
3266
3860
0
0
0
0
2
0
71607
0
0
13
386
0
45226
2959
63536
9292
1
0
1145
23068
6337
0
1928
0
0
0
189
15706
0
18
1
0
0
173013
5722
0
3597
0
437
0
157
94
0
1
137
0
70
7482
0
1
124
0
303
1667
0
20
0
82068
300
35785
48
177
53
636
4
176
574
3
210
0
22558
1078
33146
926
182888
4
3143
3329
156236
329
9964
3000
0
4824
0
0
8028
17546
2
1755
962
35914
6452
36440
6525
122
44
0
0
36714
18652
22
17
299
13796
0
6
0
59
19272
15339
693
3
29437
9
0
47
0
188
27075
34
0
1
328
1266
1
1508
0
72
0
12602
0
1
13
5
0
49056
5557
171
107
14651
32222
0
3996
24072
714
19
0
2729
3060
154775
9762
0
0
3897
7014
104211
0
82512
5
330
7675
46509
14358
5817
5961
0
45
41845
75856
0
0
26
253
12400
0
491
0
17357
0
134858
0
0
0
2182
0
66490
9
7049
11
0
3773
45137
64
97
0
60
450
1159
98999
18
12
25591
56320
2559
133190
251
0
0
0
422
47232
1
192
104
29
5
251
36
0
0
0
0
70193
0
16
0
211
61
42
53565
0
11209
655
9
2198
3738
27
631
361
0
0
0
12
382
70
140601
112381
1840
967
113
0
2528
1
0
100
12
183
0
0
0
6
116
4
0
9
2076
1220
2005
8
40
93374
53
63219
183884
4
69062
0
7
13847
443
0
10497
6106
36
4
81
0
1367
105748
57
496
0
0
21115
0
77988
0
112
101
3139
0
2534
990
0
0
495
135223
2129
0
20
0
0
14
67
82360
67
49
0
21474
8486
18
0
26748
0
3061
13817
197306
77
5
51186
0
0
0
0
402
1
52897
0
164
0
162
0
0
318
0
0
14732
314
68
0
1102
11809
51371
34806
79856
7568
62291
639
90
0
0
216397
201
756
107271
227
0
3165
174
100
0
0
91798
29
14
11505
1421
0
0
6
29294
60260
0
31
0
0
0
8
21
7
766
11040
8
5
3
0
30432
430
1408
3
0
52
82820
286428
7071
89
443
3893
4
5342
0
680
3130
170
82
1164
1
22
12645
0
0
26415
0
1458
0
288
58
50
0
0
230
117
2980
10994
19637
124
751
5
283852
1
9
2924
111
25773
76
0
0
0
12
72
143
22
145
3523
132432
405
0
566
35882
16
0
28
5865
162
1
6
2854
12
3
22793
91
0
895
1731
0
0
76452
85
56016
65
627
1516
0
0
0
45548
172101
122952
379
131321
0
86
11090
8
0
7840
51
0
0
65
2
3803
156
11
178996
94
47351
13
1228
2569
0
4944
0
81
395
7168
21
0
5701
8975
0
0
0
0
0
0
0
0
101701
5
22
12
5
0
1911
28
65382
0
38
327
0
0
131858
23048
8212
4
28
2
0
0
0
25029
0
0
636
59019
0
27313
69493
72
50
0
1705
9793
219
6842
5950
14903
9
45788
0
0
0
290
10392
55
744
18984
3
84
119
0
209563
0
24837
0
0
91
8275
3991
54616
82
77343
2912
946
0
73861
54358
0
198
522
259
0
0
4
8
2617
0
3843
17274
28231
0
31
1115
0
0
9443
38307
0
6
1137
0
13725
3216
4
61541
0
536
134948
138372
4661
0
210
209100
6263
7990
19783
22425
73
429
0
91
31
115350
210
21
11869
17
3
61748
66333
53338
8872
0
1
73
48
649
112609
143507
24393
2
30
8
90075
12
28428
35527
36599
1026
2663
21132
5398
1
52793
76269
0
0
0
1196
6564
0
8
3249
2
541
28481
0
0
0
0
0
1029
273
32359
54
0
12294
818
110354
13
2931
82705
6032
0
70438
133
0
65
417
1331
0
5724
411
7271
0
333531
49
0
102522
1
472
11
452
0
0
1644
3
814
5219
0
3618
13
0
0
0
10723
55202
0
73
0
14
1
0
418
127944
5588
57
35
0
55829
6
113
0
26
0
2
0
0
0
0
0
168
119035
27
348570
0
39139
20587
8037
29736
0
0
0
109
1
1894
60
895
714
6324
108
0
1049
0
25
0
14
824
0
116186
0
251751
66163
11304
2771
37881
0
6
47585
0
0
0
9
29544
0
50
186
0
24850
64
8
129
0
8446
0
248
0
251
1610
59690
0
80529
0
93
0
0
0
42340
0
0
832
4522
0
9530
31
1478
1
71
0
50064
9
94717
0
4682
0
170
11666
386
5523
0
462
624
87900
0
424
166
0
4
0
497
15
12424
0
52
4
0
2464
0
0
1493
262
0
19
0
1
2883
200387
8259
178190
0
3
0
1500
0
5582
0
11
0
74
3977
1682
6043
11565
114631
151
41447
226
863
27779
132233
158
68310
20626
16017
3486
446
187
20
36
279120
0
5889
6936
254
16
0
3422
140
22851
254144
145
320
28266
0
33712
10
4
14
75494
489
0
10227
40880
55119
4586
1849
22
329
28971
3366
352
0
30649
0
3236
0
358
247
51
0
14069
0
54
13
231
0
219
122
178392
20
3
1566
7464
0
0
35840
46
119
605
1292
0
0
42
0
0
5
215984
0
25272
107611
26716
5949
0
1429
31389
16
46
11432
737
1401
2369
0
11
66314
6
0
161
0
2337
328
112462
14
0
0
388
0
250
328
0
14450
4
5
0
0
0
310
7
33
0
0
1
30737
225
0
0
0
46
2866
25886
256
0
1465
1539
207
146881
460
27
468
460
31225
0
63
0
285119
187816
310
104
489
210
1
19812
27405
3340
5848
0
0
39
3561
1811
0
3
365
108880
55389
0
12884
970
21
0
8
182939
4153
389
1864
6611
5164
172152
11
8047
1153
0
35
8
971
0
35744
0
155
388
468
0
6458
0
2004
2181
4
2806
0
0
245
0
5903
26742
130379
0
0
475
19
0
2570
66742
69994
1352
5
322
16973
8963
0
34
479
0
262
83
578
363
0
534
0
8
8273
280
199996
68
21591
28
0
224
0
2856
3
0
129
608
770
21287
1434
874
3
4
0
153803
0
115787
2
114289
23147
10
13185
21
717
128516
27185
469
429
65
175
53714
0
171
6649
46233
1194
17463
0
31531
19
21
0
5483
0
0
72
0
42082
0
17
312
6402
13730
0
1119
17
6
0
2735
27636
0
647
248659
237
12
58
530
1060
124856
201908
307
0
3
219
150967
0
0
198
12731
68061
0
78
0
1505
482
159280
44795
0
2
0
87678
0
16063
21
5816
6
0
1
11
665
6453
78
8991
20
41723
0
19
45
0
15
0
42
36
24
106
0
96613
2324
178453
0
0
8314
0
2
0
175
31
13
0
2943
827
0
181264
52011
730
9
40956
5
48
15
50616
639
9231
14520
76822
10
188
14481
143
386
19
22
0
172771
6
271
50
4
0
672
257
1584
1
0
33603
341139
242
1
33
0
252
2204
0
0
759
0
20793
24586
0
1
0
15
35268
53
58233
624
108283
148
19
233307
0
396
19
0
146
19
424
253
0
2797
0
1852
19685
1900
9
0
514
2413
4
164216
3
0
4
0
77
64566
4
202
8288
68282
5369
13
3306
10767
9773
65
12
145713
35118
0
249
0
49
274
1934
0
31
12298
137374
59262
132
630
757
3824
0
750
148
71856
0
0
104633
0
283
0
0
0
138699
124
5226
88
3
69872
9
1563
26135
50
364
11476
293
2556
19976
525
150
8434
0
0
30347
20
0
0
1390
0
1621
40169
0
0
0
60
361
0
160848
129358
279
2431
0
672
13
1932
13442
39196
213015
0
4
0
0
7110
0
0
78
305
0
78
7
23325
386
522
0
70275
0
1920
0
0
97
39885
105
0
105
0
89
8
1604
2905
20
0
0
0
17324
1667
13379
0
183385
20331
16
7208
37
5345
0
2
18
77
170239
96
887
32
23
74458
2240
0
86
0
74503
9
0
138040
0
8
0
0
0
13729
267047
117
5765
14657
3999
74531
0
7
37598
44883
292
0
0
3723
125
79
62
270
0
62
0
50413
2148
0
4
115544
48154
0
0
1056
12
19
24
11
5617
7
7
2571
5839
0
426
2659
0
1
17680
144
91
166904
1796
16724
8875
6987
34509
374
4979
177038
2
57441
1
49129
1560
1235
0
3572
209
0
105
0
35
34477
137
193
5919
17079
157
2
1989
0
10561
122
4249
28766
31
191
0
9344
0
4
2960
0
2758
34
0
2322
0
1086
2
0
9
1294
124320
85
0
0
4674
104146
85810
195
11979
0
164225
3236
15734
2
0
31276
50
2433
13833
2992
43331
14883
0
127
1009
57
285055
2
6
0
143805
0
8675
1580
5
0
118
6200
9170
0
40
103576
7
0
14
2516
90
239
233
23441
20
0
4
67323
31600
7217
20805
439
182
87912
4193
1
0
164725
189
22938
398
4612
0
24320
0
56861
0
22304
0
0
1077
81
38959
403
3
707
23675
0
0
2
337318
14
15271
142384
644
2696
0
9
4263
29702
2
11424
946
0
281
243
77
533
904
10
45411
93704
347994
522
104920
0
0
36
22395
0
1
12
70
1163
12955
26290
3782
0
16
0
0
0
0
27869
0
0
31718
151687
0
296
0
0
1
253
4935
0
139
154
100
35
0
3
0
2
0
65
99576
39
104
0
324
8305
39570
22245
5975
4
1144
4314
0
120566
213
11
1
0
44048
0
13
255
1058
0
0
231617
169
4923
2380
773
120
0
0
0
0
139973
0
1071
255
90
28354
15255
22628
172672
0
3331
28850
502
4628
62468
0
0
100
0
4
44
404
2
1902
0
1668
6011
0
1866
53
0
7
1238
179204
3016
18244
163695
1796
0
0
130
0
3648
14529
71
95
72
24124
868
844
81179
106
4
129765
0
86558
933
5
834
0
11543
1
715
9293
1
630
6662
529
115594
86797
167
0
0
694
2262
115145
3699
831
11
6446
9370
371
4091
1
460
0
18191
0
3864
4114
0
193361
5
38
1627
702
138
1
0
209
0
166759
15858
1781
0
1656
7510
0
0
3924
2
1559
141
0
115
0
121326
31
0
10342
26873
0
11
67220
0
114559
6352
0
4901
9446
50073
38324
230
28
317
26
0
0
187153
25
34
93367
0
13
234
197
12444
16697
0
178
0
229
0
188
1991
74
9
1488
23
19094
0
112198
14057
0
22088
6
0
8544
88924
255
3935
2
3229
902
1700
102
13
0
0
0
0
0
259
1
148
67240
735
99
0
0
188
1412
37
6948
0
0
79
61199
60650
0
0
89371
92
2509
0
145
15662
42
34479
0
409
249
0
0
160978
3
1
8308
0
4014
0
32064
3
17
1321
48348
4
21895
48390
238
14
0
4310
2433
2
11
0
136
113
779
0
1421
39
0
10
0
32
7
134996
9396
0
1
171672
105
5761
0
9
65
80922
0
0
0
6910
0
8861
0
72
10783
3382
52627
0
0
24
0
0
231
9883
53
0
173
64
17
0
198
155
59429
297
169
76
817
36870
0
0
162
51403
157389
324
1079
0
71109
8218
7368
76
0
0
573
44
2
6
187
0
18819
604
10
3557
0
37
81
260564
10
8077
4305
83002
0
248
1168
31
113008
3
0
8836
1956
0
566
114822
123480
6
6
6086
198217
63323
0
0
29
15876
202614
264
12379
2536
1191
1823
464
209
96
0
233
4
0
50567
175050
0
6964
1067
7782
62810
0
0
8
26
19
45579
146511
87715
0
2511
8425
0
29
145271
87799
1280
12
1
1355
430
4
0
0
83
2600
42150
1283
7457
5
0
2098
6943
57418
3977
180
76
0
8655
32746
2
2070
498
56830
0
619
1620
683
23
5130
30393
164
178
0
314
4569
38
21775
1633
9268
3236
187
258325
3752
10777
81
0
122
416
904
0
66090
2450
2
1
517
1322
0
959
0
62565
6204
6
0
44404
112
21
348
29028
39
0
0
0
30
0
0
94514
0
7789
15
0
11
3542
5155
861
148
9901
1
4
0
14
4455
1241
207
0
55
5068
9627
15654
1
20242
22473
0
63336
71
0
0
1304
0
42
609
0
1
3
0
3959
1250
69
845
999
11690
120
125
12
0
2266
3735
264
4
4623
389
0
8108
32739
1924
135560
54389
127
1
126
54423
139
232
2
163
25
0
0
20311
6
412
0
1
0
40
0
593
32121
135535
1336
37
1271
2
0
91026
61739
102864
0
6719
75
4
24
1755
0
102
361
0
3098
0
156
20052
107438
0
0
0
4982
2421
114219
104913
331
12
10
2385
211
0
2155
663
2
111027
0
4534
32993
1320
120555
188
1
108
12528
257
130
1491
430
0
2248
23957
60
2
91112
1
10
0
908
5162
5
168642
110
0
0
0
25
0
20207
10
8401
5993
447
0
265
2502
2333
23917
0
147
424
1
8312
3981
0
30
141858
106
44
0
1797
32738
166
0
27
292
1174
3625
24591
1
34
104
14
0
0
16407
0
23
5917
0
117923
0
50
1395
38939
0
267
105
10664
0
202225
259
0
30350
0
61
24377
0
1064
0
19578
15
19
94
0
28091
0
44
11
43
254
817
100383
27562
0
1949
509
173
0
5954
39
4812
7
210
5793
1363
3243
0
2
4731
2498
341
0
53081
0
0
25795
0
0
62840
103006
1172
16
27432
190367
33368
14
28897
81
18231
110412
9305
7403
299
31
45360
5415
0
42990
50340
72028
1149
1
0
77
4075
112855
1134
39
539
1095
155283
2914
1151
158583
23
0
11012
5989
87
3160
109103
48250
41
182
9
6
51224
78508
315
701
0
29
3719
0
0
0
0
0
76
26132
390
20310
1118
0
280
416
2483
0
0
35
3652
0
6634
51
32842
61899
1241
0
0
0
4
19948
15037
13
0
0
950
7944
0
0
66
1064
0
807
473
38
0
17
26
91382
3
0
131
581
24
4076
89
15700
48852
23
363066
2094
20
1032
0
59
0
72154
1719
15
3418
0
0
0
9801
52782
2323
4134
1
40023
14701
69071
166582
121317
187625
1497
111824
122365
4240
43487
184859
4906
0
42
6895
519
0
5
0
432
70188
105006
15
9
0
397
179
1331
2
254
30
1
5928
200182
175
47
305
0
3395
0
9
22
111
26
33071
167
0
0
15609
1440
58369
36151
0
0
43745
2432
0
7
2
0
0
5
69080
5833
0
18325
2
5422
33969
0
354
0
31
304225
117175
0
52129
31941
18601
455
1414
344
2685
217
0
0
565
14
175738
67
18
3708
0
60
40
468
4
50
20
2
27339
6
8
91921
0
311
152408
65
3875
31
104913
10284
23068
9951
40
5
5828
25760
573
2749
0
179
3
16119
13
0
932
43472
3177
0
0
27
39015
7198
1
0
77248
0
953
682
658
5487
0
0
0
0
1
16594
0
0
205
20
7374
441
633
0
8202
164465
66637
0
0
316
240899
424
0
0
33
4832
9005
0
399
339
4658
2591
0
0
14997
0
0
0
30627
31574
0
0
22
100698
73
5
1
0
1478
194
0
0
315
2565
0
15
9369
0
0
6
39
0
14
5
1986
5259
57
0
0
31913
11954
22
0
50
128894
558
0
0
4194
1504
1934
0
251
0
0
5
0
47055
48
56
629
17783
140144
1095
6603
261
5
43
308
0
1094
1258
120708
140256
23
0
1
16
0
209
159114
79617
0
0
2
206356
26632
0
132
1625
18
113599
0
16555
0
0
0
90
0
59056
11
0
15
41
0
0
135532
7
84286
6978
0
0
149
86494
0
0
0
0
2
45543
3
0
98
0
4377
25
3
754
6096
1984
0
3348
288
14487
20
24586
3234
1636
117124
0
6
14
248
0
94
791
2317
0
16400
5181
0
0
7737
23
340
162664
0
0
44
1031
0
0
219
373
16731
0
27434
1706
23434
0
7
13223
2
0
0
1
2
1280
357
336
204
1206
258
2863
139238
43
1411
645
5
143313
0
0
124
30
34
0
479
0
0
61031
1
6075
70583
330
3717
17932
85495
65
0
423
93
3445
0
1
4405
23871
42
3
21499
157411
0
622
238
858
8263
33
742
0
22058
0
2472
21532
4
40
0
739
16
45
0
85031
144
169
2
37616
1
100383
31
0
95850
1837
81
624
512
85193
452
0
111335
1606
0
10809
350
232
961
5680
6334
10
21
19811
204111
6802
102
1357
74300
3
38
8
1134
0
0
0
0
0
27
908
0
324
49126
10
159
4
17326
68934
4700
0
1783
0
28
16
1
19
334
119407
0
2278
2968
0
138472
1484
32141
0
329
0
19
507
0
2
1
43038
17528
26
106
0
318
438
50
312
0
3612
498
6333
0
32
58186
0
55757
118851
0
36
0
0
0
194933
44709
0
15
4
149031
1
67
125
6
373
12
0
1000
0
0
9
126795
125
26219
8796
89
2
0
0
0
0
4
0
40
2153
2
503
53676
1374
16904
0
18
4610
2376
22848
3
1805
22
1
157
61639
86711
44
0
7149
67
89
86
0
61936
215419
3496
1532
1115
39278
0
24070
8055
12108
8
0
439
6323
2249
178765
161930
0
228310
5161
108
0
226951
0
258
1009
10689
0
0
0
488
426
0
244
417
100
8348
484
8
46
0
2134
0
6279
127
0
574
805
1434
4
0
3369
55097
41736
517
2919
34105
0
73
98213
0
13816
12111
69294
112
47
27
28
2965
1115
1220
1
17381
9
0
0
2
0
799
32964
27583
2076
8098
0
22
0
548
204
0
283
0
1715
0
543
79
0
199
0
0
3
0
0
0
500
20
158
984
56
0
66279
21818
129
182541
6
0
5
22
0
920
0
1
2563
1082
0
0
0
0
108413
242203
530
33131
338
1089
0
0
392
70683
75787
14
123
389
4350
876
5525
0
2978
38
52
0
10153
101165
0
96
2422
9995
954
351
517
8
0
2256
0
19
29835
426
0
0
11294
0
1
2
0
3744
9501
0
143311
7453
29670
18137
24
1241
0
26
0
0
75
0
49812
176368
28838
42
16
53687
0
53738
237246
4798
113598
4921
79
0
10675
3456
9
40
4349
2128
12
0
0
0
445
17152
0
0
27427
319
1459
1
2166
869
0
1830
0
0
11078
0
99
34
0
0
2536
7
0
3436
11
0
73609
17119
287516
5
12
0
105052
149
0
0
113
0
3378
4466
217
81
137747
21303
1018
27
45773
5773
0
410
401704
104
265690
20
0
0
0
13
5113
0
2010
29632
0
59929
21366
765
882
0
1940
17807
20937
8
28483
374
33539
15
6
0
19
241
4
238
0
3198
474
13908
85374
96262
450
111
176538
733
2271
6810
10780
0
972
1
227
7
164649
0
226
1709
73489
133357
4939
39
619
0
392
0
90054
0
5631
11414
87
1875
9136
251
111137
24
0
4037
0
199
40190
54206
59
6
580
1664
0
61
1
630
135
12
37
20141
8277
9170
6004
86248
1
91301
218763
28173
66049
114999
0
27326
367
0
8017
177
0
550
0
0
452
225
0
0
6162
31
38
291803
36394
0
0
10
0
8
0
18421
0
0
0
13814
31926
2138
0
0
0
1101
102
55599
1
67
0
4080
6381
7431
16
8893
0
0
0
3038
1605
214
1239
0
2960
116
0
4
0
51
43
437
390
378
6
17
1851
1260
0
80
257
1482
243
2
176455
0
43
0
12003
8567
6900
2433
33
23
35118
2258
5649
8
0
0
7569
58
2284
61
0
24968
777
0
6
3
3142
1462
0
3
20680
0
44522
0
34373
42695
28
185777
103
2
350
12
0
0
19833
5876
0
0
13298
0
0
0
102179
474
932
2
0
200566
0
0
2955
8
237300
0
9290
28310
0
2648
17926
0
39
2
13101
0
8288
0
0
0
128
0
10
24423
0
430
9194
50491
0
2161
0
172
3498
81
3759
6
583
32267
0
41729
181
10
0
7
4545
0
15
74
164
107
747
547
43
6
0
7596
31782
28283
8
444
1587
122294
6345
7
0
38942
0
6
81216
0
479
6
0
0
0
6672
3145
0
13
0
40
6
227
0
541
101
0
616
0
5852
0
188034
195
45707
0
323
0
10902
18
0
309
93256
0
23
4249
3
120790
674
0
232
145466
4612
0
5902
0
2
1097
1931
0
169
76
1607
0
20570
0
168
3025
9
0
0
4
24748
70040
27
19
11776
0
119
23075
82009
1269
9304
87765
0
1382
36
0
0
27
714
136
0
14363
1775
33
13872
177
33774
0
2967
0
0
35552
0
55
0
70
0
1
0
0
165898
6672
35295
0
980
32345
37
1742
813
26227
5
1204
0
26301
17026
1
29009
0
2061
85065
5739
91934
88483
35222
209
0
195
42072
830
45050
0
13
0
278
104
1
4660
16
30531
0
5137
0
961
3
32990
312
6270
23
1896
1676
184689
0
1411
6287
0
0
841
0
314
24
57
9
0
48
0
0
0
0
132749
153
6867
247
925
7041
11
0
5486
1353
174
0
52656
0
143043
46405
84
6
0
2
0
14173
5
0
86220
143
57722
70444
180309
5667
1732
160
32
33687
0
20450
0
11
150930
379
3
1112
0
0
5235
26736
0
3913
17519
0
0
1960
8146
144961
7094
4
24
3964
0
0
45
0
65122
3358
15884
4
0
3109
0
1676
1820
152
57969
0
2
151
0
29625
1
40
3211
2388
0
49694
376
0
6
0
511
0
8329
9
81597
0
104
537
120581
0
575
7485
1
95
75
0
0
0
0
1613
15030
339
3305
0
61814
656
17
126816
64
623
66438
0
4
2006
170087
0
16606
9536
0
96
0
4596
0
1020
0
265
519
96419
45755
9269
2340
6319
0
69659
867
18026
309
999
0
0
157
0
163
0
0
0
895
4956
78921
30964
0
19361
3633
0
58252
0
496
17597
295
150375
960
4643
0
28
35455
228
4
51
0
22
15529
959
0
4302
11
1
0
53
70131
0
24766
13182
9
8
0
416
116194
59059
0
20
613
31
1033
0
13341
2602
3996
9713
3
27894
0
0
644
0
187
77726
2855
0
42
0
27
1
0
32
1
54960
0
35872
550
63485
291281
6
0
104745
0
189
1
0
10633
0
1011
0
15
1998
88898
0
928
3057
15953
305978
102573
11316
22
1931
199
46311
70190
89
0
94950
42
110436
15826
233222
71
1387
0
23
5967
0
0
0
340
5973
82376
62883
7740
12062
0
0
0
0
1091
15906
66
0
5367
246
0
72
5461
1559
0
28
45050
0
0
743
2079
339
0
96290
0
22
111767
60
2909
1547
144287
2170
779
40
1
7432
0
0
0
0
322
1043
0
23
0
66
0
0
629
0
98536
83
0
253
0
97
27853
123
326
0
7602
0
70
0
0
72
15
37244
106
531
2900
0
0
0
740
201627
0
0
9
91
34
3683
90468
465
10590
5
0
250
106372
18159
98
7170
1112
56
3888
11025
106
24126
6
32053
171800
0
21063
384
0
0
27679
125833
4392
28404
9394
14
0
57
6996
11
695
22973
13395
61232
54
3
40239
33264
12
65
399
4783
59
133945
0
1443
18
0
165722
0
23085
8
159
0
61358
9
89658
4
1
270
6
1
8214
61
0
4
1
36
38
0
0
750
28761
24489
5113
75
14117
635
0
0
121
72
0
359
29246
0
4367
8334
25875
13
1
19306
0
1962
23
4944
0
5
234
0
44276
24532
98
4
0
0
66
0
26
102893
2439
0
729
136
120281
437
69045
20
51
27237
0
8798
0
332
1582
0
52
769
0
0
0
2373
14
75549
7072
7
0
0
967
59356
4692
0
0
0
0
0
0
0
5414
5843
2154
199903
1852
21986
44
24475
58899
19245
18530
0
0
10438
70496
0
0
17416
68
0
0
0
0
724
56
445
72602
109
142187
663
0
191728
14173
45
46489
11
6672
7
672
18368
255
130363
210
0
0
12
2724
40105
94338
56505
0
1111
58800
0
43372
3222
0
0
6
0
5
0
0
0
0
217202
0
49035
380
193
8011
95627
106
5
0
2
745
8833
79352
0
478
3218
1298
170920
106
3
43630
0
32
8750
0
111122
13
9
1447
0
0
446
7
3388
0
0
126313
80
1965
171440
0
0
33865
91
0
3254
0
139340
0
149936
1039
16
15092
0
96909
2
745
33330
4
17322
0
85812
0
24565
11
32213
7
560
212
2073
0
0
769
932
1827
351
0
0
598
446
262
704
0
380
6521
20809
0
0
0
0
358
0
20016
0
4
156
11645
485
713
2295
1
995
105512
133
0
0
410
0
0
62
1506
0
44032
568
200
104
62301
2171
87
925
8
21
0
0
104946
4228
1
2
0
2611
10536
1
0
586
607
8
88
165
278
0
4902
146
0
173
0
0
2212
3155
129305
0
53004
0
0
84
0
99
19
741
741
1554
0
73353
0
118
41
93506
26
807
0
0
121876
11786
0
5
175
10269
0
0
1437
2417
2389
123
0
0
2283
56
0
7307
7
0
7829
0
5649
35
0
0
0
1
13
116704
3
190
60971
0
261
169
3
0
0
0
0
11288
0
18678
0
0
0
320
562
0
498
106009
0
16190
86
29774
387
0
5081
0
39844
24574
0
0
21
184
16
0
323
0
81577
284
7951
5
4538
13285
4
3806
1377
8039
0
9010
0
9725
26
38
147
2
121368
9983
1860
14
2480
14
67
21413
2385
4
0
0
91
474
52752
53
64503
14773
0
4
1857
11430
727
13
3570
29302
2
13432
37864
0
0
28
866
17
10926
3
1186
323
0
0
543
0
857
12059
0
0
687
0
0
76
234
353
8713
5206
32
167673
71
9245
132203
0
552
4871
34040
0
0
0
45545
3298
90554
0
54705
1
33153
1944
85
30
127
1971
0
8
0
0
219
265
138322
11127
0
21299
138014
401
18381
2547
10938
139
20890
1
0
3795
38
15
14
812
209588
37
6159
14
0
0
5
78962
557
239598
232
0
38
0
1
0
152
0
2464
4009
26199
17
6720
57
0
168337
355
18310
2531
522
7676
211
0
1
1500
60017
1207
1
2
0
3029
15383
190
6311
218
844
85
0
61
4217
0
0
188
1
29
0
251
0
2
13
12285
4
100
0
84
0
257
2
0
8
160
0
4
0
106
0
89
768
3461
1564
1404
5585
78
298
748
0
0
1488
326
11625
3
0
3
0
0
9614
0
376
4179
0
0
86510
0
238
9306
1
29
3
385
92
6
517
0
0
8060
106569
164
105
61800
5211
1
11
8409
0
0
0
0
34
1
46
187424
0
16828
3
34789
13302
147499
0
2413
73384
7
84426
6
0
2313
70880
1
0
58239
925
0
22016
0
179
0
26328
0
70
18337
69059
210
18451
10
888
17339
28946
0
0
210
101
124578
31
0
0
0
1291
7
0
0
0
50
0
0
0
7935
0
129650
0
29
7927
380
11005
0
147
12826
1066
231
64514
62
44
2197
0
0
29
2257
100
103618
33646
3469
10206
4456
13
7109
16748
0
21
0
0
0
216415
0
234
36
368
1933
135383
34
397
177455
158
51
1665
327181
0
409
0
46528
48909
518
7699
20430
0
143
5
10547
589
154804
1390
21
10070
20330
46
11
1625
0
0
0
16
7595
261682
6
60
0
19
0
133
79
966
0
5098
33666
118672
13515
1255
51507
3503
0
70600
0
0
0
140
9
85230
16728
1
79
4
438
41
4104
2
0
126
0
0
1303
989
132
18
620
1119
98
0
752
47
0
21
1211
115
0
37423
1261
0
0
876
5035
0
0
586
2836
3528
85
1576
5
64926
12827
2902
0
131911
75493
0
16
56948
632
483
0
153156
19
4719
0
8218
0
60866
0
8017
4082
6944
0
66129
0
6236
0
867
1656
17
0
605
0
171
23
769
0
1
279
224
0
491
649
35884
788
571
1960
1483
18421
4
0
4056
13
3
74425
9470
28
452
1321
4087
0
0
67
0
295463
0
659
24822
2497
5497
322
384
5168
47
10
16145
9007
358
3
18026
2
3027
4831
2628
3545
0
63
0
59
109034
546
5
116661
22
3423
10814
456
0
0
2015
0
9
2930
0
38
0
19155
0
44420
113416
598
7570
0
0
10
0
11878
0
70558
0
21
316
44762
19
0
1
2942
0
9652
0
111267
295
7722
9
0
0
0
801
33
51536
0
297
0
2
78368
6883
0
0
560
2
136804
5
10835
0
104361
23
16
104661
178
1141
2092
0
232
6901
0
3
27467
2
0
3392
0
14885
869
873
6769
13092
1805
63140
2185
103548
0
3591
0
1218
74
394
1238
58
16413
0
2758
0
2221
196
92
2887
0
5210
101
0
52165
1075
1077
12596
675
6
51
1
34
2213
0
0
627
742
107749
0
114535
14643
9
0
0
0
506
0
33165
217
0
407
4212
0
5847
124
16247
0
97
3926
0
156
0
1369
11451
553
54
0
12105
132055
0
4920
577
0
0
390
0
6
27128
300523
0
23363
0
0
0
3034
1
0
0
9308
11
0
617
10530
60025
1350
0
10
185971
11
5
117
0
0
0
384
668
302631
14
8
5
120264
7573
133
0
1
93206
19007
0
32
20127
62207
0
137840
14351
1289
25461
3468
666
244
1439
6
29
59
8347
41
707
1
1
7797
115036
2840
168151
328
4202
4117
10
2
294
19842
110
25421
5
0
50246
3
252
0
0
779
640
0
465
7320
32
45498
3054
414
16731
802
1603
93174
0
63988
0
40822
70
78259
0
0
0
0
239
3262
102
71970
32214
0
0
1625
515
0
1965
53177
16
0
1
40967
2941
0
23559
352
22177
209336
23873
13110
4556
53
0
15
75097
2151
0
0
130
0
5
0
37
0
0
9897
0
14286
12738
1594
1006
220
0
112036
237500
0
0
5470
306
23
2
63773
479
352
76466
167
0
3607
88271
11918
518
67884
48
34
12871
0
54514
0
0
11942
1518
17880
2103
18074
0
10612
0
171
162
0
0
2
156
27
0
0
0
1
670
36
556
0
27909
188
0
13
1327
464
0
10558
0
28874
38632
213
0
1
1088
0
38
0
2
3001
0
11088
31
10
0
16276
16
0
25
84
2
0
0
13053
561
0
19684
728
50683
48
15154
58
0
0
6809
0
162745
0
302
87
0
10894
192037
104
0
15537
676
78863
2
3954
2
2013
71161
144687
9237
0
143
0
11
312
4058
0
176
2061
399
138
404017
0
0
0
7
0
26999
3198
17
600
0
34146
0
1829
0
55
0
0
206496
183267
31
1805
460
15374
11
36938
404
52585
70
59
603
1
0
0
0
15417
544
1381
52071
0
0
1027
32
191047
4923
60
0
171
230
8221
2891
0
60747
180
0
106179
10574
238
246372
79933
24685
191
11
1461
143
1766
18702
0
0
5741
0
0
3
1297
100084
3916
12
6
53
39989
0
0
2
6637
0
1
50515
2910
21638
42243
1477
0
245
0
3552
15
119151
54
601
42103
187569
0
268
0
726
6
25
0
31112
47131
0
58
2
68
62
3187
3
2522
5
113281
1069
17390
7666
224
828
92
10
4
0
0
0
2232
14361
3
0
2
4380
0
2579
52037
617
3
1884
0
0
0
148190
0
12
0
2437
138395
273
0
233527
0
0
514
43
2276
133
43
231
112711
18
1954
0
93153
8112
25
0
29247
471
0
0
63477
95
84585
0
34917
76
963
11957
0
276377
1497
9418
234
57
0
0
1
12
0
0
162
0
0
13722
0
798
166464
79
4722
0
122
1025
0
0
4812
1
0
10290
118
8
144
128988
325
0
42
0
44497
85609
3248
263
40
197403
0
236
0
8
0
21880
0
207
1387
16
3
180345
3646
0
0
86
0
29627
25548
166
346
0
302
0
137
7195
0
23382
85
135450
0
0
101889
2
4
177941
194839
41
113
0
0
19003
0
73
1088
15795
22
0
11
16
60
245
612
1893
5907
782
722
7
0
0
139
294
18277
0
9820
1747
43
24
2917
7
0
212
63
0
0
149175
300
10046
11939
2716
0
0
1802
13689
4984
22207
12805
21138
1149
27619
234976
2
4418
4
0
23505
794
0
0
3714
20
0
0
595
1841
2
1361
4666
8
542
97091
2
88
1
207
39326
3
0
0
113
652
21
0
7486
119
214281
307
4
0
0
22265
75
0
871
1
0
1161
8
2214
0
212
0
0
90
0
154323
0
102
0
11
11
0
10
35411
35
0
17
3295
118
61
21171
2
0
20
1571
281272
20885
21512
156122
5422
0
27
1628
119591
0
0
11
88083
24651
193
59
2
0
74141
0
150
4
6
22
402
221
14
469
44764
8
210135
0
2
490
23
0
610
13253
5981
5412
125
172731
32450
353873
0
43672
7
6706
0
2912
17062
16
4848
549
38323
0
17
0
24
829
0
0
5
909
0
5
75
0
2465
103
0
75
111
0
311
37927
93464
313
54
28874
12
5
165
0
0
0
13
1956
10996
123
272
11
0
179
87
1243
22369
0
257200
0
434
65029
0
36844
64
55
2186
3761
23
49359
227819
177182
0
0
84027
41847
0
0
5078
2936
3639
91
1860
4850
6
3
131
19
59263
95830
84858
0
293
39084
13
217
95
3
231844
1
21
14
15425
33382
241
0
33
1026
3
11
0
1946
11
51995
2
30047
1
214961
20
1707
0
71
7
10
0
0
0
1506
0
70973
130584
0
5
83778
167
10738
8
48
128286
65103
0
438
82
81
199781
1
11716
694
293
1315
2929
0
5
1714
164755
1232
13086
8068
0
533
4
0
64900
65
54885
719
0
5732
0
53073
0
112
0
1629
0
69843
1045
7
36568
1310
38176
1000
67929
5720
267
178989
215625
4
45
122
179
0
0
194
213
0
3240
73566
0
0
0
5
2
0
10
125
1113
128794
624
16
1201
9
1565
76
0
0
22
0
22582
0
1
0
340
1
40
444
1157
0
152047
49981
145879
108
217832
1442
1797
0
4
1218
68302
36454
495
0
0
0
0
594
8927
96
0
579
71186
166142
12
53
0
523
132937
430
0
0
140839
0
0
58045
162
33594
83
1144
29
29
21369
7487
1140
233
59121
107
1418
606
2854
15
0
7
20256
20097
0
1611
96
30
16058
35882
0
21
0
1
923
5031
27
0
2
337
2496
25192
128813
95
14
129
0
55472
118
208
4
0
0
45
110
10
1
15872
79
0
15
3492
0
17
24766
51935
0
81239
0
0
326
1918
0
0
20554
0
288
0
89
111193
37160
335
178336
5
242
15
1823
10011
12215
30
69
551
0
0
0
83784
863
28
0
0
123282
218
4
26
0
0
0
22
0
0
290
12
140677
0
0
136480
2050
1542
0
0
559
185691
0
2088
0
0
77292
104
16702
151353
12
359
310
0
0
129555
1229
32
35
101
0
66689
3
1
0
0
0
5901
36520
55422
201
0
286337
78628
55
92
3109
0
1593
12242
27916
0
20
0
88564
169
0
208
4479
46
0
18
119
489
11600
3400
20
554
6645
95
16
37
1
0
179
0
158683
0
72292
227
10459
43978
7903
268
347
103
0
1711
4367
0
32
66112
1477
0
75
15
32
101
0
1
5291
116
2376
0
5340
46
11
45
0
11376
0
12961
42
100
8166
0
4406
0
150597
91879
1215
259
12002
8
41
0
0
88
0
1720
0
409
13368
17
7267
389
14756
6183
0
105
0
304
63
2075
1
357
0
0
11304
25
1107
17
0
35
0
5078
122413
0
24
55329
8905
0
0
2207
14257
0
13708
0
5973
0
213
0
5881
139
32968
0
122
0
1766
60983
4864
1749
113
11
111
4881
6
101
0
20
47
201
92
3894
7891
233
2351
213960
30826
178
515
9980
6
17404
1995
9
4038
132742
0
636
21195
1109
36245
28204
0
122474
0
33632
0
532
8839
2
446
66
39
9972
165287
802
4
0
720
260
55816
0
0
14
22
87
13
10505
11
338
1929
0
826
0
1710
666
27784
15841
49
186
48
128703
61231
10938
263
115
1405
502
0
117
19200
11547
5142
19614
8036
0
156755
0
31423
0
0
33364
19246
9666
0
196910
0
2826
109379
34070
17173
0
98880
0
26859
0
14983
0
4679
0
25171
0
23800
688
1198
36632
0
0
0
50999
0
0
57
2514
0
158
13039
52926
27
26744
565
143
0
34084
61
549
18
1
116394
36518
5101
9797
407617
226
0
9555
128508
587
200
215
0
0
6104
28441
0
161
369
1413
0
344
0
67
0
3
48
658
38554
0
0
0
2223
0
0
80
0
0
0
47065
3
50635
3
1527
2
26572
308
1899
0
105
165575
3555
0
649
0
1616
3885
230
13784
298
35845
965
0
1062
0
2
92
4
361
0
187057
1
11
914
61
195
62936
0
0
81
30318
36923
3293
8581
321
6432
16647
0
2228
26751
1
161519
798
619
0
480
5771
0
597
357
663
0
208437
4355
0
527
0
2486
128
3776
0
0
3156
0
2406
0
27023
0
0
1
116752
278
1061
1328
27
1375
1923
49
100
0
97069
2639
236587
0
785
47
477
0
2657
5728
355
2827
1541
57998
0
0
0
15756
32352
30
186897
0
0
1860
0
17
10
78666
3190
733
12658
148
0
20
103
10351
0
6061
0
0
11820
71
1
172
43214
138
0
9136
52586
0
36614
0
4980
0
35236
41835
185
31
5210
904
24449
9
97
0
65
48669
0
0
679
300
0
15
507
7413
306
19
110
38547
20
41
61
33
0
0
20056
718
5
3691
0
1099
3592
10
60735
0
0
19
1856
949
1739
2417
8
0
237
56105
0
0
0
0
0
32
31
68126
0
10459
751
38990
12
141317
125988
22910
0
3
493
39
16
408
0
79
496
10
152
176004
60182
7804
42522
246
0
30066
0
23625
12668
0
2
142
98751
56651
140
128
1694
0
8931
1
194
2
0
3623
28
0
171
675
27895
0
9807
0
11942
162
484
56
115647
0
0
0
64825
22490
0
1986
34
4628
0
0
632
8
53391
1941
445
358
2
194
224
40421
0
0
2369
179
0
0
116291
34101
261375
21
628
0
3242
3088
998
42
33
53246
14
185
6
42
0
949
116357
13
0
28
104913
3525
54
104294
4578
0
0
167969
0
0
0
11403
65505
5983
0
1
17
1887
0
28710
132585
38822
622
63165
33027
9108
16285
76
4554
1359
0
199
31
3621
4292
0
2
48156
5530
13
55667
22422
179
82
42638
0
21
7313
102182
90
86576
13
36863
35
6
52842
3
8
253
0
6837
0
1
11
4026
108668
154
351
51
0
0
111415
34271
3
0
63289
16
489
0
44
0
64658
341694
2
3590
842
0
3129
0
11333
0
0
7
0
0
19582
3197
0
7
6
3876
0
0
0
0
7
392
267189
100
931
16263
104252
0
69
107
2749
0
0
612
109
76804
2
12382
7550
2040
0
0
0
339
5
0
17428
957
1062
38
0
131415
6661
44678
0
8
995
163845
261
1319
5505
844
1041
217
187508
129451
0
46909
0
182785
2648
47115
604
0
0
307
9
2952
0
0
77571
0
571
32
0
845
84252
23675
738
0
7
5293
12681
27
67
0
0
107463
1871
17507
1263
1303
308
1570
41098
0
3
18627
0
847
278
8791
1
357
8717
0
1646
23112
115
2369
268
0
54920
32043
0
35261
121738
504
14105
262
0
1460
13023
0
755
0
118646
130
0
0
182
115
666
44104
14325
19536
51
0
1943
0
24384
381
3478
0
0
0
1035
3987
0
3484
5
55092
67
0
0
12
2
0
0
6811
0
0
2284
2
61463
23166
2395
40981
0
42776
92
163493
11614
50
0
6585
629
803
24
10064
12280
0
3874
2546
0
0
18
0
627
3
605
879
0
160
16
0
1
59116
22
101
115492
992
0
105283
29892
6154
0
147
90
0
161801
31814
0
365
0
0
0
0
656
188006
78
0
0
51227
10494
0
46149
36474
8396
61
31
20866
7242
74
35846
5786
0
8
0
0
0
0
0
0
0
48
76
0
85
645
28
152
142387
99
101
15504
0
16
27764
261606
87
48
3
54
0
0
28598
71959
91
86105
536
0
644
154
266
0
198947
470
105
7687
74
0
0
7
0
16
39385
2374
49502
237
0
276
3153
36
14
226
155
7
0
131
3213
4836
38
189
5
1591
0
68
0
0
3510
57241
7018
0
4934
3678
33045
76053
112782
0
3
588
0
83
105
11
49
9
0
903
0
6741
0
32
0
33321
2036
12
0
46238
80405
0
0
0
2
0
59158
0
0
56976
248190
61603
26
0
27
0
171299
17748
2954
24098
0
0
819
0
6112
46
20
677
0
221
70046
217
0
0
0
361
1500
0
0
606
206
2
0
0
62690
0
5963
315581
34793
0
496
0
21428
5405
263
0
0
149622
2603
0
22
192
185
1003
0
714
22792
264751
344
18963
38870
15
59
0
19315
69044
237
87
108
2193
140380
121951
74680
4038
1
0
332
139151
2072
4
198
184
85
0
117
2918
0
78241
13
32355
3088
3743
0
65
3
787
163
0
0
46546
8483
70
47801
4
24869
2
0
331
43947
141693
0
3711
126
240
0
0
0
119
0
0
0
0
133
23
175
0
36090
14973
11
13
186
245
0
0
5
0
153
66
670
5676
256
114395
0
4434
76187
181
0
92
0
5
1196
0
1347
0
337
1630
13021
36
0
59174
719
1323
28131
2079
52
1098
8800
8217
33
234
68898
524329
39
21741
0
0
76030
14
551
116
0
332
64339
4
721
11
75005
836
0
6
266298
124
0
217
0
39713
0
517
101
132069
72
654
0
23392
120
4
1
17074
0
12113
22
12360
0
1151
1
0
1677
0
335
231
16404
294
17172
129094
15
0
127
17
5335
0
1950
0
0
99
0
688
0
0
159274
3136
7863
512
5
77562
0
1198
998
3399
117962
20172
92
930
6855
15
93
0
2
26252
183164
0
55
0
121529
0
962
106752
1
22189
3327
7689
0
0
41
1056
112649
11
2926
0
4
13
367
5395
0
20
2437
400
0
92912
3899
88685
0
0
0
0
9034
1
0
2349
10317
2
30221
1631
0
53799
786
0
255
33306
24363
8693
0
6685
0
1735
53860
3733
81178
0
307
595
0
189551
0
47
0
0
140840
0
2704
31832
2184
374
0
0
11396
3
0
15372
0
0
26436
157405
92
2862
0
0
1327
853
0
0
11
0
3959
15
0
25
63
8
11
99
76246
0
12282
598
0
27541
2400
3277
9951
1729
0
149722
151553
299
1393
73417
282
45510
223303
45
15
3799
2509
0
13056
128
225959
39
825
10
0
51
0
1639
9
1572
126020
1275
14508
694
0
442
1303
1028
18216
7
111978
50
1427
0
1
4556
32
596
596
22
3289
22605
24
0
0
49411
0
0
0
0
12925
0
0
0
0
57643
87
172
428
110493
145285
4
125249
13
0
0
1258
56026
0
0
6486
0
16
348
0
792
7
290
0
1998
29
1171
91
8
0
2
0
0
3329
437
0
8191
19
17019
2199
0
2033
1
0
62613
0
158690
0
0
3
1776
3849
3
0
0
19
15875
169970
0
0
0
153
391
94
0
28863
1225
40151
2
166155
17987
0
3241
0
1179
0
15312
0
226805
381
2639
0
1239
6114
47
73
2306
48
0
5244
0
26371
10958
0
1189
268
12
2
20104
1656
3029
107698
41543
0
12
282
0
90
106
245
996
2498
39350
72
40777
172912
19
41
145407
100
1430
722
195488
0
3810
214
21880
263
4044
1720
211
243326
79
0
0
27
0
0
55326
15396
0
42193
5791
6896
53
834
152296
2960
1129
37
27580
0
4486
13878
18180
209810
0
63
111053
1332
0
0
0
160228
2
334
253
0
3001
127891
132460
12
3503
7
12085
41609
0
0
9030
341
28
146
171519
0
1025
0
3450
174
17859
2800
3332
16965
6
12
0
71080
92225
0
604
0
116447
0
64
7
0
223827
26897
862
3950
0
7708
0
0
7016
0
0
19318
0
0
0
0
23
5371
81
0
148984
272754
51
196
98182
19493
10463
8
0
589
716
0
0
0
253
52
0
117105
43
271
0
62
48242
0
2501
2981
2461
41255
14
13
3
48
17
10710
6838
26
159
19
45
104776
20926
40
5057
51
0
131347
6510
15
14
0
2301
1
0
1
0
9415
7146
0
2902
238
0
2
51
0
0
2028
0
79
61
84
2486
141291
85
1693
19
0
151967
25405
116
557
1547
13276
0
0
45817
19
50850
0
403
351893
0
167861
0
0
0
4110
48
63561
43388
379
6210
0
284749
18
0
207144
0
480
194736
78674
33608
84755
367
460
32711
35336
114911
18845
66524
1170
532
0
13958
0
13306
0
20
4752
221
0
525
0
1151
255528
48157
1234
2
0
0
199
68142
0
0
0
1192
127
0
0
0
0
0
0
0
16
146
248
676
93495
2961
0
200541
0
0
83841
726
1797
285
2495
7252
5
59
14196
210550
38263
52361
15282
142167
0
0
1212
0
80339
6
254
2029
39
287
24208
992
0
465
3
43104
1836
3
47707
175
29148
14880
0
13006
0
1
1391
317818
16250
6506
12
53315
607
9
3331
589
0
7226
5635
12919
0
37
44869
0
0
0
29223
110022
22562
11557
9334
0
20937
7602
0
0
5124
184
0
121568
99839
59
1680
45607
452
94
25110
166
37
0
53339
4454
0
270335
0
0
8552
9787
3610
3
41
49408
35309
0
0
441
14012
0
2
3632
1419
34
0
317
15026
0
49
883
2466
0
0
7108
216
7435
13
77854
45905
0
0
2073
3880
144663
0
162
0
21
21061
22361
237
20
0
86
0
0
928
29751
1339
121905
0
0
202
60919
44272
0
1
106331
27
0
108442
190
611
734
37
0
196
1659
1783
2799
11434
0
0
43
5836
217
275
344
85387
0
160
5459
0
44233
415
0
3823
83470
2
381
1400
3088
5319
259
95
4
55
4644
26239
0
2176
6159
3573
27628
57
16
0
517
0
74500
0
7751
10508
68840
1681
3157
26
7010
32
0
62996
70616
246873
1742
90265
3046
9093
27
0
95950
10
1
813
133174
5
532
27198
6542
111
110
45843
4056
0
66075
14633
32113
229
7816
189
423
0
177
103
59087
136
0
19128
0
52
131
32281
116940
28222
705
0
0
0
0
0
0
75900
22425
729
0
55018
62850
0
37
142
128054
0
0
215
0
13
0
7637
0
29
11
0
0
61190
95828
0
148500
148519
0
93
27227
0
0
260763
22
0
219
75228
51
321
0
0
7937
3453
612
5171
0
126274
70841
243
32831
212
0
48087
768
1
1770
0
1248
0
473
0
537
92
2301
28
0
2
5231
0
0
63003
8147
12
140
670
541
1240
240
0
32
15
1
539
58
116249
0
5605
11
0
727
9
86
107
13726
124953
36666
2244
0
0
13
9717
87211
0
93
2282
121
27534
50910
974
1038
1
9
27523
606
52012
12
732
144
17
0
21592
6428
0
35745
49080
1734
0
0
4713
0
0
2469
53465
0
2584
173643
0
53
0
128
1
0
113
17549
0
0
1115
2987
0
818
0
0
0
139
0
458
566
4806
34
13454
316
0
81
840
44078
0
16558
12311
4
51433
162258
93380
727
110
112
0
81961
38
0
1
7081
140
2071
15861
6
0
0
231576
80543
0
0
595
11
0
54
430
1394
0
0
0
47
49
0
2
96202
96614
0
160
228680
8
0
16753
163776
652
165
0
6630
0
0
1
773
81892
129
197
18
0
83294
839
108320
1794
0
200
50590
2717
466
0
28818
0
20405
1
38
15
9105
6012
11
560
63
43
8933
853
317300
41
0
267
0
0
0
121475
12005
23259
0
0
0
0
2235
83
4591
673
0
0
0
632
0
0
774
8
122
26209
0
270
220283
1
74518
3361
0
87
0
10773
298
440
